Matlab/Roost_data/braunton/dsm/ss4534_DSM_2M.asc
ncols 500
nrows 500
xllcorner    245000
yllcorner    134000
cellsize     2
NODATA_value -9999
[rows 99 to 131 of 500, columns 73 to 145 of 500]
16.423 16.595 16.882 17.358 18.1 19.08 20.08 21.347 22.592 23.943 25.535 26.915 28.125 29.185 29.81 30.615 31.675 32.517 33.36 35.64 36.345 36.67 36.868 36.425 36.482 36.827 36.685 36.105 35.888 35.575 35.083 34.557 34.47 34.548 33.81 31.83 31.665 32.74 32.932 32.16 31.517 30.99 30.375 30.1 29.765 29.605 29.475 29.31 29.167 29.015 29.08 28.775 28.467 28.57 29.19 29.63 29.837 30.085 30.593 29.487 29.435 29.105 28.337 28.362 28.875 29.448 29.783 30.595 31.635 32.005 31.925 32.11 32.033
16.833 16.845 17.017 17.45 18.228 19.19 20.282 21.408 22.775 24.065 25.29 26.442 27.583 29.218 29.962 29.865 30.44 31.39 32.312 34.147 34.877 34.8 35.127 35.048 35.215 35.393 35.458 35.075 34.743 34.607 34.278 34.275 34.167 33.785 32.403 31.413 30.728 31.257 31.895 31.318 30.665 29.788 29.358 29.048 28.683 28.64 28.83 28.655 28.495 28.46 28.435 28.365 28.308 28.003 28.045 28.51 29.413 29.417 29.09 28.653 28.517 28.005 28.158 28.77 29.278 29.337 29.733 30.278 30.59 31.56 32.075 32.178 32.533
17.505 17.427 17.272 17.562 18.183 19.073 20.23 21.407 22.743 23.997 25.233 26.09 26.97 28.43 29.36 29.562 29.72 30.342 31.55 33.118 33.618 33.405 33.467 33.708 33.95 34.325 34.577 34.245 33.688 33.628 33.372 33.365 33.36 32.7 31.585 31.88 30.362 29.51 30.155 30.52 29.888 29.12 28.4 28.02 28.415 28.087 27.885 27.728 27.785 27.67 27.542 26.853 27.975 28.32 27.757 27.392 27.487 27.805 27.798 27.935 27.955 27.903 28.365 29.085 29.39 29.163 29.21 29.425 29.733 30.403 31.372 32.135 32.167
18.1 17.96 17.815 17.69 18.097 18.983 20.055 21.275 22.513 23.7 24.815 25.805 26.585 27.337 28.247 29.035 29.42 29.868 30.827 31.688 31.892 32.35 32.338 32.787 33.17 33.507 33.66 33.31 33.02 32.802 32.478 32.545 32.5 31.6 31.51 32.292 31.597 29.435 28.292 28.055 28.333 28.265 27.645 26.967 27.153 27.05 27.077 27.208 27.013 27.09 27.042 25.995 27.093 28.017 28.103 27.57 27.438 27.57 27.648 27.858 27.78 27.423 28.568 29.06 29.245 29.04 28.98 29.115 29.64 30.41 31.43 32.385 32.607
18.733 18.573 18.495 18.34 18.083 18.663 19.688 20.833 22.025 22.96 23.93 24.98 25.717 26.815 27.345 28.147 28.917 29.432 30.138 30.815 30.868 31.145 31.615 32.388 32.35 32.327 32.355 32.355 32.295 32.542 32.445 32.23 31.558 30.823 31.48 32.263 31.897 30.862 29.02 27.298 26.382 26.493 26.495 25.805 25.845 25.99 26.058 26.085 26.11 26.257 25.94 25.333 26.405 26.71 27.382 27.635 27.78 27.837 27.833 27.933 27.478 26.755 28.12 29.193 29.165 28.905 28.812 29.075 29.655 30.495 31.41 32.403 32.993
19.315 19.122 19.087 19.007 18.63 18.515 19.045 20.045 21.278 22.198 22.68 24.003 24.67 25.71 26.56 27.382 28.337 29.077 29.48 29.782 29.92 30.493 31.22 31.462 30.978 31.083 31.007 31.162 31.818 32.06 31.897 31.565 30.245 30.342 31.708 32.103 31.57 30.75 29.692 28.415 26.805 25.175 24.6 24.44 24.79 25.062 25.17 25.195 25.16 25.125 24.385 24.48 25.255 26.505 27.278 27.455 27.648 27.747 27.767 27.91 27.46 26.265 27.625 28.8 28.91 29.045 29.022 29.467 30.162 30.468 31.138 32.173 33.08
19.995 19.657 19.635 19.737 19.67 19.245 18.853 19.255 20.243 21.38 22.028 22.638 23.618 24.675 25.693 26.557 27.505 28.358 28.593 28.86 29.167 29.983 30.345 30.138 29.897 29.612 29.545 30.17 31.31 30.983 31.125 30.048 29.353 30.115 31.302 31.743 31.362 30.622 29.907 28.685 27.455 25.995 24.23 23.32 23.583 24.245 24.325 24.26 24.035 23.57 23.347 24.325 25.783 26.337 26.495 26.917 27.42 27.685 27.465 27.802 26.68 25.755 26.667 28.84 28.827 29.2 29.48 29.888 30.35 30.853 31.35 32.493 33.1
20.807 20.4 20.265 20.267 20.353 20.385 19.825 19.38 19.69 20.483 21.587 22.415 23.122 24.005 24.85 26.017 26.778 27.15 27.542 28.015 28.57 29.408 29.158 28.815 28.455 28.278 28.77 29.335 29.87 30.21 30.35 28.987 28.69 29.923 30.695 31.253 31.045 30.542 30.17 28.827 27.315 25.747 24.35 23.01 22.132 22.593 23.13 23.142 22.783 22.305 22.66 24.49 25.153 25.577 25.95 26.583 27.24 27.64 27.448 26.98 25.43 25.155 26.115 28.92 29.355 29.64 30.103 30.673 31.065 31.248 31.79 32.452 33.028
21.577 21.222 21.083 21.28 21.4 21.312 21.1 20.575 20.097 20.26 20.913 22.02 22.85 23.663 24.158 25.125 26.07 26.397 26.802 27.118 27.665 28.165 28.285 27.718 27.255 27.465 28.333 28.94 29.443 29.798 29.24 27.955 28.3 29.71 30.29 30.362 30.222 30.037 29.682 28.392 26.997 25.58 24.18 22.962 21.608 21.198 21.632 21.95 21.665 21.29 22.32 23.32 24.125 24.835 25.44 26.192 26.913 27.09 26.885 25.462 24.315 24.792 26.135 28.675 29.587 29.977 30.22 30.868 31.372 31.892 32.278 32.893 33.338
22.612 22.333 22.21 22.283 22.625 22.763 22.375 21.698 21.21 21.022 21.045 21.677 22.5 23.26 23.845 24.645 25.185 25.53 26.085 26.525 26.995 26.665 26.725 26.632 26.462 26.677 27.292 27.812 27.888 28.067 27.573 27.06 27.908 28.993 28.952 28.755 29.292 29.705 28.987 27.792 26.45 25.21 23.923 22.695 21.39 20.327 20.267 20.603 20.585 20.49 21.753 22.333 22.955 23.51 24.73 25.725 26.01 25.935 24.935 23.647 23.7 24.99 26.585 28.837 29.64 29.895 30.4 30.645 31.165 31.837 32.952 32.795 32.618
24.36 23.972 24.102 24.135 23.142 23.195 23.212 22.605 22.353 22.095 21.855 22.01 22.307 22.455 22.908 23.545 24.252 24.783 25.075 25 24.892 24.663 24.663 25.052 25.035 25.295 25.455 25.635 25.962 25.98 26.292 26.653 26.938 27.42 27.45 27.948 28.608 28.61 28.388 27.325 25.993 24.705 23.39 22.235 21.158 19.875 19.35 19.675 19.69 19.767 20.532 21.413 21.892 22.597 23.932 24.737 24.835 24.245 22.92 22.89 23.843 25.7 27.552 28.798 28.767 29.3 30.11 30.665 31.157 31.872 33.195 32.55 31.757
25.153 25.198 25.495 25.507 24.715 24.06 23.775 23.545 23.003 22.87 22.79 22.892 22.945 22.755 22.365 22.475 23 23.625 23.765 23.507 23.438 23.548 23.73 23.978 24.265 24.61 25.048 25.673 26.295 26.677 26.962 27.067 26.533 26.115 26.188 26.63 26.958 27.017 27.452 26.705 25.37 24.218 22.927 21.855 20.798 19.675 18.577 18.84 18.802 19.013 19.593 20.335 20.91 21.833 22.645 23.01 23.39 22.255 22.1 23.142 24.897 26.695 27.827 27.755 27.64 28.927 29.84 30.77 31.615 31.977 32.335 31.503 31.03
25.825 26.318 26.375 26.32 25.88 25.288 25.112 24.302 23.725 23.755 23.648 23.59 23.62 23.54 22.763 21.968 22 22.573 23.237 23.525 23.788 24.042 24.38 24.545 24.913 25.583 26.3 27.403 27.805 28.18 28.67 28.092 27.327 26.315 25.275 24.72 24.747 25.167 25.725 25.535 24.86 23.733 22.505 21.408 20.442 19.435 17.943 17.827 18.087 18.595 18.91 19.615 20.105 20.725 21.408 21.778 21.888 21.382 22.112 24.225 25.17 25.917 26.385 26.337 27.728 28.557 29.345 30.507 31.12 31.44 31.6 30.665 29.823
26.403 27.112 26.812 26.798 26.307 25.927 25.58 25.198 24.417 24.365 24.43 24.685 24.788 24.372 23.372 21.895 21.408 21.733 22.77 23.9 24.855 25.472 25.818 25.86 26.202 27.353 27.823 28.205 28.847 29.167 29.31 28.638 28.065 27.062 26.02 24.515 23.615 23.372 23.632 24.49 24.128 23.09 21.925 20.725 19.635 18.56 17.392 17.115 17.49 17.985 18.308 18.997 19.32 19.665 20.123 20.72 20.733 21.225 23.03 23.987 24.42 24.972 25.075 25.86 27.403 28.372 29.087 29.683 30.43 30.835 30.967 30.125 29.228
26.8 27.095 27.33 27.37 26.765 26.155 25.935 25.855 25.505 25.075 25.477 25.59 25.395 25.28 24.097 22.167 21.068 21.188 22.548 23.795 25.21 26.45 27.673 27.083 26.86 27.487 27.905 28.165 28.355 28.478 28.675 28.09 27.458 26.91 26.097 24.795 23.483 22.445 22.1 22.555 22.76 22.142 21.16 20.035 18.98 17.785 16.89 16.477 16.983 17.387 17.715 18.522 18.808 18.92 19.475 19.872 20.205 21.448 22.483 23.353 23.673 23.925 24.222 25.493 26.85 27.968 28.972 29.515 30.097 30.205 30.225 29.6 28.925
26.17 26.443 27.068 27.007 26.385 25.91 25.76 25.695 25.623 25.51 25.522 25.485 25.39 25.53 23.76 22.395 20.775 20.708 22.005 23.155 24.557 26.065 27.315 27.048 26.858 26.952 26.927 27.08 27.307 27.56 27.542 26.892 26.365 25.835 25.27 24.56 23.542 22.237 21.323 20.9 21.222 20.952 20.212 19.337 18.392 17.305 16.335 15.892 16.455 17 17.185 17.755 17.975 18.263 18.845 19.173 19.948 20.89 21.47 22.39 22.702 22.888 23.698 24.698 25.677 27.57 28.335 28.99 29.403 29.77 29.815 29.283 28.525
25.342 25.237 25.517 25.415 25.195 24.983 25.28 25.375 25.163 25.438 25.23 25.212 25.45 25.525 23.59 21.99 20.552 20.22 20.997 22.345 23.64 25.205 26.163 25.983 25.64 25.483 25.68 25.995 26.43 26.305 26.282 26.028 25.427 24.625 23.93 23.51 22.795 22.062 21.062 20.24 19.78 19.747 19.202 18.475 17.757 16.88 15.698 15.413 15.845 16.37 16.685 16.885 17.202 17.785 18.1 18.552 19.315 20.065 20.347 21.09 21.64 22.263 23.222 24.625 25.615 26.42 27.595 28.243 28.635 28.96 29.202 28.745 28
24.81 24.52 24.365 24.195 24.005 23.847 23.85 24.02 24.157 24.075 23.888 24.34 24.872 24.815 23.312 21.597 20.198 19.642 20.365 21.632 23.033 24.96 24.915 24.755 24.438 24.15 24.647 25.19 25.382 25.282 25.07 24.983 24.298 23.725 22.903 22.265 21.4 21.06 20.725 19.9 19.068 18.577 18.312 17.423 16.61 15.727 15.155 14.977 15.118 15.583 16.105 16.288 16.677 17.052 17.465 17.99 18.667 19.177 19.688 20.318 20.987 21.775 23.125 24.635 25.965 26.862 27.528 27.875 28.355 28.65 28.432 28.317 27.747
23.368 23.14 23.013 22.977 22.655 22.635 22.658 22.35 22.438 22.722 22.717 23.225 23.535 23.638 23.475 21.845 19.847 19.04 19.91 21.128 22.765 23.865 23.63 23.44 23.272 23.005 23.373 23.747 23.96 24.045 23.862 23.507 23.045 22.503 21.75 20.877 20.205 19.535 19.467 19.435 18.655 17.925 17.468 17.077 15.898 15.215 14.425 14.477 14.548 14.955 15.422 15.693 16.075 16.493 16.888 17.587 18.318 18.485 19.09 19.71 20.405 21.403 22.967 24.325 25.39 26.448 27.185 27.165 27.733 27.568 27.413 27.237 26.6
22.195 22.103 21.66 21.445 21.21 21.135 20.995 20.905 21.048 21.44 21.645 21.825 21.987 22.077 22.085 21.72 19.517 18.468 19.42 20.555 22.288 22.542 22.175 22.198 21.932 21.788 21.932 22.272 22.522 22.59 22.573 22.228 21.827 21.162 20.728 19.82 19.06 18.257 18.04 18.23 18.167 17.443 16.82 16.355 15.967 15.405 14.53 14.062 14.083 14.44 14.852 15.135 15.54 15.85 16.292 16.962 17.327 17.7 18.417 19.158 19.775 20.923 21.913 23.468 24.773 25.845 26.49 26.39 26.587 26.353 26.388 26.247 25.978
21.622 21.535 20.938 20.167 20.255 20.022 19.82 19.853 19.88 20.233 20.005 20.29 20.61 20.522 20.575 20.472 19.323 17.775 18.69 20.118 20.882 20.905 20.682 20.358 20.45 20.495 20.53 20.715 21 21.167 21.255 20.915 20.638 19.947 19.47 18.712 17.962 17.23 16.712 16.673 16.958 16.842 16.315 15.802 15.337 14.792 14.455 13.953 13.81 14.077 14.337 14.61 14.905 15.215 15.69 16.102 16.573 17.235 17.985 18.39 19.06 20.025 21.285 22.808 24.083 25.07 25.485 25.245 25.533 25.4 25.622 25.812 25.45
20.497 20.615 20.167 19.013 18.927 18.7 18.163 18.362 18.483 18.36 18.373 18.62 18.825 19.005 19.097 19.138 18.48 17.065 17.97 18.698 19.292 19.525 19.205 19.085 19.24 19.06 19.243 19.252 19.53 19.72 19.655 19.655 19.253 18.653 18.097 17.62 16.935 16.407 15.517 14.972 15.212 15.78 15.738 15.3 14.828 14.365 13.94 13.815 13.585 13.78 13.957 14.265 14.42 14.733 15.137 15.592 16.05 16.77 17.267 17.603 18.288 19.34 20.497 22.007 22.923 23.733 24.005 24.292 24.74 24.853 24.913 25.065 24.962
18.927 19.12 18.368 17.34 17.202 16.92 16.765 16.847 16.905 17.115 17.163 17.175 17.555 17.77 17.763 17.612 17.483 16.44 17.288 17.642 17.577 17.897 17.77 17.728 17.8 17.892 17.967 17.998 18.135 18.275 18.392 18.34 18.048 17.52 16.823 16.353 15.762 15.088 14.39 13.69 13.792 14.19 14.657 14.68 14.36 13.91 13.552 13.413 13.288 13.26 13.595 13.908 14.07 14.403 14.745 15.052 15.413 16.015 16.368 16.895 17.342 18.165 19.497 20.97 21.93 22.255 22.91 23.688 24.118 24.155 24.08 24.285 24.333
17.07 16.655 17.095 17.025 15.81 15.525 15.585 15.582 15.952 15.988 15.713 15.913 16.345 16.905 16.99 16.497 16.253 15.757 16.028 16.635 16.333 16.355 16.438 16.535 16.745 16.542 16.542 16.677 16.725 16.853 16.955 17.03 16.835 16.46 15.663 15.065 14.783 14.095 13.445 12.507 12.612 12.788 13.048 13.52 13.757 13.5 13.14 12.915 12.837 12.81 13.273 13.503 13.67 13.993 14.327 14.715 14.855 15.163 15.635 16.14 16.54 17.243 18.205 19.358 20.21 21.24 22.27 22.718 22.93 22.972 23.16 23.208 23.622
15.722 15.413 16.095 15.885 14.885 14.182 14.343 14.517 14.693 14.672 14.392 14.685 15.288 15.387 15.462 15.403 15.318 15.025 15.27 16.11 15.712 14.962 15.045 15.075 15.213 15.275 15.38 15.41 15.47 15.502 15.618 15.67 15.452 15.065 14.54 13.997 13.515 12.818 12.168 11.96 12.07 12.148 12.11 12.2 12.702 12.975 12.79 12.51 12.435 12.37 12.87 13.155 13.372 13.632 13.83 14.137 14.398 14.703 15.167 15.595 15.882 16.5 17.275 18.013 19.288 20.51 21.013 21.41 21.788 22.233 22.395 22.61 22.88
14.602 14.028 14.352 13.892 13.455 12.753 13.073 13.198 13.065 13.395 13.365 13.398 13.872 13.87 13.97 14.11 14.355 14.29 14.335 14.885 14.37 13.773 13.962 14.052 14.16 14.235 14.295 14.177 14.24 14.267 14.177 14.637 14.42 13.948 13.65 13.252 12.535 12.113 11.905 11.775 11.815 11.78 11.72 11.785 11.855 12.148 12.285 12.177 12.145 12.02 12.345 12.818 12.875 13.392 13.658 13.88 14.145 14.15 14.525 14.997 15.312 15.802 16.312 17.068 18.462 19.175 19.56 20.17 20.667 21.132 21.593 21.955 22.28
13.77 12.745 12.907 12.265 11.722 11.485 11.76 11.725 11.32 11.847 12.21 12.092 12.16 12.4 12.605 13.013 13.608 13.618 13.53 13.613 12.913 13.102 12.868 12.908 12.98 12.852 13.733 13.278 12.995 13.087 12.91 13.092 13.733 13.36 12.58 12.038 11.743 11.905 11.92 11.81 11.64 11.417 11.392 11.557 11.642 11.628 11.752 11.922 11.96 11.825 11.802 12.35 12.342 12.618 12.91 13.033 13.305 13.775 14.165 14.722 14.625 15.065 15.575 16.345 17.247 18.028 18.4 19.045 19.693 20.28 20.74 21.115 21.542
12.547 11.877 11.438 10.815 10.733 10.672 10.965 11.135 10.653 10.81 10.81 10.923 11.528 11.895 11.887 12.29 13.01 12.938 12.863 12.873 12.887 12.212 12.113 12.05 12.122 12.605 12.917 12.565 11.693 11.597 11.577 11.75 12.233 11.472 11.913 11.613 10.993 11.958 11.95 11.608 11.218 11.135 11.137 11.148 11.323 11.335 11.337 11.498 11.7 11.625 11.435 11.695 11.91 11.967 12.298 12.622 13.055 13.465 13.727 13.86 14.057 14.378 14.815 15.403 16.035 16.608 17.423 18.16 18.7 19.27 19.698 20.08 20.472
11.55 11.34 10.365 10.335 10.1 10.175 10.738 10.735 10.555 10.385 10.4 10.262 10.672 10.885 10.915 11.783 12.135 12.222 12.165 12.145 12.227 11.575 11.105 10.783 10.7 10.69 10.85 10.637 10.672 10.368 10.675 10.977 10.485 11.15 10.92 10.935 10.94 10.828 11.863 11.75 11.292 11.023 10.943 10.783 10.778 10.903 10.98 11.065 11.198 11.392 11.26 11.102 11.445 11.51 11.847 12.54 12.705 12.997 12.905 13.29 13.502 13.795 14.092 14.56 15.173 15.903 16.472 17.162 17.667 18.165 18.815 19.238 19.3
10.67 10.343 9.825 9.898 10.073 9.658 10.035 10.585 10.2 9.945 10 9.877 9.757 10.16 10.685 11.123 11.365 11.587 11.507 11.453 11.517 11.39 9.972 9.792 9.825 9.837 9.868 9.882 9.96 9.988 9.99 10.007 10.73 11.608 11.193 10.61 11.663 10.462 10.602 11.087 10.94 10.65 10.628 10.51 10.533 10.575 10.792 11.023 11.135 11.208 11.06 10.83 10.977 11.172 11.443 11.677 11.985 12.142 12.297 12.542 12.762 13.06 13.382 13.82 14.767 15.352 15.775 16.205 16.542 17.128 17.673 18.097 17.92
10.175 9.738 9.733 10.007 10.09 9.642 9.587 9.688 9.703 9.762 9.738 9.62 9.693 10 10.535 10.99 11.158 10.95 10.887 10.833 10.967 11.105 9.84 9.712 9.648 9.565 9.44 9.555 9.685 9.74 9.78 9.907 10.132 10.587 10.273 10.108 10.285 10.705 10.69 10.525 10.565 10.257 10.195 10.227 10.352 10.663 11.203 11.3 11.575 11.392 10.868 10.837 10.733 10.855 11.157 11.257 11.443 11.648 11.91 12.19 12.392 12.618 12.835 13.337 13.718 14.312 15.137 15.188 15.618 16.368 16.373 16.798 16.91
9.65 9.605 9.608 9.62 9.557 9.555 9.538 9.602 9.54 9.565 9.568 9.582 9.587 9.725 9.93 9.94 10.185 10.43 10.395 10.295 10.312 10.315 9.71 9.47 9.362 9.44 9.415 9.42 9.585 9.608 9.637 9.67 9.722 9.885 9.943 10.193 10.09 10.355 10.523 10.28 10.095 9.953 9.988 10.015 10.16 10.712 11.337 11.205 11.285 11.065 11.038 10.583 10.525 10.35 10.767 11.07 11.108 11.215 11.645 11.85 12.148 12.4 12.438 12.767 12.927 13.415 14.233 14.145 14.472 15.35 15.368 15.733 16.08
9.52 9.497 9.55 9.533 9.545 9.548 9.615 9.495 9.472 9.503 9.52 9.57 9.658 9.812 9.792 9.62 9.535 9.917 9.962 9.89 9.895 9.61 9.415 9.45 9.385 9.45 9.398 9.305 9.485 9.555 9.635 9.64 9.655 9.66 9.657 9.722 9.762 9.91 9.943 9.878 9.847 9.757 9.795 9.85 9.86 9.948 10.078 10.477 10.997 11.055 10.99 10.382 10.363 10.43 10.472 10.762 10.823 11.002 11.163 11.33 11.53 11.855 11.977 12.265 12.557 12.76 13.047 13.203 13.39 13.875 14.307 14.917 15.31
