Matlab/Roost_data/braunton/dsm/ss4540_DSM_2M.asc
ncols 500
nrows 500
xllcorner    245000
yllcorner    140000
cellsize     2
NODATA_value -9999
[rows 96 to 127 of 500, columns 142 to 212 of 500]
77.1 77.143 77.223 77.3 77.403 77.51 77.603 77.688 77.801 77.798 77.783 77.931 78.063 78.128 78.221 78.236 78.413 79.793 79.411 78.996 79.143 79.266 79.328 79.393 79.461 79.551 79.641 79.758 79.891 80.046 80.203 80.411 80.628 80.808 80.978 81.156 81.348 81.493 81.671 81.831 81.963 82.123 82.281 82.393 82.488 82.626 82.763 82.866 82.996 83.138 83.263 83.388 83.506 83.636 83.781 83.928 84.051 84.168 84.293 84.423 84.566 84.691 84.796 84.926 85.048 85.103 85.196 85.326 85.448 85.556 85.681
77.288 77.343 77.435 77.533 77.633 77.713 77.79 77.883 77.963 78.023 78.041 77.948 78.036 78.113 78.203 78.161 78.903 79.911 78.663 78.968 79.136 79.183 79.261 79.331 79.391 79.503 79.591 79.698 79.838 79.998 80.188 80.398 80.598 80.801 80.981 81.158 81.338 81.511 81.686 81.813 81.968 82.128 82.251 82.358 82.486 82.603 82.748 82.846 82.958 83.091 83.211 83.336 83.448 83.593 83.728 83.858 83.988 84.111 84.226 84.316 84.466 84.601 84.726 84.841 84.938 85.016 85.121 85.216 85.331 85.451 85.596
77.428 77.49 77.573 77.658 77.755 77.83 77.905 77.995 78.103 78.186 78.223 78.183 78.053 78.083 78.146 78.178 79.633 79.173 78.596 78.718 78.918 79.091 79.186 79.226 79.323 79.408 79.503 79.648 79.801 79.941 80.128 80.336 80.563 80.758 80.936 81.126 81.321 81.503 81.658 81.783 81.958 82.123 82.223 82.346 82.456 82.576 82.713 82.798 82.911 83.036 83.148 83.273 83.391 83.521 83.666 83.803 83.913 84.031 84.156 84.283 84.401 84.521 84.636 84.741 84.843 84.951 85.043 85.161 85.236 85.363 85.498
77.568 77.623 77.693 77.785 77.833 77.903 77.998 78.098 78.188 78.278 78.308 78.383 78.293 78.113 78.143 78.856 79.748 78.553 78.601 78.676 78.783 79.006 79.083 79.133 79.248 79.373 79.493 79.601 79.756 79.946 80.106 80.331 80.546 80.746 80.928 81.131 81.318 81.458 81.608 81.758 81.918 82.078 82.176 82.308 82.391 82.516 82.646 82.741 82.863 82.983 83.091 83.221 83.328 83.473 83.621 83.753 83.883 83.951 84.061 84.193 84.313 84.428 84.561 84.671 84.776 84.851 84.946 85.041 85.151 85.291 85.426
77.683 77.753 77.818 77.89 77.968 78.033 78.1 78.213 78.266 78.363 78.408 78.461 78.493 78.256 78.516 79.961 79.313 78.563 78.646 78.708 78.803 78.921 79.006 79.083 79.213 79.341 79.491 79.613 79.758 79.948 80.166 80.401 80.596 80.791 80.973 81.143 81.321 81.448 81.568 81.733 81.873 82.028 82.136 82.261 82.358 82.478 82.591 82.681 82.813 82.928 83.041 83.146 83.263 83.421 83.553 83.681 83.758 83.863 83.958 84.098 84.223 84.351 84.476 84.556 84.663 84.748 84.831 84.951 85.073 85.191 85.308
77.843 77.898 77.948 77.998 78.068 78.14 78.2 78.3 78.368 78.441 78.491 78.551 78.563 78.493 79.243 79.996 78.653 78.606 78.651 78.761 78.846 78.931 78.981 79.083 79.216 79.341 79.486 79.631 79.778 79.963 80.176 80.393 80.606 80.796 80.961 81.123 81.298 81.418 81.546 81.681 81.863 81.988 82.091 82.203 82.303 82.423 82.528 82.611 82.728 82.856 82.961 83.073 83.201 83.318 83.466 83.558 83.693 83.781 83.883 84.018 84.143 84.281 84.393 84.491 84.563 84.658 84.763 84.866 84.983 85.121 85.226
78.03 78.075 78.07 78.125 78.168 78.215 78.31 78.39 78.463 78.521 78.601 78.621 78.578 78.811 80.116 79.303 78.878 78.931 78.888 78.908 78.931 78.948 78.998 79.101 79.208 79.343 79.493 79.638 79.813 79.988 80.196 80.393 80.613 80.808 80.958 81.126 81.278 81.411 81.528 81.681 81.831 81.941 82.063 82.163 82.278 82.406 82.476 82.568 82.683 82.803 82.898 82.996 83.151 83.266 83.386 83.503 83.628 83.721 83.828 83.943 84.078 84.213 84.301 84.386 84.488 84.588 84.683 84.781 84.911 85.016 85.153
78.17 78.173 78.208 78.248 78.283 78.338 78.398 78.475 78.543 78.596 78.666 78.656 78.611 79.678 79.751 78.801 78.896 78.913 78.926 78.938 78.941 78.951 79.021 79.096 79.221 79.351 79.503 79.671 79.843 80.018 80.211 80.433 80.643 80.826 80.963 81.148 81.283 81.413 81.543 81.678 81.816 81.913 82.051 82.153 82.263 82.361 82.433 82.536 82.648 82.763 82.846 82.963 83.101 83.223 83.343 83.453 83.551 83.661 83.766 83.888 83.996 84.118 84.231 84.323 84.438 84.526 84.608 84.701 84.836 84.958 85.071
78.28 78.3 78.315 78.365 78.415 78.465 78.52 78.588 78.643 78.706 78.741 78.683 79.106 80.381 79.176 78.898 78.958 78.931 78.933 78.956 78.973 78.993 79.041 79.106 79.238 79.366 79.526 79.693 79.868 80.073 80.263 80.471 80.653 80.826 80.991 81.156 81.283 81.393 81.543 81.681 81.783 81.911 82.028 82.116 82.228 82.341 82.411 82.518 82.613 82.733 82.806 82.913 83.048 83.158 83.278 83.406 83.506 83.576 83.688 83.818 83.946 84.058 84.171 84.256 84.358 84.468 84.526 84.636 84.778 84.886 84.981
78.415 78.413 78.438 78.483 78.515 78.568 78.635 78.698 78.733 78.806 78.798 78.813 80.116 79.753 78.918 78.981 78.976 78.976 78.971 79.001 79.011 79.031 79.068 79.146 79.251 79.396 79.588 79.768 79.951 80.138 80.341 80.516 80.688 80.848 81.026 81.166 81.283 81.398 81.541 81.686 81.773 81.906 82.001 82.108 82.206 82.293 82.388 82.473 82.588 82.676 82.756 82.868 83.001 83.106 83.233 83.328 83.426 83.523 83.638 83.736 83.886 83.973 84.096 84.191 84.273 84.383 84.456 84.566 84.701 84.803 84.906
78.538 78.553 78.55 78.585 78.62 78.685 78.733 78.783 78.833 78.878 78.813 79.691 80.281 78.946 78.983 79.008 79.036 79.051 79.016 79.056 79.083 79.086 79.136 79.208 79.328 79.503 79.681 79.891 80.071 80.231 80.408 80.573 80.753 80.873 81.036 81.168 81.276 81.411 81.543 81.658 81.753 81.888 81.958 82.066 82.188 82.276 82.346 82.418 82.526 82.633 82.703 82.838 82.956 83.063 83.181 83.263 83.361 83.453 83.548 83.676 83.761 83.898 84.011 84.091 84.213 84.306 84.396 84.496 84.613 84.718 84.821
78.64 78.65 78.675 78.71 78.738 78.775 78.82 78.875 78.903 78.891 78.898 80.296 79.561 78.993 79.066 79.088 79.121 79.093 79.083 79.133 79.148 79.156 79.223 79.303 79.443 79.628 79.818 79.996 80.166 80.321 80.478 80.621 80.778 80.923 81.061 81.176 81.288 81.418 81.551 81.636 81.751 81.863 81.926 82.026 82.161 82.223 82.301 82.358 82.468 82.581 82.676 82.778 82.873 82.966 83.073 83.161 83.258 83.348 83.461 83.566 83.671 83.808 83.923 84.023 84.126 84.236 84.301 84.406 84.516 84.633 84.761
78.773 78.795 78.813 78.823 78.828 78.863 78.895 78.923 78.956 78.881 79.661 80.413 79.026 79.096 79.113 79.146 79.171 79.143 79.156 79.168 79.198 79.231 79.263 79.396 79.526 79.701 79.898 80.076 80.241 80.381 80.513 80.671 80.798 80.941 81.056 81.166 81.281 81.403 81.531 81.626 81.743 81.828 81.901 81.981 82.091 82.156 82.248 82.311 82.428 82.503 82.601 82.686 82.811 82.923 83.008 83.068 83.188 83.283 83.396 83.513 83.623 83.753 83.861 83.956 84.063 84.123 84.211 84.331 84.436 84.558 84.678
78.913 78.925 78.925 78.938 78.94 78.943 78.958 78.993 78.951 79.003 80.441 79.546 79.103 79.168 79.161 79.208 79.221 79.221 79.243 79.256 79.273 79.306 79.356 79.463 79.588 79.778 79.963 80.133 80.283 80.423 80.558 80.661 80.813 80.971 81.068 81.158 81.288 81.388 81.528 81.628 81.716 81.793 81.873 81.961 82.048 82.126 82.188 82.278 82.391 82.456 82.563 82.653 82.773 82.858 82.933 83.031 83.128 83.233 83.338 83.451 83.588 83.696 83.786 83.873 83.966 84.023 84.133 84.243 84.351 84.468 84.591
79.015 79.025 79.015 79.015 79.008 79.008 78.995 79.02 78.971 79.576 80.146 79.101 79.206 79.236 79.223 79.273 79.276 79.303 79.308 79.311 79.341 79.376 79.433 79.548 79.668 79.881 80.066 80.201 80.328 80.448 80.573 80.683 80.821 80.941 81.043 81.136 81.256 81.368 81.488 81.583 81.691 81.756 81.848 81.928 82.011 82.071 82.141 82.226 82.323 82.391 82.488 82.588 82.681 82.766 82.868 82.973 83.071 83.176 83.268 83.388 83.513 83.611 83.706 83.806 83.886 83.951 84.041 84.156 84.273 84.386 84.478
79.138 79.128 79.11 79.098 79.095 79.083 79.075 79.043 79.028 80.323 79.451 79.188 79.271 79.263 79.308 79.336 79.343 79.378 79.396 79.411 79.428 79.448 79.526 79.648 79.793 79.956 80.141 80.278 80.401 80.511 80.611 80.716 80.828 80.956 81.056 81.138 81.253 81.353 81.456 81.568 81.636 81.721 81.788 81.861 81.956 82.008 82.098 82.181 82.238 82.333 82.438 82.518 82.606 82.708 82.821 82.901 82.998 83.111 83.218 83.331 83.451 83.536 83.638 83.733 83.798 83.856 83.973 84.083 84.213 84.308 84.391
79.223 79.213 79.203 79.17 79.173 79.155 79.11 79.07 79.738 80.553 79.216 79.276 79.303 79.346 79.383 79.391 79.408 79.426 79.453 79.476 79.491 79.508 79.596 79.716 79.871 80.041 80.213 80.326 80.466 80.551 80.633 80.746 80.846 80.941 81.036 81.131 81.226 81.346 81.461 81.538 81.608 81.673 81.763 81.828 81.916 81.996 82.076 82.166 82.223 82.318 82.416 82.513 82.588 82.668 82.776 82.846 82.951 83.036 83.153 83.271 83.381 83.463 83.571 83.663 83.738 83.816 83.928 84.033 84.128 84.211 84.331
79.315 79.29 79.273 79.248 79.245 79.208 79.16 79.193 80.483 79.836 79.271 79.346 79.363 79.383 79.401 79.406 79.463 79.491 79.536 79.518 79.533 79.566 79.623 79.778 79.938 80.098 80.233 80.363 80.491 80.563 80.646 80.753 80.843 80.923 81.021 81.128 81.216 81.331 81.461 81.533 81.606 81.658 81.738 81.811 81.888 81.946 82.028 82.111 82.196 82.283 82.363 82.428 82.528 82.611 82.713 82.786 82.886 82.983 83.106 83.236 83.343 83.423 83.516 83.578 83.676 83.768 83.898 83.981 84.081 84.163 84.263
79.375 79.35 79.338 79.3 79.28 79.27 79.208 79.648 80.621 79.241 79.371 79.408 79.401 79.401 79.426 79.451 79.501 79.553 79.568 79.571 79.588 79.636 79.691 79.843 80.006 80.161 80.283 80.396 80.508 80.566 80.656 80.746 80.831 80.896 80.988 81.088 81.171 81.286 81.406 81.491 81.553 81.628 81.691 81.768 81.818 81.908 82.001 82.071 82.158 82.233 82.293 82.381 82.463 82.588 82.668 82.751 82.831 82.951 83.068 83.191 83.278 83.396 83.468 83.541 83.651 83.738 83.831 83.918 83.993 84.116 84.203
79.4 79.368 79.358 79.348 79.313 79.28 79.215 80.533 80.001 79.331 79.428 79.451 79.436 79.453 79.473 79.491 79.546 79.598 79.613 79.628 79.643 79.668 79.763 79.908 80.033 80.181 80.313 80.398 80.506 80.566 80.656 80.743 80.811 80.898 80.958 81.041 81.133 81.248 81.358 81.448 81.496 81.573 81.621 81.706 81.758 81.858 81.928 82.033 82.111 82.178 82.251 82.356 82.443 82.546 82.621 82.713 82.813 82.913 83.036 83.168 83.271 83.373 83.446 83.518 83.596 83.681 83.753 83.848 83.938 84.053 84.138
79.423 79.398 79.395 79.378 79.353 79.268 79.558 80.865 79.383 79.391 79.436 79.446 79.461 79.476 79.498 79.536 79.578 79.613 79.623 79.658 79.693 79.706 79.811 79.963 80.101 80.231 80.358 80.456 80.518 80.573 80.666 80.738 80.811 80.873 80.946 81.028 81.103 81.228 81.308 81.368 81.441 81.498 81.553 81.646 81.726 81.821 81.883 81.976 82.061 82.121 82.196 82.288 82.388 82.491 82.571 82.663 82.766 82.866 82.988 83.103 83.218 83.311 83.368 83.463 83.518 83.603 83.688 83.791 83.883 83.986 84.083
79.483 79.45 79.418 79.395 79.353 79.303 80.35 80.383 79.386 79.461 79.478 79.503 79.481 79.518 79.533 79.566 79.598 79.636 79.648 79.693 79.716 79.746 79.876 80.003 80.143 80.281 80.373 80.458 80.498 80.573 80.638 80.696 80.791 80.853 80.933 81.003 81.073 81.206 81.268 81.326 81.406 81.433 81.506 81.568 81.676 81.771 81.831 81.911 81.993 82.048 82.118 82.196 82.303 82.398 82.491 82.583 82.706 82.793 82.923 83.033 83.153 83.258 83.316 83.368 83.448 83.533 83.636 83.723 83.821 83.931 83.998
79.498 79.478 79.428 79.388 79.308 79.53 80.963 79.945 79.486 79.506 79.521 79.526 79.513 79.546 79.563 79.566 79.611 79.648 79.663 79.701 79.701 79.768 79.896 80.018 80.151 80.273 80.363 80.443 80.501 80.561 80.638 80.691 80.766 80.841 80.888 80.978 81.056 81.168 81.233 81.288 81.348 81.363 81.463 81.533 81.623 81.686 81.778 81.853 81.938 81.983 82.053 82.138 82.251 82.331 82.401 82.518 82.628 82.736 82.856 82.966 83.078 83.163 83.216 83.298 83.383 83.478 83.573 83.658 83.761 83.838 83.928
79.525 79.465 79.443 79.388 79.285 80.278 80.513 79.508 79.533 79.548 79.526 79.496 79.523 79.551 79.561 79.598 79.616 79.628 79.633 79.658 79.686 79.771 79.886 80.008 80.143 80.261 80.353 80.423 80.496 80.556 80.616 80.656 80.756 80.841 80.896 80.966 81.071 81.166 81.213 81.263 81.308 81.346 81.416 81.491 81.573 81.666 81.736 81.803 81.888 81.941 82.008 82.078 82.148 82.218 82.333 82.456 82.563 82.636 82.753 82.861 83.001 83.073 83.156 83.253 83.343 83.416 83.513 83.583 83.673 83.768 83.821
79.55 79.513 79.45 79.335 79.46 80.893 79.938 79.53 79.548 79.548 79.546 79.531 79.553 79.556 79.556 79.586 79.603 79.616 79.618 79.623 79.683 79.773 79.883 80.028 80.138 80.256 80.356 80.421 80.463 80.531 80.583 80.651 80.736 80.828 80.881 80.966 81.046 81.116 81.181 81.216 81.256 81.298 81.348 81.431 81.521 81.586 81.686 81.743 81.798 81.858 81.913 82.001 82.073 82.121 82.253 82.373 82.468 82.571 82.678 82.798 82.931 83.008 83.113 83.208 83.271 83.348 83.461 83.541 83.623 83.691 83.748
79.558 79.528 79.455 79.355 80.173 80.973 79.458 79.575 79.591 79.568 79.566 79.571 79.568 79.576 79.568 79.593 79.611 79.601 79.613 79.608 79.676 79.738 79.866 79.991 80.133 80.236 80.316 80.388 80.443 80.498 80.551 80.618 80.711 80.801 80.851 80.918 81.006 81.061 81.103 81.166 81.196 81.233 81.293 81.378 81.446 81.541 81.601 81.693 81.728 81.793 81.861 81.898 81.981 82.061 82.163 82.266 82.388 82.491 82.606 82.736 82.843 82.943 83.056 83.126 83.208 83.278 83.371 83.463 83.551 83.626 83.688
79.618 79.56 79.453 79.583 81.08 80.29 79.538 79.598 79.593 79.606 79.586 79.586 79.586 79.591 79.591 79.581 79.586 79.573 79.566 79.601 79.653 79.711 79.816 79.928 80.061 80.186 80.261 80.316 80.401 80.456 80.503 80.558 80.653 80.726 80.793 80.853 80.921 80.986 81.041 81.108 81.136 81.168 81.233 81.296 81.381 81.443 81.546 81.606 81.648 81.716 81.763 81.828 81.886 81.953 82.066 82.166 82.256 82.376 82.518 82.656 82.781 82.881 82.973 83.076 83.146 83.261 83.351 83.416 83.506 83.561 83.646
79.623 79.553 79.47 80.283 81.075 79.63 79.595 79.595 79.616 79.576 79.591 79.576 79.558 79.568 79.568 79.566 79.548 79.553 79.531 79.563 79.633 79.658 79.758 79.871 79.983 80.108 80.191 80.241 80.336 80.386 80.451 80.511 80.596 80.661 80.738 80.798 80.848 80.913 80.978 81.001 81.028 81.078 81.128 81.196 81.318 81.391 81.476 81.518 81.571 81.631 81.683 81.746 81.793 81.893 81.986 82.123 82.221 82.326 82.461 82.596 82.731 82.818 82.941 83.018 83.113 83.198 83.311 83.371 83.438 83.531 83.586
79.64 79.563 79.625 80.993 80.105 79.513 79.598 79.585 79.581 79.551 79.536 79.553 79.556 79.543 79.536 79.541 79.561 79.538 79.536 79.528 79.576 79.603 79.693 79.788 79.926 80.066 80.138 80.181 80.268 80.311 80.376 80.431 80.518 80.591 80.676 80.738 80.786 80.851 80.913 80.928 80.971 81.011 81.088 81.173 81.251 81.348 81.426 81.466 81.511 81.576 81.626 81.678 81.748 81.848 81.948 82.038 82.133 82.273 82.376 82.523 82.646 82.746 82.858 82.956 83.056 83.166 83.253 83.323 83.388 83.466 83.521
79.655 79.56 80.27 81.038 79.545 79.533 79.54 79.555 79.546 79.531 79.516 79.531 79.546 79.513 79.528 79.516 79.506 79.506 79.498 79.518 79.558 79.573 79.656 79.753 79.883 79.988 80.071 80.161 80.218 80.271 80.326 80.386 80.448 80.546 80.643 80.683 80.748 80.821 80.858 80.881 80.913 80.973 81.028 81.093 81.196 81.286 81.351 81.398 81.448 81.516 81.558 81.591 81.676 81.771 81.883 81.896 82.018 82.176 82.306 82.436 82.551 82.653 82.771 82.871 82.988 83.111 83.193 83.258 83.323 83.406 83.453
79.643 79.735 80.94 80.15 79.455 79.498 79.508 79.508 79.496 79.506 79.473 79.501 79.513 79.523 79.526 79.518 79.471 79.478 79.513 79.523 79.531 79.563 79.643 79.718 79.826 79.941 80.003 80.108 80.171 80.228 80.283 80.366 80.431 80.521 80.616 80.656 80.706 80.768 80.823 80.846 80.873 80.913 80.971 81.011 81.113 81.201 81.263 81.306 81.358 81.411 81.458 81.498 81.568 81.653 81.731 81.726 81.886 82.021 82.181 82.296 82.438 82.573 82.683 82.791 82.906 83.021 83.126 83.178 83.251 83.311 83.383
79.583 80.435 81 79.468 79.448 79.483 79.473 79.468 79.466 79.438 79.448 79.461 79.486 79.488 79.461 79.453 79.461 79.488 79.523 79.531 79.531 79.573 79.621 79.708 79.798 79.908 79.968 80.053 80.121 80.176 80.231 80.311 80.378 80.483 80.553 80.593 80.663 80.698 80.743 80.776 80.818 80.851 80.908 80.961 81.033 81.101 81.168 81.193 81.258 81.306 81.353 81.383 81.456 81.533 81.583 81.623 81.726 81.831 82.026 82.158 82.316 82.466 82.608 82.711 82.821 82.941 83.023 83.111 83.176 83.223 83.291
