Matlab/Roost_data/braunton/dsm/ss4537_DSM_2M.asc
ncols 500
nrows 500
xllcorner    245000
yllcorner    137000
cellsize     2
NODATA_value -9999
[rows 352 to 383 of 500, columns 0 to 72 of 500]
8.095 7.668 6.985 6.702 6.757 6.967 7.418 7.84 8.337 8.735 7.668 7.3 7.287 6.63 6.613 7.325 7.475 7.845 8.363 8.855 9.51 9.355 9.352 9.66 10.182 11.02 11.925 11.503 11.227 10.875 10.648 10.15 9.648 9.142 8.762 8.528 8.44 8.3 8.145 7.665 7.593 7.7 7.823 7.755 7.707 7.59 7.495 7.475 7.477 7.512 7.503 7.53 7.537 7.58 7.653 7.722 7.775 7.832 7.892 7.872 7.842 7.805 7.81 7.832 7.847 7.85 7.83 7.815 7.803 7.79 7.775 7.757 7.753
7.503 7.06 6.675 6.57 6.838 7.25 7.613 8.288 8.69 9.145 9.44 8.69 7.222 7.005 7.05 7.523 7.96 8.275 8.778 9.163 9.63 9.355 9.62 10.227 11.285 11.74 11.945 11.74 11.445 10.927 10.515 10.14 9.78 9.335 8.958 8.653 8.37 8.185 7.93 7.71 7.68 7.722 7.727 7.63 7.525 7.412 7.35 7.32 7.335 7.34 7.375 7.46 7.375 7.492 7.588 7.66 7.73 7.8 7.895 7.915 7.905 7.875 7.832 7.795 7.793 7.798 7.815 7.807 7.787 7.788 7.783 7.722 7.717
7.055 6.76 6.877 7.335 8.057 7.88 7.995 8.375 9.012 9.35 9.855 9.425 8.312 7.948 7.912 8.125 8.618 9.11 9.423 9.663 10.068 10.462 10.887 11.842 12.365 12.62 11.95 11.53 11.355 10.847 10.535 10.265 9.977 9.545 9.11 8.722 8.395 8.175 7.99 7.82 7.707 7.63 7.577 7.528 7.427 7.365 7.293 7.243 7.2 7.235 7.278 7.372 7.448 7.52 7.575 7.625 7.695 7.735 7.79 7.878 7.887 7.892 7.878 7.81 7.757 7.72 7.745 7.778 7.785 7.76 7.712 7.65 7.618
6.925 7.03 7.908 8.627 8.97 8.865 8.632 8.87 9.24 9.712 10.318 10.535 9.96 9.335 9.12 9.307 9.725 10.68 9.557 10.045 10.515 11.38 12.26 12.613 12.663 12.432 11.78 11.288 11.173 10.82 10.61 10.365 10.085 9.73 9.342 8.977 8.722 8.55 8.347 8.038 7.722 7.573 7.575 7.608 7.555 7.408 7.305 7.238 7.172 7.155 7.205 7.265 7.34 7.427 7.517 7.593 7.648 7.707 7.78 7.842 7.86 7.86 7.858 7.832 7.82 7.705 7.707 7.755 7.73 7.693 7.64 7.57 7.515
7.307 7.628 8.363 9.005 9.328 9.523 9.438 9.278 9.535 9.9 10.53 10.818 11.12 11.438 11.095 11.38 11.73 11.372 9.4 9.515 10.28 11.835 12.517 12.882 12.89 12.26 11.975 11.215 11.163 10.96 10.807 10.438 10.09 9.792 9.538 9.312 9.185 9.035 8.773 8.27 7.997 7.838 7.818 7.892 7.775 7.56 7.383 7.235 7.145 7.108 7.177 7.21 7.222 7.338 7.452 7.557 7.658 7.685 7.745 7.812 7.847 7.858 7.8 7.73 7.722 7.738 7.625 7.557 7.618 7.575 7.51 7.457 7.432
7.715 8.19 8.688 9.135 9.788 10.15 10.21 10.028 9.995 10.13 10.587 10.953 11.13 11.222 11.587 12.13 12.605 12.325 10.052 9.815 10.645 12.298 12.665 12.935 12.957 12.255 12.007 11.395 11.08 11.033 10.733 10.438 10.083 9.908 9.727 9.665 9.503 9.23 8.927 8.545 8.333 8.257 8.203 8.25 8.092 7.845 7.497 7.262 7.113 7.04 7.105 7.162 7.17 7.205 7.335 7.438 7.508 7.593 7.685 7.775 7.838 7.8 7.657 7.605 7.648 7.68 7.658 7.575 7.497 7.425 7.383 7.342 7.325
8.378 9.038 9.65 10.028 10.495 10.83 10.975 10.613 10.267 10.352 10.635 11.26 11.562 11.542 11.73 11.963 12.695 12.365 11.427 10.573 11.585 12.847 13.083 13.148 13.065 12.755 12.198 11.578 11.082 10.89 10.605 10.347 10.102 9.917 9.86 9.91 9.557 9.26 8.97 8.677 8.622 8.64 8.483 8.417 8.32 8.08 7.56 7.225 7.04 6.997 7.033 7.097 7.168 7.222 7.275 7.325 7.45 7.555 7.615 7.697 7.738 7.72 7.615 7.59 7.63 7.673 7.573 7.415 7.365 7.295 7.222 7.217 7.267
9.092 10.065 10.672 10.925 11.128 11.475 11.693 12.055 11.648 10.778 10.83 11.093 11.73 12.003 11.91 12.012 12.7 12.182 12.085 11.715 11.993 13.288 13.413 13.26 12.998 12.81 12.398 11.583 11.14 10.812 10.533 10.188 9.948 9.762 9.712 9.635 9.495 9.392 9.312 9.168 9.038 8.913 8.677 8.495 8.33 8.137 7.602 7.23 6.985 6.983 7.05 7.108 7.177 7.25 7.378 7.408 7.443 7.497 7.568 7.64 7.707 7.68 7.55 7.525 7.543 7.575 7.47 7.283 7.17 7.135 7.16 7.207 7.31
9.885 10.583 11.2 11.577 11.855 12.343 12.555 12.627 12.427 11.36 11.06 11.048 11.47 12.153 12.248 12.185 13.517 13.14 12.827 12.74 12.892 13.408 12.832 13.32 12.943 12.455 12.122 11.712 11.153 10.65 10.382 10.08 9.79 9.622 9.493 9.425 9.342 9.23 9.278 9.288 9.247 9.057 8.837 8.54 8.233 8.055 7.658 7.273 7.048 6.995 7.068 7.148 7.225 7.29 7.452 7.568 7.575 7.597 7.555 7.565 7.613 7.665 7.582 7.503 7.438 7.378 7.293 7.205 7.108 7.108 7.168 7.267 7.378
10.872 11.188 11.667 12.273 12.512 12.715 13.03 13.12 13.118 12.408 11.305 11.395 11.46 11.778 12.28 12.48 13.815 13.83 13.67 13.83 13.91 14.13 13.587 12.882 12.285 11.943 11.625 11.452 10.865 10.465 10.215 9.925 9.605 9.427 9.307 9.225 8.987 8.948 9.07 9.14 9.16 9.06 8.885 8.658 8.26 8.02 7.595 7.21 7.025 7.048 7.17 7.258 7.293 7.28 7.38 7.523 7.565 7.668 7.59 7.432 7.452 7.525 7.512 7.435 7.39 7.33 7.263 7.243 7.19 7.162 7.24 7.34 7.37
12.212 12.52 12.675 13.163 13.238 13.065 13.253 13.19 13.202 13.275 12.648 11.862 11.53 11.657 12.102 12.135 13.118 13.972 13.995 14.13 14.047 13.613 13.215 12.415 11.783 11.543 11.235 10.903 10.595 10.325 10.122 9.887 9.57 9.335 9.185 8.945 8.72 8.712 8.855 8.925 8.773 8.667 8.847 8.7 8.262 7.878 7.515 7.168 7.028 7.14 7.325 7.385 7.36 7.312 7.33 7.347 7.372 7.505 7.492 7.395 7.285 7.278 7.318 7.33 7.255 7.338 7.36 7.318 7.265 7.302 7.355 7.345 7.302
13.398 13.752 13.81 13.712 13.72 13.48 13.62 13.505 13.125 12.568 12.693 12.32 11.98 11.64 11.76 11.972 12.667 12.967 13.185 13.217 12.878 12.778 12.715 12.477 11.717 11.34 11.003 10.75 10.517 10.22 10.182 10.077 9.72 9.46 9.302 9.017 8.708 8.575 8.685 8.76 8.635 8.48 8.667 8.705 8.31 7.895 7.595 7.32 7.195 7.33 7.42 7.432 7.403 7.375 7.32 7.285 7.235 7.278 7.305 7.257 7.217 7.145 7.082 7.075 7.075 7.128 7.267 7.325 7.325 7.31 7.285 7.238 7.213
14.28 14.775 14.543 14.555 13.922 13.25 13.44 13.4 12.735 12.602 12.395 12.42 12.115 11.738 11.703 11.83 12.332 12.625 12.5 12.32 12.212 12.135 12.132 12.06 11.71 10.958 10.722 10.507 10.355 10.262 10.21 10.135 9.925 9.72 9.53 9.158 8.8 8.575 8.498 8.56 8.637 8.605 8.677 8.798 8.427 7.967 7.685 7.51 7.425 7.45 7.462 7.427 7.435 7.415 7.34 7.318 7.288 7.205 7.173 7.165 7.125 7.068 6.983 6.898 6.908 6.972 7.073 7.15 7.235 7.215 7.205 7.202 7.185
14.538 14.923 14.255 14.073 13.578 12.852 12.943 13.123 12.807 12.295 11.842 11.72 11.517 11.78 11.56 11.625 11.985 12.27 11.915 11.92 11.872 11.715 11.443 11.205 10.667 10.575 10.387 10.325 10.333 10.202 10.233 10.155 10.09 9.91 9.602 9.163 8.745 8.35 8.193 8.163 8.31 8.542 8.682 8.698 8.497 8.065 7.825 7.642 7.6 7.533 7.418 7.355 7.37 7.39 7.37 7.293 7.267 7.135 7.068 7.017 7.015 6.96 6.87 6.832 6.832 6.908 7.02 7.088 7.168 7.177 7.193 7.168 7.165
14.515 15.007 13.935 13.96 13.182 12.435 12.472 12.698 12.538 12.34 11.977 11.45 11.182 11.698 11.573 11.368 11.65 11.873 12.01 11.452 11.737 11.297 10.815 10.4 10.25 10.283 10.265 10.302 10.315 10.278 10.148 10.113 10.055 9.875 9.52 9.142 8.585 8.07 7.898 7.903 8.062 8.34 8.7 8.76 8.418 8.043 7.793 7.675 7.67 7.54 7.395 7.31 7.378 7.415 7.365 7.285 7.15 6.955 6.858 6.84 6.83 6.842 6.878 6.863 6.845 6.93 6.955 7.068 7.148 7.158 7.162 7.153 7.162
14.23 14.547 14.032 13.267 12.725 12.265 12.1 12.233 12.497 12.477 11.75 11.505 11.297 11.733 11.775 11.22 11.355 11.5 11.935 11.993 11.283 10.89 10.132 10.08 10.077 10.198 10.26 10.375 10.305 10.153 10.015 9.92 9.837 9.577 9.305 8.91 8.392 7.95 7.783 7.807 7.988 8.32 8.685 8.743 8.435 8.04 7.798 7.7 7.66 7.555 7.425 7.385 7.38 7.41 7.367 7.32 7.105 6.903 6.812 6.81 6.898 6.97 7.052 6.977 6.872 6.885 6.932 7.068 7.17 7.172 7.142 7.128 7.17
13.587 13.45 13.587 13.498 12.818 12.153 11.767 12.352 12.372 12.422 11.833 11.31 11.052 11.575 11.778 11.198 11.055 11.413 11.747 11.592 11.31 10.68 10.153 10.155 10.137 10.137 10.275 10.342 10.267 10.07 9.88 9.632 9.46 9.237 9.028 8.762 8.422 8 7.825 7.852 8.115 8.41 8.587 8.585 8.503 8.212 8.035 7.845 7.642 7.595 7.455 7.368 7.37 7.338 7.33 7.263 7.088 6.995 6.94 7.032 7.298 7.39 7.302 7.093 6.887 6.868 6.93 7.077 7.185 7.19 7.13 7.142 7.193
13.965 14.35 14.297 13.7 12.455 12.318 11.595 12.137 12.587 12.312 11.858 11.462 10.705 10.812 11.092 11.073 10.935 11.33 11.602 11.257 10.95 10.622 10.44 10.453 10.212 10.22 10.252 10.375 10.333 10.042 9.658 9.358 9.13 8.927 8.717 8.578 8.31 7.997 7.787 7.825 8.052 8.342 8.398 8.427 8.43 8.318 8.16 8.025 7.685 7.485 7.418 7.395 7.36 7.31 7.27 7.14 7.095 7.182 7.26 7.34 7.57 7.593 7.412 7.125 6.91 6.845 6.912 7.048 7.172 7.18 7.145 7.168 7.238
14.635 15.06 14.8 13.37 12.538 11.8 11.257 11.44 11.833 11.985 11.658 10.685 10.425 10.345 10.408 10.658 10.743 10.913 11.475 11.38 11.2 11.042 10.815 10.863 10.595 10.432 10.34 10.355 10.248 9.847 9.425 9.052 8.68 8.5 8.282 8.155 7.955 7.765 7.597 7.675 7.89 8.265 8.577 8.615 8.63 8.575 8.417 8.2 7.832 7.49 7.25 7.285 7.298 7.217 7.14 7.14 7.188 7.358 7.577 7.86 7.7 7.483 7.233 7.02 6.887 6.847 6.905 7.048 7.137 7.14 7.162 7.198 7.275
14.93 15.208 14.592 13.238 12.528 11.523 11.115 11.167 11.193 11.243 10.84 10.373 10.227 10.403 10.618 10.56 10.745 10.735 11.31 11.87 11.743 11.548 11.283 11.215 10.915 10.795 10.548 10.273 10.108 9.69 9.163 8.667 8.36 8.06 7.883 7.805 7.68 7.525 7.398 7.503 7.745 8.177 8.675 8.68 8.7 8.717 8.555 8.29 7.98 7.702 7.378 7.253 7.273 7.293 7.193 7.255 7.257 7.463 7.685 7.923 7.842 7.4 7.035 6.89 6.838 6.845 6.927 7.043 7.11 7.12 7.165 7.19 7.255
14.71 14.368 13.658 13.532 12.552 11.64 11.533 11.717 11.057 10.908 11.055 11.042 10.873 11.153 11.305 11.163 10.958 10.865 11.115 11.977 12.17 12.015 11.555 11.417 11.465 11.288 10.91 10.46 10.038 9.64 9.075 8.55 8.188 7.827 7.582 7.525 7.438 7.3 7.25 7.41 7.577 7.783 8.085 8.085 8.275 8.49 8.445 8.343 8.417 8.35 7.975 7.497 7.435 7.545 7.42 7.355 7.075 7.097 7.32 7.73 7.783 7.302 6.918 6.825 6.83 6.905 7.017 7.118 7.14 7.153 7.175 7.275 7.34
14.238 13.453 13.052 13.278 12.438 12.065 11.778 11.615 11.398 11.218 11.875 12.057 12.003 11.682 11.255 11.04 11.13 11.278 11.358 11.945 12.613 12.745 12.438 11.645 11.637 11.595 11.078 10.55 10.09 9.805 9.188 8.605 8.18 7.778 7.517 7.395 7.255 7.19 7.24 7.332 7.32 7.293 7.352 7.68 7.995 8.273 8.458 8.805 9.16 9.052 8.913 8.003 7.628 7.578 7.695 7.493 7.015 6.818 7.065 7.6 7.577 7.177 6.905 6.828 6.938 7.133 7.325 7.448 7.375 7.24 7.233 7.32 7.398
13.842 13.648 13.395 13.352 13.138 12.185 12.577 12.415 12.495 11.89 12.343 12.83 12.945 12.467 12.395 12.298 12.557 12.002 11.717 12.09 12.735 13.31 13.222 12.693 11.865 11.738 11.238 10.735 10.267 10.115 9.547 8.762 8.337 7.967 7.642 7.475 7.275 7.137 7.217 7.245 7.255 7.34 7.438 7.662 7.89 8.102 8.417 8.935 9.465 9.565 9.17 8.087 7.618 7.412 7.48 7.44 7.113 6.903 7 7.355 7.305 7.035 6.86 6.89 7.09 7.372 7.595 7.762 7.765 7.548 7.392 7.385 7.545
13.628 13.628 13.618 13.797 12.915 12.818 13.148 13.382 13.34 13.335 13.705 13.642 13.825 13.778 13.835 13.833 14.137 14.245 13.335 12.352 12.85 13.52 13.825 13.945 13.128 12.337 11.915 11.615 11.14 10.805 10.06 9.102 8.717 8.298 8.087 7.738 7.358 7.153 7.148 7.22 7.338 7.467 7.61 7.843 8.095 8.283 8.548 9.042 9.405 9.375 8.4 7.82 7.452 7.305 7.278 7.27 7.247 7.195 7.125 7.233 7.168 6.948 6.847 6.935 7.162 7.505 7.852 8.017 8.062 7.823 7.568 7.537 7.83
12.767 13.218 13.575 13.68 13.458 13.733 13.93 13.993 14.198 14.265 14.44 14.627 14.693 14.747 14.8 14.913 15.042 15.363 15.23 14.188 12.998 13.493 14.09 14.443 14.41 13.65 13.205 12.767 12.267 11.602 10.792 9.85 9.105 8.825 8.625 8.29 7.497 7.217 7.215 7.365 7.507 7.735 8.045 8.53 9.193 9.165 8.76 8.833 8.895 8.65 8.092 7.665 7.323 7.2 7.102 7.122 7.245 7.245 7.097 7.077 7.05 6.94 6.895 7.008 7.283 7.662 8.057 8.222 8.227 8.108 7.78 7.69 7.85
12.533 13.555 14.005 14.177 14.185 13.815 13.743 13.635 14.045 14.358 14.368 14.71 15.193 15.177 15.11 15.445 15.485 15.985 16.26 15.785 14.858 13.552 13.958 14.302 14.698 14.537 14.363 13.795 13.097 12.203 11.352 10.54 9.717 9.005 8.65 8.55 7.925 7.44 7.347 7.48 7.713 7.97 8.443 9.04 9.833 9.39 8.642 8.483 8.28 8.078 7.903 7.703 7.392 7.245 7.13 7.137 7.222 7.213 7.07 6.975 7.015 7.008 6.997 7.165 7.46 7.892 8.25 8.435 8.385 8.235 7.99 7.927 8.142
12.475 13.132 13.682 13.91 13.872 13.475 13.565 13.72 13.775 14.385 14.32 14.435 14.905 14.908 14.905 15.257 15.21 15.645 16.2 16.208 15.855 15.408 14.123 14.432 14.708 14.967 14.795 14.445 14.132 12.618 11.832 11.318 10.55 9.715 8.885 8.415 7.9 7.6 7.517 7.533 7.738 8.012 8.517 9.035 9.462 9.235 8.392 8.118 8.012 7.858 7.707 7.637 7.528 7.488 7.395 7.315 7.303 7.29 7.118 6.95 7.01 7.09 7.135 7.275 7.602 8.01 8.34 8.57 8.55 8.403 8.23 8.422 9.165
12.045 12.797 13.632 13.927 13.622 13.835 14.003 14.165 13.99 14.323 14.645 14.467 14.903 15.175 14.965 14.847 14.98 15.358 16.052 16.112 15.983 15.975 15.368 14.66 14.708 14.993 15.075 14.78 14.085 13.45 12.48 12.085 11.49 10.525 9.405 8.583 7.98 7.718 7.58 7.575 7.762 8.055 8.292 8.64 8.828 8.86 8.318 7.925 7.85 7.75 7.65 7.575 7.57 7.63 7.67 7.525 7.365 7.332 7.263 7.108 7.073 7.235 7.435 7.53 7.695 7.957 8.253 8.597 8.715 8.69 8.955 9.42 10.165
12.37 13.167 13.592 13.878 13.922 14.255 14.38 14.278 14.305 14.967 15.132 15.085 14.82 14.833 14.872 15.015 15.042 15.35 15.785 15.83 15.64 15.37 15.43 15.235 14.995 14.945 15.04 15.075 14.94 14.255 13.545 12.76 12.177 11.185 9.943 9.048 8.247 7.905 7.815 7.99 8.18 8.36 8.32 8.307 8.488 8.497 8.275 8.003 7.93 7.875 7.767 7.7 7.63 7.597 7.66 7.58 7.335 7.347 7.488 7.467 7.418 7.55 7.8 7.887 7.915 8.1 8.515 8.955 9.173 9.495 9.972 10.405 11.125
12.068 12.33 12.64 13.2 13.987 14.597 15.347 15.68 15.575 15.227 15.158 15.42 15.507 15.288 15.32 15.155 14.975 15.083 15.215 15.462 15.395 15.965 16.247 15.92 15.443 15.015 14.875 14.927 15.128 14.805 14.205 13.283 12.543 11.535 10.47 9.413 8.71 8.542 8.365 8.712 8.96 9.193 9.08 8.632 8.415 8.385 8.423 8.587 8.43 8.57 8.34 8.033 7.665 7.6 7.543 7.427 7.257 7.363 7.785 8.155 7.988 8.127 8.72 8.792 8.6 8.715 9.3 9.76 10.075 10.62 10.757 10.67 11.01
10.997 11.347 11.918 12.68 13.68 14.52 15.39 15.955 16.21 15.913 15.775 15.9 16.403 16.228 15.712 15.385 15.275 15.02 15.222 15.44 15.705 16.267 16.673 16.407 16.13 15.497 14.847 14.797 14.845 14.95 14.66 13.788 12.58 11.645 10.552 9.608 8.935 8.98 9.142 9.137 9.498 9.905 10.02 9.573 8.568 8.368 8.863 9.273 9.475 9.378 9.17 8.858 7.82 7.577 7.445 7.425 7.448 7.463 7.807 8.345 8.18 7.918 8.658 9.265 9.655 9.568 9.995 10.323 10.608 11.077 10.755 9.977 9.312
10.132 10.7 11.413 12.345 13.347 14.443 15.415 16.21 16.118 15.945 16.18 16.052 16.14 16.145 15.858 15.477 15.55 15.22 15.137 15.35 15.715 16.427 16.97 17.118 16.765 16.32 15.7 14.775 14.475 14.443 14.295 14.135 13.395 11.69 10.562 9.67 8.958 9.34 9.503 9.333 9.565 9.927 9.833 9.205 8.462 8.512 9.28 9.818 10.113 9.863 9.515 9.047 8.765 7.95 7.65 7.72 7.795 7.63 7.87 8.307 8.595 7.457 7.935 8.55 9.615 10.327 10.805 10.86 10.765 10.662 9.962 9.458 8.79
