Matlab/Roost_data/braunton/dsm/ss4538_DSM_2M.asc
ncols 500
nrows 500
xllcorner    245000
yllcorner    138000
cellsize     2
NODATA_value -9999
[rows 210 to 239 of 500, columns 136 to 203 of 500]
136.57 136.598 136.645 136.655 136.677 136.693 136.688 136.707 136.732 136.72 136.73 136.772 136.82 136.805 136.785 136.835 136.822 136.827 136.84 136.857 136.883 136.92 136.91 136.938 136.955 136.958 136.923 136.885 136.875 136.855 136.95 136.917 136.893 136.885 136.905 136.908 136.895 136.893 136.887 136.917 136.935 136.96 137.003 137.042 137.09 137.167 137.238 137.302 137.38 137.465 137.55 137.635 137.71 137.79 137.852 137.93 138.008 138.055 138.133 138.198 138.245 138.312 138.348 138.4 138.435 138.478 138.545 138.585
137.182 137.217 137.225 137.238 137.258 137.277 137.283 137.315 137.327 137.258 137.288 137.298 137.26 137.272 137.277 137.315 137.32 137.348 137.363 137.378 137.385 137.39 137.39 137.39 137.415 137.43 137.408 137.382 137.372 137.34 137.425 137.39 137.355 137.35 137.353 137.33 137.315 137.315 137.307 137.315 137.325 137.355 137.39 137.432 137.475 137.53 137.582 137.663 137.732 137.81 137.895 137.975 138.05 138.115 138.17 138.245 138.327 138.38 138.432 138.515 138.57 138.622 138.67 138.717 138.763 138.81 138.87 138.915
137.765 137.798 137.825 137.84 137.852 137.845 137.833 137.865 137.872 137.835 137.832 137.82 137.78 137.842 137.823 137.802 137.78 137.805 137.825 137.848 137.875 137.875 137.887 137.908 137.935 137.938 137.935 137.893 137.875 137.815 137.885 137.87 137.842 137.818 137.8 137.772 137.757 137.732 137.732 137.735 137.725 137.742 137.803 137.825 137.86 137.9 137.96 138.022 138.09 138.165 138.238 138.303 138.375 138.427 138.495 138.555 138.62 138.68 138.745 138.798 138.87 138.918 138.965 139.02 139.062 139.105 139.175 139.217
138.385 138.417 138.417 138.427 138.447 138.423 138.408 138.41 138.385 138.35 138.34 138.345 138.327 138.34 138.315 138.318 138.318 138.342 138.353 138.352 138.385 138.413 138.445 138.45 138.448 138.443 138.425 138.367 138.35 138.262 138.337 138.348 138.295 138.262 138.242 138.21 138.193 138.16 138.14 138.128 138.125 138.155 138.177 138.202 138.235 138.27 138.322 138.378 138.443 138.503 138.575 138.635 138.693 138.745 138.792 138.863 138.915 138.97 139.023 139.083 139.143 139.193 139.238 139.277 139.323 139.385 139.447 139.497
139.015 139.012 139.003 139.048 139.042 138.997 138.982 138.975 138.923 138.878 138.875 138.845 138.812 138.827 138.818 138.852 138.87 138.87 138.88 138.902 138.94 138.952 138.958 138.952 138.962 138.97 138.883 138.827 138.798 138.768 138.878 138.833 138.753 138.71 138.688 138.643 138.603 138.565 138.542 138.525 138.518 138.535 138.57 138.58 138.592 138.643 138.677 138.72 138.777 138.84 138.893 138.952 139 139.038 139.09 139.145 139.205 139.25 139.303 139.352 139.41 139.467 139.51 139.538 139.592 139.65 139.717 139.758
139.585 139.572 139.557 139.572 139.542 139.527 139.515 139.49 139.458 139.435 139.435 139.415 139.367 139.363 139.365 139.387 139.395 139.425 139.43 139.423 139.467 139.485 139.48 139.475 139.503 139.47 139.355 139.3 139.295 139.238 139.265 139.3 139.202 139.143 139.11 139.072 139.018 138.982 138.945 138.925 138.913 138.923 138.938 138.96 138.973 139 139.03 139.057 139.115 139.16 139.202 139.25 139.298 139.327 139.367 139.415 139.475 139.52 139.565 139.613 139.675 139.73 139.765 139.798 139.857 139.908 139.96 140.008
140.128 140.113 140.08 140.057 140.045 140.06 140.04 140.027 140.052 140.015 140.005 139.985 139.935 139.915 139.913 139.913 139.915 139.917 139.932 139.96 140.003 139.997 140.022 139.997 139.973 139.935 139.842 139.767 139.76 139.717 139.65 139.667 139.633 139.605 139.557 139.515 139.475 139.408 139.37 139.35 139.34 139.342 139.353 139.35 139.353 139.375 139.395 139.423 139.447 139.475 139.51 139.555 139.583 139.615 139.64 139.697 139.747 139.79 139.823 139.875 139.938 139.973 140.02 140.053 140.1 140.167 140.2 140.257
140.745 140.688 140.65 140.628 140.63 140.613 140.595 140.607 140.583 140.55 140.522 140.512 140.48 140.447 140.445 140.438 140.443 140.445 140.44 140.443 140.475 140.448 140.445 140.415 140.383 140.32 140.292 140.245 140.235 140.152 140.08 140.073 140.055 140.033 139.988 139.943 139.895 139.85 139.81 139.792 139.76 139.77 139.755 139.75 139.735 139.75 139.755 139.777 139.795 139.81 139.845 139.87 139.89 139.92 139.94 139.977 140.02 140.057 140.083 140.135 140.185 140.21 140.255 140.315 140.35 140.402 140.447 140.497
141.33 141.283 141.253 141.232 141.165 141.158 141.147 141.145 141.103 141.065 141.045 141.02 141 140.975 140.958 140.97 140.97 140.965 140.955 140.927 140.902 140.863 140.82 140.842 140.81 140.798 140.783 140.727 140.712 140.655 140.522 140.495 140.503 140.473 140.415 140.375 140.323 140.268 140.225 140.18 140.163 140.16 140.143 140.137 140.115 140.125 140.125 140.125 140.15 140.158 140.178 140.19 140.202 140.225 140.243 140.255 140.307 140.325 140.345 140.388 140.43 140.452 140.485 140.53 140.552 140.587 140.645 140.702
141.895 141.875 141.857 141.79 141.74 141.715 141.695 141.658 141.59 141.57 141.56 141.548 141.522 141.492 141.492 141.478 141.473 141.448 141.452 141.462 141.428 141.408 141.385 141.378 141.353 141.337 141.295 141.22 141.193 141.143 141.03 140.928 140.91 140.853 140.79 140.738 140.667 140.622 140.57 140.508 140.465 140.465 140.44 140.438 140.43 140.405 140.413 140.43 140.448 140.473 140.488 140.49 140.497 140.51 140.515 140.518 140.545 140.54 140.553 140.595 140.605 140.607 140.628 140.688 140.79 140.815 140.86 140.988
142.475 142.43 142.402 142.367 142.333 142.292 142.253 142.205 142.18 142.128 142.092 142.062 142.045 142.033 142.02 142.003 141.997 141.99 141.982 141.982 141.973 141.94 141.932 141.898 141.807 141.77 141.728 141.655 141.58 141.603 141.592 141.538 141.492 141.415 141.39 141.402 141.32 141.255 141.255 141.145 140.967 140.88 140.863 140.925 140.905 140.887 140.758 140.73 140.685 140.66 140.66 140.682 140.64 140.708 140.72 140.71 140.735 140.728 140.708 140.802 140.872 141.048 141.208 141.315 141.508 141.61 141.62 141.76
143.022 143.012 142.985 142.943 142.89 142.823 142.76 142.72 142.673 142.605 142.575 142.545 142.527 142.512 142.512 142.51 142.493 142.473 142.435 142.44 142.43 142.425 142.497 142.63 142.647 142.48 142.545 142.565 142.682 142.747 142.69 142.645 142.51 142.415 142.38 142.305 142.25 142.18 142.152 141.887 141.952 142.015 142.08 142.077 142.095 142.04 141.94 141.852 141.678 141.602 141.533 141.495 141.505 141.542 141.462 141.413 141.473 141.485 141.448 141.58 141.725 141.772 141.765 141.815 141.8 141.838 141.827 141.81
143.58 143.508 143.462 143.427 143.415 143.335 143.242 143.188 143.095 143.048 143.018 142.98 142.975 142.947 142.967 143.015 143.2 143.092 143.288 143.26 143.345 143.458 143.723 143.64 143.455 143.318 143.307 143.28 143.275 143.165 143.035 143.01 142.958 142.91 142.845 142.783 142.728 142.6 142.503 142.423 142.425 142.48 142.37 142.3 142.29 142.188 142.163 142.137 142.188 142.1 142.055 142.048 141.967 141.895 141.875 141.823 141.893 141.863 141.82 141.823 141.84 141.85 141.827 141.837 141.833 141.853 141.865 141.872
143.98 143.948 143.917 143.91 143.878 143.818 143.952 143.707 143.79 143.61 143.82 143.82 143.812 143.83 144.117 144.315 144.387 144.383 144.303 143.947 144.15 143.863 143.783 143.725 143.71 143.695 143.715 143.693 143.595 143.568 143.477 143.44 143.352 143.283 143.262 143.207 143.137 143.077 142.975 142.915 142.855 142.792 142.742 142.685 142.625 142.557 142.515 142.44 142.39 142.365 142.31 142.258 142.223 142.175 142.155 142.092 142.083 142.055 142.018 141.995 142 141.97 141.952 141.96 141.975 141.975 142.005 142.038
144.938 144.95 144.945 144.96 144.955 145.015 144.85 144.805 144.758 144.795 144.64 144.742 144.663 144.695 144.54 144.477 144.387 144.36 144.327 144.33 144.307 144.225 144.173 144.102 144.057 144.01 143.962 143.915 143.857 143.818 143.76 143.71 143.645 143.582 143.53 143.465 143.395 143.333 143.24 143.18 143.11 143.033 142.975 142.923 142.857 142.8 142.738 142.675 142.63 142.58 142.56 142.485 142.455 142.432 142.393 142.34 142.31 142.275 142.247 142.23 142.23 142.22 142.232 142.23 142.23 142.247 142.273 142.307
145.52 145.49 145.48 145.405 145.39 145.35 145.23 145.198 145.133 145.08 145.022 144.958 144.908 144.857 144.8 144.755 144.702 144.658 144.613 144.56 144.505 144.457 144.43 144.398 144.365 144.327 144.28 144.245 144.193 144.15 144.107 144.05 143.993 143.938 143.872 143.822 143.75 143.665 143.613 143.548 143.473 143.402 143.335 143.262 143.19 143.128 143.072 143.018 142.965 142.91 142.853 142.805 142.777 142.732 142.708 142.665 142.628 142.59 142.57 142.533 142.508 142.5 142.48 142.48 142.485 142.495 142.512 142.535
145.738 145.682 145.645 145.615 145.555 145.497 145.423 145.365 145.307 145.238 145.23 145.197 145.145 145.12 145.072 145.048 145.01 144.995 144.965 144.913 144.875 144.812 144.775 144.74 144.702 144.67 144.63 144.598 144.542 144.492 144.443 144.383 144.315 144.258 144.2 144.145 144.092 144.012 143.935 143.883 143.803 143.73 143.66 143.595 143.535 143.452 143.39 143.337 143.283 143.212 143.152 143.105 143.06 143.03 142.997 142.95 142.91 142.865 142.84 142.807 142.777 142.75 142.735 142.725 142.73 142.745 142.76 142.78
146.04 145.99 145.95 145.913 145.883 145.827 145.788 145.747 145.693 145.562 145.538 145.515 145.473 145.455 145.42 145.39 145.37 145.348 145.307 145.255 145.2 145.152 145.115 145.082 145.04 145.008 144.965 144.92 144.882 144.82 144.775 144.725 144.66 144.6 144.542 144.488 144.445 144.365 144.292 144.223 144.152 144.065 144.005 143.94 143.86 143.798 143.732 143.665 143.6 143.54 143.485 143.445 143.385 143.35 143.303 143.265 143.223 143.185 143.143 143.105 143.068 143.038 143.018 143.02 143.025 143.033 143.038 143.052
146.467 146.413 146.36 146.307 146.258 146.177 146.15 146.145 146.105 146.003 145.98 145.915 145.827 145.785 145.738 145.705 145.685 145.67 145.63 145.583 145.542 145.515 145.47 145.435 145.41 145.362 145.322 145.285 145.242 145.197 145.15 145.095 145.033 144.97 144.917 144.855 144.795 144.725 144.66 144.59 144.518 144.45 144.378 144.295 144.23 144.15 144.087 144.018 143.943 143.88 143.83 143.762 143.715 143.668 143.617 143.57 143.525 143.475 143.443 143.413 143.39 143.36 143.34 143.315 143.315 143.3 143.307 143.315
146.84 146.792 146.773 146.723 146.658 146.595 146.51 146.467 146.45 146.402 146.35 146.28 146.198 146.155 146.122 146.105 146.08 146.053 146.01 145.967 145.925 145.902 145.867 145.822 145.788 145.745 145.705 145.655 145.602 145.557 145.518 145.46 145.408 145.355 145.288 145.227 145.163 145.087 145.038 144.98 144.9 144.823 144.745 144.66 144.575 144.497 144.423 144.357 144.283 144.208 144.152 144.087 144.035 143.98 143.917 143.87 143.822 143.788 143.747 143.715 143.68 143.652 143.62 143.595 143.575 143.565 143.565 143.557
147.24 147.197 147.14 147.113 147.075 146.99 146.875 146.885 146.777 146.747 146.685 146.628 146.585 146.555 146.52 146.495 146.455 146.425 146.387 146.342 146.302 146.258 146.232 146.193 146.145 146.105 146.052 146.018 145.98 145.928 145.883 145.833 145.777 145.725 145.655 145.598 145.518 145.458 145.39 145.325 145.253 145.165 145.083 144.997 144.91 144.827 144.76 144.685 144.607 144.543 144.473 144.402 144.34 144.283 144.217 144.167 144.12 144.08 144.038 144.003 143.96 143.94 143.908 143.875 143.86 143.85 143.83 143.827
147.577 147.565 147.518 147.46 147.458 147.39 147.272 147.292 147.163 147.105 147.052 147.033 146.973 146.93 146.895 146.863 146.82 146.792 146.743 146.71 146.673 146.633 146.595 146.557 146.505 146.458 146.417 146.37 146.34 146.298 146.243 146.193 146.135 146.07 146 145.93 145.852 145.785 145.712 145.65 145.572 145.495 145.405 145.33 145.255 145.175 145.092 145.003 144.932 144.865 144.798 144.717 144.652 144.598 144.54 144.475 144.43 144.387 144.342 144.303 144.27 144.225 144.195 144.16 144.135 144.122 144.107 144.098
147.962 147.952 147.91 147.87 147.837 147.783 147.662 147.673 147.545 147.462 147.415 147.41 147.345 147.28 147.25 147.215 147.19 147.165 147.125 147.09 147.057 147.015 146.965 146.915 146.87 146.822 146.78 146.738 146.688 146.637 146.585 146.542 146.478 146.413 146.35 146.27 146.197 146.122 146.05 145.987 145.915 145.83 145.745 145.66 145.577 145.512 145.423 145.335 145.26 145.18 145.107 145.053 144.978 144.905 144.845 144.783 144.732 144.698 144.66 144.61 144.562 144.525 144.477 144.44 144.42 144.39 144.362 144.333
148.35 148.312 148.277 148.25 148.225 148.173 148.075 148.03 147.932 147.822 147.798 147.765 147.698 147.64 147.605 147.568 147.56 147.52 147.482 147.443 147.398 147.355 147.3 147.235 147.202 147.16 147.117 147.073 147.038 146.975 146.92 146.87 146.798 146.732 146.663 146.582 146.52 146.452 146.378 146.302 146.24 146.147 146.057 145.982 145.898 145.82 145.74 145.652 145.57 145.5 145.425 145.345 145.277 145.212 145.148 145.082 145.038 144.978 144.94 144.88 144.84 144.79 144.75 144.71 144.675 144.643 144.622 144.585
148.708 148.682 148.64 148.6 148.568 148.518 148.458 148.372 148.288 148.197 148.135 148.107 148.057 147.99 147.975 147.938 147.915 147.857 147.815 147.772 147.728 147.68 147.63 147.577 147.527 147.488 147.455 147.413 147.367 147.318 147.258 147.188 147.137 147.072 146.99 146.925 146.857 146.78 146.712 146.635 146.562 146.485 146.408 146.305 146.22 146.137 146.048 145.967 145.885 145.812 145.735 145.68 145.598 145.52 145.443 145.385 145.323 145.277 145.22 145.165 145.113 145.057 145.02 144.975 144.935 144.893 144.855 144.825
149.048 149.02 148.97 148.93 148.908 148.857 148.805 148.732 148.633 148.552 148.485 148.432 148.385 148.325 148.3 148.255 148.232 148.195 148.145 148.1 148.045 148.01 147.952 147.893 147.848 147.802 147.77 147.725 147.682 147.63 147.57 147.53 147.458 147.39 147.32 147.25 147.173 147.115 147.042 146.958 146.885 146.802 146.725 146.635 146.55 146.445 146.365 146.28 146.202 146.128 146.055 145.985 145.908 145.83 145.762 145.7 145.643 145.577 145.533 145.467 145.405 145.345 145.29 145.242 145.195 145.16 145.12 145.065
149.36 149.345 149.315 149.272 149.232 149.19 149.107 149.07 148.975 148.863 148.815 148.76 148.705 148.652 148.622 148.575 148.548 148.512 148.458 148.41 148.38 148.318 148.268 148.217 148.16 148.125 148.073 148.025 147.98 147.932 147.888 147.827 147.753 147.688 147.62 147.557 147.492 147.423 147.363 147.272 147.193 147.11 147.03 146.947 146.86 146.773 146.685 146.6 146.52 146.44 146.36 146.29 146.21 146.13 146.053 145.98 145.91 145.867 145.807 145.747 145.695 145.63 145.565 145.523 145.455 145.4 145.352 145.305
149.67 149.658 149.625 149.575 149.53 149.492 149.415 149.375 149.3 149.178 149.13 149.07 149.018 148.952 148.92 148.89 148.845 148.815 148.758 148.707 148.665 148.62 148.555 148.497 148.445 148.395 148.35 148.295 148.255 148.215 148.175 148.113 148.053 147.98 147.917 147.845 147.79 147.723 147.65 147.577 147.5 147.41 147.327 147.247 147.16 147.072 146.99 146.9 146.827 146.742 146.658 146.59 146.512 146.43 146.355 146.28 146.2 146.15 146.083 146.027 145.958 145.878 145.82 145.758 145.705 145.643 145.59 145.515
149.98 149.97 149.908 149.872 149.837 149.785 149.712 149.68 149.615 149.473 149.432 149.367 149.322 149.253 149.223 149.168 149.133 149.083 149.022 148.982 148.935 148.89 148.833 148.76 148.707 148.65 148.592 148.553 148.505 148.47 148.418 148.38 148.315 148.258 148.193 148.145 148.075 148.01 147.947 147.867 147.802 147.717 147.64 147.555 147.475 147.385 147.298 147.215 147.125 147.042 146.975 146.905 146.815 146.72 146.645 146.555 146.467 146.413 146.352 146.295 146.225 146.145 146.077 146.02 145.96 145.875 145.815 145.753
150.26 150.255 150.188 150.15 150.137 150.092 149.997 149.945 149.915 149.75 149.705 149.63 149.592 149.523 149.508 149.458 149.402 149.353 149.283 149.235 149.2 149.148 149.083 149.01 148.96 148.902 148.848 148.803 148.755 148.708 148.665 148.62 148.575 148.51 148.448 148.378 148.335 148.268 148.212 148.14 148.062 147.997 147.915 147.842 147.765 147.688 147.607 147.522 147.425 147.35 147.263 147.18 147.1 147.005 146.92 146.833 146.765 146.68 146.61 146.555 146.473 146.402 146.325 146.26 146.188 146.117 146.05 145.973
