Matlab/Roost_data/braunton/dsm/ss4540_DSM_2M.asc
ncols 500
nrows 500
xllcorner    245000
yllcorner    140000
cellsize     2
NODATA_value -9999
[rows 0 to 31 of 500, columns 71 to 141 of 500]
46.76 47.17 47.663 48.11 48.545 48.983 49.408 49.863 50.288 50.728 51.155 51.583 52.02 52.45 52.915 53.343 53.75 54.18 54.62 55.078 55.478 55.938 56.37 56.793 57.248 57.67 58.095 58.518 58.918 59.31 59.72 60.103 60.488 60.87 61.243 61.6 61.968 62.35 62.725 63.138 63.55 63.965 64.37 64.788 65.185 65.593 65.985 66.38 66.758 67.13 67.49 67.833 68.19 68.535 68.888 69.185 69.533 69.84 70.108 70.388 70.67 70.938 71.208 71.865 72.625 72.39 72.588 72.988 73.328 73.64 74.013
46.745 47.008 47.418 47.875 48.358 48.91 49.378 49.823 50.27 50.725 51.165 51.605 52.04 52.47 52.91 53.36 53.818 54.193 54.635 55.09 55.53 55.983 56.41 56.84 57.283 57.693 58.093 58.503 58.905 59.308 59.7 60.093 60.433 60.798 61.158 61.533 61.918 62.28 62.69 63.108 63.505 63.898 64.34 64.73 65.128 65.51 65.923 66.308 66.693 67.073 67.435 67.77 68.143 68.478 68.813 69.168 69.5 69.793 70.055 70.355 70.628 70.908 71.3 72.338 72.263 72.225 72.59 72.968 73.275 73.608 73.978
48.055 47.328 47.49 47.778 48.108 48.58 49.098 49.65 50.205 50.658 51.118 51.578 52.035 52.483 52.925 53.383 53.828 54.24 54.685 55.105 55.533 55.985 56.433 56.86 57.3 57.7 58.108 58.533 58.908 59.29 59.663 60.035 60.375 60.753 61.098 61.483 61.863 62.268 62.643 63.048 63.465 63.87 64.288 64.705 65.108 65.475 65.868 66.248 66.63 66.988 67.335 67.69 68.043 68.395 68.738 69.078 69.41 69.698 70.003 70.28 70.563 70.88 71.765 72.213 71.933 72.18 72.585 72.935 73.213 73.568 73.95
48.9 49.375 49.158 48.595 48.255 48.513 48.838 49.27 49.785 50.335 51.015 51.538 51.995 52.458 52.928 53.39 53.835 54.268 54.695 55.138 55.55 55.993 56.448 56.883 57.31 57.7 58.145 58.535 58.913 59.285 59.65 59.97 60.328 60.72 61.063 61.415 61.82 62.218 62.6 62.985 63.423 63.845 64.248 64.655 65.028 65.425 65.788 66.183 66.528 66.905 67.278 67.613 67.975 68.323 68.658 69 69.318 69.625 69.95 70.2 70.508 71.058 71.965 71.96 71.755 72.165 72.545 72.863 73.143 73.518 73.85
47.255 48.123 49.155 49.638 50.058 50.315 49.615 49.42 49.688 49.983 50.49 51.123 51.85 52.418 52.873 53.345 53.783 54.258 54.708 55.128 55.578 56.008 56.455 56.903 57.325 57.733 58.128 58.543 58.918 59.273 59.64 59.955 60.315 60.653 61.023 61.388 61.75 62.14 62.53 62.955 63.385 63.813 64.198 64.61 64.975 65.375 65.745 66.118 66.488 66.853 67.215 67.55 67.898 68.243 68.608 68.905 69.21 69.553 69.82 70.135 70.528 71.495 72.198 71.445 71.733 72.148 72.483 72.77 73.118 73.45 73.78
47.445 47.8 48.103 48.455 49.278 50.433 51.248 51.488 50.625 50.28 50.43 50.77 51.245 51.778 52.523 53.205 53.728 54.19 54.678 55.125 55.588 56.035 56.445 56.893 57.325 57.773 58.173 58.54 58.925 59.298 59.643 59.968 60.31 60.635 60.963 61.345 61.695 62.085 62.468 62.883 63.323 63.748 64.165 64.538 64.928 65.295 65.67 66.068 66.425 66.78 67.125 67.478 67.83 68.17 68.515 68.83 69.135 69.448 69.735 70.068 71.043 71.655 71.733 71.333 71.723 72.113 72.405 72.705 73.048 73.38 73.72
47.635 47.998 48.305 48.625 48.945 49.318 49.905 51.045 52.135 52.665 52.375 51.325 51.205 51.525 51.988 52.6 53.42 54.073 54.595 55.055 55.533 55.98 56.445 56.885 57.288 57.773 58.175 58.575 58.938 59.305 59.655 59.993 60.315 60.625 60.973 61.308 61.655 62.033 62.405 62.818 63.248 63.685 64.103 64.485 64.86 65.223 65.6 65.973 66.353 66.708 67.053 67.395 67.748 68.07 68.39 68.718 69.025 69.335 69.658 70.17 71.4 71.793 71.013 71.335 71.72 72.043 72.318 72.65 72.985 73.293 73.608
47.85 48.165 48.5 48.85 49.19 49.535 49.938 50.308 50.943 51.69 52.458 53.778 52.933 52.223 52.258 52.443 52.85 53.455 54.115 54.86 55.478 55.928 56.39 56.868 57.288 57.738 58.138 58.565 58.943 59.303 59.685 60.013 60.333 60.643 60.968 61.28 61.63 61.983 62.365 62.745 63.163 63.58 63.985 64.37 64.765 65.163 65.528 65.9 66.285 66.628 66.978 67.31 67.658 68.008 68.3 68.615 68.913 69.243 69.615 70.648 71.34 70.78 70.903 71.33 71.675 71.925 72.243 72.563 72.883 73.19 73.49
47.988 48.303 48.65 49.013 49.363 49.758 50.163 50.478 50.823 51.188 51.558 52.47 53.108 54.398 54.268 53.6 53.19 53.23 53.66 54.145 54.863 55.615 56.23 56.795 57.26 57.673 58.11 58.525 58.918 59.313 59.68 60.015 60.34 60.665 60.978 61.308 61.625 62 62.343 62.715 63.1 63.52 63.94 64.295 64.7 65.08 65.468 65.82 66.185 66.528 66.9 67.253 67.553 67.895 68.22 68.528 68.818 69.145 69.908 70.825 70.933 70.448 70.855 71.263 71.543 71.808 72.148 72.453 72.76 73.095 73.405
48.108 48.433 48.778 49.148 49.528 49.94 50.253 50.595 51.008 51.37 51.73 52.045 52.413 53.085 53.528 54.728 55.198 54.5 54.128 54.165 54.43 54.91 55.573 56.325 57.065 57.588 58.005 58.408 58.85 59.26 59.645 59.993 60.345 60.683 61.005 61.315 61.633 61.973 62.333 62.695 63.07 63.468 63.84 64.238 64.633 65.015 65.383 65.73 66.09 66.458 66.82 67.153 67.463 67.79 68.12 68.413 68.71 69.218 70.225 70.888 70.118 70.388 70.803 71.138 71.41 71.71 72.053 72.323 72.65 72.96 73.278
48.26 48.568 48.913 49.298 49.66 50.055 50.395 50.745 51.14 51.488 51.835 52.198 52.57 52.9 53.2 53.645 54.253 55.378 56.198 55.89 55.288 54.958 55.283 55.725 56.348 57.103 57.793 58.295 58.765 59.173 59.57 59.953 60.305 60.638 60.978 61.29 61.623 61.965 62.288 62.65 63.028 63.41 63.788 64.163 64.555 64.928 65.283 65.625 66 66.363 66.703 67.043 67.363 67.703 67.988 68.28 68.64 69.68 70.173 70.433 69.975 70.365 70.72 71.008 71.285 71.623 71.918 72.193 72.508 72.805 73.155
48.43 48.735 49.06 49.428 49.805 50.193 50.548 50.898 51.238 51.583 51.938 52.293 52.66 53.04 53.403 53.753 54.078 54.505 54.98 56.218 57.408 57.01 56.418 56.085 56.125 56.45 57.045 57.76 58.45 59.025 59.475 59.87 60.215 60.588 60.93 61.275 61.615 61.968 62.29 62.64 62.983 63.368 63.735 64.123 64.46 64.835 65.203 65.565 65.948 66.273 66.623 66.945 67.278 67.59 67.873 68.198 68.93 70.055 70.54 69.73 69.945 70.315 70.625 70.88 71.195 71.508 71.81 72.098 72.393 72.703 73.053
48.625 48.933 49.25 49.558 49.908 50.28 50.63 50.995 51.31 51.678 52.045 52.398 52.783 53.133 53.505 53.868 54.233 54.603 54.885 55.208 55.588 57.233 57.66 58.2 57.203 56.783 56.898 57.258 57.75 58.365 59.093 59.683 60.1 60.495 60.853 61.21 61.568 61.905 62.258 62.613 62.955 63.323 63.683 64.06 64.413 64.773 65.14 65.515 65.84 66.188 66.52 66.838 67.188 67.488 67.765 68.245 69.423 70.218 69.868 69.518 69.913 70.235 70.495 70.795 71.138 71.423 71.703 71.973 72.31 72.623 72.94
48.813 49.11 49.413 49.718 50.048 50.38 50.765 51.07 51.383 51.75 52.14 52.515 52.875 53.245 53.58 53.963 54.33 54.693 55.028 55.36 55.69 56.015 56.3 57.458 58.338 58.768 58.47 57.91 57.765 58.02 58.433 59.02 59.713 60.368 60.748 61.11 61.49 61.84 62.198 62.563 62.918 63.285 63.653 64.018 64.358 64.718 65.055 65.423 65.773 66.105 66.418 66.735 67.06 67.368 67.708 68.77 69.38 69.53 69.108 69.51 69.858 70.143 70.418 70.738 71.02 71.31 71.595 71.88 72.2 72.508 72.838
49.003 49.283 49.585 49.868 50.193 50.533 50.86 51.18 51.528 51.868 52.223 52.603 52.958 53.345 53.683 54.048 54.418 54.75 55.085 55.435 55.75 56.065 56.41 56.725 57.008 58.228 59.088 59.368 59.528 58.79 58.398 58.65 59.193 59.738 60.28 60.88 61.398 61.778 62.145 62.515 62.903 63.25 63.61 63.978 64.338 64.68 65.03 65.373 65.678 66.008 66.315 66.64 66.963 67.265 67.875 68.905 69.465 68.78 69.06 69.443 69.748 69.993 70.295 70.638 70.9 71.193 71.478 71.788 72.1 72.395 72.723
49.175 49.433 49.735 50.045 50.36 50.688 50.988 51.295 51.648 51.983 52.33 52.7 53.035 53.42 53.79 54.143 54.49 54.825 55.133 55.455 55.785 56.133 56.44 56.773 57.098 57.385 57.728 58.118 59.278 60.315 60.145 59.748 59.36 59.53 59.978 60.425 61.033 61.543 62.035 62.465 62.823 63.178 63.548 63.915 64.293 64.608 64.948 65.275 65.61 65.908 66.235 66.535 66.855 67.28 68.57 69.108 68.775 68.673 69.045 69.36 69.628 69.895 70.263 70.513 70.793 71.083 71.355 71.658 71.98 72.29 72.618
49.31 49.61 49.898 50.195 50.508 50.823 51.14 51.438 51.765 52.103 52.433 52.788 53.16 53.508 53.868 54.218 54.56 54.893 55.24 55.54 55.88 56.183 56.508 56.823 57.163 57.503 57.843 58.16 58.463 59.05 59.478 60.89 61.343 60.56 60.273 60.423 60.738 61.155 61.648 62.168 62.67 63.088 63.46 63.82 64.193 64.548 64.888 65.21 65.515 65.813 66.13 66.445 66.805 67.745 68.483 68.735 68.293 68.668 69.003 69.29 69.538 69.843 70.148 70.43 70.703 70.97 71.27 71.593 71.893 72.198 72.525
49.493 49.753 50.038 50.318 50.603 50.92 51.245 51.563 51.885 52.218 52.583 52.908 53.258 53.625 53.97 54.3 54.628 54.945 55.293 55.605 55.923 56.273 56.568 56.883 57.218 57.553 57.903 58.238 58.57 58.875 59.145 59.48 60.368 61.373 62.123 61.59 61.073 61.168 61.388 61.705 62.17 62.76 63.315 63.743 64.105 64.475 64.773 65.083 65.393 65.69 65.998 66.345 66.925 68.138 68.473 68.04 68.275 68.618 68.935 69.195 69.48 69.795 70.06 70.335 70.61 70.903 71.213 71.515 71.79 72.118 72.463
49.63 49.87 50.148 50.443 50.705 51.03 51.348 51.658 51.985 52.32 52.69 53.018 53.375 53.74 54.073 54.388 54.725 55.01 55.353 55.688 55.995 56.318 56.615 56.94 57.293 57.628 57.955 58.27 58.608 58.94 59.25 59.583 59.903 60.19 60.995 61.713 62.525 62.45 62.01 61.945 62.115 62.46 62.885 63.415 63.955 64.363 64.673 64.943 65.218 65.57 65.898 66.375 67.385 67.875 67.978 67.9 68.278 68.603 68.885 69.128 69.4 69.718 69.988 70.263 70.545 70.835 71.118 71.415 71.72 72.075 72.4
49.783 50.005 50.265 50.535 50.828 51.148 51.428 51.725 52.068 52.375 52.75 53.113 53.463 53.823 54.153 54.478 54.778 55.093 55.425 55.74 56.045 56.358 56.67 56.998 57.348 57.698 58.018 58.343 58.648 58.968 59.28 59.603 59.96 60.313 60.645 60.973 61.395 62.58 63.478 63.488 63.035 62.76 62.845 63.28 63.718 64.18 64.478 64.69 65.023 65.44 65.83 66.728 67.638 67.698 67.568 67.868 68.218 68.533 68.788 69.085 69.348 69.623 69.915 70.195 70.49 70.795 71.065 71.398 71.73 72.03 72.365
49.955 50.17 50.405 50.683 50.97 51.24 51.528 51.82 52.135 52.463 52.823 53.173 53.52 53.903 54.215 54.513 54.84 55.178 55.485 55.798 56.113 56.42 56.75 57.095 57.38 57.703 58.018 58.358 58.655 59 59.333 59.665 60.003 60.383 60.72 61.078 61.393 61.755 62.138 63.24 64.193 64.46 63.875 63.458 63.693 64.103 64.418 64.515 64.86 65.268 65.81 67.175 67.433 67.428 67.43 67.805 68.175 68.453 68.715 69.018 69.275 69.56 69.86 70.138 70.453 70.763 71.073 71.39 71.693 72.023 72.348
50.128 50.343 50.565 50.795 51.068 51.323 51.613 51.918 52.22 52.555 52.885 53.208 53.585 53.94 54.27 54.588 54.908 55.245 55.533 55.855 56.165 56.488 56.795 57.133 57.42 57.75 58.04 58.353 58.693 59.025 59.37 59.72 60.075 60.43 60.76 61.12 61.445 61.815 62.183 62.555 62.878 63.718 64.528 65.018 64.773 64.493 64.42 64.503 64.745 65.015 66.4 66.598 66.923 66.945 67.298 67.715 68.06 68.353 68.643 68.938 69.215 69.525 69.82 70.133 70.43 70.743 71.038 71.373 71.69 72.025 72.34
50.308 50.52 50.743 50.953 51.2 51.418 51.718 51.99 52.293 52.628 52.948 53.278 53.608 53.96 54.29 54.62 54.963 55.268 55.595 55.903 56.21 56.548 56.85 57.163 57.445 57.743 58.073 58.378 58.728 59.063 59.433 59.758 60.113 60.478 60.828 61.155 61.508 61.88 62.248 62.598 62.948 63.288 63.605 64.035 64.565 65.348 64.725 64.548 64.855 65.233 65.325 65.693 66.098 66.593 67.033 67.493 67.918 68.24 68.553 68.863 69.165 69.483 69.793 70.123 70.408 70.73 71.045 71.365 71.683 71.998 72.318
50.495 50.7 50.88 51.095 51.328 51.56 51.838 52.1 52.395 52.715 53.053 53.358 53.688 54.03 54.34 54.68 54.99 55.32 55.63 55.948 56.285 56.595 56.898 57.18 57.463 57.77 58.075 58.428 58.763 59.108 59.435 59.78 60.128 60.51 60.873 61.215 61.578 61.918 62.275 62.643 63.01 63.318 63.66 63.998 64.248 64.453 64.47 65.098 65.853 65.85 65.658 65.578 65.89 66.33 66.803 67.353 67.84 68.133 68.418 68.733 69.065 69.408 69.733 70.06 70.365 70.688 71.015 71.33 71.653 71.975 72.303
50.695 50.873 51.055 51.27 51.473 51.695 51.94 52.235 52.503 52.813 53.123 53.453 53.76 54.083 54.41 54.733 55.023 55.333 55.665 55.985 56.31 56.615 56.945 57.233 57.53 57.838 58.148 58.493 58.843 59.143 59.493 59.823 60.168 60.525 60.888 61.248 61.603 61.95 62.323 62.68 63.025 63.36 63.693 64.053 64.305 64.43 64.533 64.79 65.225 65.988 67.17 66.82 66.238 66.315 66.615 67.035 67.558 68.06 68.365 68.595 68.928 69.283 69.635 69.965 70.318 70.658 71.005 71.33 71.655 71.98 72.318
50.9 51.055 51.255 51.423 51.633 51.85 52.085 52.345 52.598 52.888 53.195 53.505 53.828 54.148 54.5 54.78 55.095 55.395 55.693 56 56.335 56.663 56.978 57.275 57.588 57.903 58.218 58.54 58.878 59.23 59.555 59.87 60.228 60.58 60.915 61.278 61.633 61.968 62.355 62.693 63.043 63.39 63.703 64.068 64.343 64.438 64.605 64.983 65.373 65.76 66.02 66.688 67.518 67.485 67.038 66.995 67.205 67.693 68.175 68.61 68.895 69.145 69.498 69.895 70.253 70.63 70.98 71.333 71.633 71.998 72.318
51.078 51.23 51.415 51.6 51.798 52.025 52.235 52.475 52.718 52.99 53.275 53.57 53.9 54.223 54.535 54.858 55.158 55.448 55.75 56.07 56.368 56.648 56.965 57.283 57.628 57.94 58.28 58.61 58.94 59.26 59.583 59.918 60.26 60.61 60.93 61.295 61.67 62.03 62.375 62.718 63.048 63.388 63.715 64.063 64.343 64.463 64.755 65.213 65.543 65.893 66.168 66.418 66.718 67.543 68.308 68.45 67.488 67.485 67.793 68.185 68.683 69.185 69.445 69.773 70.14 70.543 70.933 71.305 71.653 71.995 72.333
51.263 51.42 51.585 51.768 51.945 52.163 52.378 52.605 52.85 53.125 53.388 53.683 54.018 54.308 54.6 54.898 55.198 55.488 55.813 56.11 56.413 56.72 57.028 57.333 57.643 57.98 58.323 58.655 58.988 59.305 59.618 59.96 60.288 60.63 60.985 61.338 61.71 62.068 62.398 62.723 63.06 63.37 63.72 64.055 64.35 64.563 64.933 65.313 65.645 65.958 66.245 66.528 66.785 67.033 67.278 68.088 68.883 69.12 68.34 68.098 68.348 68.823 69.383 69.835 70.11 70.445 70.823 71.208 71.598 71.97 72.328
51.458 51.59 51.753 51.925 52.093 52.32 52.513 52.728 53 53.255 53.515 53.78 54.098 54.373 54.665 54.933 55.248 55.518 55.83 56.148 56.443 56.755 57.06 57.388 57.693 58.035 58.38 58.678 59 59.35 59.68 60.023 60.343 60.673 61.025 61.398 61.765 62.103 62.438 62.745 63.083 63.378 63.7 64.03 64.323 64.633 65.003 65.365 65.673 65.975 66.29 66.57 66.825 67.163 67.43 67.67 67.905 68.455 69.325 69.615 68.963 68.733 69.028 69.463 70.018 70.53 70.81 71.125 71.525 71.938 72.313
51.663 51.788 51.948 52.108 52.278 52.475 52.68 52.898 53.148 53.375 53.635 53.903 54.17 54.44 54.72 54.975 55.265 55.568 55.86 56.178 56.488 56.815 57.11 57.443 57.76 58.078 58.395 58.695 59.035 59.38 59.705 60.048 60.37 60.725 61.088 61.458 61.818 62.138 62.425 62.775 63.09 63.398 63.725 64.04 64.348 64.688 65.048 65.368 65.71 66.01 66.31 66.575 66.843 67.173 67.505 67.795 68.098 68.348 68.588 68.898 69.83 70.745 69.8 69.378 69.655 70.14 70.753 71.16 71.47 71.858 72.243
51.855 51.99 52.135 52.293 52.465 52.633 52.845 53.063 53.303 53.51 53.75 54.005 54.245 54.5 54.75 55.018 55.323 55.61 55.94 56.225 56.523 56.86 57.193 57.508 57.83 58.148 58.448 58.758 59.075 59.405 59.723 60.095 60.428 60.788 61.165 61.513 61.845 62.185 62.5 62.82 63.108 63.415 63.735 64.08 64.375 64.72 65.043 65.373 65.703 66.018 66.335 66.618 66.908 67.243 67.58 67.905 68.208 68.503 68.778 69.03 69.273 69.813 70.723 71.195 70.495 70.02 70.3 70.89 71.448 71.908 72.138
52.018 52.13 52.305 52.475 52.665 52.82 53.02 53.265 53.483 53.685 53.865 54.11 54.348 54.568 54.838 55.095 55.39 55.705 55.988 56.275 56.59 56.888 57.223 57.548 57.855 58.158 58.473 58.803 59.143 59.453 59.793 60.138 60.475 60.835 61.21 61.553 61.903 62.24 62.555 62.84 63.145 63.448 63.79 64.118 64.47 64.78 65.075 65.403 65.71 66.013 66.353 66.643 66.978 67.308 67.635 67.955 68.288 68.59 68.89 69.175 69.448 69.675 69.9 70.778 71.79 71.345 70.573 70.613 70.95 71.608 72.338
