Matlab/Roost_data/braunton/dsm/ss4536_DSM_2M.asc
ncols 500
nrows 500
xllcorner    245000
yllcorner    136000
cellsize     2
NODATA_value -9999
[rows 462 to 494 of 500, columns 222 to 295 of 500]
16.155 15.95 15.557 15.023 14.597 14.2 14.102 14.275 14.278 13.79 13.283 12.825 12.597 12.333 12.235 12.087 12.09 12.165 12.193 12.09 12.01 11.653 11.245 11.09 11.007 10.958 10.812 10.725 10.715 10.625 10.613 10.568 10.488 10.438 10.368 10.288 10.255 10.225 10.193 10.123 10.078 10.035 10.005 9.988 9.958 9.93 9.907 9.887 9.882 9.913 9.922 9.938 9.91 9.898 9.87 9.9 9.95 9.98 10.003 9.922 9.85 9.835 9.922 9.892 9.915 10.023 9.79 9.977 10.233 10.312 10.663 10.87 10.94 10.882
15.565 15.132 14.738 14.425 14.238 14.065 13.875 13.943 13.988 13.477 13.007 12.783 12.583 12.37 12.46 12.085 11.965 12.168 12.162 12.017 11.83 11.47 11.26 11.097 10.975 10.913 10.807 10.76 10.675 10.62 10.547 10.53 10.448 10.368 10.32 10.312 10.29 10.262 10.208 10.132 10.097 10.06 10.025 10.015 9.975 9.96 9.92 9.905 9.97 9.995 9.93 9.94 9.93 9.907 9.9 9.91 9.917 9.958 10 9.935 9.837 9.85 9.942 9.885 9.91 9.892 9.925 10.153 10.212 10.043 10.205 10.538 10.823 10.745
15.713 14.935 14.635 14.565 14.507 14.327 13.993 13.9 13.812 13.165 12.715 12.57 12.295 12.205 12.235 12.16 11.865 12.097 11.997 11.733 11.493 11.29 11.13 10.96 10.908 10.865 10.745 10.708 10.63 10.555 10.535 10.493 10.438 10.368 10.358 10.415 10.48 10.47 10.345 10.235 10.157 10.09 10.055 10.023 10.02 9.972 9.95 9.962 10.005 10 9.927 9.907 9.905 9.93 9.93 9.925 9.905 9.9 9.907 9.905 9.85 9.89 9.972 9.88 9.858 9.835 9.932 10.19 10.278 10.222 10.095 10.22 10.557 10.58
16.302 15.773 15.108 14.753 14.677 14.475 14.172 13.962 13.448 12.93 12.5 12.25 12.01 11.887 11.983 11.95 11.892 11.86 11.688 11.408 11.267 11.16 10.922 10.807 10.765 10.705 10.648 10.625 10.597 10.555 10.493 10.472 10.455 10.39 10.438 10.54 10.625 10.608 10.465 10.285 10.17 10.115 10.09 10.065 10.035 9.997 9.993 9.998 10 9.985 9.927 9.91 9.915 9.925 9.92 9.915 9.9 9.898 9.862 9.835 9.858 9.943 9.948 9.91 9.855 9.8 9.983 10.095 10.19 10.203 10.185 10.19 10.265 10.333
16.483 15.917 15.1 14.628 14.413 14.142 14 13.75 13.212 12.738 12.458 12.333 11.97 11.685 11.698 11.552 11.493 11.46 11.365 11.298 11.167 10.975 10.805 10.708 10.635 10.565 10.54 10.525 10.52 10.493 10.435 10.408 10.405 10.408 10.493 10.57 10.605 10.515 10.395 10.257 10.198 10.18 10.145 10.137 10.073 10.05 10.012 10.007 9.995 9.98 9.958 9.953 9.945 9.938 9.905 9.92 9.932 9.938 9.943 9.898 9.905 9.97 9.948 9.913 9.782 9.837 9.983 9.98 9.927 9.93 9.907 9.903 9.887 9.965
16.308 15.61 14.663 13.795 13.6 13.552 13.302 13.335 13.177 12.968 12.462 12.083 11.835 11.602 11.5 11.365 11.285 11.24 11.18 11.137 11.045 10.903 10.795 10.71 10.63 10.583 10.503 10.472 10.458 10.41 10.372 10.335 10.337 10.352 10.43 10.538 10.53 10.395 10.297 10.257 10.31 10.39 10.273 10.163 10.113 10.068 10.038 10.017 10.02 10.015 9.99 10.012 10.007 9.985 9.945 9.93 9.983 10.06 10.03 9.993 9.967 10.045 9.965 9.945 9.8 9.948 9.89 9.885 9.815 9.823 9.798 9.79 9.755 9.738
15.525 14.743 13.807 12.93 12.717 12.568 12.408 12.722 12.68 12.538 12.227 11.965 11.632 11.64 11.475 11.28 11.225 11.127 11.11 11.045 10.932 10.852 10.788 10.69 10.62 10.565 10.472 10.39 10.352 10.305 10.305 10.347 10.432 10.493 10.455 10.47 10.422 10.3 10.255 10.288 10.333 10.37 10.315 10.2 10.122 10.085 10.06 10.042 10.028 10.03 10.03 10.065 10.068 10.04 9.975 9.943 10.03 10.1 10.097 10.065 10.013 10.045 9.952 9.948 9.84 9.993 9.913 9.868 9.83 9.775 9.753 9.767 9.74 9.715
14.68 13.81 12.82 12.295 12.02 11.95 12.122 12.012 12.012 12.04 12.068 11.715 11.493 11.562 11.257 11.113 11.065 10.965 10.89 10.847 10.785 10.733 10.693 10.635 10.532 10.465 10.418 10.372 10.305 10.273 10.335 10.488 10.693 10.783 10.642 10.548 10.5 10.415 10.335 10.25 10.25 10.267 10.323 10.3 10.165 10.095 10.077 10.062 10.057 10.062 10.075 10.108 10.09 10.03 10.01 9.995 10.08 10.125 10.115 10.11 10.023 10.017 9.92 9.93 9.842 10 9.938 9.9 9.882 9.825 9.767 9.757 9.738 9.718
13.773 12.952 12.378 12 11.818 11.653 11.59 11.512 11.552 11.56 11.6 11.333 11.2 11.157 10.952 10.85 10.792 10.747 10.68 10.695 10.717 10.73 10.66 10.575 10.483 10.417 10.363 10.352 10.327 10.302 10.382 10.533 10.747 10.773 10.798 10.792 10.717 10.69 10.608 10.512 10.467 10.38 10.37 10.373 10.278 10.148 10.095 10.1 10.115 10.128 10.188 10.17 10.13 10.087 10.05 10.035 10.105 10.14 10.163 10.09 10.052 10.005 9.922 9.898 9.882 9.983 9.932 9.915 9.935 9.892 9.815 9.767 9.745 9.72
12.99 12.47 12.273 11.905 11.753 11.51 11.293 11.292 11.34 11.318 11.125 10.905 10.81 10.745 10.688 10.622 10.55 10.528 10.53 10.552 10.62 10.62 10.61 10.545 10.59 10.575 10.472 10.398 10.355 10.413 10.555 10.703 10.847 10.887 10.917 10.983 11.042 11.055 10.95 10.837 10.852 10.76 10.642 10.51 10.31 10.2 10.172 10.17 10.18 10.212 10.273 10.285 10.25 10.212 10.167 10.132 10.13 10.142 10.115 10.057 10.028 9.988 9.938 9.875 9.875 9.955 9.917 9.938 9.95 9.927 9.863 9.818 9.812 9.762
12.705 12.59 12.345 11.997 11.67 11.39 11.32 11.25 11.25 11.207 10.975 10.712 10.565 10.523 10.503 10.458 10.455 10.445 10.455 10.49 10.523 10.477 10.52 10.507 10.595 10.662 10.663 10.59 10.573 10.67 10.802 10.988 11.125 11.14 11.085 11.215 11.253 11.12 11.14 10.952 10.815 10.693 10.658 10.595 10.365 10.265 10.215 10.24 10.235 10.29 10.33 10.358 10.377 10.337 10.265 10.188 10.13 10.122 10.083 10.03 10.013 9.96 9.917 9.87 9.908 9.98 9.907 10.02 9.892 9.872 9.907 9.898 9.932 9.847
12.837 12.79 12.58 12.273 11.91 11.507 11.312 11.172 11.078 11.015 10.815 10.55 10.403 10.335 10.352 10.385 10.42 10.378 10.432 10.45 10.385 10.382 10.443 10.523 10.62 10.753 10.88 10.865 10.927 11.023 11.135 11.345 11.483 11.382 11.26 11.275 11.055 10.793 10.722 10.545 10.432 10.39 10.462 10.535 10.445 10.363 10.302 10.31 10.325 10.355 10.35 10.38 10.42 10.435 10.35 10.238 10.155 10.11 10.068 10.017 10.023 9.99 9.935 9.895 9.927 9.967 9.94 9.89 9.863 9.895 9.943 9.943 9.922 9.903
12.802 12.745 12.592 12.265 11.875 11.465 11.167 10.96 10.812 10.703 10.552 10.387 10.318 10.295 10.315 10.38 10.415 10.408 10.448 10.44 10.368 10.382 10.427 10.585 10.745 10.903 11.028 11.06 11.14 11.22 11.33 11.472 11.568 11.512 11.395 11.288 10.917 10.497 10.26 10.22 10.225 10.27 10.355 10.448 10.51 10.455 10.413 10.403 10.41 10.445 10.405 10.425 10.462 10.477 10.42 10.298 10.203 10.13 10.045 9.995 10.02 10.02 9.985 9.925 9.935 9.96 9.932 9.88 9.89 9.958 9.97 9.955 9.943 9.917
12.865 12.725 12.58 12.312 11.907 11.42 11.028 10.76 10.578 10.43 10.328 10.255 10.222 10.265 10.325 10.45 10.458 10.44 10.488 10.555 10.538 10.503 10.545 10.653 10.745 10.898 11.028 11.125 11.185 11.252 11.325 11.403 11.467 11.575 11.45 11.347 11.065 10.673 10.342 10.257 10.18 10.245 10.327 10.39 10.458 10.462 10.44 10.453 10.493 10.543 10.485 10.495 10.51 10.548 10.488 10.387 10.29 10.193 10.07 10.045 10.095 10.115 10.092 9.985 10.017 10.023 9.93 9.905 9.935 9.993 9.972 9.927 9.91 9.892
12.745 12.432 12.34 12.073 11.69 11.302 10.87 10.587 10.382 10.253 10.212 10.215 10.248 10.305 10.433 10.52 10.485 10.472 10.55 10.64 10.67 10.59 10.62 10.718 10.705 10.765 10.903 11.075 11.235 11.31 11.3 11.363 11.425 11.497 11.42 11.372 11.193 10.938 10.663 10.43 10.28 10.267 10.255 10.25 10.29 10.3 10.295 10.36 10.498 10.608 10.622 10.618 10.595 10.587 10.535 10.49 10.403 10.288 10.193 10.23 10.23 10.278 10.24 10.083 10.1 10.087 10.017 10.003 9.997 10 9.99 9.972 9.922 9.887
12.727 12.245 12.07 11.83 11.483 11.13 10.767 10.458 10.283 10.208 10.19 10.222 10.343 10.445 10.562 10.59 10.57 10.583 10.637 10.62 10.64 10.642 10.69 10.692 10.622 10.602 10.788 10.995 11.222 11.297 11.27 11.318 11.335 11.355 11.32 11.21 11.08 11.007 10.873 10.677 10.485 10.382 10.323 10.19 10.182 10.157 10.202 10.312 10.465 10.585 10.673 10.667 10.66 10.623 10.6 10.585 10.515 10.382 10.283 10.34 10.378 10.387 10.333 10.182 10.153 10.11 10.238 10.035 9.977 9.995 9.99 9.94 9.903 9.868
12.938 12.347 11.977 11.675 11.298 10.888 10.6 10.438 10.342 10.26 10.257 10.333 10.462 10.56 10.615 10.615 10.645 10.74 10.783 10.688 10.663 10.733 10.788 10.77 10.673 10.612 10.74 10.935 11.09 11.11 11.04 11.042 11.09 11.105 11.035 10.993 10.945 10.962 10.993 10.932 10.757 10.597 10.387 10.167 10.052 10.052 10.193 10.37 10.493 10.602 10.667 10.693 10.677 10.6 10.587 10.573 10.535 10.48 10.355 10.382 10.413 10.392 10.345 10.253 10.218 10.137 10.138 10.078 10 9.972 9.96 9.943 9.913 9.895
13.1 12.585 11.988 11.562 11.145 10.882 10.7 10.615 10.512 10.438 10.435 10.515 10.62 10.65 10.7 10.778 10.797 10.975 11.2 11.06 10.892 10.855 10.91 10.952 10.837 10.765 10.802 10.81 10.908 10.828 10.715 10.743 10.77 10.767 10.84 10.875 10.927 11.035 11.068 11.033 10.927 10.755 10.45 10.15 10.03 10.11 10.288 10.488 10.587 10.637 10.66 10.695 10.68 10.562 10.54 10.552 10.55 10.552 10.515 10.405 10.408 10.35 10.297 10.335 10.403 10.283 10.2 10.177 10.085 10.028 10.007 9.965 9.948 9.938
13.065 12.555 11.93 11.562 11.427 11.118 10.975 10.78 10.53 10.435 10.465 10.61 10.695 10.783 10.93 11.017 11.125 11.262 11.29 11.28 11.207 11.05 11.007 10.993 11.04 11.073 11.085 10.958 10.788 10.597 10.517 10.585 10.675 10.727 10.84 10.905 11.06 11.113 11.08 10.972 10.915 10.712 10.483 10.267 10.233 10.343 10.505 10.59 10.618 10.665 10.673 10.72 10.717 10.635 10.608 10.565 10.525 10.515 10.415 10.25 10.225 10.25 10.248 10.392 10.595 10.51 10.41 10.36 10.278 10.202 10.137 10.08 10.078 10.097
12.618 12.307 12.175 12.1 11.812 11.387 11.002 10.773 10.568 10.358 10.285 10.53 10.753 11.005 11.068 11.163 11.26 11.318 11.355 11.337 11.292 11.177 11.118 11.015 11.175 11.39 11.385 11.257 10.955 10.76 10.745 10.825 10.887 11 11.1 11.233 11.332 11.202 11.05 10.915 10.79 10.557 10.467 10.417 10.347 10.33 10.427 10.525 10.545 10.667 10.705 10.753 10.747 10.685 10.665 10.565 10.462 10.335 10.177 10.095 10.13 10.185 10.283 10.455 10.725 10.705 10.58 10.503 10.48 10.398 10.323 10.288 10.33 10.4
12.797 12.815 12.773 12.8 12.355 11.667 11.23 11.003 10.693 10.475 10.385 10.625 10.875 10.995 10.92 11.145 11.302 11.333 11.35 11.347 11.288 11.17 11.212 11.142 11.267 11.54 11.562 11.417 11.215 11.077 11.12 11.065 11.1 11.142 11.253 11.38 11.485 11.318 11.073 10.847 10.645 10.455 10.43 10.355 10.288 10.285 10.333 10.435 10.517 10.738 10.755 10.737 10.72 10.688 10.672 10.622 10.497 10.302 10.18 10.12 10.13 10.23 10.335 10.54 10.818 10.812 10.68 10.615 10.593 10.597 10.525 10.503 10.555 10.642
13.03 13.087 13.222 13.38 12.998 12.323 11.743 11.403 11.04 10.797 10.588 10.638 10.78 10.582 10.625 10.827 11.188 11.34 11.343 11.333 11.252 11.205 11.273 11.288 11.323 11.533 11.585 11.438 11.302 11.293 11.212 11.073 11.118 11.227 11.285 11.36 11.49 11.37 11.1 10.84 10.565 10.458 10.43 10.427 10.363 10.335 10.333 10.4 10.502 10.708 10.763 10.72 10.71 10.675 10.632 10.605 10.528 10.405 10.222 10.13 10.145 10.24 10.365 10.605 10.9 10.87 10.773 10.755 10.738 10.703 10.655 10.655 10.688 10.843
13.163 13.368 13.65 14.083 14.217 13.547 12.575 11.943 11.448 11.108 10.812 10.62 10.573 10.602 10.625 10.805 11.09 11.243 11.26 11.307 11.21 11.167 11.247 11.312 11.35 11.39 11.377 11.182 11.225 11.265 11.17 11.052 11.08 11.188 11.222 11.288 11.413 11.345 11.125 10.885 10.608 10.488 10.503 10.562 10.53 10.495 10.435 10.423 10.515 10.658 10.735 10.75 10.725 10.682 10.622 10.62 10.525 10.408 10.22 10.095 10.102 10.233 10.417 10.615 10.87 10.825 10.798 10.892 10.878 10.805 10.762 10.78 10.858 10.99
13.235 13.648 14.118 14.717 14.865 14.49 13.368 12.675 11.977 11.472 11.073 10.832 10.878 10.915 10.868 10.892 10.988 11.09 11.095 11.185 11.12 11.087 11.207 11.26 11.28 11.295 11.225 11.055 11.073 11.1 11.085 11.04 10.985 11.01 11.208 11.35 11.408 11.298 11.1 10.827 10.583 10.44 10.427 10.662 10.722 10.645 10.535 10.445 10.502 10.645 10.738 10.743 10.737 10.75 10.74 10.66 10.438 10.182 10.087 10.04 10.065 10.23 10.438 10.665 10.895 10.815 10.757 10.977 11.115 11.13 11.118 11.132 11.105 11.137
13.528 13.935 14.445 15.038 15.105 14.908 14.27 13.432 12.55 11.96 11.452 11.16 11.013 10.887 10.788 10.752 10.903 11.085 11.11 11.212 11.19 11.172 11.19 11.185 11.137 11.097 11.028 10.958 10.95 11.073 11.135 11.045 10.988 10.997 11.16 11.36 11.415 11.24 10.975 10.622 10.377 10.305 10.413 10.785 11.03 10.94 10.685 10.517 10.502 10.632 10.805 10.792 10.755 10.745 10.735 10.655 10.483 10.222 10.08 10.025 10.093 10.288 10.528 10.8 11.038 11 10.892 10.943 11.045 11.15 11.26 11.208 11.048 10.94
13.938 14.262 14.757 15.18 15.297 15.16 14.73 13.885 12.873 12.175 11.585 11.297 11.102 11 10.9 10.898 11.023 11.123 11.175 11.167 11.19 11.23 11.202 11.095 11.097 11.003 10.948 10.94 10.927 11.002 11.198 11.148 11.013 11.03 11.205 11.337 11.35 11.18 10.782 10.395 10.23 10.318 10.663 11.12 11.39 11.28 10.895 10.6 10.57 10.637 10.833 10.872 10.795 10.75 10.725 10.738 10.635 10.413 10.182 10.03 10.132 10.413 10.605 10.845 11.068 11.068 10.938 10.818 10.887 11.065 11.135 11.092 10.998 10.96
14.035 14.403 14.865 15.347 15.39 15.195 14.745 14.035 13.09 12.302 11.785 11.488 11.28 11.142 11.157 11.155 11.212 11.243 11.243 11.153 11.18 11.312 11.245 11.145 11.12 11.065 11.073 11.062 11.057 11.145 11.288 11.195 11.062 11.153 11.337 11.42 11.288 11.005 10.557 10.227 10.175 10.39 10.923 11.408 11.575 11.44 10.997 10.695 10.653 10.67 10.863 10.878 10.807 10.812 10.828 10.85 10.773 10.49 10.193 9.993 10.087 10.34 10.605 10.86 11 10.95 10.952 10.81 10.872 11.052 11.15 11.205 11.202 11.208
14.062 14.493 15.057 15.36 15.422 15.182 14.555 13.775 12.972 12.185 11.7 11.45 11.298 11.233 11.33 11.39 11.455 11.43 11.355 11.225 11.22 11.3 11.288 11.195 11.185 11.177 11.193 11.19 11.302 11.465 11.547 11.355 11.292 11.423 11.573 11.512 11.205 10.827 10.327 10.148 10.217 10.602 11.163 11.497 11.583 11.448 11.007 10.758 10.705 10.738 10.903 10.905 10.837 10.802 10.82 10.797 10.712 10.387 10.085 9.967 10.075 10.278 10.577 10.9 11.028 10.97 10.927 10.863 10.915 11.145 11.29 11.387 11.458 11.46
14.115 14.602 15.195 15.503 15.615 15.115 14.238 13.493 12.792 12.135 11.66 11.415 11.337 11.333 11.347 11.422 11.547 11.573 11.425 11.26 11.205 11.288 11.352 11.342 11.33 11.405 11.438 11.422 11.548 11.685 11.688 11.68 11.627 11.657 11.578 11.405 11.112 10.635 10.167 10.142 10.378 10.852 11.347 11.6 11.512 11.265 10.923 10.75 10.75 10.76 10.845 10.85 10.837 10.788 10.775 10.722 10.608 10.332 10.078 9.99 10.073 10.273 10.533 10.932 11.16 11.125 11.01 10.983 11.097 11.358 11.457 11.512 11.64 11.673
14.07 14.552 15.23 15.655 15.575 15.073 14.038 13.255 12.59 12.062 11.748 11.618 11.512 11.445 11.285 11.215 11.325 11.593 11.51 11.345 11.292 11.33 11.42 11.417 11.443 11.548 11.545 11.568 11.595 11.71 11.682 11.757 11.823 11.76 11.488 11.302 10.898 10.445 10.148 10.23 10.595 11.113 11.445 11.562 11.39 11.11 10.835 10.712 10.733 10.753 10.798 10.802 10.783 10.778 10.767 10.727 10.613 10.385 10.13 10.01 10.083 10.253 10.523 10.9 11.257 11.205 11.122 11.137 11.36 11.507 11.58 11.65 11.82 11.93
13.988 14.343 14.95 15.075 15.035 14.757 13.743 12.997 12.502 12.158 11.858 11.727 11.645 11.57 11.5 11.515 11.497 11.575 11.557 11.5 11.483 11.493 11.517 11.475 11.435 11.52 11.507 11.485 11.462 11.645 11.682 11.73 11.827 11.84 11.575 11.135 10.64 10.318 10.193 10.288 10.795 11.23 11.363 11.378 11.227 11.028 10.82 10.68 10.712 10.785 10.842 10.81 10.762 10.74 10.735 10.71 10.65 10.49 10.14 9.993 10.058 10.227 10.477 10.83 11.29 11.275 11.19 11.335 11.585 11.718 11.843 11.9 12.007 12.023
13.965 14.052 14.195 14.158 14.177 14.275 13.56 13.01 12.65 12.35 12.108 11.96 11.823 11.693 11.562 11.597 11.65 11.613 11.543 11.53 11.618 11.667 11.65 11.517 11.535 11.592 11.622 11.49 11.37 11.523 11.61 11.795 11.935 11.948 11.738 11.222 10.72 10.405 10.288 10.427 10.972 11.355 11.262 11.195 11.123 10.955 10.757 10.655 10.695 10.727 10.778 10.733 10.715 10.705 10.648 10.628 10.605 10.503 10.14 9.97 10.028 10.233 10.462 10.802 11.1 11.03 11.198 11.472 11.735 11.927 12.012 12.045 12.085 12.045
13.885 14.015 14.042 13.945 13.79 13.667 13.385 13.047 12.705 12.415 12.165 12.035 11.93 11.84 11.698 11.637 11.613 11.56 11.5 11.413 11.5 11.655 11.71 11.585 11.502 11.64 11.795 11.587 11.42 11.495 11.645 11.745 11.958 11.94 11.71 11.4 11.017 10.653 10.538 10.693 11.087 11.255 11.167 11.13 11.04 10.795 10.667 10.653 10.682 10.675 10.685 10.667 10.632 10.653 10.622 10.587 10.592 10.495 10.13 9.972 10.052 10.238 10.477 10.82 10.923 10.79 11.002 11.31 11.628 11.892 12.017 11.98 12.017 12.02
