Matlab/Roost_data/braunton/dsm/ss4535_DSM_2M.asc
ncols 500
nrows 500
xllcorner    245000
yllcorner    135000
cellsize     2
NODATA_value -9999
[rows 429 to 461 of 500, columns 0 to 72 of 500]
9.827 9.65 9.472 9.33 9.105 9.035 9.055 9.105 9.073 9.087 9.02 8.977 8.892 8.9 8.915 8.925 8.898 8.957 9.122 9.115 9.097 9.153 9.307 9.148 8.92 8.895 8.892 8.875 8.895 8.892 8.96 9.1 8.927 8.57 8.988 9.415 9.523 9.54 10.122 11.222 11.955 12.35 12.765 12.878 12.998 13.095 13.25 13.503 13.792 14.012 14.142 14.438 14.642 14.828 14.89 14.905 14.86 15.015 15.155 15.042 15.14 15.368 15.585 15.89 16.318 16.347 16.173 15.913 15.743 15.695 15.773 15.965 16.07
9.4 9.18 9.052 8.993 9.002 9.068 9.225 9.305 9.273 9.163 9.085 9.042 8.95 8.91 8.938 8.91 8.847 8.892 9.07 9.083 9.035 9.185 9.32 9.16 8.927 8.87 8.863 8.863 8.908 8.878 8.955 9.083 8.92 8.583 8.988 9.425 9.528 9.642 10.198 11.382 11.775 12.15 12.365 12.505 12.743 12.868 13.02 13.387 13.565 13.84 14.078 14.288 14.535 14.658 14.74 14.852 14.88 15.09 15.148 15.188 15.445 15.682 15.76 15.923 16.14 16.255 16.15 15.842 15.663 15.68 15.775 16.03 16.145
9.252 9.153 9.128 9.173 9.265 9.37 9.458 9.587 9.61 9.43 9.208 9.127 9.03 8.97 8.95 8.908 8.835 8.837 9.007 9.05 9.045 9.177 9.307 9.24 8.96 8.9 8.888 8.887 8.92 8.882 8.943 9.057 8.885 8.56 8.97 9.44 9.542 9.685 10.115 11.038 11.432 11.642 11.94 12.015 12.387 12.592 12.923 13.22 13.525 13.73 13.927 14.108 14.298 14.375 14.58 14.715 14.825 15.01 15.12 15.262 15.7 15.988 16.09 16.227 16.388 16.247 15.975 15.767 15.743 15.778 15.855 15.837 15.94
9.525 9.46 9.44 9.533 9.738 9.778 9.767 9.82 9.865 9.45 9.237 9.182 9.125 9.045 8.98 8.948 8.903 8.833 8.975 9.055 9.057 9.165 9.307 9.177 8.988 8.91 8.878 8.858 8.89 8.885 8.948 9.06 8.887 8.56 8.92 9.41 9.533 9.658 10.123 10.773 11.097 11.323 11.535 11.74 12.097 12.39 12.695 12.967 13.438 13.65 13.67 13.847 14.01 14.177 14.41 14.61 14.775 14.855 15.04 15.292 15.75 16.017 16.062 16.243 16.455 16.562 16.245 15.903 15.865 15.955 15.98 15.887 15.875
9.78 9.535 9.423 9.455 9.775 9.922 9.91 9.785 9.618 9.382 9.238 9.215 9.172 9.097 8.975 8.905 8.89 8.823 8.985 9.007 9.03 9.09 9.18 9.177 9.03 8.908 8.887 8.887 8.913 8.9 8.917 9.023 8.773 8.505 8.86 9.385 9.507 9.705 10.22 10.767 11.148 11.39 11.515 11.667 12.023 12.31 12.448 12.685 13.017 13.292 13.485 13.557 13.71 13.878 14.127 14.382 14.503 14.677 14.925 15.21 15.55 15.798 15.89 16.138 16.352 16.535 16.365 16.023 15.927 15.9 15.89 15.85 15.952
9.875 9.55 9.302 9.27 9.483 9.66 9.695 9.517 9.39 9.347 9.283 9.25 9.193 9.068 8.94 8.908 8.92 8.845 9.017 9.04 9.085 9.128 9.1 9.13 9.01 8.93 8.935 8.898 8.913 8.878 8.93 9.023 8.885 8.458 8.83 9.368 9.487 9.66 10.198 10.705 11.08 11.3 11.39 11.615 11.943 12.265 12.472 12.68 12.905 13.212 13.438 13.465 13.555 13.613 13.863 14.062 14.13 14.368 14.695 14.988 15.305 15.53 15.765 16.108 16.312 16.292 16.077 15.85 15.708 15.653 15.785 15.93 16.092
10 9.547 9.292 9.18 9.202 9.33 9.392 9.327 9.222 9.23 9.19 9.193 9.137 9.035 8.97 8.932 8.907 8.845 8.99 9.085 9.127 9.11 9.028 9.035 9.092 9.05 8.995 8.922 8.913 8.89 8.92 9.01 8.82 8.342 8.592 9.342 9.467 9.615 10.075 10.55 10.93 11.16 11.302 11.538 11.89 12.215 12.443 12.755 12.93 13.19 13.387 13.413 13.45 13.552 13.775 13.903 14.015 14.262 14.54 14.967 15.352 15.688 15.948 16.18 16.452 16.35 16.048 15.87 15.765 15.695 15.82 16.01 16.185
10.025 9.65 9.663 9.443 9.33 9.22 9.243 9.198 9.16 9.142 9.158 9.185 9.148 9.08 9.01 8.932 8.905 8.91 9.045 9.118 9.092 9.105 9.052 9.125 9.333 9.245 9.09 8.965 8.917 8.912 8.925 9.015 8.885 8.28 8.552 9.365 9.458 9.597 9.917 10.262 10.702 10.985 11.22 11.443 11.75 12.087 12.358 12.622 12.75 13.055 13.323 13.398 13.355 13.505 13.74 13.858 14.083 14.337 14.55 14.977 15.458 15.767 15.955 16.248 16.538 16.6 16.267 16.145 16.09 15.925 16.085 16.362 16.507
9.663 9.715 10.167 10.04 9.595 9.335 9.142 9.082 9.108 9.125 9.182 9.252 9.208 9.14 9.047 8.995 8.96 8.932 9.01 9.097 9.095 9.108 9.02 9.17 9.475 9.462 9.108 8.943 8.907 8.915 8.92 9.012 8.86 8.208 8.32 9.387 9.45 9.61 9.82 10.227 10.672 10.98 11.21 11.422 11.675 12.028 12.328 12.48 12.7 13.083 13.177 13.212 13.312 13.445 13.645 13.792 14.04 14.335 14.587 14.98 15.407 15.747 15.903 16.205 16.495 16.728 16.542 16.42 16.303 16.182 16.263 16.528 16.618
9.493 9.658 10.21 10.307 9.93 9.625 9.2 9.07 9.045 9.108 9.235 9.413 9.382 9.267 9.125 9.007 8.988 8.925 8.943 9.002 9.045 9.03 9.048 9.08 9.297 9.405 9.095 8.952 8.92 8.935 8.9 8.997 8.895 8.182 8.227 9.312 9.435 9.653 9.995 10.45 10.795 11.09 11.372 11.705 11.82 12.097 12.298 12.493 12.76 12.98 13.04 13.115 13.24 13.427 13.608 13.778 14.028 14.368 14.493 14.812 15.44 15.68 15.847 16.035 16.307 16.505 16.515 16.54 16.405 16.34 16.415 16.587 16.685
9.8 9.592 9.773 9.887 9.587 9.398 9.195 9.033 8.995 9.048 9.182 9.358 9.48 9.327 9.062 9.065 9.078 8.962 8.948 9.01 9.015 9.065 9.123 9.052 9.083 9.195 9.093 8.988 8.917 8.948 8.852 8.948 8.99 8.165 8.155 8.82 9.413 9.675 10.257 10.7 11.017 11.31 11.547 11.837 12.062 12.235 12.382 12.592 12.875 12.932 13.023 13.132 13.193 13.4 13.677 13.852 13.998 14.167 14.125 14.4 14.93 15.565 15.99 16.065 16.165 16.338 16.395 16.458 16.397 16.468 16.688 16.823 16.8
9.85 9.555 9.507 9.44 9.227 9.1 9.005 8.96 8.952 9.012 9.087 9.203 9.352 9.302 9.16 9.125 9.125 9.057 9.003 9.05 9.035 9.073 9.167 9.14 9.007 9.065 9.082 9.01 8.93 8.938 8.877 8.935 8.903 8.32 8.225 9.125 9.503 9.738 10.278 10.847 11.363 11.805 12.052 12.315 12.53 12.64 12.727 12.94 13.14 13.073 13.052 13.132 13.243 13.4 13.637 13.858 14 13.9 13.938 14.157 14.602 15.333 15.972 16.17 16.443 16.415 16.423 16.458 16.397 16.355 16.577 16.782 16.833
9.805 9.57 9.35 9.19 9.06 8.988 8.962 8.957 8.942 8.977 9.02 9.09 9.248 9.265 9.172 9.16 9.17 9.16 9.153 9.105 9.04 9.083 9.177 9.128 8.977 9.015 9.025 8.983 8.917 8.91 8.87 8.92 8.972 8.632 8.26 8.958 9.562 9.802 10.305 10.8 11.385 11.905 12.275 12.628 13.082 13.415 13.39 13.457 13.35 13.345 13.355 13.405 13.372 13.443 13.675 13.885 14.002 13.903 13.925 14.115 14.538 15.07 15.702 16.17 16.54 16.22 16.095 16.188 16.255 16.193 16.355 16.455 16.685
9.932 9.708 9.385 9.198 9.033 8.985 8.958 8.913 8.92 8.927 8.987 9.035 9.112 9.177 9.14 9.163 9.208 9.235 9.29 9.172 9.11 9.102 9.167 9.185 9.062 9.128 9.083 8.972 8.92 8.895 8.865 8.92 9.012 8.358 8.253 8.762 9.67 9.905 10.385 10.868 11.352 11.9 12.323 12.667 13.108 13.465 13.667 13.81 13.785 13.808 13.935 14.03 13.757 13.64 13.727 13.915 14.08 14.122 14.257 14.485 14.985 15.323 15.67 16.05 16.237 16.15 15.915 15.95 16.153 16.13 16.193 16.32 16.6
10.175 9.975 9.632 9.408 9.193 8.995 8.938 8.892 8.898 8.905 8.943 8.997 9.023 9.113 9.177 9.17 9.21 9.22 9.278 9.285 9.163 9.122 9.1 9.198 9.122 9.212 9.052 8.993 8.952 8.905 8.868 8.925 9.025 8.712 8.262 9.007 9.382 9.98 10.392 10.86 11.378 11.913 12.365 12.738 13.137 13.417 13.493 13.608 13.69 13.892 14.267 14.297 13.99 13.878 13.887 14.137 14.328 14.577 14.635 14.672 14.85 15.048 15.422 15.78 15.94 15.898 15.835 15.938 16.14 16.015 16.115 16.253 16.432
10.105 10.065 9.773 9.565 9.278 8.99 8.932 8.882 8.86 8.875 8.913 8.952 9.03 9.045 9.157 9.173 9.245 9.262 9.337 9.363 9.225 9.145 9.087 9.163 9.16 9.23 9.153 9.052 8.943 8.865 8.828 8.9 9.035 8.64 8.148 8.635 9.448 9.952 10.39 10.88 11.425 11.86 12.15 12.5 12.847 12.997 13.217 13.265 13.432 13.843 14.032 14.172 14.142 14.06 14.052 14.283 14.618 14.793 14.688 14.77 14.872 14.972 15.118 15.175 15.42 15.642 15.775 16.005 16.062 15.985 16.173 16.372 16.568
9.945 10.153 9.88 9.587 9.198 8.972 8.91 8.86 8.83 8.85 8.895 8.948 9.005 9.05 9.163 9.307 9.398 9.28 9.403 9.503 9.307 9.125 9.113 9.12 9.09 9.195 9.153 9.075 9.07 8.898 8.875 8.895 9.02 8.663 8.14 8.762 9.403 9.868 10.325 10.8 11.193 11.562 11.932 12.175 12.438 12.58 12.727 12.887 13.073 13.435 13.635 13.943 14.188 14.073 14.157 14.432 14.64 14.62 14.698 14.9 15.048 15.015 15.108 15.172 15.295 15.505 15.432 15.545 15.605 15.78 16.08 16.39 16.573
10.06 10.23 9.98 9.665 9.743 8.972 8.892 8.852 8.828 8.825 8.827 8.898 9.023 9.105 9.227 9.292 9.337 9.31 9.42 9.497 9.335 9.12 9.04 9.052 9.042 9.125 9.185 9.135 9.113 8.92 8.855 8.903 9.03 8.632 8.163 8.72 9.432 9.895 10.145 10.523 10.887 11.282 11.658 11.91 12.005 12.125 12.18 12.41 12.63 12.953 13.115 13.415 13.81 13.865 13.997 14.37 14.507 14.398 14.57 14.73 14.87 15.02 15.3 15.4 15.342 15.327 15.205 15.283 15.355 15.54 15.845 15.955 16.12
10.02 10.253 10.125 9.818 9.872 8.98 8.9 8.847 8.837 8.852 8.858 8.927 9.01 9.127 9.25 9.273 9.285 9.245 9.307 9.318 9.203 9.065 9.003 9.105 9.078 9.108 9.16 9.122 9.097 8.988 8.89 8.925 9.007 8.628 8.177 8.49 9.453 9.892 10.195 10.4 10.65 11 11.347 11.688 11.823 11.792 11.875 12.068 12.31 12.568 12.765 13.09 13.417 13.498 13.66 13.932 14.208 14.205 14.323 14.387 14.573 14.698 14.993 15.087 15.158 15.077 15.025 15.087 15.175 15.405 15.627 15.682 15.812
10.042 10.21 10.155 9.743 9.327 9.035 8.913 8.86 8.847 8.837 8.84 8.892 8.993 9.12 9.202 9.198 9.185 9.193 9.24 9.245 9.17 9.052 9.045 9.095 9.052 9.083 9.177 9.125 9.05 8.925 8.885 8.985 9.042 8.847 8.202 8.285 9.323 9.79 10.155 10.365 10.712 10.968 11.182 11.43 11.592 11.552 11.618 11.852 12.1 12.333 12.483 12.73 13.017 13.142 13.417 13.615 13.722 13.923 13.993 14.155 14.245 14.358 14.645 14.73 14.752 14.705 14.775 14.898 15.073 15.17 15.283 15.352 15.552
9.753 10.047 10.188 9.75 9.43 9.235 9.038 8.943 8.87 8.865 8.908 8.948 9.013 9.048 9.142 9.17 9.165 9.153 9.13 9.16 9.137 9.092 9.038 9.038 9.08 9.095 9.113 9.1 9.057 8.97 9.023 9.085 9.01 8.622 8.27 8.315 9.2 9.57 9.82 10.09 10.355 10.512 10.833 11.142 11.33 11.252 11.29 11.615 11.847 12.083 12.227 12.515 12.788 12.86 12.98 13.267 13.593 13.757 13.722 13.925 14.055 14.155 14.273 14.413 14.54 14.52 14.533 14.65 14.805 15.045 15.057 15.142 15.297
9.55 10.062 10.097 9.845 9.702 9.635 9.288 8.993 8.917 8.922 8.932 8.932 9.023 9.097 9.102 9.145 9.145 9.14 9.113 9.137 9.105 9.068 9.015 8.993 9.017 9.045 9.087 9.14 9.118 8.97 9.028 9.095 9.045 8.877 8.385 8.392 9.033 9.448 9.64 9.818 10.02 10.193 10.493 10.73 10.748 10.802 11.01 11.195 11.49 11.743 11.955 12.155 12.525 12.618 12.797 13.077 13.285 13.458 13.533 13.645 13.757 13.92 14.115 14.233 14.285 14.285 14.398 14.55 14.7 14.812 14.865 14.965 15.167
9.568 9.76 10.02 10.188 10.172 9.81 9.392 9.102 9.005 9.025 8.98 8.993 9.028 9.073 9.068 9.18 9.157 9.177 9.078 9.005 8.977 8.98 8.97 8.988 9.023 9.047 9.055 9.113 9.14 9.025 9.113 9.105 9.025 8.91 8.48 8.493 9.135 9.387 9.56 9.69 9.792 9.892 10.12 10.325 10.37 10.368 10.45 10.655 10.95 11.165 11.378 11.757 12.14 12.172 12.352 12.682 13.045 13.267 13.36 13.365 13.44 13.648 13.872 13.958 14.035 14.06 14.193 14.31 14.528 14.597 14.858 14.985 15.095
9.693 9.74 9.932 10.233 10.245 9.805 9.413 9.153 9.025 9.015 8.995 8.977 9.02 9.07 9.105 9.142 9.09 9.09 9.012 8.957 8.938 8.938 8.907 8.95 8.998 9.042 9.045 9.118 9.085 9 9.028 9.17 9.102 9.028 8.578 8.538 9.04 9.312 9.465 9.568 9.672 9.83 9.94 10.055 10.062 10.153 10.307 10.562 10.61 10.807 11.102 11.363 11.677 11.727 12.035 12.392 12.722 13.03 13.25 13.42 13.377 13.51 13.655 13.905 13.845 13.845 13.882 14.077 14.455 14.628 14.77 15.025 15.12
9.448 9.615 9.935 10.243 10.247 9.86 9.46 9.185 9.042 9.01 9.017 9.05 9.045 9.033 8.988 9.003 9.032 9 8.948 8.927 8.907 8.917 8.908 8.94 9 9.043 9.03 9.038 9.003 9.062 9.07 9.17 9.153 9.08 8.577 8.592 9.025 9.265 9.392 9.507 9.637 9.783 9.885 9.975 10.028 10.057 10.113 10.333 10.565 10.712 10.903 11.028 11.387 11.517 11.725 12.08 12.483 12.818 13.122 13.435 13.248 13.345 13.488 13.59 13.515 13.592 13.807 14.177 14.31 14.472 14.688 14.78 14.922
9.385 9.602 9.845 10.208 10.37 10.005 9.583 9.215 9.068 9.077 9.078 9.068 9.038 9.005 8.945 8.9 8.86 8.878 8.88 8.938 8.922 8.885 8.88 8.923 8.967 9.065 9.095 9.03 9.035 9.023 9.077 9.127 9.163 9.163 8.597 8.602 9.028 9.255 9.333 9.37 9.497 9.695 9.752 9.725 9.755 9.88 10 10.128 10.283 10.495 10.673 10.882 11.128 11.323 11.477 11.877 12.16 12.47 12.778 13.023 12.97 12.957 13.01 13.157 13.355 13.562 13.78 13.935 14.113 14.215 14.445 14.593 14.805
9.523 9.905 10.165 10.305 10.318 10.015 9.615 9.34 9.19 9.115 9.102 9.05 9.023 8.967 8.905 8.847 8.84 8.827 8.863 8.865 8.852 8.887 8.898 8.917 8.97 9.01 9.065 9.007 8.972 9.01 9.097 9.182 9.185 9.217 8.59 8.653 8.958 9.36 9.24 9.245 9.343 9.43 9.47 9.583 9.645 9.77 9.855 9.97 10.1 10.32 10.53 10.695 10.875 11.195 11.337 11.653 11.96 12.222 12.448 12.543 12.443 12.515 12.688 12.953 13.097 13.257 13.457 13.615 13.858 14.06 14.35 14.432 14.615
9.58 9.977 10.052 10.115 10.24 10.17 9.778 9.452 9.233 9.113 9.108 9.075 9.02 8.943 8.915 8.865 8.81 8.8 8.837 8.855 8.868 8.882 8.892 8.925 8.958 9.023 9.1 9.092 9.038 8.972 9.025 9.108 9.188 9.023 8.64 8.703 9.05 9.15 9.135 9.177 9.295 9.333 9.327 9.39 9.53 9.632 9.75 9.895 9.972 10.13 10.438 10.568 10.83 11.07 11.278 11.485 11.7 11.9 12.083 12.205 12.225 12.312 12.465 12.562 12.757 13.055 13.302 13.31 13.505 13.75 14 14.158 14.337
9.475 9.665 9.743 9.818 10.065 10.247 9.85 9.49 9.275 9.163 9.108 9.04 9.028 8.945 8.89 8.847 8.837 8.875 8.873 8.845 8.858 8.892 8.908 8.938 8.938 9.015 9.085 9.115 9.03 8.983 9.023 9.102 9.135 8.8 8.663 8.833 9.09 9.102 9.073 9.105 9.22 9.333 9.312 9.347 9.472 9.595 9.658 9.785 9.988 10.073 10.145 10.28 10.615 10.833 11.132 11.335 11.485 11.773 11.967 12.09 11.998 12.125 12.283 12.412 12.585 12.892 13.055 13.09 13.37 13.622 13.788 13.958 14.153
9.528 9.755 9.985 10.19 10.477 10.222 9.8 9.523 9.325 9.16 9.077 9.035 9.005 8.942 8.878 8.827 8.83 8.863 8.9 8.925 8.887 8.89 8.878 8.915 9 9.073 9.07 9.09 9.02 9.007 9.017 9.068 9.135 8.743 8.743 9.003 9.083 9.122 9.177 9.253 9.33 9.365 9.37 9.405 9.452 9.565 9.672 9.863 10.068 10.105 10.217 10.28 10.49 10.62 10.878 11.08 11.347 11.75 11.97 11.997 11.915 11.985 12.125 12.212 12.458 12.802 12.93 13.005 13.157 13.495 13.71 13.785 13.967
9.54 10.028 10.413 10.655 10.597 10.21 9.852 9.632 9.413 9.175 9.03 8.985 8.943 8.885 8.812 8.785 8.837 8.895 8.913 8.9 8.882 8.892 8.92 8.938 9.04 9.075 9.007 8.98 8.972 9.015 9.048 9.097 8.938 8.75 8.938 9.118 9.12 9.195 9.283 9.325 9.378 9.355 9.392 9.493 9.542 9.573 9.695 9.87 10.09 10.233 10.29 10.413 10.465 10.58 10.82 11.18 11.545 11.642 11.797 11.945 11.92 11.903 12.033 12.155 12.398 12.568 12.74 12.935 13.145 13.465 13.653 13.642 13.747
9.462 9.975 10.465 10.71 10.765 10.45 10.02 9.688 9.343 9.085 8.98 8.932 8.885 8.858 8.818 8.795 8.8 8.852 8.913 8.915 8.913 8.935 8.945 8.955 9.075 9.06 8.952 8.93 8.958 9.023 9.052 9.052 8.827 8.863 9.1 9.065 9.08 9.185 9.333 9.425 9.405 9.37 9.472 9.597 9.722 9.81 9.872 10.047 10.24 10.305 10.358 10.422 10.475 10.677 10.96 11.248 11.455 11.552 11.672 11.805 11.842 11.908 12.017 12.205 12.378 12.495 12.767 12.89 13.18 13.385 13.475 13.615 13.783
9.328 9.727 10.21 10.485 10.77 10.692 10.182 9.703 9.358 9.122 8.962 8.892 8.847 8.833 8.828 8.815 8.835 8.875 8.94 8.917 8.908 8.952 9.015 9.062 9.085 9.017 8.915 8.938 9.012 9.058 9.088 8.945 8.943 9.065 9.083 9.023 9.097 9.233 9.343 9.405 9.375 9.39 9.515 9.63 9.693 9.845 9.977 10.11 10.215 10.265 10.355 10.49 10.707 10.965 11.142 11.262 11.438 11.623 11.575 11.618 11.708 11.788 12 12.188 12.253 12.302 12.49 12.827 13.105 13.26 13.33 13.497 13.8
