Matlab/Roost_data/braunton/dsm/ss4537_DSM_2M.asc
ncols 500
nrows 500
xllcorner    245000
yllcorner    137000
cellsize     2
NODATA_value -9999
[rows 448 to 479 of 500, columns 292 to 364 of 500]
10.5 10.585 10.65 10.725 10.78 10.792 10.823 10.743 10.507 10.415 10.555 10.622 10.788 10.79 10.938 11.02 11.045 11.238 11.608 11.125 10.773 10.583 10.41 10.27 10.305 10.342 10.532 10.818 10.958 10.753 10.562 10.475 10.432 10.243 10.2 10.165 10.368 10.565 11.212 12.017 12.315 12.115 11.648 11.085 10.637 10.32 10.288 10.31 10.315 10.283 10.26 10.448 10.635 10.825 10.898 10.573 10.167 10.042 10.078 10.217 10.273 10.06 9.892 9.835 9.88 9.792 9.557 9.53 9.65 9.78 9.828 9.84 9.835
10.417 10.503 10.497 10.64 10.658 10.717 10.727 10.64 10.49 10.24 10.265 10.485 10.755 10.823 10.847 10.87 11.045 11.358 11.64 11.335 10.858 10.425 10.227 10.105 10.19 10.3 10.505 10.918 11.025 10.862 10.582 10.483 10.462 10.438 10.375 10.372 10.52 10.743 11.09 11.587 12.092 11.96 11.417 10.792 10.485 10.255 10.227 10.198 10.257 10.17 10.17 10.285 10.368 10.345 10.347 10.212 10.015 9.945 10.06 10.203 10.19 10.042 9.957 9.965 10.09 9.632 9.805 9.842 9.845 9.845 9.858 9.837 9.825
10.34 10.345 10.305 10.443 10.43 10.448 10.483 10.4 10.327 10.195 10.092 10.16 10.395 10.635 10.757 10.898 11.062 11.275 11.46 11.292 10.807 10.405 10.222 10.297 10.172 10.225 10.493 10.708 10.97 11.017 10.72 10.39 10.435 10.467 10.45 10.61 10.683 10.845 11.158 11.493 11.65 11.605 11.188 10.667 10.337 10.235 10.247 10.235 10.173 10.075 10.057 10.07 10.1 10.062 10.09 10.073 9.99 9.955 10.04 10.108 10.21 10.233 10.14 10.148 9.79 9.735 9.842 9.86 9.855 9.82 9.852 9.827 9.823
10.167 10.148 10.18 10.267 10.243 10.16 10.203 10.193 10.19 10.15 10.045 10.012 10.057 10.202 10.342 10.525 10.663 10.86 11 11.068 10.887 10.507 10.142 10.193 10.315 10.403 10.538 10.708 11.132 11.325 10.943 10.42 10.22 10.297 10.448 10.483 10.477 10.783 11.177 11.455 11.515 11.41 11.095 10.615 10.292 10.15 10.165 10.212 10.138 10.045 10.002 9.95 9.938 9.9 9.9 9.985 10.042 10.092 10.273 10.333 10.29 10.028 9.788 9.743 9.743 9.905 9.868 9.85 9.85 9.795 9.778 9.785 9.812
9.903 9.977 10.04 10.118 10.052 10.035 9.995 10.007 10.055 10.083 10.052 10 9.965 10.035 10.17 10.237 10.302 10.378 10.453 10.773 11.108 10.81 10.477 10.512 10.488 10.352 10.368 10.748 11.153 11.262 10.99 10.427 10.2 10.163 10.175 10.225 10.188 10.398 10.895 11.288 11.407 11.255 11.01 10.58 10.252 10.115 10.123 10.175 10.085 10.05 9.958 9.93 9.9 9.97 10.057 10.163 10.22 10.02 9.745 9.805 9.765 10.02 10.145 10.102 9.985 9.878 9.823 9.818 9.792 9.788 9.76 9.765 9.8
9.788 9.837 9.925 9.948 9.932 9.932 9.972 9.985 10.035 10.048 10 9.985 9.943 9.913 9.932 9.997 10.085 10.233 10.302 10.41 10.58 10.795 10.668 10.655 10.583 10.355 10.345 10.61 10.9 10.98 10.895 10.495 10.238 10.18 10.195 10.118 10.267 10.298 10.655 10.765 10.635 10.535 10.415 10.342 10.185 10.062 10.028 10.025 10.165 10.155 10.105 10.262 10.302 10.052 9.833 9.757 9.77 9.887 10.04 10.168 10.347 10.418 10.49 10.345 10.097 9.898 9.833 9.795 9.775 9.767 9.747 9.773 9.762
9.96 10.007 10.11 10.185 10.227 10.222 10.182 10.19 10.222 10.225 10.085 10.052 10.017 10.005 10.028 10.017 10 9.993 9.985 10.005 10.057 10.105 10.132 10.205 10.193 10.188 10.203 10.302 10.4 10.42 10.43 10.318 10.155 10 9.967 9.983 10.142 10.227 10.26 10.235 10.113 10.06 10.087 10.132 10.11 10.135 10.19 10.44 10.557 10.285 10.188 10.052 9.757 9.695 9.922 9.935 9.908 9.905 9.958 10.102 10.387 10.7 10.653 10.355 10.078 9.932 9.845 9.798 9.79 9.773 9.743 9.755 9.757
9.698 9.552 9.453 9.507 9.675 9.525 9.53 9.827 9.648 9.74 9.983 10.122 10.145 10.247 10.305 10.347 10.325 10.345 10.385 10.422 10.403 10.323 10.398 10.392 10.33 10.37 10.432 10.5 10.605 10.605 10.465 10.41 10.387 10.33 10.105 10.102 10.135 10.262 10.445 10.55 10.64 10.637 10.628 10.755 10.517 10.438 10.125 9.915 9.795 9.795 9.842 9.93 10.025 9.9 9.86 9.86 9.875 9.845 9.887 9.975 10.177 10.382 10.36 10.185 9.993 9.87 9.84 9.79 9.8 9.762 9.735 9.755 9.73
9.877 9.903 10.005 10.047 10.082 10.055 10.062 10.095 10.177 10.2 10.13 9.968 9.927 9.705 9.675 9.86 9.895 9.88 9.69 9.653 9.698 9.783 9.783 9.802 9.847 9.71 9.79 9.708 9.927 10.04 10.085 10.32 10.052 9.762 9.667 9.788 9.935 9.898 9.908 10.028 10.21 10.245 10.205 10.215 10.017 10.033 10.092 10.278 10.337 10.253 10.035 10.005 9.908 9.885 9.878 9.863 9.91 9.83 9.858 9.863 9.96 10.05 10.045 10.005 9.913 9.865 9.833 9.788 9.802 9.773 9.735 9.735 9.722
9.833 9.812 9.842 9.908 9.967 10.03 10.092 10.13 10.275 10.477 10.64 10.61 10.562 10.46 10.243 10.375 10.465 10.51 10.568 10.615 10.068 10.16 10.512 10.507 10.59 10.597 10.575 10.535 10.525 10.46 10.42 10.328 10.37 10.45 10.44 10.333 10.29 10.217 10.222 10.215 10.205 10.32 10.333 10.355 10.4 10.363 10.325 10.355 10.46 10.19 10.02 9.977 9.94 9.923 9.877 9.865 9.835 9.81 9.825 9.823 9.86 9.88 9.898 9.88 9.847 9.845 9.833 9.84 9.83 9.778 9.745 9.72 9.71
9.76 9.773 9.82 9.882 9.887 9.965 10.025 10.203 10.23 10.387 10.427 10.337 10.307 10.28 10.177 10.395 10.435 10.472 10.365 10.352 10.39 9.945 10.092 10.475 10.42 10.4 10.44 10.52 10.615 10.688 10.64 10.595 10.555 10.332 10.193 10.205 10.318 10.387 10.28 10.41 10.497 10.578 10.58 10.363 10.328 10.273 10.298 10.32 10.325 10.205 10.065 10.108 10.03 9.943 9.88 9.868 9.837 9.83 9.845 9.815 9.837 9.842 9.847 9.823 9.83 9.833 9.805 9.82 9.827 9.78 9.73 9.722 9.74
9.733 9.74 9.757 9.852 9.863 9.932 10.007 10.18 10.182 10.247 10.245 10.24 10.323 10.307 10.345 10.443 10.555 10.583 10.465 10.23 10.233 10.42 9.895 10.088 10.212 10.292 10.21 10.253 10.333 10.448 10.46 10.538 10.387 10.435 10.6 10.613 10.542 10.418 10.483 10.753 10.862 10.887 10.873 10.525 10.452 10.295 10.177 10.217 10.318 10.253 10.122 10.052 9.995 9.932 9.905 9.887 9.845 9.847 9.87 9.86 9.86 9.84 9.825 9.825 9.825 9.805 9.815 9.815 9.79 9.77 9.735 9.73 9.767
9.695 9.705 9.75 9.778 9.842 9.91 9.99 10.08 10.227 10.307 10.302 10.347 10.363 10.387 10.385 10.403 10.58 10.542 10.3 10.173 10.172 10.128 9.99 9.75 9.807 10.523 10.552 10.505 10.493 10.523 10.597 10.667 10.745 10.983 11.475 11.535 11.493 11.408 11.415 11.382 11.345 11.328 11.205 10.858 10.55 10.248 10.122 10.155 10.378 10.4 10.283 10.172 10.08 9.993 9.958 9.94 10.012 10.025 10.003 9.932 9.895 9.865 9.838 9.833 9.85 9.823 9.812 9.802 9.802 9.78 9.745 9.783 9.792
9.648 9.667 9.715 9.725 9.77 9.84 9.952 10.132 10.182 10.275 10.323 10.325 10.358 10.34 10.42 10.363 10.37 10.23 10.065 10.132 10.19 10.22 10.163 10.278 10.145 9.958 10.855 11.038 10.905 10.865 11.005 11.023 11.413 11.65 11.955 12.185 12.475 12.645 12.38 12.35 12.215 11.825 11.523 11.18 10.722 10.337 10.215 10.395 10.73 10.613 10.435 10.297 10.222 10.113 10.06 10.13 10.215 10.27 10.233 10.09 9.975 9.9 9.875 9.855 9.847 9.827 9.818 9.8 9.793 9.775 9.752 9.802 9.802
9.667 9.71 9.735 9.775 9.765 9.8 9.967 10.165 10.208 10.245 10.312 10.302 10.345 10.275 10.21 10.215 10.18 10.132 10.145 10.165 10.323 10.273 10.17 10.312 10.453 10.712 9.958 11.042 11.533 11.49 11.255 11.328 11.708 11.977 12.13 12.512 12.807 13.172 13.07 12.968 12.802 12.44 12.058 11.37 10.835 10.525 10.375 10.587 11.017 11.057 10.767 10.467 10.323 10.22 10.252 10.415 10.645 10.745 10.753 10.41 10.128 10.025 9.94 9.905 9.872 9.842 9.825 9.825 9.802 9.778 9.802 9.84 9.833
9.743 9.81 9.78 9.843 9.852 9.873 10.052 10.128 10.257 10.29 10.278 10.24 10.222 10.22 10.202 10.19 10.142 10.13 10.132 10.172 10.285 10.417 10.48 10.542 10.755 11.017 11.04 10.158 11.403 11.837 11.325 11.352 11.66 11.81 12.14 12.532 12.885 13.055 13.118 12.998 12.805 12.485 12.045 11.595 10.89 10.475 10.44 10.622 11.128 11.355 11.125 10.792 10.615 10.552 10.605 10.837 11.11 11.035 11.045 10.847 10.35 10.17 10.065 9.988 9.935 9.892 9.85 9.835 9.818 9.807 9.863 9.833 9.835
9.873 9.825 9.812 9.858 9.92 9.922 10.083 10.255 10.307 10.425 10.337 10.265 10.238 10.295 10.31 10.34 10.382 10.25 10.198 10.347 10.485 10.615 10.82 11.087 11.312 11.247 11.195 10.128 10.745 11.395 11.217 11.26 11.212 11.425 11.677 11.985 12.605 13.075 13.025 12.97 12.695 12.417 12.132 11.637 10.87 10.4 10.425 10.668 11.13 11.528 11.5 11.06 10.842 10.818 10.87 11.11 11.38 11.265 11.132 10.898 10.513 10.51 10.34 10.137 10.025 9.965 9.925 9.892 9.845 9.86 9.885 9.852 9.847
9.908 9.87 9.833 9.89 9.977 10.012 10.087 10.208 10.3 10.44 10.41 10.328 10.35 10.345 10.477 10.488 10.453 10.515 10.55 10.738 10.79 11.073 11.222 11.545 11.542 11.253 10.908 10.53 10.182 10.882 10.892 10.833 10.71 10.887 11.052 11.355 11.91 12.365 12.505 12.523 12.542 12.325 12.32 11.592 10.92 10.552 10.538 10.722 11.138 11.453 11.637 11.39 11.202 11.212 11.16 11.5 11.8 11.648 11.137 10.837 10.79 10.948 10.712 10.455 10.198 10.085 10.02 9.962 9.917 9.932 9.903 9.872 9.862
10.003 10.003 9.977 10.04 10.125 10.132 10.157 10.257 10.347 10.467 10.443 10.432 10.48 10.472 10.573 10.688 10.745 10.948 11.1 11.23 11.285 11.458 11.657 11.727 11.418 11.015 10.58 10.355 9.875 10.392 10.355 10.31 10.298 10.488 10.677 10.958 11.328 11.645 11.92 12.222 12.483 12.403 12.14 11.658 11.073 10.855 10.705 10.788 11.11 11.45 11.538 11.568 11.597 11.685 11.575 11.675 11.91 11.89 11.435 10.985 11.04 11.122 10.932 10.623 10.298 10.185 10.097 10.04 10.01 9.94 9.915 9.885 9.85
10.125 10.205 10.278 10.335 10.39 10.413 10.477 10.525 10.613 10.632 10.595 10.592 10.587 10.628 10.778 11.003 11.222 11.488 11.63 11.703 11.837 11.92 11.807 11.618 11.275 10.74 10.382 10.23 9.738 10.177 10.062 10.017 10.075 10.267 10.51 10.797 11.055 11.295 11.625 12.22 12.812 12.48 11.965 11.557 11.337 11.16 10.927 11.025 11.342 11.748 11.81 11.64 11.807 12.115 11.99 11.837 11.665 11.602 11.53 11.15 11.025 11.05 10.86 10.417 10.122 10.17 10.125 10.1 10.062 9.952 9.917 9.858 9.86
10.295 10.523 10.695 10.755 10.733 10.72 10.77 10.842 10.91 10.898 10.88 10.792 10.78 10.812 10.932 11.252 11.483 11.882 12.097 12.215 12.155 12.175 12.062 11.762 11.41 10.8 10.315 10.203 9.677 10.03 10.012 9.985 9.965 10.097 10.45 10.773 10.858 11.18 11.778 12.5 12.707 12.23 11.635 11.637 11.622 11.528 11.312 11.462 11.84 12.23 12.085 11.87 12.01 12.167 11.972 11.69 11.445 11.273 11.318 11.175 10.925 10.962 10.63 10.267 10.155 10.19 10.195 10.175 10.033 9.97 9.898 9.903 9.898
10.462 10.765 10.863 10.895 10.882 10.875 10.927 10.967 10.977 11.017 11.015 10.97 10.975 10.917 11.068 11.302 11.812 12.17 12.363 12.432 12.37 12.35 12.132 11.823 11.443 10.983 10.51 10.312 10.055 9.977 10.22 10.188 10.097 10.177 10.47 10.807 10.95 11.415 12.042 12.773 12.54 11.753 11.545 11.635 11.855 11.977 11.943 12.06 12.13 12.22 12.257 11.858 11.865 11.885 11.61 11.41 11.267 11.29 11.155 10.898 10.708 10.77 10.64 10.37 10.222 10.132 10.227 10.17 10.065 9.97 9.922 9.935 9.915
10.507 10.825 10.898 10.94 10.948 10.965 10.99 11.033 11.055 11.095 11.115 11.038 11.028 11.1 11.292 11.688 12.08 12.37 12.435 12.382 12.34 12.07 11.695 11.535 11.653 11.275 10.935 10.413 10.32 9.923 10.292 10.203 10.3 10.23 10.54 10.975 11.423 11.823 12.477 12.677 12.118 11.628 11.52 11.663 11.877 12.08 12.2 12.145 11.882 11.58 11.368 11.23 11.215 11.145 11.038 11.025 11.035 11.03 10.91 10.55 10.395 10.432 10.44 10.302 10.13 10.11 10.175 10.155 10.115 10.007 9.977 9.958 9.925
10.503 10.805 10.898 10.94 10.985 11.035 11.07 11.052 11.075 11.105 11.122 11.092 11.167 11.288 11.427 11.72 12.13 12.318 12.307 12.23 11.993 11.693 11.237 10.923 11.02 11.327 10.587 10.465 10.372 9.95 10.243 10.205 10.483 10.302 10.552 11.055 11.653 12.115 12.155 11.935 11.865 11.645 11.615 11.745 11.932 12.128 12.03 11.635 11.175 10.82 10.595 10.525 10.51 10.425 10.465 10.6 10.682 10.677 10.493 10.25 10.18 10.148 10.177 10.113 10.102 10.093 10.087 10.148 10.075 10.005 10.043 9.988 9.91
10.453 10.747 10.92 10.967 11.015 11.087 11.128 11.132 11.195 11.163 11.167 11.097 11.203 11.452 11.645 11.923 12.087 11.807 11.665 11.618 11.54 11.292 10.88 10.628 10.785 11.145 10.7 10.337 10.318 10.04 10.293 10.305 10.523 10.427 10.67 11.105 11.735 11.993 11.595 11.64 11.712 11.592 11.58 11.71 11.835 11.925 11.548 10.96 10.622 10.365 10.283 10.175 10.12 10.097 10.125 10.19 10.262 10.273 10.18 10.065 10.075 10.068 10.075 10.015 10.023 10.052 10.073 10.05 10.05 10.057 10.06 9.997 9.92
10.358 10.645 10.863 10.988 11.02 11.102 11.142 11.15 11.193 11.177 11.252 11.205 11.27 11.57 11.75 11.908 11.78 11.368 11.083 11.02 10.863 10.835 10.663 10.663 10.798 10.71 10.573 10.587 10.37 9.83 10.255 10.43 10.488 10.685 10.967 11.217 11.632 11.673 11.615 11.68 11.695 11.533 11.415 11.458 11.613 11.535 11.097 10.557 10.435 10.308 10.122 9.958 9.935 9.977 9.965 9.99 10.035 10.048 10.007 9.988 10.033 10.055 10.007 10.005 9.975 9.995 9.99 10 10.025 10.087 10.055 10.005 9.967
10.172 10.498 10.82 10.927 11.03 11.113 11.137 11.155 11.177 11.142 11.217 11.295 11.298 11.658 11.785 11.827 11.635 11.132 10.875 10.707 10.682 10.533 10.398 10.53 10.74 10.578 10.637 10.923 10.512 10.138 9.993 10.43 10.52 10.847 11.302 11.265 11.255 11.405 11.6 11.715 11.552 11.475 11.335 11.26 11.52 11.385 10.78 10.4 10.298 10.208 10.025 9.932 9.943 9.945 9.943 9.965 9.985 10 9.967 9.97 10.025 10.025 10 9.967 10.017 9.972 9.958 10.01 10.07 10.06 10.04 10.04 10.033
10.012 10.25 10.695 10.908 10.997 11.145 11.21 11.2 11.227 11.218 11.205 11.252 11.265 11.608 11.877 11.78 11.597 11.253 10.88 10.61 10.565 10.49 10.288 10.35 10.653 10.905 11.057 11.19 10.63 10.31 9.712 10.372 10.625 11.07 11.43 11.205 11.062 11.253 11.427 11.342 11.278 11.24 11.128 11.092 11.405 11.203 10.57 10.307 10.205 10.077 9.94 9.92 9.922 9.965 9.96 9.952 9.955 9.96 9.985 10.028 10.023 10.002 9.985 9.995 9.993 9.983 9.997 10.065 10.105 10.087 10.073 10.06 10.102
9.977 10.035 10.312 10.745 11.042 11.217 11.243 11.245 11.238 11.222 11.203 11.245 11.308 11.493 11.847 11.455 11.245 11.135 10.948 10.63 10.625 10.495 10.503 10.358 10.382 10.577 10.82 10.805 10.653 10.298 9.78 10.33 10.575 10.997 11.318 10.99 10.9 11.188 11.195 10.95 10.865 10.908 10.87 11.015 11.427 11.35 10.722 10.25 10.11 10.015 9.945 9.945 9.927 9.96 9.975 9.95 9.938 9.97 9.972 10.002 10.023 9.993 9.993 10.015 9.993 9.98 10.078 10.123 10.142 10.135 10.153 10.163 10.2
9.88 9.958 10.102 10.342 10.903 11.118 11.21 11.222 11.233 11.265 11.265 11.285 11.243 11.477 11.417 11.055 10.882 10.775 10.76 10.62 10.66 10.645 10.757 10.53 10.382 10.653 10.995 10.988 10.663 10.443 10.017 10.148 10.443 10.705 10.922 10.818 10.667 10.875 10.858 10.65 10.57 10.67 10.735 11.028 11.427 11.46 10.962 10.413 10.155 10.045 9.975 9.977 9.958 9.922 9.932 9.958 9.95 9.988 10.025 10.015 9.975 10.012 10.028 9.98 9.998 10.065 10.097 10.132 10.182 10.202 10.198 10.207 10.23
9.79 9.878 9.983 10.175 10.602 11.115 11.217 11.21 11.32 11.235 11.28 11.288 11.295 11.488 11.24 10.965 10.517 10.448 10.45 10.547 10.672 10.765 11.08 11.03 10.717 10.8 11.118 11.075 10.755 10.363 10.215 9.967 10.288 10.305 10.53 10.735 10.542 10.495 10.512 10.435 10.39 10.517 10.695 10.898 11.175 11.3 11.158 10.663 10.247 10.087 10 9.935 9.942 9.952 9.935 9.922 9.993 10.012 10.007 10.007 10.005 10.007 9.993 10.007 10.062 10.145 10.172 10.193 10.222 10.222 10.2 10.238 10.265
9.748 9.865 10.07 10.19 10.407 11.062 11.312 11.275 11.315 11.235 11.34 11.27 11.255 11.547 11.267 10.938 10.517 10.347 10.323 10.462 10.755 10.89 11.065 11.28 11.11 11.02 11.035 10.907 10.757 10.585 10.315 9.898 10.023 10.09 10.275 10.477 10.475 10.352 10.278 10.243 10.23 10.4 10.555 10.715 10.962 11.13 11.135 10.738 10.23 10.033 9.962 9.96 9.958 9.95 9.98 9.965 9.955 10.005 10.012 9.993 10.02 10.03 10 10.038 10.167 10.198 10.262 10.275 10.273 10.257 10.225 10.24 10.255
