Matlab/Roost_data/braunton/dsm/ss4539_DSM_2M.asc
ncols 500
nrows 500
xllcorner    245000
yllcorner    139000
cellsize     2
NODATA_value -9999
[rows 224 to 255 of 500, columns 219 to 291 of 500]
91.2 91.077 90.96 90.845 90.775 90.647 90.535 90.41 90.275 90.158 90.037 89.91 89.78 89.665 89.537 89.402 89.255 89.107 88.963 88.812 88.66 88.512 88.393 88.09 87.97 88.09 87.81 87.662 87.478 87.338 87.208 87.052 86.895 86.74 86.598 86.448 86.292 86.15 86.003 85.832 85.673 85.493 85.31 85.12 84.938 84.738 84.577 84.382 84.215 84.027 83.825 83.66 83.5 83.342 83.18 83.04 82.88 82.728 82.565 82.443 82.29 82.125 81.982 81.805 81.647 81.485 81.345 81.19 81.035 80.887 80.713 80.537 80.333
91.165 91.05 90.927 90.815 90.723 90.622 90.515 90.37 90.247 90.122 90.012 89.875 89.747 89.637 89.507 89.378 89.222 89.075 88.933 88.78 88.625 88.482 88.35 88.115 87.897 88.06 87.762 87.613 87.45 87.29 87.175 87.022 86.84 86.693 86.545 86.405 86.247 86.095 85.94 85.787 85.613 85.438 85.245 85.045 84.848 84.673 84.478 84.305 84.122 83.935 83.743 83.575 83.403 83.235 83.07 82.91 82.765 82.592 82.43 82.28 82.125 81.952 81.803 81.628 81.47 81.315 81.147 81.005 80.863 80.695 80.535 80.36 80.168
91.155 91.045 90.908 90.81 90.705 90.59 90.482 90.353 90.228 90.103 89.978 89.853 89.715 89.595 89.48 89.338 89.192 89.052 88.917 88.755 88.595 88.463 88.312 88.158 87.853 87.958 87.762 87.567 87.393 87.262 87.115 86.975 86.812 86.645 86.507 86.365 86.202 86.052 85.908 85.728 85.562 85.385 85.193 85.003 84.802 84.603 84.393 84.22 84.033 83.848 83.665 83.48 83.31 83.135 82.955 82.79 82.632 82.485 82.3 82.125 81.97 81.795 81.62 81.47 81.32 81.158 80.978 80.823 80.673 80.525 80.363 80.195 80.015
91.155 91.033 90.9 90.792 90.675 90.577 90.463 90.333 90.198 90.08 89.957 89.83 89.688 89.583 89.452 89.317 89.162 89.025 88.89 88.732 88.577 88.435 88.303 88.16 87.798 87.772 87.805 87.535 87.375 87.228 87.092 86.95 86.79 86.63 86.482 86.323 86.158 86.012 85.857 85.688 85.518 85.323 85.135 84.938 84.743 84.55 84.342 84.145 83.955 83.757 83.588 83.403 83.208 83.037 82.863 82.675 82.515 82.355 82.19 81.995 81.83 81.645 81.475 81.31 81.162 80.997 80.815 80.66 80.5 80.353 80.192 80.022 79.857
91.15 91.015 90.895 90.783 90.662 90.565 90.443 90.33 90.185 90.048 89.935 89.817 89.677 89.555 89.42 89.285 89.147 89.007 88.87 88.715 88.57 88.408 88.27 88.137 87.848 87.683 87.787 87.52 87.387 87.215 87.055 86.927 86.772 86.603 86.452 86.3 86.12 85.967 85.817 85.652 85.475 85.275 85.092 84.885 84.698 84.475 84.295 84.09 83.885 83.688 83.512 83.315 83.12 82.94 82.755 82.573 82.393 82.24 82.068 81.905 81.717 81.518 81.32 81.16 81.018 80.85 80.673 80.515 80.357 80.188 80.037 79.88 79.692
91.158 91.018 90.897 90.763 90.64 90.545 90.435 90.31 90.177 90.043 89.925 89.8 89.675 89.537 89.408 89.275 89.125 88.993 88.842 88.695 88.537 88.395 88.24 88.11 87.868 87.635 87.795 87.533 87.33 87.175 87.037 86.885 86.745 86.565 86.427 86.277 86.113 85.958 85.785 85.615 85.448 85.24 85.042 84.838 84.622 84.408 84.235 84.033 83.81 83.618 83.423 83.228 83.045 82.848 82.665 82.488 82.312 82.137 81.978 81.8 81.618 81.432 81.223 81.02 80.85 80.705 80.525 80.368 80.192 80.035 79.897 79.728 79.52
91.165 91.013 90.893 90.757 90.635 90.533 90.435 90.31 90.167 90.04 89.912 89.805 89.675 89.527 89.395 89.27 89.132 88.99 88.838 88.69 88.537 88.393 88.237 88.105 87.887 87.558 87.725 87.55 87.35 87.173 87.022 86.855 86.715 86.555 86.393 86.238 86.088 85.928 85.747 85.56 85.4 85.198 85.01 84.79 84.595 84.368 84.155 83.963 83.753 83.56 83.37 83.17 82.973 82.793 82.607 82.408 82.22 82.045 81.875 81.685 81.497 81.345 81.15 80.927 80.702 80.535 80.39 80.228 80.057 79.887 79.723 79.565 79.37
91.175 91.025 90.895 90.757 90.632 90.53 90.417 90.295 90.17 90.04 89.917 89.792 89.66 89.527 89.39 89.265 89.13 88.997 88.835 88.68 88.54 88.382 88.24 88.095 87.95 87.577 87.585 87.63 87.32 87.143 86.985 86.83 86.693 86.525 86.36 86.213 86.05 85.878 85.713 85.545 85.36 85.165 84.975 84.765 84.553 84.335 84.122 83.915 83.705 83.5 83.305 83.107 82.917 82.713 82.525 82.335 82.152 81.973 81.805 81.6 81.405 81.225 81.05 80.853 80.635 80.408 80.24 80.1 79.925 79.765 79.577 79.417 79.232
91.175 91.033 90.908 90.775 90.65 90.533 90.432 90.3 90.17 90.043 89.923 89.798 89.675 89.53 89.387 89.275 89.135 88.997 88.842 88.69 88.522 88.375 88.228 88.077 87.938 87.652 87.533 87.622 87.305 87.15 86.985 86.83 86.673 86.528 86.36 86.212 86.045 85.868 85.7 85.497 85.308 85.125 84.94 84.725 84.515 84.287 84.067 83.872 83.66 83.443 83.26 83.065 82.857 82.673 82.48 82.287 82.1 81.91 81.738 81.54 81.342 81.145 80.96 80.762 80.577 80.378 80.128 79.943 79.81 79.625 79.455 79.295 79.125
91.193 91.05 90.91 90.78 90.655 90.542 90.425 90.31 90.188 90.055 89.93 89.808 89.67 89.537 89.408 89.277 89.143 88.993 88.845 88.69 88.53 88.365 88.217 88.067 87.935 87.692 87.467 87.688 87.308 87.15 86.975 86.832 86.673 86.525 86.35 86.2 86.022 85.845 85.665 85.478 85.28 85.09 84.902 84.683 84.478 84.262 84.033 83.833 83.632 83.43 83.217 83.018 82.817 82.632 82.445 82.26 82.055 81.87 81.675 81.48 81.29 81.08 80.885 80.685 80.488 80.32 80.095 79.838 79.645 79.497 79.307 79.165 78.995
91.215 91.06 90.925 90.812 90.677 90.54 90.438 90.335 90.2 90.07 89.93 89.812 89.695 89.552 89.408 89.265 89.15 89.003 88.847 88.7 88.525 88.368 88.205 88.062 87.933 87.775 87.412 87.605 87.348 87.15 86.982 86.838 86.665 86.505 86.342 86.18 86.013 85.84 85.637 85.46 85.26 85.067 84.878 84.683 84.463 84.265 84.027 83.812 83.615 83.402 83.202 83 82.798 82.598 82.408 82.215 82.012 81.82 81.625 81.44 81.245 81.033 80.832 80.62 80.423 80.247 80.045 79.82 79.575 79.357 79.17 79.012 78.86
91.245 91.105 90.952 90.817 90.698 90.565 90.452 90.355 90.223 90.09 89.95 89.825 89.705 89.57 89.427 89.285 89.153 89.01 88.855 88.705 88.535 88.38 88.225 88.065 87.933 87.802 87.423 87.435 87.378 87.143 86.993 86.825 86.668 86.503 86.335 86.165 86 85.842 85.647 85.448 85.25 85.065 84.872 84.685 84.463 84.25 84.01 83.825 83.603 83.39 83.202 82.982 82.787 82.585 82.372 82.193 81.997 81.787 81.61 81.415 81.213 80.997 80.793 80.585 80.372 80.18 79.98 79.747 79.555 79.277 79.005 78.82 78.683
91.27 91.145 90.997 90.87 90.73 90.607 90.475 90.375 90.24 90.12 89.98 89.84 89.708 89.58 89.445 89.3 89.15 89.02 88.885 88.725 88.552 88.4 88.237 88.088 87.935 87.775 87.495 87.365 87.417 87.15 86.995 86.82 86.67 86.507 86.333 86.165 86.005 85.842 85.64 85.452 85.27 85.073 84.882 84.68 84.48 84.243 84.015 83.802 83.618 83.387 83.183 82.988 82.775 82.577 82.372 82.17 81.967 81.775 81.577 81.378 81.188 80.972 80.77 80.562 80.35 80.13 79.933 79.708 79.495 79.26 78.978 78.677 78.49
91.31 91.167 91.018 90.89 90.76 90.635 90.51 90.387 90.265 90.137 90.012 89.87 89.728 89.607 89.467 89.323 89.183 89.042 88.9 88.725 88.57 88.41 88.25 88.09 87.93 87.777 87.535 87.305 87.527 87.16 87.003 86.823 86.673 86.505 86.335 86.158 86.013 85.842 85.65 85.46 85.265 85.095 84.868 84.693 84.48 84.26 84.037 83.827 83.605 83.408 83.193 83 82.78 82.595 82.387 82.177 81.975 81.777 81.573 81.372 81.173 80.95 80.755 80.545 80.327 80.113 79.9 79.677 79.44 79.215 78.93 78.63 78.32
91.327 91.195 91.05 90.923 90.79 90.665 90.537 90.423 90.307 90.173 90.04 89.885 89.76 89.628 89.493 89.335 89.202 89.075 88.905 88.75 88.59 88.417 88.253 88.085 87.938 87.783 87.625 87.292 87.43 87.228 87.003 86.833 86.665 86.507 86.375 86.17 86.007 85.833 85.655 85.473 85.28 85.085 84.897 84.715 84.51 84.287 84.06 83.845 83.637 83.42 83.22 83.02 82.805 82.62 82.397 82.2 81.982 81.77 81.568 81.372 81.147 80.942 80.743 80.525 80.303 80.088 79.865 79.635 79.395 79.155 78.895 78.585 78.28
91.348 91.213 91.067 90.94 90.812 90.705 90.57 90.448 90.335 90.213 90.07 89.92 89.772 89.655 89.51 89.37 89.225 89.09 88.927 88.768 88.59 88.427 88.247 88.097 87.938 87.78 87.647 87.277 87.28 87.302 86.982 86.827 86.67 86.513 86.363 86.185 86.012 85.842 85.685 85.495 85.3 85.105 84.917 84.74 84.55 84.325 84.107 83.878 83.673 83.47 83.253 83.045 82.825 82.615 82.405 82.2 81.99 81.785 81.567 81.357 81.15 80.948 80.73 80.512 80.295 80.075 79.845 79.61 79.345 79.107 78.842 78.545 78.215
91.363 91.228 91.09 90.952 90.817 90.705 90.603 90.482 90.378 90.24 90.105 89.95 89.808 89.675 89.537 89.385 89.25 89.103 88.955 88.785 88.607 88.44 88.268 88.105 87.935 87.787 87.632 87.317 87.202 87.318 86.99 86.848 86.667 86.52 86.355 86.19 86.018 85.85 85.685 85.51 85.33 85.113 84.933 84.747 84.56 84.36 84.16 83.93 83.71 83.518 83.285 83.07 82.845 82.637 82.427 82.21 81.997 81.79 81.585 81.363 81.155 80.93 80.72 80.507 80.275 80.048 79.81 79.587 79.33 79.073 78.815 78.512 78.182
91.4 91.268 91.14 90.997 90.86 90.735 90.615 90.495 90.375 90.255 90.132 89.982 89.835 89.702 89.565 89.425 89.265 89.132 88.975 88.795 88.622 88.46 88.287 88.118 87.948 87.8 87.645 87.395 87.153 87.265 87.033 86.857 86.688 86.535 86.365 86.22 86.037 85.887 85.705 85.52 85.332 85.15 84.975 84.777 84.595 84.405 84.183 83.97 83.745 83.542 83.318 83.105 82.885 82.67 82.458 82.24 82.027 81.82 81.59 81.39 81.15 80.942 80.72 80.5 80.257 80.02 79.793 79.548 79.307 79.05 78.765 78.48 78.16
91.443 91.317 91.185 91.04 90.91 90.792 90.643 90.512 90.397 90.287 90.15 90.015 89.86 89.735 89.603 89.45 89.302 89.153 88.995 88.823 88.652 88.48 88.305 88.147 87.967 87.817 87.65 87.473 87.14 87.253 87.07 86.893 86.71 86.562 86.387 86.232 86.065 85.908 85.722 85.542 85.363 85.162 84.985 84.81 84.618 84.42 84.215 84 83.78 83.565 83.345 83.14 82.925 82.717 82.485 82.277 82.05 81.815 81.6 81.378 81.173 80.945 80.73 80.5 80.257 80.022 79.785 79.545 79.29 79.048 78.755 78.475 78.175
91.503 91.368 91.232 91.092 90.965 90.832 90.7 90.56 90.435 90.325 90.192 90.062 89.91 89.777 89.635 89.488 89.33 89.18 89.015 88.855 88.68 88.5 88.33 88.167 88 87.838 87.685 87.533 87.147 87.188 87.122 86.882 86.743 86.588 86.412 86.243 86.088 85.9 85.73 85.565 85.382 85.2 85.01 84.83 84.632 84.43 84.228 84.015 83.8 83.58 83.365 83.152 82.957 82.738 82.507 82.28 82.072 81.842 81.61 81.393 81.173 80.975 80.74 80.495 80.268 80.035 79.79 79.533 79.298 79.043 78.78 78.5 78.202
91.57 91.42 91.28 91.137 91.012 90.868 90.743 90.61 90.475 90.363 90.247 90.105 89.948 89.805 89.68 89.525 89.37 89.208 89.045 88.872 88.715 88.525 88.353 88.19 88.013 87.853 87.698 87.56 87.213 87.073 87.182 86.895 86.76 86.577 86.415 86.247 86.095 85.91 85.732 85.565 85.393 85.21 85.015 84.827 84.64 84.448 84.247 84.037 83.84 83.6 83.395 83.188 82.98 82.747 82.53 82.315 82.103 81.863 81.645 81.412 81.21 80.985 80.753 80.503 80.277 80.035 79.8 79.548 79.31 79.062 78.772 78.478 78.202
91.628 91.485 91.342 91.192 91.04 90.908 90.787 90.658 90.518 90.39 90.278 90.135 89.982 89.83 89.705 89.552 89.393 89.23 89.065 88.902 88.725 88.555 88.375 88.205 88.027 87.863 87.698 87.555 87.295 87.005 87.202 86.91 86.787 86.58 86.433 86.275 86.113 85.94 85.755 85.575 85.39 85.202 85.003 84.827 84.64 84.46 84.257 84.052 83.84 83.63 83.415 83.223 83.003 82.777 82.565 82.348 82.132 81.908 81.67 81.448 81.232 81.003 80.765 80.535 80.305 80.073 79.8 79.598 79.338 79.025 78.768 78.503 78.21
91.673 91.518 91.382 91.245 91.077 90.948 90.825 90.705 90.562 90.44 90.305 90.175 90.025 89.872 89.735 89.583 89.412 89.253 89.095 88.923 88.73 88.548 88.375 88.198 88.022 87.857 87.693 87.552 87.335 86.93 87.088 86.967 86.77 86.62 86.482 86.295 86.105 85.925 85.772 85.592 85.395 85.188 85.007 84.835 84.647 84.452 84.277 84.07 83.86 83.65 83.448 83.245 83.037 82.817 82.588 82.368 82.15 81.923 81.713 81.473 81.265 81.162 80.835 80.635 80.338 80.077 79.842 79.592 79.332 79.083 78.823 78.545 78.257
91.71 91.548 91.425 91.3 91.143 91.005 90.878 90.747 90.61 90.48 90.365 90.22 90.075 89.923 89.783 89.62 89.44 89.28 89.118 88.945 88.75 88.567 88.397 88.205 88.037 87.855 87.688 87.537 87.4 86.905 86.915 86.925 86.802 86.628 86.51 86.34 86.11 85.897 85.755 85.57 85.39 85.202 85.025 84.838 84.65 84.478 84.298 84.08 83.887 83.675 83.48 83.25 83.035 82.83 82.618 82.387 82.38 81.985 81.755 81.573 81.338 81.107 80.863 80.62 80.408 80.162 79.925 79.67 79.408 79.143 78.855 78.555 78.247
91.757 91.615 91.48 91.348 91.19 91.055 90.925 90.815 90.67 90.53 90.405 90.28 90.13 89.975 89.827 89.658 89.49 89.31 89.137 88.967 88.775 88.583 88.397 88.228 88.055 87.878 87.688 87.545 87.425 86.985 86.86 87.045 86.882 86.723 86.525 86.335 86.145 85.933 85.738 85.585 85.393 85.213 85.03 84.863 84.68 84.505 84.308 84.098 83.895 83.68 83.478 83.285 83.05 82.895 82.717 82.607 82.592 82.025 81.792 81.58 81.36 81.137 80.917 80.695 80.46 80.228 80.003 79.73 79.478 79.183 78.865 78.543 78.195
91.808 91.675 91.533 91.408 91.268 91.122 90.978 90.857 90.728 90.588 90.452 90.318 90.167 90.03 89.872 89.705 89.525 89.342 89.17 88.982 88.792 88.603 88.385 88.217 88.035 87.86 87.688 87.543 87.42 87.103 86.868 87.083 87.145 86.965 86.603 86.353 86.188 85.958 85.76 85.567 85.387 85.225 85.025 84.86 84.673 84.503 84.305 84.122 83.955 83.74 83.588 83.33 83.095 82.902 82.695 82.495 82.285 82.077 81.857 81.625 81.42 81.2 80.973 80.738 80.515 80.275 80.03 79.762 79.485 79.16 78.812 78.475 78.13
91.868 91.732 91.585 91.47 91.335 91.173 91.04 90.925 90.785 90.64 90.5 90.348 90.205 90.042 89.887 89.738 89.538 89.355 89.173 89.012 88.815 88.62 88.385 88.18 88.003 87.842 87.67 87.52 87.402 87.177 86.893 87.06 87.353 87.255 86.732 86.397 86.213 85.978 85.777 85.585 85.417 85.245 85.045 84.863 84.685 84.535 84.38 84.19 83.975 83.717 83.533 83.31 83.107 82.902 82.708 82.495 82.28 82.075 81.863 81.63 81.415 81.198 80.965 80.735 80.5 80.245 79.993 79.72 79.425 79.08 78.775 78.443 78.105
91.902 91.772 91.635 91.505 91.382 91.232 91.082 90.965 90.838 90.693 90.555 90.397 90.24 90.073 89.895 89.732 89.562 89.39 89.195 89.012 88.825 88.615 88.387 88.147 87.962 87.795 87.618 87.482 87.37 87.152 86.95 87.067 87.253 87.36 86.738 86.4 86.213 85.982 85.785 85.622 85.418 85.277 85.103 84.893 84.645 84.438 84.268 84.08 83.88 83.69 83.458 83.238 83.033 82.823 82.613 82.385 82.185 81.958 81.71 81.488 81.295 81.077 80.868 80.675 80.438 80.175 79.885 79.615 79.315 79.027 78.762 78.448 78.105
91.917 91.787 91.662 91.53 91.405 91.26 91.107 90.98 90.853 90.73 90.575 90.427 90.275 90.105 89.94 89.76 89.585 89.397 89.198 89.003 88.81 88.605 88.382 88.147 87.935 87.735 87.565 87.42 87.327 87.095 87.037 87.035 86.995 86.94 86.688 86.495 86.167 85.945 85.75 85.525 85.327 85.118 84.927 84.747 84.555 84.353 84.155 83.975 83.778 83.567 83.37 83.147 82.945 82.72 82.503 82.293 82.09 81.857 81.658 81.44 81.25 81.04 80.835 80.577 80.35 80.098 79.848 79.613 79.357 79.11 78.818 78.478 78.13
91.938 91.812 91.675 91.537 91.427 91.277 91.132 91.005 90.878 90.732 90.59 90.448 90.295 90.137 89.97 89.795 89.6 89.4 89.198 88.993 88.787 88.585 88.375 88.155 87.935 87.722 87.542 87.382 87.253 87.02 87.05 87 87.18 87.465 86.757 86.265 85.95 85.732 85.518 85.372 85.188 84.997 84.805 84.635 84.445 84.27 84.073 83.885 83.692 83.512 83.317 83.125 82.93 82.735 82.53 82.325 82.11 81.897 81.667 81.412 81.202 80.975 80.795 80.577 80.335 80.132 79.935 79.713 79.448 79.192 78.923 78.607 78.28
91.942 91.82 91.7 91.567 91.44 91.295 91.15 91.02 90.9 90.753 90.607 90.467 90.308 90.155 89.988 89.812 89.618 89.412 89.21 88.995 88.795 88.595 88.387 88.168 87.955 87.745 87.527 87.34 87.2 87.037 87.098 87.512 86.995 86.47 86.265 86.06 85.897 85.7 85.488 85.308 85.158 84.985 84.817 84.632 84.455 84.28 84.095 83.895 83.68 83.51 83.36 83.19 83 82.802 82.58 82.372 82.18 81.978 81.757 81.567 81.408 81.238 81.018 80.762 80.542 80.353 80.107 79.865 79.613 79.335 79.062 78.78 78.45
91.952 91.827 91.705 91.577 91.442 91.31 91.165 91.033 90.9 90.757 90.618 90.473 90.338 90.183 90.015 89.842 89.647 89.448 89.243 89.03 88.82 88.615 88.408 88.202 87.993 87.79 87.58 87.363 87.178 87.05 87.32 86.897 86.525 86.397 86.253 86.067 85.89 85.72 85.53 85.323 85.202 85.058 84.915 84.757 84.577 84.39 84.217 84.065 83.878 83.688 83.56 83.405 83.213 82.973 82.775 82.59 82.42 82.208 81.98 81.787 81.61 81.408 81.143 80.88 80.647 80.443 80.195 79.965 79.738 79.417 79.118 78.823 78.503
