Matlab/Roost_data/braunton/dsm/ss4536_DSM_2M.asc
ncols 500
nrows 500
xllcorner    245000
yllcorner    136000
cellsize     2
NODATA_value -9999
[rows 231 to 263 of 500, columns 296 to 369 of 500]
19.717 19.688 19.415 18.202 16.3 15.297 14.71 13.99 13.2 12.917 12.842 12.537 12.222 11.802 11.59 11.365 11.092 11.038 11.097 10.965 10.773 10.648 10.548 10.477 10.427 10.382 10.365 10.328 10.305 10.278 10.295 10.43 10.557 10.592 10.665 10.597 10.565 10.403 10.188 10.118 10.05 10.08 10.068 10.19 10.05 9.805 9.94 10.35 10.127 9.975 9.913 9.903 9.86 9.833 9.875 9.825 9.825 9.833 9.825 9.625 9.033 9.632 9.845 9.793 9.788 9.833 9.958 9.805 9.727 9.743 9.78 9.783 9.922 9.887
19.507 19.195 19.4 17.865 16.455 15.355 14.382 13.733 13.163 12.92 12.762 12.602 12.38 11.922 11.535 11.352 11.07 11.015 11.05 10.943 10.798 10.675 10.573 10.505 10.462 10.403 10.36 10.34 10.302 10.257 10.267 10.33 10.413 10.43 10.44 10.382 10.275 10.198 10.142 10.085 10.068 10.073 10.095 10.005 9.865 9.823 10.105 10.235 10.03 9.93 9.895 9.882 9.842 9.833 9.855 9.837 9.815 9.812 9.802 9.733 9.267 9.21 9.903 9.795 9.763 9.805 9.872 9.938 9.767 9.75 9.778 9.785 9.815 9.95
18.78 18.835 18.692 17.305 16.182 15.377 14.493 13.68 13.155 12.927 12.725 12.642 12.315 11.865 11.517 11.323 11.083 11.075 11.087 10.92 10.783 10.672 10.615 10.56 10.495 10.45 10.387 10.343 10.318 10.302 10.255 10.22 10.23 10.288 10.222 10.163 10.145 10.17 10.125 10.095 10.095 10.1 10.302 9.993 9.807 9.868 10.253 10.17 9.995 9.917 9.888 9.875 9.82 9.843 9.845 9.852 9.835 9.82 9.815 9.795 9.485 8.948 9.925 9.795 9.767 9.763 9.745 9.898 9.922 9.765 9.77 9.775 9.765 9.833
18.14 17.997 17.557 16.683 16.147 16.003 14.798 13.815 13.267 13.007 12.775 12.642 12.108 11.592 11.465 11.305 11.068 11.095 11.128 10.948 10.805 10.698 10.653 10.583 10.493 10.445 10.395 10.337 10.315 10.273 10.25 10.222 10.188 10.165 10.118 10.11 10.123 10.13 10.122 10.075 10.097 10.307 10.488 10.05 9.807 10.16 10.16 10.097 9.965 9.905 9.885 9.858 9.83 9.845 9.833 9.833 9.823 9.833 9.823 9.805 9.67 9.352 9.83 9.835 9.75 9.73 9.733 9.82 9.917 9.887 9.775 9.782 9.775 9.763
18.088 17.868 17.715 16.903 16.5 15.98 14.983 14.097 13.463 13.193 12.833 12.645 12.012 11.503 11.31 11.217 11.14 11.16 11.14 10.995 10.852 10.688 10.628 10.595 10.557 10.462 10.387 10.34 10.305 10.267 10.233 10.205 10.175 10.145 10.108 10.085 10.095 10.08 10.092 10.083 10.095 10.247 9.99 9.84 9.823 10.078 10.215 10.04 9.96 9.9 9.885 9.847 9.858 9.855 9.85 9.84 9.845 9.818 9.802 9.802 9.767 9.382 9.003 9.855 9.755 9.743 9.745 9.785 9.845 9.993 9.843 9.77 9.778 9.76
18.708 18.685 18.575 17.695 17.045 16.33 15.275 14.085 13.6 13.302 12.863 12.55 11.833 11.358 11.15 11.09 11.153 11.193 11.158 11.042 10.89 10.73 10.64 10.58 10.568 10.462 10.405 10.36 10.312 10.257 10.253 10.23 10.205 10.17 10.105 10.08 10.055 10.078 10.073 10.082 10.118 10.253 9.953 9.82 9.882 10.082 10.205 10.012 9.96 9.932 9.88 9.85 9.91 9.877 9.842 9.833 9.845 9.827 9.812 9.795 9.78 9.6 8.955 9.71 9.82 9.71 9.773 9.802 9.833 9.88 9.945 9.81 9.788 9.767
19.695 19.568 19.82 18.983 17.96 16.892 15.642 14.48 13.975 13.395 12.773 12.142 11.577 11.295 11.097 11.085 11.142 11.193 11.153 11.055 10.993 10.837 10.717 10.62 10.597 10.535 10.497 10.408 10.337 10.262 10.24 10.243 10.215 10.165 10.108 10.087 10.062 10.06 10.047 10.073 10.21 10.2 9.865 9.825 9.955 10.11 10.092 9.993 9.915 9.913 9.862 9.895 9.96 9.908 9.85 9.833 9.85 9.83 9.83 9.81 9.807 9.738 9.237 9.2 9.878 9.753 9.79 9.858 9.875 9.872 9.875 9.905 9.84 9.795
20.757 20.145 20.115 19.552 18.235 17.208 15.748 14.622 14.105 13.083 12.583 11.925 11.597 11.33 11.135 11.13 11.235 11.215 11.093 11.075 11.023 10.875 10.695 10.618 10.58 10.6 10.555 10.425 10.34 10.302 10.285 10.257 10.22 10.177 10.12 10.08 10.062 10.04 10.045 10.118 10.12 10.01 9.82 9.873 10.052 10.167 9.997 9.943 9.905 9.895 9.872 9.938 9.977 9.925 9.89 9.875 9.865 9.863 9.858 9.842 9.835 9.82 9.515 8.885 9.797 9.788 9.773 9.805 9.842 9.87 9.87 9.898 9.9 9.823
20.872 19.665 19.712 19.63 18.397 17.007 15.688 14.592 13.782 12.967 12.458 12.065 11.733 11.365 11.15 11.195 11.22 11.207 11.11 11.075 11.025 10.88 10.765 10.682 10.59 10.552 10.523 10.385 10.32 10.288 10.275 10.255 10.222 10.17 10.132 10.095 10.068 10.02 10.055 10.193 10.055 9.865 9.83 10.01 10.382 10.087 9.945 9.898 9.885 9.865 9.88 9.94 9.96 9.927 9.895 9.875 9.88 9.91 9.868 9.868 9.852 9.847 9.71 9.1 9.448 9.835 9.757 9.775 9.833 9.837 9.863 9.89 9.923 9.858
18.753 18.125 18.833 19.335 18.622 17.157 15.81 14.63 13.623 12.852 12.43 12.083 11.793 11.51 11.282 11.243 11.312 11.262 11.108 11.062 11.015 10.87 10.767 10.698 10.578 10.503 10.425 10.355 10.31 10.29 10.245 10.222 10.205 10.17 10.163 10.128 10.092 10.038 10.075 10.185 9.99 9.835 9.872 10.292 10.203 10.025 9.943 9.917 9.89 9.89 9.903 9.96 9.97 9.94 9.887 9.875 9.872 9.88 9.87 9.86 9.847 9.85 9.805 9.418 8.995 9.83 9.778 9.75 9.788 9.815 9.835 9.84 9.845 9.875
17.212 17.075 18.167 18.935 18.405 17.073 15.597 14.342 13.443 12.788 12.35 12.07 11.77 11.618 11.44 11.33 11.4 11.352 11.247 11.108 11.012 10.875 10.785 10.657 10.55 10.49 10.432 10.35 10.323 10.278 10.247 10.222 10.2 10.163 10.15 10.115 10.068 10.068 10.095 9.993 9.892 9.835 9.95 10.285 10.12 9.97 9.908 9.898 9.872 9.898 9.932 9.987 9.965 9.948 9.922 9.895 9.86 9.865 9.865 9.86 9.852 9.845 9.85 9.645 8.993 9.628 9.87 9.835 9.8 9.79 9.818 9.812 9.852 9.87
17.978 17.37 17.862 18.375 17.798 16.222 15.033 14.127 13.358 12.785 12.448 12.105 11.767 11.682 11.578 11.485 11.497 11.438 11.315 11.175 11.033 10.9 10.77 10.677 10.597 10.505 10.43 10.37 10.327 10.283 10.247 10.23 10.217 10.198 10.148 10.128 10.068 10.102 10.06 9.922 9.85 9.863 10.087 10.21 10.005 9.94 9.927 9.87 9.878 9.913 9.97 9.99 9.948 9.945 9.965 9.922 9.882 9.87 9.87 9.88 9.875 9.858 9.85 9.795 9.35 9.153 9.9 9.85 9.838 9.838 9.845 9.825 9.86 9.887
19.307 17.525 16.835 17.413 16.913 15.427 14.462 13.882 13.283 12.82 12.427 12.14 11.868 11.672 11.6 11.625 11.55 11.475 11.318 11.15 11.02 10.915 10.835 10.77 10.64 10.555 10.495 10.415 10.347 10.29 10.267 10.217 10.19 10.18 10.16 10.138 10.087 10.12 10.01 9.898 9.862 9.935 10.195 10.09 9.98 9.932 9.915 9.882 9.918 9.95 9.985 9.967 9.945 9.955 9.962 9.93 9.9 9.875 9.88 9.885 9.865 9.86 9.868 9.863 9.587 8.948 9.738 9.87 9.852 9.85 9.84 9.835 9.858 9.875
19.528 17.935 16.585 16.565 15.95 14.948 14.175 13.542 13.165 12.775 12.405 12.1 11.82 11.747 11.727 11.707 11.608 11.477 11.318 11.182 11.045 10.98 10.953 10.823 10.67 10.602 10.535 10.462 10.37 10.288 10.247 10.227 10.212 10.2 10.158 10.11 10.123 10.125 9.967 9.875 9.885 10.033 10.165 10.025 9.967 9.95 9.922 9.94 9.953 9.997 9.987 9.962 9.96 9.952 9.975 9.955 9.932 9.903 9.88 9.89 9.882 9.88 9.882 9.885 9.76 9.177 9.3 9.913 9.868 9.847 9.863 9.875 9.875 9.872
20.235 18.763 17.605 16.485 15.72 14.79 13.975 13.56 13.108 12.682 12.33 12.05 11.898 11.85 11.828 11.705 11.627 11.43 11.28 11.163 11.087 11.005 10.935 10.8 10.688 10.648 10.538 10.435 10.347 10.295 10.255 10.22 10.2 10.175 10.15 10.113 10.148 10.042 9.91 9.913 9.983 10.155 10.057 9.995 9.983 9.945 9.925 9.938 9.96 10.012 9.99 9.972 9.993 9.99 9.987 9.977 9.948 9.917 9.908 9.887 9.89 9.875 9.875 9.888 9.847 9.455 8.977 9.917 9.905 9.88 9.89 9.898 9.888 9.88
20.368 18.615 17.3 16.737 15.632 14.938 14.615 13.69 13.01 12.753 12.408 12.08 12.007 11.948 11.85 11.66 11.49 11.342 11.24 11.167 11.05 10.977 10.92 10.835 10.75 10.625 10.505 10.45 10.37 10.302 10.265 10.2 10.19 10.182 10.15 10.12 10.11 9.972 9.905 9.93 10.108 10.175 10.025 9.983 9.958 9.922 9.94 9.94 9.972 9.972 9.96 9.965 10 9.983 9.948 9.958 9.96 9.92 9.903 9.89 9.892 9.878 9.9 9.898 9.863 9.715 9.455 9.845 9.91 9.898 9.885 9.885 9.892 9.9
19.722 18.51 17.42 16.562 15.26 15.252 14.722 13.972 13.01 12.583 12.387 12.142 12.115 11.985 11.865 11.645 11.432 11.305 11.212 11.16 11.045 10.908 10.828 10.8 10.765 10.675 10.55 10.5 10.398 10.315 10.265 10.215 10.172 10.17 10.145 10.15 10.042 9.917 9.9 9.983 10.235 10.083 10.03 9.98 9.962 9.95 9.945 9.983 9.99 9.965 9.97 9.97 9.985 10.007 9.96 9.972 9.97 9.935 9.903 9.9 9.9 9.885 9.887 9.87 9.855 9.898 9.335 9.265 9.957 9.898 9.88 9.882 9.892 9.903
18.663 18.083 17.317 16.552 15.358 15.315 14.323 13.698 13.2 12.425 12.23 12.188 12.188 12.038 11.86 11.615 11.413 11.323 11.267 11.185 11.045 10.892 10.818 10.785 10.727 10.695 10.575 10.503 10.435 10.315 10.257 10.23 10.205 10.163 10.137 10.128 9.97 9.895 9.91 10.128 10.198 10.035 10 9.962 9.962 9.96 9.967 9.985 10.01 9.983 10 9.998 9.977 9.987 9.977 10 10.007 9.962 9.922 9.91 9.915 9.892 9.898 9.88 9.858 9.823 9.423 9.575 9.93 9.9 9.87 9.89 9.91 9.913
17.562 17.077 16.712 16.228 15.467 14.215 13.788 13.245 12.562 12.323 12.295 12.343 12.245 11.99 11.792 11.53 11.395 11.295 11.26 11.212 11.04 10.955 10.908 10.812 10.71 10.685 10.575 10.43 10.36 10.295 10.247 10.205 10.193 10.158 10.163 10.047 9.917 9.887 10 10.257 10.065 10.025 9.983 9.997 9.975 9.967 10 9.98 9.983 9.985 9.99 10.005 9.995 9.99 9.967 9.96 9.96 9.945 9.93 9.917 9.92 9.905 9.895 9.87 9.858 9.858 9.613 9.198 9.663 9.95 9.903 9.908 9.922 9.91
16.347 15.885 15.905 15.6 14.85 13.815 13.267 12.765 12.318 12.382 12.438 12.325 12.168 11.943 11.702 11.483 11.295 11.2 11.243 11.193 11.033 10.965 10.915 10.837 10.722 10.66 10.587 10.443 10.358 10.29 10.245 10.198 10.17 10.15 10.125 9.985 9.9 9.91 10.158 10.182 10.045 10.015 9.993 10.023 9.995 9.987 10.052 10.015 9.97 9.967 10 10.015 10.002 9.993 9.97 9.952 9.938 9.94 9.922 9.885 9.895 9.915 9.88 9.86 9.843 9.837 9.735 9.235 9.215 9.958 9.892 9.9 9.903 9.88
15.378 15.002 15.1 14.49 13.915 13.618 13.615 12.495 12.273 12.47 12.408 12.288 12.003 11.75 11.56 11.435 11.298 11.225 11.2 11.097 10.972 10.932 10.907 10.807 10.743 10.642 10.535 10.462 10.37 10.288 10.225 10.188 10.155 10.16 10.045 9.922 9.9 10.02 10.235 10.062 10.03 9.98 10 10.01 9.997 10.017 10.048 10.045 10.035 9.975 9.955 10.02 9.99 10.005 9.97 9.96 9.94 9.962 9.925 9.887 9.885 9.898 9.87 9.855 9.825 9.823 9.802 9.48 9.323 10.085 9.885 9.878 9.882 9.868
15.04 14.85 14.542 13.948 13.738 13.52 12.695 12.305 12.36 12.475 12.407 12.24 11.977 11.757 11.597 11.415 11.25 11.22 11.128 11.057 10.977 10.878 10.868 10.825 10.738 10.637 10.54 10.427 10.37 10.32 10.257 10.18 10.158 10.11 9.975 9.923 9.945 10.153 10.15 10.055 10.028 9.993 9.99 9.972 9.955 10.003 10.035 10.017 10.02 10.01 9.95 9.918 9.965 9.985 9.96 9.96 9.948 9.948 9.927 9.895 9.885 9.88 9.87 9.858 9.828 9.823 9.83 9.66 9.148 9.642 9.903 9.88 9.888 9.865
14.655 14.695 14.48 13.975 13.56 13.177 12.698 12.38 12.443 12.413 12.238 12.1 11.898 11.76 11.595 11.4 11.167 11.102 11.075 11.032 10.967 10.93 10.91 10.843 10.773 10.672 10.535 10.435 10.382 10.325 10.253 10.18 10.167 10.057 9.945 9.927 10.023 10.2 10.015 10.023 10.02 10.03 9.962 9.938 9.922 9.97 10.015 9.983 9.967 9.993 9.967 9.92 9.875 9.925 9.935 9.905 9.913 9.91 9.932 9.913 9.907 9.865 9.858 9.85 9.855 9.835 9.825 9.795 9.352 9.097 9.843 9.872 9.878 9.873
14.453 14.645 14.558 13.865 13.462 13.085 12.55 12.368 12.46 12.267 11.948 11.887 11.88 11.72 11.523 11.337 11.158 11.085 11.028 10.948 10.898 10.89 10.847 10.773 10.688 10.628 10.542 10.413 10.355 10.34 10.253 10.175 10.102 10.007 9.948 9.97 10.15 10.083 10.013 10.003 10.015 9.988 9.948 9.915 9.9 9.915 9.925 9.925 9.95 9.932 9.932 9.935 9.92 9.87 9.892 9.9 9.89 9.88 9.89 9.882 9.877 9.85 9.847 9.847 9.83 9.823 9.818 9.833 9.54 8.965 9.792 9.882 9.88 9.878
14.278 14.128 14 13.525 13.175 12.812 12.457 12.343 12.41 12.215 11.99 11.993 11.96 11.788 11.615 11.403 11.255 11.115 11.077 10.965 10.878 10.84 10.81 10.747 10.67 10.552 10.505 10.42 10.345 10.257 10.21 10.19 10.08 9.975 9.948 10.068 10.195 10.035 10.007 9.972 9.995 9.962 9.94 9.882 9.915 9.925 9.92 9.93 9.932 9.938 9.943 9.923 9.927 9.898 9.823 9.842 9.863 9.858 9.855 9.827 9.82 9.818 9.818 9.82 9.818 9.807 9.807 9.823 9.68 9.08 9.453 9.905 9.87 9.872
14.275 13.943 13.695 13.792 14.122 13.1 12.55 12.46 12.535 12.363 12.2 12.18 12.175 12.125 11.927 11.67 11.337 11.15 11.083 10.995 10.943 10.892 10.843 10.747 10.67 10.533 10.458 10.378 10.285 10.19 10.182 10.15 10.038 9.977 10.005 10.198 10.08 10.048 10.023 10.015 9.965 9.925 9.923 9.892 9.925 9.92 9.927 9.955 9.932 9.913 9.925 9.93 9.925 9.895 9.89 9.798 9.802 9.86 9.87 9.833 9.81 9.798 9.79 9.807 9.812 9.812 9.81 9.8 9.775 9.38 9.042 9.855 9.858 9.847
14.255 14 13.837 14.952 16.597 15.21 12.828 12.727 12.613 12.382 12.205 12.14 12.195 12.32 12.227 11.993 11.45 11.19 11.08 10.993 10.94 10.903 10.845 10.663 10.507 10.368 10.328 10.27 10.23 10.205 10.235 10.108 9.972 9.967 10.097 10.193 10.097 10.108 10.05 10.015 9.967 9.932 9.915 9.892 9.903 9.917 9.943 9.945 9.917 9.88 9.913 9.932 9.938 9.913 9.907 9.84 9.78 9.778 9.845 9.855 9.84 9.805 9.802 9.785 9.802 9.79 9.792 9.8 9.82 9.58 8.887 9.717 9.865 9.83
14.757 14.347 14.235 14.688 16.167 14.882 12.92 12.807 12.585 12.25 12.2 12.175 12.185 12.278 12.25 11.958 11.53 11.205 11.073 10.98 10.865 10.755 10.653 10.528 10.4 10.305 10.29 10.257 10.243 10.21 10.177 10.042 9.98 10.035 10.222 10.198 10.145 10.125 10.052 10.015 9.965 9.935 9.88 9.88 9.915 9.95 9.935 9.908 9.913 9.91 9.913 9.927 9.917 9.913 9.863 9.83 9.812 9.795 9.77 9.79 9.823 9.805 9.8 9.77 9.78 9.798 9.795 9.8 9.8 9.682 9.05 9.48 9.828 9.805
15.525 15 14.285 14.398 13.613 13.158 13.052 12.955 12.483 12.17 12.093 12.047 12.073 11.98 11.96 11.73 11.365 11.07 10.945 10.818 10.725 10.653 10.595 10.547 10.47 10.415 10.337 10.262 10.23 10.225 10.105 10.007 10.052 10.177 10.225 10.155 10.127 10.108 10.05 9.983 9.958 9.938 9.895 9.922 9.917 9.943 9.945 9.907 9.9 9.903 9.865 9.865 9.877 9.898 9.905 9.868 9.87 9.87 9.812 9.747 9.762 9.8 9.812 9.782 9.78 9.788 9.792 9.8 9.807 9.743 9.255 9.17 9.842 9.847
15.998 15.515 14.535 14.39 14.113 13.358 13.335 13.292 12.453 12.092 11.925 11.76 11.705 11.583 11.4 11.25 11.045 10.917 10.863 10.73 10.667 10.655 10.642 10.578 10.45 10.403 10.305 10.243 10.227 10.21 10.075 10.05 10.118 10.238 10.202 10.12 10.108 10.045 10.023 9.99 9.965 9.917 9.903 9.92 9.917 9.948 9.932 9.905 9.915 9.913 9.922 9.887 9.865 9.88 9.865 9.872 9.865 9.837 9.815 9.78 9.763 9.743 9.778 9.8 9.802 9.79 9.778 9.775 9.797 9.78 9.495 8.965 9.9 9.863
16.323 15.85 15.03 14.648 14.302 13.565 13.435 13.07 12.288 12.025 11.842 11.57 11.363 11.202 11.06 11.04 10.962 10.925 10.93 10.835 10.715 10.635 10.63 10.532 10.39 10.345 10.293 10.225 10.243 10.148 10.105 10.097 10.195 10.2 10.165 10.142 10.065 10.01 10.028 9.995 9.985 9.938 9.882 9.93 9.932 9.913 9.915 9.908 9.907 9.915 9.895 9.925 9.872 9.845 9.812 9.807 9.815 9.783 9.76 9.753 9.77 9.762 9.735 9.76 9.785 9.775 9.783 9.778 9.812 9.818 9.71 9.177 9.168 9.842
16.298 15.49 15.113 14.805 14.163 13.53 13.423 13.198 12.477 11.92 11.693 11.48 11.325 11.16 11.065 11.06 11.035 10.965 10.932 10.795 10.648 10.592 10.542 10.422 10.35 10.32 10.283 10.25 10.238 10.1 10.062 10.12 10.26 10.142 10.115 10.097 10.042 9.975 9.967 9.995 9.977 9.948 9.927 9.952 9.958 9.932 9.943 9.938 9.94 9.962 9.93 9.915 9.87 9.852 9.825 9.815 9.812 9.823 9.797 9.765 9.75 9.76 9.75 9.77 9.785 9.805 9.83 9.82 9.842 9.833 9.83 9.583 8.925 9.495
15.648 14.97 14.448 14.33 13.967 13.9 14.153 13.775 13.13 11.927 11.69 11.512 11.448 11.24 11.08 10.9 10.915 10.852 10.775 10.685 10.575 10.505 10.448 10.403 10.318 10.285 10.253 10.273 10.17 10.08 10.088 10.257 10.24 10.15 10.09 10.083 10.083 10.068 10.003 9.99 9.965 9.948 9.935 9.962 9.95 9.958 9.952 9.952 9.938 9.952 9.967 9.943 9.95 9.993 9.983 9.872 9.818 9.805 9.805 9.783 9.773 9.797 9.805 9.82 9.802 9.818 9.862 9.837 9.823 9.847 9.86 9.805 9.347 9.823
