Matlab/Roost_data/braunton/dsm/ss4539_DSM_2M.asc
ncols 500
nrows 500
xllcorner    245000
yllcorner    139000
cellsize     2
NODATA_value -9999
[rows 288 to 319 of 500, columns 146 to 218 of 500]
95.48 95.558 95.607 96.827 97.062 95.868 95.812 95.83 95.85 95.863 95.845 95.835 95.845 95.845 95.833 95.823 95.78 95.735 95.688 95.645 95.573 95.507 95.46 95.412 95.357 95.293 95.24 95.17 95.092 95.035 94.973 94.887 94.812 94.73 94.647 94.583 94.497 94.41 94.338 94.243 94.145 94.07 93.967 93.882 93.79 93.71 93.63 93.545 93.467 93.37 93.29 93.207 93.12 93.025 92.95 92.88 92.805 92.73 92.655 92.555 92.465 92.353 92.24 92.132 92.018 91.908 91.802 91.683 91.567 91.455 91.335 91.22 91.115
95.415 95.495 95.555 96.253 96.995 96.027 95.707 95.745 95.753 95.762 95.74 95.73 95.725 95.722 95.7 95.677 95.645 95.613 95.573 95.53 95.482 95.423 95.372 95.32 95.257 95.19 95.135 95.062 94.995 94.94 94.863 94.792 94.723 94.655 94.588 94.5 94.423 94.338 94.26 94.17 94.06 93.975 93.882 93.792 93.698 93.62 93.545 93.475 93.378 93.285 93.202 93.115 93.037 92.965 92.882 92.812 92.743 92.67 92.588 92.497 92.405 92.29 92.18 92.067 91.965 91.857 91.745 91.632 91.525 91.4 91.295 91.18 91.07
95.357 95.427 95.493 95.93 96.882 95.932 95.595 95.64 95.65 95.66 95.628 95.613 95.62 95.607 95.57 95.537 95.5 95.473 95.428 95.393 95.315 95.275 95.23 95.188 95.15 95.092 95.025 94.958 94.893 94.83 94.76 94.677 94.603 94.527 94.475 94.4 94.317 94.247 94.158 94.07 93.973 93.878 93.795 93.7 93.615 93.527 93.445 93.375 93.293 93.21 93.125 93.05 92.965 92.89 92.81 92.74 92.667 92.605 92.52 92.423 92.34 92.235 92.115 92.015 91.923 91.808 91.695 91.588 91.478 91.363 91.26 91.147 91.04
95.3 95.35 95.395 95.475 97.003 96.56 95.552 95.485 95.522 95.527 95.512 95.48 95.467 95.463 95.438 95.408 95.38 95.335 95.29 95.24 95.202 95.147 95.095 95.04 94.985 94.925 94.875 94.823 94.76 94.692 94.635 94.562 94.49 94.425 94.347 94.272 94.192 94.125 94.05 93.967 93.887 93.792 93.708 93.61 93.53 93.447 93.355 93.272 93.188 93.115 93.052 92.967 92.895 92.817 92.743 92.665 92.605 92.54 92.46 92.372 92.28 92.162 92.058 91.973 91.855 91.755 91.643 91.535 91.432 91.333 91.225 91.115 90.997
95.257 95.283 95.307 95.335 96.228 96.62 95.925 95.323 95.38 95.378 95.36 95.333 95.292 95.275 95.238 95.217 95.198 95.162 95.137 95.088 95.04 94.975 94.927 94.902 94.848 94.79 94.74 94.668 94.603 94.545 94.485 94.408 94.345 94.275 94.215 94.135 94.06 93.975 93.893 93.83 93.757 93.678 93.582 93.485 93.402 93.318 93.235 93.15 93.08 93.01 92.938 92.868 92.792 92.715 92.643 92.573 92.503 92.435 92.372 92.295 92.2 92.103 92.007 91.912 91.805 91.705 91.592 91.485 91.393 91.29 91.185 91.077 90.97
95.16 95.18 95.2 95.223 95.613 96.728 96.125 95.268 95.22 95.235 95.215 95.167 95.103 95.07 95.045 95.022 94.995 94.965 94.927 94.887 94.857 94.818 94.77 94.723 94.688 94.637 94.57 94.5 94.427 94.368 94.298 94.225 94.178 94.107 94.037 93.965 93.89 93.825 93.753 93.685 93.603 93.533 93.442 93.353 93.265 93.18 93.088 93.012 92.938 92.878 92.815 92.747 92.67 92.6 92.54 92.475 92.402 92.342 92.272 92.192 92.103 92.02 91.925 91.823 91.723 91.628 91.533 91.428 91.338 91.24 91.137 91.027 90.933
95.048 95.065 95.075 95.103 95.113 96.118 96.395 95.255 95.055 95.055 95.033 95.003 94.958 94.89 94.863 94.833 94.802 94.777 94.738 94.7 94.643 94.592 94.552 94.507 94.463 94.42 94.36 94.29 94.238 94.162 94.095 94.035 93.978 93.915 93.845 93.77 93.705 93.63 93.57 93.5 93.433 93.36 93.27 93.183 93.118 93.04 92.96 92.89 92.81 92.738 92.673 92.612 92.555 92.485 92.425 92.36 92.298 92.24 92.18 92.105 92.015 91.923 91.817 91.74 91.64 91.535 91.447 91.348 91.25 91.158 91.067 90.978 90.868
94.89 94.917 94.923 94.943 94.952 95.45 96.635 95.788 94.92 94.887 94.853 94.838 94.8 94.73 94.685 94.625 94.59 94.56 94.522 94.48 94.427 94.372 94.333 94.287 94.235 94.188 94.125 94.073 94.015 93.952 93.897 93.845 93.798 93.738 93.673 93.6 93.515 93.438 93.378 93.315 93.247 93.167 93.075 92.99 92.925 92.85 92.787 92.713 92.648 92.582 92.52 92.47 92.425 92.36 92.295 92.23 92.18 92.122 92.048 91.988 91.91 91.82 91.738 91.65 91.54 91.45 91.355 91.265 91.183 91.088 90.995 90.897 90.802
94.715 94.743 94.768 94.768 94.768 94.747 95.705 96.23 95.02 94.692 94.685 94.652 94.615 94.545 94.49 94.433 94.387 94.35 94.298 94.25 94.213 94.173 94.118 94.073 94.02 93.96 93.908 93.845 93.787 93.743 93.673 93.618 93.582 93.515 93.465 93.393 93.312 93.238 93.177 93.113 93.04 92.973 92.895 92.815 92.747 92.675 92.603 92.53 92.455 92.385 92.327 92.277 92.23 92.175 92.122 92.065 92.027 91.975 91.92 91.855 91.785 91.71 91.635 91.542 91.442 91.35 91.26 91.165 91.082 91.01 90.902 90.833 90.73
94.562 94.562 94.57 94.557 94.542 94.568 94.665 96.022 95.38 94.57 94.488 94.457 94.428 94.372 94.287 94.232 94.18 94.15 94.105 94.048 94.007 93.948 93.902 93.86 93.81 93.747 93.673 93.607 93.55 93.495 93.44 93.382 93.335 93.285 93.232 93.158 93.09 93.02 92.95 92.888 92.815 92.745 92.68 92.603 92.533 92.478 92.408 92.34 92.255 92.188 92.137 92.085 92.03 91.975 91.923 91.882 91.83 91.795 91.745 91.685 91.622 91.575 91.503 91.413 91.318 91.24 91.152 91.072 90.988 90.895 90.825 90.76 90.665
94.363 94.37 94.38 94.37 94.353 94.35 94.33 94.74 95.772 94.74 94.28 94.262 94.217 94.152 94.092 94.022 93.967 93.912 93.868 93.825 93.783 93.73 93.67 93.607 93.575 93.52 93.448 93.37 93.327 93.262 93.195 93.135 93.09 93.027 92.967 92.908 92.827 92.768 92.705 92.625 92.565 92.503 92.448 92.375 92.3 92.24 92.18 92.122 92.057 91.99 91.93 91.88 91.817 91.772 91.71 91.667 91.61 91.577 91.548 91.5 91.45 91.408 91.335 91.26 91.185 91.11 91.037 90.955 90.863 90.78 90.717 90.647 90.58
94.155 94.162 94.158 94.143 94.135 94.135 94.143 94.17 95.193 95.323 94.173 94.037 94.01 93.957 93.897 93.8 93.747 93.705 93.65 93.603 93.557 93.5 93.445 93.395 93.342 93.28 93.213 93.162 93.092 93.033 92.978 92.912 92.855 92.787 92.725 92.66 92.583 92.518 92.445 92.372 92.3 92.245 92.168 92.113 92.04 91.982 91.923 91.865 91.802 91.745 91.68 91.64 91.6 91.548 91.495 91.443 91.412 91.375 91.338 91.29 91.243 91.193 91.125 91.07 91.005 90.935 90.863 90.798 90.728 90.662 90.583 90.53 90.465
93.895 93.903 93.908 93.9 93.905 93.908 93.887 93.878 94.382 95.015 94.543 93.785 93.785 93.72 93.665 93.585 93.512 93.46 93.41 93.363 93.323 93.277 93.225 93.155 93.1 93.06 92.995 92.938 92.87 92.8 92.738 92.662 92.605 92.548 92.48 92.41 92.338 92.262 92.177 92.107 92.035 91.965 91.912 91.845 91.79 91.715 91.652 91.59 91.54 91.495 91.442 91.4 91.363 91.312 91.28 91.217 91.173 91.128 91.125 91.075 91.022 90.973 90.917 90.857 90.792 90.732 90.655 90.6 90.543 90.485 90.43 90.37 90.31
93.6 93.632 93.635 93.637 93.647 93.635 93.61 93.61 93.692 95.018 94.353 93.615 93.555 93.512 93.45 93.375 93.285 93.213 93.175 93.132 93.085 93.037 92.975 92.923 92.868 92.817 92.768 92.69 92.622 92.553 92.485 92.427 92.387 92.315 92.257 92.195 92.103 92.01 91.932 91.857 91.805 91.725 91.665 91.583 91.533 91.46 91.385 91.335 91.285 91.225 91.168 91.145 91.092 91.062 91.012 90.967 90.923 90.872 90.855 90.833 90.795 90.747 90.695 90.655 90.58 90.515 90.458 90.393 90.338 90.298 90.255 90.2 90.15
93.295 93.308 93.325 93.365 93.368 93.365 93.335 93.335 93.317 94.14 94.277 93.725 93.287 93.275 93.215 93.158 93.062 93.01 92.96 92.908 92.865 92.802 92.765 92.7 92.65 92.595 92.54 92.46 92.397 92.34 92.257 92.198 92.13 92.075 92.003 91.917 91.857 91.775 91.702 91.61 91.555 91.488 91.41 91.348 91.272 91.205 91.12 91.07 91.022 90.958 90.915 90.855 90.823 90.785 90.74 90.695 90.65 90.61 90.59 90.55 90.515 90.467 90.448 90.402 90.353 90.31 90.257 90.215 90.158 90.122 90.08 90.037 89.982
92.96 92.975 93.005 93.037 93.045 93.052 93.045 93.025 93.03 93.35 94.38 93.44 93.025 93.022 92.96 92.905 92.85 92.775 92.72 92.667 92.62 92.57 92.525 92.473 92.42 92.36 92.307 92.245 92.175 92.107 92.048 91.967 91.9 91.82 91.755 91.682 91.613 91.537 91.467 91.378 91.307 91.228 91.152 91.077 91.003 90.92 90.863 90.792 90.745 90.705 90.65 90.6 90.545 90.52 90.48 90.432 90.387 90.357 90.325 90.29 90.262 90.213 90.18 90.137 90.098 90.06 90.025 89.99 89.958 89.925 89.875 89.85 89.815
92.638 92.647 92.67 92.685 92.705 92.73 92.73 92.697 92.707 92.81 94.223 93.6 92.777 92.745 92.688 92.635 92.6 92.512 92.455 92.423 92.38 92.33 92.292 92.25 92.205 92.137 92.075 92.027 91.945 91.887 91.812 91.732 91.647 91.603 91.53 91.45 91.37 91.312 91.225 91.147 91.052 90.978 90.9 90.832 90.757 90.673 90.618 90.552 90.5 90.445 90.387 90.333 90.29 90.24 90.202 90.162 90.118 90.077 90.065 90.037 89.997 89.965 89.923 89.872 89.85 89.8 89.765 89.743 89.713 89.69 89.658 89.622 89.6
92.268 92.305 92.318 92.338 92.357 92.4 92.4 92.375 92.363 92.393 93.255 93.52 92.685 92.412 92.378 92.33 92.302 92.245 92.175 92.143 92.107 92.065 92.027 91.97 91.93 91.88 91.822 91.762 91.69 91.63 91.557 91.488 91.415 91.342 91.257 91.192 91.118 91.042 90.96 90.882 90.808 90.722 90.628 90.54 90.47 90.39 90.323 90.277 90.21 90.162 90.105 90.058 90.012 89.96 89.912 89.878 89.83 89.793 89.777 89.745 89.698 89.665 89.637 89.605 89.565 89.527 89.503 89.475 89.45 89.438 89.412 89.385 89.335
91.915 91.927 91.963 91.995 92.003 92.03 92.042 92.015 92.02 92.035 92.48 93.3 92.47 92.075 92.062 92.012 91.988 91.942 91.865 91.833 91.787 91.745 91.713 91.675 91.63 91.57 91.512 91.463 91.402 91.327 91.268 91.213 91.147 91.088 91.02 90.938 90.86 90.78 90.695 90.61 90.525 90.445 90.363 90.285 90.195 90.125 90.055 89.99 89.935 89.865 89.808 89.765 89.715 89.658 89.607 89.56 89.518 89.49 89.473 89.44 89.41 89.372 89.345 89.31 89.285 89.255 89.22 89.192 89.177 89.147 89.137 89.113 89.092
91.548 91.548 91.57 91.618 91.63 91.652 91.67 91.668 91.643 91.643 91.738 92.848 92.647 91.9 91.76 91.688 91.65 91.632 91.595 91.542 91.495 91.452 91.432 91.385 91.338 91.285 91.235 91.177 91.113 91.055 90.973 90.92 90.855 90.777 90.713 90.63 90.558 90.478 90.387 90.31 90.235 90.16 90.077 89.993 89.902 89.838 89.768 89.708 89.645 89.59 89.53 89.482 89.435 89.38 89.33 89.28 89.245 89.217 89.188 89.16 89.122 89.09 89.07 89.037 89.01 88.97 88.938 88.912 88.905 88.887 88.868 88.832 88.818
91.145 91.152 91.175 91.215 91.245 91.275 91.312 91.315 91.292 91.29 91.265 91.798 92.152 91.505 91.427 91.37 91.29 91.285 91.262 91.24 91.188 91.137 91.11 91.085 91.033 90.973 90.927 90.875 90.825 90.75 90.685 90.615 90.555 90.478 90.41 90.353 90.262 90.182 90.107 90.018 89.95 89.87 89.785 89.708 89.628 89.56 89.488 89.433 89.375 89.312 89.255 89.225 89.165 89.128 89.075 89.033 88.967 88.935 88.912 88.887 88.86 88.83 88.785 88.76 88.735 88.697 88.66 88.645 88.632 88.61 88.595 88.588 88.558
90.785 90.76 90.787 90.818 90.848 90.882 90.912 90.917 90.89 90.89 90.875 90.982 91.743 91.5 91.11 91.058 90.952 90.895 90.89 90.857 90.827 90.792 90.768 90.745 90.702 90.652 90.61 90.552 90.522 90.463 90.397 90.34 90.275 90.208 90.118 90.058 89.967 89.872 89.785 89.708 89.632 89.557 89.473 89.397 89.325 89.26 89.19 89.143 89.09 89.04 88.978 88.938 88.887 88.835 88.79 88.747 88.7 88.668 88.64 88.618 88.597 88.56 88.525 88.505 88.473 88.428 88.4 88.375 88.348 88.327 88.31 88.29 88.275
90.365 90.357 90.38 90.408 90.435 90.473 90.505 90.527 90.5 90.493 90.507 90.56 91.833 91.59 90.8 90.67 90.568 90.51 90.482 90.46 90.42 90.403 90.357 90.33 90.302 90.262 90.208 90.17 90.122 90.083 90.035 89.962 89.912 89.83 89.747 89.685 89.605 89.54 89.467 89.395 89.323 89.24 89.175 89.095 89.02 88.952 88.89 88.827 88.775 88.723 88.68 88.625 88.59 88.548 88.49 88.435 88.408 88.365 88.345 88.32 88.295 88.257 88.215 88.19 88.173 88.145 88.118 88.103 88.08 88.035 88.022 87.997 87.973
89.982 89.963 89.98 89.997 90.023 90.055 90.077 90.105 90.098 90.095 90.088 90.103 90.857 91.192 90.972 90.283 90.185 90.105 90.083 90.058 90.03 90.007 89.967 89.935 89.902 89.86 89.817 89.78 89.73 89.688 89.632 89.565 89.503 89.448 89.375 89.31 89.23 89.162 89.088 89.003 88.905 88.812 88.738 88.695 88.643 88.588 88.552 88.495 88.423 88.375 88.36 88.323 88.28 88.243 88.182 88.14 88.095 88.06 88.04 88.01 87.98 87.945 87.912 87.885 87.868 87.847 87.827 87.817 87.792 87.768 87.723 87.692 87.67
89.57 89.552 89.55 89.57 89.615 89.637 89.658 89.683 89.7 89.685 89.667 89.67 90.195 91.53 90.77 89.903 89.775 89.702 89.655 89.64 89.622 89.588 89.57 89.543 89.507 89.47 89.418 89.38 89.327 89.3 89.26 89.197 89.13 89.067 88.99 88.925 88.832 88.753 88.647 88.575 88.478 88.397 88.327 88.262 88.217 88.165 88.107 88.05 88.015 87.96 87.945 87.91 87.86 87.817 87.8 87.792 87.77 87.743 87.715 87.72 87.698 87.662 87.63 87.595 87.57 87.55 87.527 87.51 87.473 87.455 87.412 87.395 87.38
89.18 89.138 89.128 89.147 89.18 89.217 89.24 89.238 89.257 89.27 89.25 89.245 89.363 90.722 90.348 89.51 89.35 89.262 89.215 89.197 89.2 89.182 89.162 89.137 89.103 89.048 88.995 88.95 88.89 88.848 88.81 88.76 88.69 88.637 88.562 88.488 88.408 88.342 88.255 88.155 88.042 87.955 87.882 87.835 87.762 87.712 87.658 87.618 87.57 87.53 87.507 87.48 87.45 87.427 87.397 87.372 87.363 87.345 87.31 87.312 87.305 87.29 87.253 87.24 87.257 87.232 87.213 87.205 87.185 87.167 87.155 87.137 87.125
88.753 88.732 88.722 88.715 88.74 88.757 88.79 88.795 88.795 88.825 88.8 88.787 88.815 89.632 90.353 89.405 88.945 88.848 88.775 88.74 88.738 88.705 88.713 88.667 88.632 88.598 88.552 88.493 88.423 88.385 88.353 88.287 88.21 88.152 88.107 88.037 87.942 87.863 87.78 87.682 87.603 87.525 87.467 87.408 87.327 87.278 87.217 87.185 87.147 87.113 87.07 87.04 87.007 86.973 86.952 86.943 86.927 86.917 86.9 86.897 86.925 86.897 86.872 86.875 86.882 86.878 86.86 86.842 86.848 86.868 86.862 86.83 86.81
88.325 88.298 88.285 88.292 88.315 88.36 88.35 88.375 88.37 88.395 88.38 88.355 88.322 88.945 89.54 89.36 88.537 88.387 88.298 88.25 88.247 88.238 88.243 88.185 88.13 88.092 88.058 88.005 87.92 87.872 87.833 87.777 87.715 87.668 87.615 87.558 87.477 87.397 87.33 87.26 87.16 87.083 87.005 86.955 86.897 86.84 86.793 86.747 86.708 86.683 86.655 86.635 86.588 86.558 86.533 86.512 86.49 86.482 86.485 86.497 86.51 86.497 86.487 86.48 86.488 86.497 86.495 86.495 86.52 86.54 86.533 86.53 86.518
87.91 87.878 87.857 87.853 87.86 87.89 87.9 87.91 87.938 87.952 87.935 87.887 87.86 88.037 89.232 88.555 88.243 87.973 87.875 87.787 87.75 87.75 87.75 87.713 87.658 87.625 87.583 87.518 87.465 87.397 87.342 87.287 87.227 87.158 87.083 87.035 86.98 86.902 86.848 86.775 86.69 86.62 86.558 86.5 86.455 86.402 86.353 86.32 86.283 86.262 86.235 86.215 86.185 86.132 86.12 86.103 86.088 86.085 86.08 86.095 86.105 86.107 86.07 86.065 86.077 86.095 86.1 86.115 86.132 86.152 86.175 86.18 86.182
87.458 87.417 87.397 87.397 87.4 87.423 87.447 87.45 87.45 87.493 87.488 87.435 87.408 87.397 88.265 88.155 88.308 87.625 87.463 87.342 87.288 87.272 87.268 87.253 87.202 87.13 87.088 87.045 86.982 86.885 86.833 86.792 86.713 86.645 86.575 86.542 86.46 86.4 86.345 86.29 86.217 86.143 86.095 86.045 86.005 85.947 85.902 85.882 85.833 85.812 85.8 85.787 85.74 85.71 85.685 85.683 85.665 85.66 85.66 85.66 85.682 85.68 85.643 85.635 85.645 85.673 85.688 85.697 85.707 85.74 85.76 85.777 85.792
86.993 86.967 86.945 86.923 86.915 86.94 86.97 86.98 86.982 87 87.007 86.98 86.942 86.91 87.09 87.865 87.71 87.39 87.075 86.938 86.817 86.777 86.768 86.725 86.697 86.645 86.592 86.567 86.488 86.385 86.333 86.277 86.217 86.158 86.098 86.037 85.967 85.9 85.855 85.827 85.745 85.683 85.63 85.59 85.54 85.503 85.455 85.425 85.385 85.368 85.353 85.32 85.302 85.283 85.268 85.243 85.228 85.225 85.22 85.228 85.238 85.257 85.23 85.223 85.232 85.253 85.268 85.277 85.283 85.31 85.35 85.38 85.42
86.515 86.488 86.48 86.45 86.448 86.467 86.495 86.518 86.527 86.5 86.49 86.495 86.455 86.4 86.393 86.855 87.4 87.13 86.772 86.565 86.397 86.295 86.26 86.255 86.243 86.162 86.113 86.07 85.997 85.917 85.872 85.815 85.747 85.677 85.592 85.562 85.497 85.417 85.355 85.303 85.247 85.188 85.14 85.11 85.072 85.03 84.993 84.96 84.923 84.893 84.887 84.845 84.845 84.822 84.81 84.792 84.78 84.768 84.762 84.77 84.775 84.812 84.81 84.798 84.81 84.823 84.838 84.848 84.872 84.887 84.923 84.948 84.975
