Matlab/Roost_data/braunton/dsm/ss4537_DSM_2M.asc
ncols 500
nrows 500
xllcorner    245000
yllcorner    137000
cellsize     2
NODATA_value -9999
[rows 64 to 95 of 500, columns 73 to 145 of 500]
101.42 101.39 101.357 101.335 101.292 101.255 101.202 101.18 101.14 101.088 101.06 101.01 100.942 100.897 100.848 100.768 100.688 100.622 100.53 100.405 100.275 100.13 99.965 99.802 99.635 99.445 99.307 99.125 98.942 98.765 98.622 98.505 98.385 98.268 98.193 98.09 97.99 97.908 97.887 97.803 97.705 97.64 97.615 97.567 97.52 97.475 97.45 97.41 97.357 97.32 97.295 97.232 97.213 97.177 97.152 97.115 97.065 97.062 97.05 97.028 96.98 96.96 96.952 96.91 96.855 96.8 96.725 96.643 96.562 96.485 96.395 96.298 96.225
101.11 101.105 101.085 101.03 100.997 100.965 100.912 100.878 100.835 100.785 100.753 100.71 100.655 100.598 100.53 100.472 100.402 100.325 100.247 100.137 99.997 99.853 99.695 99.512 99.338 99.145 98.963 98.777 98.598 98.435 98.29 98.115 97.96 97.875 97.777 97.655 97.568 97.53 97.467 97.402 97.315 97.262 97.213 97.192 97.173 97.115 97.055 97.022 96.995 96.967 96.933 96.91 96.885 96.845 96.827 96.825 96.775 96.72 96.667 96.647 96.61 96.555 96.527 96.497 96.432 96.372 96.335 96.27 96.19 96.118 96.043 95.967 95.89
100.8 100.785 100.772 100.723 100.685 100.647 100.603 100.548 100.5 100.467 100.427 100.387 100.35 100.285 100.238 100.173 100.115 100.03 99.943 99.823 99.705 99.56 99.382 99.202 99.035 98.83 98.635 98.46 98.27 98.083 97.925 97.778 97.603 97.478 97.412 97.29 97.167 97.1 97.045 97.007 96.952 96.905 96.848 96.783 96.747 96.753 96.74 96.682 96.652 96.635 96.615 96.583 96.568 96.548 96.515 96.463 96.417 96.378 96.333 96.298 96.28 96.243 96.182 96.13 96.067 96.01 95.952 95.87 95.805 95.743 95.667 95.618 95.535
100.45 100.425 100.382 100.345 100.29 100.255 100.23 100.195 100.137 100.092 100.065 100.025 99.96 99.92 99.885 99.827 99.75 99.68 99.607 99.507 99.387 99.265 99.065 98.878 98.702 98.52 98.325 98.12 97.912 97.74 97.542 97.385 97.25 97.103 96.988 96.885 96.8 96.728 96.67 96.613 96.553 96.51 96.485 96.447 96.39 96.345 96.33 96.33 96.308 96.28 96.29 96.262 96.232 96.19 96.16 96.135 96.088 96.035 95.985 95.927 95.875 95.827 95.803 95.73 95.668 95.598 95.553 95.503 95.45 95.363 95.31 95.24 95.17
99.967 99.93 99.893 99.868 99.853 99.812 99.77 99.728 99.7 99.662 99.628 99.598 99.54 99.505 99.463 99.43 99.35 99.25 99.185 99.08 98.943 98.83 98.673 98.51 98.335 98.165 97.958 97.753 97.573 97.39 97.21 97.035 96.87 96.702 96.603 96.507 96.395 96.325 96.26 96.205 96.155 96.143 96.11 96.075 96.037 96.012 95.99 95.92 95.933 95.927 95.908 95.887 95.863 95.842 95.807 95.75 95.715 95.673 95.61 95.562 95.522 95.455 95.378 95.308 95.253 95.198 95.118 95.07 95.005 94.95 94.885 94.827 94.75
99.405 99.395 99.39 99.36 99.335 99.327 99.305 99.243 99.235 99.223 99.158 99.092 99.04 99.027 98.98 98.905 98.845 98.775 98.688 98.565 98.465 98.357 98.208 98.04 97.895 97.725 97.542 97.342 97.165 96.988 96.8 96.63 96.473 96.312 96.185 96.135 96.012 95.942 95.863 95.815 95.778 95.728 95.705 95.69 95.688 95.667 95.655 95.603 95.533 95.495 95.535 95.525 95.493 95.445 95.387 95.368 95.332 95.27 95.215 95.165 95.08 95.018 94.972 94.902 94.84 94.785 94.713 94.645 94.6 94.522 94.46 94.41 94.327
98.87 98.845 98.822 98.78 98.77 98.772 98.73 98.67 98.645 98.61 98.573 98.55 98.535 98.465 98.41 98.32 98.263 98.22 98.145 98.035 97.913 97.785 97.66 97.548 97.39 97.238 97.057 96.875 96.72 96.537 96.375 96.202 96.03 95.887 95.787 95.7 95.615 95.557 95.482 95.432 95.388 95.353 95.34 95.31 95.272 95.275 95.257 95.24 95.17 95.135 95.097 95.06 95.055 95.027 94.97 94.903 94.868 94.83 94.762 94.72 94.643 94.585 94.507 94.425 94.395 94.335 94.277 94.232 94.165 94.103 94.027 93.982 93.945
98.317 98.253 98.215 98.165 98.147 98.14 98.098 98.033 98 97.973 97.938 97.92 97.863 97.825 97.777 97.775 97.66 97.598 97.505 97.412 97.312 97.193 97.052 96.912 96.757 96.632 96.493 96.345 96.205 96.02 95.865 95.732 95.607 95.495 95.395 95.31 95.202 95.128 95.092 95.052 95.005 94.965 94.928 94.912 94.882 94.872 94.853 94.842 94.765 94.715 94.69 94.637 94.598 94.598 94.553 94.488 94.412 94.355 94.335 94.28 94.207 94.132 94.055 93.997 93.958 93.865 93.792 93.745 93.695 93.658 93.618 93.568 93.495
97.685 97.622 97.562 97.512 97.463 97.452 97.445 97.402 97.368 97.32 97.302 97.265 97.232 97.202 97.182 97.105 97.013 96.978 96.893 96.798 96.695 96.583 96.488 96.338 96.193 96.065 95.927 95.757 95.625 95.493 95.353 95.225 95.103 95.028 94.93 94.853 94.77 94.732 94.662 94.603 94.57 94.552 94.53 94.488 94.463 94.415 94.375 94.38 94.335 94.33 94.295 94.22 94.177 94.18 94.118 94.06 93.995 93.925 93.865 93.83 93.815 93.735 93.643 93.59 93.52 93.455 93.395 93.338 93.277 93.217 93.152 93.077 93.04
96.947 97.003 96.905 96.905 96.842 96.805 96.775 96.745 96.725 96.693 96.643 96.62 96.588 96.57 96.583 96.465 96.41 96.335 96.253 96.183 96.113 95.997 95.885 95.785 95.662 95.515 95.393 95.283 95.13 94.99 94.85 94.75 94.63 94.527 94.447 94.385 94.305 94.21 94.183 94.14 94.118 94.103 94.07 94.062 94.022 93.997 93.988 93.97 93.923 93.893 93.868 93.825 93.765 93.76 93.705 93.645 93.552 93.515 93.478 93.423 93.38 93.31 93.25 93.195 93.115 93.035 92.985 92.917 92.86 92.795 92.743 92.69 92.632
96.183 96.208 96.195 96.193 96.155 96.15 96.14 96.11 96.098 96.217 96.053 95.993 95.965 95.945 95.895 95.833 95.78 95.728 95.665 95.57 95.515 95.423 95.325 95.22 95.105 94.988 94.868 94.717 94.595 94.495 94.35 94.24 94.162 94.075 93.97 93.905 93.83 93.75 93.717 93.65 93.628 93.615 93.59 93.568 93.56 93.56 93.518 93.473 93.465 93.455 93.423 93.378 93.32 93.305 93.247 93.205 93.132 93.11 93.03 92.975 92.917 92.897 92.838 92.787 92.745 92.658 92.557 92.495 92.46 92.403 92.325 92.255 92.217
95.473 95.495 95.46 95.467 95.485 95.467 95.458 95.45 95.438 95.423 95.39 95.38 95.325 95.285 95.25 95.225 95.16 95.085 94.993 94.96 94.863 94.768 94.76 94.69 94.53 94.417 94.293 94.25 94.115 94.005 93.885 93.765 93.665 93.56 93.485 93.41 93.353 93.255 93.22 93.17 93.14 93.12 93.092 93.045 93.018 92.995 92.975 92.963 92.93 92.905 92.91 92.868 92.827 92.818 92.768 92.715 92.64 92.613 92.57 92.562 92.505 92.45 92.393 92.34 92.323 92.247 92.177 92.105 92.035 91.965 91.89 91.835 91.755
94.688 94.73 94.743 94.75 94.747 94.747 94.743 94.723 94.738 94.73 94.692 94.662 94.628 94.643 94.62 94.572 94.507 94.473 94.397 94.35 94.27 94.188 94.08 94.067 93.93 93.827 93.717 93.622 93.533 93.442 93.33 93.238 93.15 93.08 92.965 92.878 92.827 92.768 92.715 92.645 92.635 92.605 92.55 92.525 92.485 92.467 92.415 92.408 92.372 92.397 92.42 92.357 92.325 92.312 92.262 92.21 92.183 92.14 92.077 92.05 92.022 91.997 91.952 91.92 91.868 91.802 91.738 91.675 91.61 91.533 91.463 91.38 91.3
93.83 93.882 93.895 93.97 93.988 94.025 94.04 94.03 94.015 93.99 93.985 93.993 93.97 93.917 93.895 93.875 93.847 93.798 93.745 93.702 93.637 93.535 93.485 93.438 93.402 93.225 93.11 93.035 92.928 92.85 92.78 92.677 92.573 92.467 92.41 92.345 92.26 92.212 92.152 92.122 92.092 92.083 92.058 92.01 91.942 91.945 91.923 91.925 91.9 91.897 91.872 91.838 91.77 91.783 91.785 91.723 91.658 91.61 91.577 91.553 91.53 91.51 91.48 91.435 91.378 91.348 91.283 91.23 91.155 91.052 90.988 90.925 90.838
92.98 93.058 93.14 93.173 93.183 93.24 93.262 93.272 93.3 93.277 93.25 93.225 93.225 93.22 93.213 93.19 93.143 93.105 93.033 92.982 92.95 92.895 92.812 92.745 92.675 92.59 92.485 92.405 92.333 92.217 92.152 92.058 91.975 91.902 91.808 91.73 91.675 91.653 91.613 91.583 91.54 91.52 91.475 91.438 91.427 91.44 91.387 91.36 91.355 91.327 91.323 91.342 91.315 91.29 91.238 91.175 91.152 91.118 91.08 91.035 91.007 90.99 90.978 90.95 90.923 90.868 90.805 90.735 90.69 90.62 90.533 90.432 90.327
92.213 92.275 92.342 92.4 92.435 92.495 92.503 92.535 92.522 92.485 92.488 92.493 92.48 92.455 92.452 92.448 92.405 92.35 92.323 92.277 92.208 92.147 92.115 92.08 92.025 91.938 91.848 91.757 91.675 91.588 91.53 91.445 91.34 91.257 91.18 91.128 91.067 91.018 91 90.958 90.923 90.9 90.902 90.878 90.848 90.812 90.817 90.825 90.79 90.765 90.757 90.73 90.702 90.677 90.67 90.645 90.592 90.535 90.533 90.51 90.48 90.457 90.44 90.42 90.38 90.34 90.283 90.262 90.177 90.075 90.003 89.893 89.82
91.4 91.485 91.585 91.6 91.645 91.695 91.69 91.715 91.725 91.723 91.735 91.74 91.725 91.705 91.68 91.667 91.645 91.62 91.562 91.507 91.467 91.445 91.385 91.312 91.257 91.21 91.135 91.052 90.965 90.927 90.84 90.743 90.678 90.618 90.548 90.478 90.435 90.39 90.36 90.325 90.31 90.305 90.27 90.243 90.235 90.232 90.235 90.21 90.17 90.155 90.125 90.125 90.095 90.1 90.068 90.015 89.978 89.963 89.94 89.905 89.868 89.87 89.842 89.838 89.795 89.762 89.68 89.598 89.525 89.48 89.42 89.327 89.243
90.62 90.715 90.785 90.815 90.868 90.895 90.9 90.963 90.952 90.93 90.94 90.958 90.94 90.955 90.923 90.92 90.827 90.798 90.76 90.723 90.688 90.643 90.588 90.577 90.522 90.452 90.408 90.333 90.26 90.175 90.13 90.04 89.982 89.927 89.868 89.827 89.787 89.757 89.695 89.673 89.66 89.63 89.625 89.62 89.613 89.59 89.57 89.562 89.537 89.503 89.495 89.482 89.465 89.43 89.423 89.402 89.345 89.295 89.255 89.228 89.21 89.22 89.223 89.173 89.11 89.057 89.003 88.95 88.863 88.785 88.71 88.64 88.573
89.743 89.842 89.97 89.973 90.073 90.128 90.118 90.12 90.153 90.175 90.18 90.145 90.137 90.145 90.107 90.077 90.033 90.018 89.952 89.908 89.885 89.872 89.838 89.772 89.73 89.673 89.643 89.61 89.535 89.5 89.42 89.355 89.307 89.262 89.202 89.147 89.103 89.073 89.033 88.993 88.967 88.973 88.958 88.917 88.893 88.925 88.91 88.905 88.893 88.878 88.835 88.805 88.805 88.823 88.793 88.715 88.675 88.66 88.615 88.558 88.522 88.493 88.458 88.397 88.372 88.338 88.29 88.208 88.135 88.075 88.007 87.985 87.912
88.893 88.965 89.057 89.147 89.2 89.253 89.312 89.357 89.353 89.363 89.372 89.35 89.353 89.335 89.295 89.268 89.215 89.165 89.162 89.155 89.098 89.065 89.022 88.97 88.935 88.897 88.872 88.82 88.75 88.698 88.665 88.637 88.603 88.54 88.478 88.423 88.39 88.365 88.335 88.325 88.285 88.238 88.225 88.235 88.25 88.23 88.198 88.198 88.185 88.175 88.173 88.14 88.118 88.098 88.077 88.042 88.015 87.967 87.905 87.88 87.812 87.76 87.738 87.702 87.635 87.562 87.522 87.473 87.4 87.348 87.272 87.208 87.152
87.965 88.073 88.188 88.255 88.333 88.4 88.443 88.475 88.49 88.537 88.557 88.568 88.542 88.53 88.48 88.452 88.418 88.408 88.365 88.31 88.287 88.29 88.215 88.17 88.145 88.113 88.045 88.01 87.973 87.948 87.925 87.855 87.8 87.79 87.76 87.723 87.702 87.673 87.635 87.577 87.56 87.573 87.573 87.522 87.507 87.527 87.54 87.522 87.518 87.48 87.478 87.405 87.418 87.428 87.4 87.363 87.3 87.265 87.198 87.173 87.125 87.06 86.997 86.932 86.893 86.855 86.78 86.717 86.665 86.588 86.507 86.455 86.39
87.107 87.192 87.287 87.41 87.48 87.49 87.542 87.64 87.677 87.665 87.67 87.66 87.67 87.675 87.65 87.63 87.603 87.57 87.55 87.55 87.52 87.435 87.378 87.348 87.335 87.275 87.27 87.253 87.202 87.147 87.105 87.103 87.077 87.02 86.993 86.963 86.955 86.912 86.89 86.88 86.863 86.838 86.812 86.817 86.827 86.82 86.79 86.783 86.78 86.768 86.765 86.743 86.702 86.667 86.64 86.632 86.57 86.53 86.485 86.425 86.375 86.31 86.257 86.198 86.147 86.062 85.997 85.97 85.908 85.865 85.8 85.73 85.643
86.25 86.375 86.412 86.465 86.552 86.64 86.692 86.745 86.755 86.795 86.795 86.795 86.802 86.798 86.787 86.76 86.755 86.772 86.757 86.708 86.667 86.637 86.62 86.582 86.533 86.507 86.46 86.438 86.387 86.355 86.33 86.32 86.283 86.27 86.255 86.245 86.228 86.21 86.177 86.135 86.113 86.147 86.13 86.113 86.077 86.073 86.062 86.03 86.048 86.045 86.015 85.98 85.97 85.978 85.948 85.925 85.862 85.795 85.73 85.68 85.66 85.62 85.54 85.463 85.41 85.365 85.285 85.25 85.165 85.107 85.043 84.96 84.885
85.49 85.525 85.575 85.645 85.705 85.765 85.812 85.838 85.893 85.93 85.897 85.933 85.955 85.938 85.91 85.928 85.905 85.875 85.88 85.875 85.87 85.868 85.815 85.768 85.735 85.715 85.675 85.647 85.615 85.567 85.537 85.512 85.512 85.493 85.463 85.452 85.44 85.428 85.415 85.387 85.402 85.375 85.39 85.385 85.372 85.363 85.333 85.323 85.287 85.255 85.273 85.25 85.235 85.195 85.165 85.162 85.137 85.083 85.035 84.963 84.905 84.842 84.783 84.732 84.667 84.595 84.515 84.465 84.39 84.33 84.295 84.217 84.155
84.735 84.765 84.802 84.795 84.857 84.915 84.988 84.993 85 85.045 85.085 85.128 85.14 85.13 85.118 85.1 85.098 85.085 85.095 85.088 85.07 85.065 85.025 85.003 84.993 84.95 84.93 84.865 84.792 84.79 84.775 84.747 84.717 84.715 84.71 84.688 84.695 84.673 84.66 84.615 84.625 84.635 84.668 84.658 84.613 84.577 84.567 84.552 84.555 84.548 84.5 84.465 84.455 84.433 84.42 84.402 84.365 84.335 84.277 84.2 84.147 84.115 84.035 83.94 83.872 83.807 83.765 83.708 83.632 83.555 83.482 83.42 83.38
84.143 84.048 83.963 84.042 84.073 84.122 84.155 84.213 84.26 84.275 84.332 84.332 84.34 84.35 84.335 84.355 84.35 84.323 84.32 84.295 84.31 84.29 84.257 84.245 84.243 84.202 84.162 84.118 84.062 84.003 83.955 83.945 83.928 83.912 83.92 83.923 83.92 83.88 83.872 83.878 83.875 83.865 83.833 83.863 83.87 83.835 83.83 83.823 83.79 83.755 83.692 83.693 83.692 83.67 83.618 83.613 83.585 83.567 83.525 83.448 83.408 83.327 83.25 83.195 83.145 83.08 83.022 82.94 82.853 82.765 82.738 82.658 82.613
83.677 84.085 83.64 83.363 83.345 83.355 83.455 83.463 83.478 83.527 83.525 83.53 83.54 83.573 83.585 83.585 83.577 83.59 83.592 83.583 83.557 83.562 83.54 83.503 83.482 83.465 83.445 83.375 83.305 83.272 83.245 83.207 83.188 83.152 83.125 83.105 83.122 83.143 83.107 83.092 83.075 83.095 83.1 83.105 83.12 83.092 83.067 83.003 82.982 82.94 82.925 82.88 82.863 82.857 82.855 82.84 82.805 82.755 82.665 82.618 82.575 82.565 82.503 82.435 82.348 82.265 82.205 82.162 82.1 82.048 81.975 81.9 81.823
83.375 83.505 83.745 83.695 83.403 83.39 83.433 83.365 83.1 82.805 82.785 82.795 82.795 82.775 82.78 82.81 82.855 82.86 82.85 82.833 82.83 82.87 82.832 82.823 82.775 82.728 82.69 82.647 82.618 82.537 82.5 82.438 82.41 82.415 82.393 82.4 82.372 82.338 82.325 82.33 82.335 82.32 82.325 82.353 82.332 82.302 82.28 82.215 82.2 82.11 82.068 82.08 82.092 82.09 82.045 82.02 81.958 81.92 81.885 81.87 81.805 81.747 81.662 81.635 81.59 81.505 81.45 81.393 81.325 81.268 81.207 81.15 81.07
81.59 82.025 82.238 82.255 82.558 82.965 83.2 83.618 83.44 82.522 82.29 82.202 82.143 82.103 82.083 82.105 82.145 82.17 82.175 82.122 82.105 82.103 82.07 82.057 82.058 82.015 81.978 81.927 81.872 81.8 81.762 81.707 81.675 81.67 81.658 81.62 81.595 81.603 81.575 81.55 81.505 81.52 81.545 81.545 81.51 81.48 81.46 81.385 81.34 81.295 81.275 81.25 81.21 81.205 81.162 81.175 81.16 81.137 81.088 81.035 81.018 80.963 80.923 80.835 80.77 80.723 80.675 80.615 80.545 80.515 80.438 80.342 80.257
80.495 80.548 80.62 80.668 80.787 80.933 81.128 81.5 82.153 82.488 82.55 82.577 82.395 81.985 81.805 81.808 81.607 81.47 81.46 81.417 81.413 81.36 81.375 81.355 81.295 81.268 81.198 81.153 81.125 81.062 80.985 80.927 80.887 80.863 80.85 80.878 80.875 80.827 80.762 80.725 80.735 80.75 80.77 80.753 80.725 80.69 80.63 80.625 80.592 80.51 80.425 80.388 80.393 80.36 80.325 80.338 80.317 80.283 80.223 80.223 80.232 80.128 80.062 80.023 79.978 79.917 79.88 79.86 79.795 79.715 79.622 79.585 79.512
79.775 79.815 79.878 79.885 79.963 80.338 80.137 80.055 80.277 80.772 81.065 81.302 81.493 81.905 82.215 82.122 82.057 81.82 81.353 81.1 80.932 80.693 80.695 80.63 80.573 80.518 80.525 80.405 80.345 80.25 80.19 80.14 80.137 80.05 80.035 80.033 80.007 79.978 79.96 79.935 79.89 79.915 79.902 79.933 79.905 79.897 79.863 79.792 79.725 79.688 79.655 79.603 79.56 79.522 79.52 79.472 79.482 79.485 79.465 79.425 79.37 79.33 79.307 79.25 79.213 79.16 79.128 79.06 79.005 78.95 78.887 78.81 78.708
79 79.048 79.13 79.162 79.298 79.257 79.23 79.255 79.505 79.573 79.67 79.872 79.823 80.098 80.223 80.6 80.833 80.973 80.74 81.052 80.978 81.14 80.317 79.955 79.798 79.705 79.622 79.575 79.55 79.512 79.507 79.43 79.353 79.287 79.225 79.188 79.17 79.137 79.107 79.103 79.105 79.095 79.1 79.128 79.12 79.098 79.018 78.985 78.945 78.89 78.817 78.78 78.745 78.713 78.702 78.667 78.652 78.637 78.613 78.603 78.607 78.548 78.52 78.482 78.425 78.368 78.32 78.287 78.245 78.175 78.07 78 77.935
