Matlab/Roost_data/braunton/dsm/ss4538_DSM_2M.asc
ncols 500
nrows 500
xllcorner    245000
yllcorner    138000
cellsize     2
NODATA_value -9999
[rows 150 to 179 of 500, columns 340 to 407 of 500]
96.522 96.177 95.837 95.51 95.205 94.903 94.61 94.292 94.025 93.77 93.507 93.247 93.035 92.825 92.595 92.38 92.2 92.018 91.86 91.702 91.522 91.345 91.223 91.115 90.952 90.817 90.677 90.56 90.42 90.3 90.2 90.052 89.908 89.792 89.68 89.588 89.455 89.35 89.257 89.09 88.868 88.807 88.83 88.805 88.75 88.707 88.67 88.618 88.505 88.21 87.905 87.808 87.87 87.98 87.982 88.405 89.103 87.482 86.982 87.645 88.338 88.545 88.66 88.932 89.42 91.4 90.497 90.243
97.17 96.82 96.478 96.09 95.78 95.47 95.175 94.865 94.572 94.295 94.065 93.802 93.537 93.295 93.1 92.908 92.715 92.507 92.342 92.16 91.99 91.85 91.71 91.573 91.42 91.28 91.137 91.02 90.9 90.757 90.645 90.503 90.342 90.225 90.12 89.995 89.897 89.785 89.658 89.56 89.357 89.217 89.238 89.195 89.13 89.095 89.075 88.997 88.848 88.555 88.292 88.228 88.415 88.555 88.8 90.03 87.868 87.442 88 89.03 88.845 88.955 89.885 89.628 90.188 91.5 91.385 90.333
98.76 97.702 97.18 96.802 96.417 96.09 95.775 95.488 95.175 94.905 94.647 94.395 94.088 93.842 93.615 93.39 93.213 93.055 92.868 92.665 92.478 92.312 92.18 92.03 91.897 91.755 91.618 91.49 91.37 91.235 91.113 90.948 90.802 90.67 90.562 90.438 90.325 90.207 90.088 89.985 89.862 89.73 89.632 89.595 89.54 89.512 89.462 89.387 89.205 88.902 88.68 88.693 88.933 89.243 89.777 88.23 87.84 88.79 89.5 89.775 90.868 89.802 89.9 90.073 90.137 91.448 91.79 91.055
99.43 99.52 98.948 98.24 97.363 96.827 96.438 96.085 95.79 95.48 95.223 94.967 94.728 94.478 94.202 94.003 93.77 93.525 93.357 93.175 92.997 92.835 92.68 92.522 92.363 92.202 92.065 91.945 91.8 91.69 91.575 91.395 91.262 91.145 91.027 90.888 90.785 90.652 90.522 90.4 90.298 90.18 90.08 89.995 89.985 89.95 89.885 89.772 89.57 89.235 89.068 89.18 89.792 90.29 88.665 88.305 89.115 90.173 90.118 90.137 90.13 90.653 90.482 90.515 90.743 92.058 92.152 91.71
98.895 98.945 98.747 98.845 99.102 98.897 98.327 97.14 96.503 96.143 95.863 95.585 95.325 95.095 94.878 94.652 94.412 94.162 93.94 93.695 93.493 93.345 93.195 93.012 92.853 92.695 92.54 92.39 92.24 92.135 92.01 91.85 91.705 91.588 91.465 91.325 91.223 91.122 90.955 90.848 90.738 90.618 90.53 90.415 90.425 90.37 90.31 90.16 89.897 89.575 89.452 89.68 90.75 89.353 90.433 89.503 90.53 91.533 90.588 90.905 91.918 90.805 91.257 90.973 91.995 92.46 92.287 92.12
99.37 99.122 98.868 98.62 98.395 98.5 98.537 98.895 98.95 97.885 97.278 97.073 96.085 95.822 95.542 95.308 95.072 94.842 94.573 94.357 94.13 93.878 93.677 93.52 93.37 93.205 93.045 92.89 92.73 92.63 92.485 92.318 92.185 92.05 91.923 91.787 91.65 91.55 91.435 91.295 91.17 91.083 90.982 90.925 90.908 90.818 90.715 90.545 90.225 89.938 89.87 91.012 90.173 89.372 89.85 90.88 90.768 91.095 91.175 91.42 91.607 91.57 91.757 91.7 91.857 93.257 93.145 92.603
99.975 99.685 99.412 99.1 98.853 98.625 98.382 98.162 98.195 98.387 98.665 98.637 97.945 97.295 96.582 96.595 95.963 95.552 95.31 95.022 94.783 94.595 94.317 94.115 93.89 93.73 93.577 93.435 93.268 93.135 92.985 92.802 92.658 92.527 92.38 92.215 92.118 91.985 91.855 91.75 91.635 91.5 91.438 91.38 91.37 91.37 91.143 90.925 90.588 90.327 90.942 91.245 89.882 90.375 91.315 91.423 91.423 91.58 91.8 91.935 92.083 92.245 92.327 92.312 92.632 95.613 93.815 93.05
100.557 100.335 100.022 99.702 99.412 99.158 98.902 98.655 98.432 98.188 97.965 97.895 98.188 98.12 98.32 97.988 97.768 97.475 97.197 96.228 95.445 95.25 95.022 94.775 94.57 94.355 94.13 93.952 93.842 93.673 93.47 93.305 93.15 93.007 92.857 92.692 92.557 92.435 92.318 92.195 92.1 91.97 91.902 91.833 91.823 91.815 91.582 91.285 90.93 90.722 92.193 90.833 90.235 90.947 91.958 91.753 92.053 92.185 92.423 92.537 92.762 92.87 93.025 92.99 93.145 94.12 94.152 93.707
101.15 100.857 100.592 100.315 100.042 99.765 99.51 99.247 99.022 98.765 98.515 98.268 98.092 97.925 97.805 97.77 97.84 98.155 97.838 97.713 97.17 96.027 95.72 95.417 95.192 94.988 94.84 94.598 94.44 94.238 94.035 93.825 93.673 93.51 93.332 93.19 93.065 92.908 92.805 92.677 92.57 92.473 92.357 92.308 92.27 92.08 92.012 91.643 91.29 91.425 92.93 90.77 90.628 91.378 92.21 92.353 92.76 92.798 92.94 93.385 93.402 93.522 93.625 93.628 95.798 94.693 94.083 94.33
101.805 101.493 101.217 100.948 100.652 100.408 100.163 99.89 99.628 99.39 99.132 98.95 98.698 98.47 98.245 98.068 98.033 97.827 98.018 97.67 97.438 97.787 97.5 96.923 96.34 95.9 95.522 95.29 95.075 94.872 94.64 94.433 94.265 94.105 93.925 93.747 93.577 93.38 93.268 93.16 93.045 92.935 92.857 92.79 92.76 92.607 92.415 92.027 91.735 92.557 91.902 91.168 91.067 91.083 91.673 92.402 92.95 93.29 93.628 93.87 94.235 94.567 94.393 94.217 94.48 95.423 94.855 94.69
102.48 102.18 101.912 101.613 101.34 101.03 100.78 100.533 100.262 100.048 99.807 99.58 99.34 99.103 98.9 98.677 98.478 98.225 98.06 97.87 97.695 97.842 98.21 98.005 97.762 97.845 97.062 96.353 95.635 95.5 95.36 95.083 94.86 94.698 94.525 94.318 94.122 93.975 93.815 93.682 93.575 93.45 93.38 93.308 93.195 93.065 92.827 92.463 92.908 92.872 91.875 91.967 92.54 92.243 92.21 92.027 92.33 92.798 93.355 93.95 94.75 96.74 95.262 94.935 95.092 95.81 95.143 95.21
103.125 102.848 102.58 102.292 102.023 101.73 101.488 101.21 100.932 100.723 100.49 100.26 100.01 99.798 99.562 99.32 99.145 98.865 98.673 98.46 98.235 98.05 97.853 97.67 97.592 98.36 98.27 97.63 97.225 97.025 96.815 96.45 95.592 95.215 95.118 94.93 94.69 94.533 94.39 94.25 94.162 94.022 93.882 93.755 93.65 93.51 93.238 93.107 93.412 92.967 92.22 94.18 93.622 94.8 93.89 94.355 94.56 95.295 94.268 93.887 94.208 94.808 95.357 96.447 95.863 96.637 95.825 95.838
103.77 103.493 103.257 102.975 102.73 102.442 102.198 101.917 101.667 101.438 101.173 100.938 100.723 100.47 100.268 100.01 99.78 99.503 99.283 99.077 98.812 98.632 98.425 98.158 97.955 97.952 98.293 98.555 98.17 98.035 98.065 97.47 97.47 97.298 96.52 96.348 95.528 95.188 95.052 94.855 94.675 94.615 94.49 94.333 94.19 93.973 93.75 93.768 94.423 93.11 92.725 93.02 93.988 95.005 94.845 95.272 95.595 95.865 96.255 96.092 96.005 95.268 95.265 95.887 96.292 96.963 96.357 96.32
104.433 104.178 103.94 103.673 103.427 103.15 102.895 102.625 102.405 102.135 101.902 101.662 101.428 101.17 100.95 100.73 100.48 100.193 99.94 99.69 99.46 99.21 98.973 98.803 98.525 98.335 98.118 98.195 98.632 98.615 98.605 98.41 97.882 98.215 97.57 97.452 96.988 96.95 96.5 96.202 95.823 95.32 95.18 94.878 94.698 94.537 94.23 93.997 94.717 93.948 93.603 94.173 94.993 95.327 95.685 96.033 96.345 96.592 96.775 96.935 97.042 97.11 95.895 95.902 96.583 97.712 96.777 97.128
105.145 104.865 104.628 104.355 104.122 103.853 103.603 103.322 103.098 102.86 102.613 102.365 102.155 101.9 101.683 101.445 101.192 100.928 100.65 100.387 100.162 99.89 99.652 99.378 99.162 98.93 98.717 98.465 98.29 98.382 98.495 98.5 98.342 98.165 98.895 98.762 97.993 98.162 97.868 97.667 97.667 97.035 97.122 96.668 96.562 95.943 94.7 94.205 93.902 93.91 93.91 94.2 94.79 95.315 95.82 96.24 96.577 96.84 97.033 97.223 97.635 98.035 97.548 96.3 96.62 97.747 97.783 97.595
105.868 105.575 105.338 105.06 104.833 104.577 104.325 104.06 103.81 103.57 103.353 103.12 102.895 102.667 102.442 102.285 101.963 101.705 101.47 101.175 100.887 100.628 100.345 100.095 99.845 99.59 99.375 99.132 98.908 98.673 98.462 98.26 98.175 98.14 98.235 98.105 97.728 98.618 98.238 97.993 97.42 97.37 97.338 96.467 95.66 95.342 95.19 94.783 94.305 94.4 94.268 94.702 95.205 95.708 96.162 96.557 96.923 97.213 97.412 97.567 97.84 98.085 98.302 97.613 96.842 97.793 98.865 98.23
106.55 106.302 106.05 105.78 105.552 105.275 105.045 104.785 104.57 104.348 104.143 103.905 103.708 103.477 103.247 103.012 102.753 102.47 102.198 101.93 101.68 101.4 101.158 100.887 100.592 100.327 100.092 99.835 99.583 99.375 99.173 98.978 98.715 98.603 98.29 98.145 98.283 98.105 97.993 97.432 97.382 97.84 97.885 96.66 95.793 95.475 95.808 94.893 94.495 94.515 95.052 95.363 95.785 96.215 96.658 97.033 97.34 97.63 97.83 98.045 98.217 98.327 98.923 98.84 97.41 97.702 99.58 98.995
107.253 106.993 106.76 106.52 106.3 106.03 105.825 105.577 105.355 105.113 104.932 104.717 104.5 104.272 104.075 103.81 103.55 103.285 103.015 102.723 102.46 102.202 101.96 101.652 101.405 101.145 100.863 100.628 100.375 100.182 99.928 99.673 99.443 99.205 98.938 98.7 98.448 98.213 97.988 97.692 97.47 97.215 96.963 96.565 96.342 96.003 96.485 96.238 95.268 95.522 95.825 96.067 96.425 96.8 97.202 97.535 97.783 98.06 98.298 98.488 98.717 98.893 99.12 99.445 98.397 97.91 99.28 100.12
107.908 107.71 107.465 107.232 107.015 106.785 106.555 106.315 106.13 105.875 105.723 105.51 105.325 105.083 104.87 104.622 104.378 104.103 103.842 103.548 103.285 102.985 102.743 102.463 102.205 101.92 101.658 101.382 101.137 100.895 100.655 100.39 100.14 99.878 99.61 99.34 99.1 98.855 98.615 98.518 98.098 97.952 97.772 97.49 97.202 96.777 96.435 96.145 96.202 96.355 96.558 96.793 97.118 97.452 97.785 98.05 98.285 98.533 98.82 99.03 99.232 99.44 99.717 100.84 100.72 98.435 99.003 100.925
108.507 108.298 108.065 107.872 107.67 107.48 107.25 107.057 106.857 106.64 106.46 106.3 106.113 105.878 105.663 105.423 105.165 104.89 104.645 104.348 104.073 103.807 103.533 103.235 102.975 102.68 102.42 102.147 101.88 101.625 101.37 101.095 100.835 100.552 100.27 100.003 99.71 99.495 99.31 99.092 98.92 98.7 98.542 98.35 98.022 97.615 97.285 97.122 97.17 97.238 97.36 97.598 97.912 98.18 98.485 98.702 98.912 99.13 99.397 99.588 99.805 100.012 100.238 100.632 101.075 99.677 98.97 100.982
109.065 108.87 108.667 108.473 108.298 108.103 107.915 107.732 107.552 107.353 107.18 107.015 106.808 106.583 106.372 106.165 105.887 105.655 105.405 105.125 104.853 104.575 104.31 104.003 103.728 103.455 103.188 102.912 102.63 102.385 102.095 101.812 101.575 101.213 100.89 100.647 100.438 100.26 100.048 99.805 99.652 99.465 99.268 99.192 98.958 98.57 98.173 98.01 98.088 98.17 98.348 98.55 98.713 98.975 99.22 99.385 99.635 99.807 100.025 100.262 100.41 100.605 100.808 101.007 101.743 100.878 99.323 100.315
109.592 109.432 109.262 109.088 108.902 108.747 108.527 108.353 108.183 108.015 107.827 107.66 107.452 107.265 107.042 106.835 106.615 106.37 106.105 105.833 105.607 105.348 105.073 104.805 104.55 104.23 103.938 103.635 103.363 103.122 102.842 102.515 102.243 101.95 101.665 101.415 101.182 100.99 100.772 100.57 100.372 100.22 100.08 99.943 99.848 99.595 99.177 99.007 99.042 99.198 99.285 99.478 99.62 99.812 99.988 100.098 100.335 100.548 100.693 100.88 101.04 101.23 101.402 101.598 102.177 102.715 100.507 100.052
110.15 109.975 109.82 109.662 109.495 109.33 109.152 108.965 108.79 108.615 108.425 108.27 108.085 107.87 107.667 107.473 107.277 107.05 106.777 106.558 106.3 106.043 105.775 105.512 105.178 104.91 104.618 104.372 104.143 103.89 103.575 103.287 102.965 102.68 102.4 102.135 101.9 101.67 101.512 101.353 101.245 101.02 100.863 100.762 100.667 100.497 100.21 100.085 100.075 100.19 100.265 100.35 100.505 100.615 100.75 100.948 101.073 101.283 101.435 101.565 101.747 101.872 102.03 102.212 102.402 102.955 102.405 100.335
110.66 110.525 110.372 110.217 110.045 109.88 109.713 109.525 109.335 109.18 109.018 108.847 108.658 108.47 108.265 108.077 107.915 107.698 107.48 107.243 106.993 106.747 106.505 106.243 105.938 105.71 105.433 105.165 104.885 104.625 104.293 104.038 103.738 103.438 103.167 102.938 102.702 102.452 102.28 102.122 101.938 101.792 101.685 101.542 101.438 101.365 101.217 101.137 101.155 101.14 101.24 101.272 101.372 101.495 101.562 101.747 101.89 102.025 102.16 102.277 102.402 102.565 102.677 102.85 103.018 103.37 103.882 101.348
111.18 111.02 110.868 110.698 110.522 110.378 110.228 110.05 109.88 109.708 109.548 109.375 109.213 109.03 108.838 108.667 108.5 108.318 108.125 107.925 107.66 107.423 107.192 106.97 106.685 106.408 106.165 105.897 105.598 105.365 105.103 104.812 104.518 104.247 103.98 103.722 103.503 103.302 103.103 102.912 102.743 102.583 102.488 102.357 102.268 102.22 102.155 102.033 102.09 102.107 102.128 102.217 102.243 102.355 102.418 102.535 102.7 102.802 102.91 103.007 103.1 103.232 103.335 103.49 103.67 103.855 104.48 103.018
111.63 111.482 111.31 111.137 110.98 110.827 110.68 110.54 110.378 110.205 110.048 109.868 109.717 109.545 109.393 109.265 109.07 108.9 108.692 108.495 108.283 108.057 107.845 107.615 107.378 107.152 106.905 106.66 106.368 106.11 105.838 105.55 105.29 105.07 104.775 104.51 104.28 104.088 103.868 103.7 103.545 103.4 103.29 103.202 103.113 103.06 103.037 102.958 102.96 102.97 103.03 103.128 103.14 103.217 103.31 103.39 103.527 103.6 103.647 103.757 103.835 103.942 104.037 104.145 104.338 104.478 104.777 104.97
111.993 111.857 111.7 111.543 111.4 111.265 111.13 111.012 110.855 110.688 110.548 110.39 110.23 110.055 109.912 109.753 109.585 109.435 109.438 109.075 108.85 108.645 108.455 108.26 108.048 107.848 107.615 107.372 107.1 106.87 106.582 106.315 106.062 105.815 105.533 105.295 105.07 104.84 104.693 104.5 104.342 104.243 104.098 104.04 103.975 103.9 103.887 103.84 103.857 103.895 103.915 104.012 104.1 104.11 104.213 104.283 104.348 104.413 104.423 104.488 104.583 104.628 104.743 104.837 104.973 105.1 105.225 105.713
112.363 112.205 112.075 111.938 111.805 111.692 111.562 111.435 111.317 111.17 111.012 110.87 110.713 110.58 110.412 110.262 110.11 109.952 109.81 109.63 109.435 109.245 109.068 108.87 108.68 108.515 108.287 108.09 107.838 107.58 107.32 107.055 106.81 106.565 106.298 106.065 105.842 105.625 105.438 105.303 105.158 105.062 104.945 104.885 104.842 104.777 104.775 104.768 104.762 104.815 104.903 104.94 105.007 105.035 105.12 105.145 105.145 105.188 105.22 105.243 105.338 105.36 105.433 105.542 105.607 105.732 105.855 106.037
112.738 112.603 112.448 112.325 112.2 112.085 111.97 111.857 111.73 111.588 111.462 111.312 111.175 111.027 110.89 110.747 110.612 110.482 110.323 110.17 109.993 109.79 109.62 109.47 109.3 109.132 108.955 108.743 108.527 108.287 108.027 107.795 107.528 107.293 107.035 106.802 106.6 106.4 106.228 106.098 105.965 105.878 105.823 105.728 105.688 105.65 105.64 105.692 105.683 105.743 105.868 105.853 105.9 105.943 105.98 106.025 106.003 106.003 106.043 106.033 106.048 106.118 106.14 106.22 106.255 106.348 106.44 106.525
113.115 112.965 112.845 112.725 112.598 112.493 112.378 112.255 112.13 111.99 111.865 111.732 111.6 111.463 111.338 111.205 111.083 110.95 110.83 110.665 110.503 110.33 110.167 110.022 109.863 109.715 109.558 109.368 109.175 108.96 108.715 108.478 108.235 108.005 107.785 107.533 107.333 107.175 106.99 106.86 106.772 106.66 106.622 106.56 106.533 106.567 106.548 106.59 106.607 106.632 106.747 106.77 106.757 106.82 106.81 106.838 106.845 106.805 106.802 106.785 106.812 106.833 106.857 106.855 106.925 106.967 106.995 107.092
