Matlab/Roost_data/braunton/dsm/ss4535_DSM_2M.asc
ncols 500
nrows 500
xllcorner    245000
yllcorner    135000
cellsize     2
NODATA_value -9999
[rows 363 to 395 of 500, columns 0 to 72 of 500]
9.045 9.038 9.017 9.038 9.125 9.102 8.898 8.915 8.887 8.943 8.94 8.952 8.913 8.868 8.82 8.743 8.828 8.83 8.833 8.86 8.877 8.885 8.922 8.985 9.015 9.023 9.023 9.015 9.052 9.198 9.29 9.743 10.365 9.91 9.297 9.233 9.177 9.21 9.185 9.202 9.252 9.667 10.375 10.863 9.895 9.427 9.417 9.337 9.175 9.135 9.108 9.113 9.153 9.175 9.195 9.22 9.382 9.32 9.283 9.637 9.875 10.318 10.67 10.95 11.235 11.547 11.717 11.925 12.253 12.545 12.892 13.115 13.323
9.003 8.972 8.95 8.938 8.927 8.885 8.825 8.845 8.915 8.94 8.962 8.96 8.922 8.885 8.802 8.705 8.798 8.81 8.818 8.852 8.89 8.895 8.908 8.945 8.983 9.045 9.078 9.045 9.125 9.188 9.365 10.363 10.745 10.083 9.318 9.105 9.115 9.138 9.15 9.205 9.267 9.58 10.155 10.29 9.453 9.305 9.33 9.222 9.142 9.145 9.132 9.16 9.167 9.18 9.202 9.262 9.435 9.28 9.355 9.675 9.993 10.493 10.875 11.167 11.42 11.583 11.792 11.935 12.222 12.595 12.948 13.157 13.32
9.007 8.97 8.935 8.92 8.9 8.798 8.753 8.788 8.852 8.923 8.958 8.977 8.932 8.878 8.783 8.7 8.785 8.8 8.83 8.872 8.873 8.9 8.908 8.938 8.997 9.045 9.087 9.07 9.172 9.205 9.25 9.825 9.792 9.257 9.077 9.118 9.198 9.142 9.145 9.26 9.462 9.573 9.76 9.842 9.378 9.323 9.337 9.25 9.16 9.105 9.097 9.132 9.158 9.203 9.227 9.33 9.448 9.257 9.483 9.765 10.172 10.705 11.073 11.355 11.528 11.618 11.88 12.06 12.278 12.542 12.92 13.1 13.29
9.045 8.927 8.868 8.863 8.795 8.735 8.722 8.76 8.84 8.898 8.962 8.983 8.972 8.903 8.795 8.703 8.77 8.807 8.833 8.87 8.89 8.915 8.932 8.935 8.997 9.005 9.045 9.122 9.21 9.298 9.21 9.17 9.12 9.068 9.045 9.102 9.235 9.227 9.175 9.288 9.427 9.705 9.575 9.365 9.363 9.363 9.235 9.148 9.097 9.09 9.125 9.16 9.145 9.182 9.217 9.347 9.32 9.26 9.623 9.825 10.257 10.875 11.298 11.512 11.653 11.755 11.94 12.198 12.33 12.467 12.73 13.075 13.285
9.078 9.085 8.988 8.858 8.812 8.738 8.733 8.765 8.823 8.905 8.945 8.972 8.948 8.89 8.767 8.685 8.765 8.82 8.863 8.903 8.943 8.953 8.967 8.94 8.97 9.025 9.057 9.148 9.18 9.188 9.148 9.11 9.118 9.075 9.055 9.083 9.14 9.15 9.155 9.15 9.222 9.425 9.378 9.3 9.392 9.247 9.135 9.105 9.065 9.087 9.145 9.138 9.132 9.18 9.257 9.427 9.295 9.35 9.705 9.905 10.392 11.195 11.727 11.985 11.983 12.062 12.252 12.288 12.403 12.557 12.648 12.875 13.123
9.573 9.427 9.05 8.98 9.142 9.04 8.952 8.788 8.845 8.913 8.96 8.92 8.868 8.863 8.767 8.698 8.783 8.835 8.875 8.925 8.95 8.975 9.005 8.995 8.993 9.05 9.132 9.203 9.17 9.118 9.12 9.083 9.09 9.04 9.068 9.12 9.1 9.108 9.23 9.295 9.227 9.193 9.21 9.262 9.307 9.225 9.125 9.087 9.07 9.105 9.145 9.137 9.167 9.203 9.315 9.405 9.238 9.453 9.757 10.042 10.712 11.385 11.845 12.13 12.34 12.525 12.77 12.773 12.703 12.78 12.858 12.818 13.045
10.315 9.217 8.922 9.025 9.682 9.345 9.155 8.887 8.868 8.91 8.882 8.837 8.825 8.842 8.765 8.71 8.828 8.86 8.903 8.955 8.977 9.025 9.033 9.038 9.01 9.04 9.18 9.238 9.172 9.083 9.097 9.078 9.038 9.038 9.08 9.087 9.062 9.118 9.24 9.493 9.515 9.332 9.257 9.318 9.257 9.19 9.087 9.05 9.062 9.182 9.163 9.153 9.175 9.2 9.343 9.3 9.22 9.66 9.872 10.27 10.95 11.547 11.977 12.25 12.48 12.685 13.035 13.093 13.068 13.297 13.385 13.19 13.26
10.605 10.113 9.46 9.208 9.538 9.422 9.095 8.898 8.85 8.872 8.833 8.842 8.812 8.8 8.708 8.727 8.865 8.917 8.925 8.96 8.997 9.028 9.048 9.042 9.042 9.09 9.255 9.28 9.125 9.035 9.047 9.07 9.068 9.038 9.057 9.068 9.083 9.145 9.235 9.465 9.568 9.385 9.225 9.22 9.17 9.087 9.057 9.06 9.125 9.142 9.14 9.153 9.182 9.215 9.392 9.193 9.31 9.738 10.092 10.685 11.257 11.72 12.148 12.462 12.432 12.628 12.905 13.047 13.16 13.395 13.253 13.198 13.237
10.735 10.2 9.368 9.413 9.43 9.358 9.102 8.868 8.86 8.89 8.905 8.85 8.788 8.767 8.703 8.757 8.908 9.042 9.05 9.007 9.023 9.06 9.068 9.062 9.062 9.118 9.22 9.185 9.057 9.017 9.042 9.073 9.118 9.073 9.078 9.08 9.132 9.148 9.175 9.222 9.307 9.205 9.19 9.198 9.108 9.085 9.025 9.057 9.163 9.135 9.158 9.177 9.205 9.325 9.343 9.06 9.435 9.842 10.43 10.877 11.34 11.783 12.042 12.15 12.212 12.373 12.622 12.757 12.997 13.118 13.175 13.208 13.408
10.565 10.642 9.05 9.17 9.27 9.045 8.913 8.858 8.882 8.932 8.943 8.868 8.81 8.775 8.73 8.773 8.955 9.292 9.32 9.14 9.07 9.105 9.08 9.057 9.073 9.142 9.188 9.127 9.068 9.007 9.017 9.073 9.108 9.083 9.113 9.118 9.108 9.142 9.157 9.215 9.212 9.172 9.153 9.15 9.102 9.012 9.025 9.1 9.13 9.148 9.132 9.165 9.167 9.302 9.093 9.015 9.667 10.035 10.608 11.073 11.462 11.762 11.962 12.118 12.087 12.245 12.345 12.47 12.717 12.922 12.977 13.225 13.467
10.03 9.762 8.97 9.03 8.92 8.847 8.858 8.885 8.955 8.99 8.95 8.863 8.798 8.762 8.695 8.753 8.945 9.26 9.245 9.095 9.062 9.11 9.06 9.052 9.08 9.155 9.148 9.095 9.052 9.025 9.023 9.068 9.062 9.127 9.328 9.325 9.18 9.148 9.202 9.16 9.193 9.26 9.217 9.153 9.08 8.995 9.023 9.11 9.137 9.128 9.113 9.155 9.217 9.328 8.945 9.135 9.727 10.128 10.685 11.177 11.445 11.613 11.95 12.1 12.193 12.34 12.36 12.41 12.608 12.743 12.825 13.055 13.368
9.215 8.935 8.83 8.812 8.812 8.85 8.882 8.945 8.96 8.92 8.86 8.818 8.788 8.76 8.735 8.765 8.863 8.977 9.03 8.987 9.023 9.06 9.07 9.065 9.1 9.137 9.148 9.09 9.068 9.052 9.03 9.077 9.07 9.125 9.25 9.25 9.193 9.165 9.235 9.193 9.127 9.2 9.293 9.153 9.07 9 9.02 9.09 9.085 9.092 9.12 9.17 9.257 9.15 8.84 9.31 9.833 10.443 10.795 11.198 11.405 11.637 11.938 12.148 12.307 12.432 12.443 12.525 12.602 12.733 12.845 13.035 13.297
8.845 8.773 8.743 8.767 8.778 8.837 8.882 8.91 8.9 8.835 8.802 8.78 8.765 8.767 8.75 8.762 8.835 8.873 8.915 8.955 8.965 8.99 9.038 9.06 9.128 9.145 9.13 9.068 9.04 9.007 9.025 9.048 9.06 9.093 9.102 9.153 9.212 9.22 9.158 9.157 9.093 9.135 9.083 9.042 9.003 8.99 9.038 9.105 9.108 9.088 9.153 9.173 9.32 8.815 8.825 9.568 9.878 10.37 10.597 10.913 11.267 11.517 11.762 11.99 12.11 12.26 12.413 12.608 12.75 12.892 12.97 13.102 13.292
8.792 8.753 8.738 8.712 8.727 8.773 8.823 8.825 8.805 8.778 8.76 8.76 8.722 8.735 8.712 8.743 8.81 8.842 8.895 8.925 8.93 8.977 9.05 9.097 9.135 9.108 9.108 9.052 8.99 9.017 9.028 9.023 9.04 9.073 9.115 9.142 9.24 9.25 9.18 9.075 9.06 9.06 9.01 9.01 9.002 9.012 9.09 9.1 9.065 9.065 9.13 9.243 9.262 8.67 8.955 9.538 9.77 10.025 10.233 10.57 11 11.2 11.515 11.762 11.908 12.17 12.48 12.733 12.91 13.06 13.222 13.265 13.333
8.802 8.745 8.715 8.695 8.727 8.765 8.82 8.82 8.78 8.765 8.745 8.755 8.717 8.71 8.698 8.7 8.755 8.802 8.863 8.898 8.92 8.965 9.02 9.105 9.14 9.09 9.092 9.042 9.01 9.03 9.023 9.025 9.073 9.108 9.177 9.195 9.207 9.212 9.173 9.105 9.04 9.028 8.993 8.995 9.003 9.028 9.087 9.077 9.06 9.087 9.312 9.585 8.818 8.632 9.142 9.467 9.698 9.958 10.043 10.285 10.602 10.845 11.163 11.465 11.698 12.025 12.398 12.677 12.945 13.202 13.42 13.485 13.495
8.85 8.778 8.76 8.727 8.753 8.783 8.808 8.797 8.807 8.835 8.77 8.78 8.738 8.725 8.695 8.66 8.74 8.8 8.865 8.9 8.93 8.96 9.035 9.118 9.105 9.095 9.083 9.025 8.995 9.03 9.028 9.04 9.08 9.205 9.227 9.215 9.173 9.235 9.21 9.212 9.095 9.087 8.987 8.997 9.015 9.04 9.078 9.052 9.09 9.118 9.2 9.488 8.573 8.69 9.325 9.46 9.623 9.763 9.845 10.085 10.29 10.59 10.868 11.16 11.395 11.86 12.25 12.568 12.84 13.198 13.43 13.498 13.653
8.955 8.823 8.828 8.812 8.783 8.785 8.783 8.802 8.847 8.895 8.82 8.78 8.75 8.757 8.703 8.675 8.745 8.79 8.837 8.86 8.903 8.957 9.065 9.108 9.087 9.095 9.073 9.017 9.017 9.04 9.065 9.052 9.08 9.148 9.188 9.247 9.17 9.25 9.227 9.177 9.062 9.003 9.04 9.005 9.007 9.047 9.055 9.05 9.095 9.148 9.227 8.825 8.555 8.95 9.33 9.408 9.54 9.677 9.795 10.012 10.24 10.432 10.698 10.935 11.225 11.663 12.045 12.305 12.49 12.885 13.172 13.413 13.648
9.083 8.852 8.858 8.847 8.77 8.727 8.717 8.727 8.783 8.843 8.805 8.773 8.78 8.792 8.718 8.63 8.733 8.755 8.83 8.863 8.922 8.997 9.1 9.097 9.09 9.102 9.055 9 9.023 9.04 9.043 9.033 9.097 9.165 9.175 9.165 9.13 9.155 9.17 9.11 9.017 9.017 9.068 8.975 8.96 9.03 9.028 9.055 9.118 9.167 9.068 8.51 8.54 9.21 9.342 9.435 9.535 9.658 9.807 9.972 10.227 10.44 10.648 10.842 11.113 11.453 11.795 12.062 12.372 12.698 13.088 13.43 13.545
9.115 8.842 8.825 8.805 8.753 8.705 8.705 8.708 8.743 8.785 8.795 8.792 8.775 8.805 8.695 8.613 8.738 8.775 8.845 8.892 8.927 9.033 9.155 9.113 9.093 9.07 9.023 8.997 9.07 9.052 9.038 9.065 9.077 9.128 9.155 9.172 9.188 9.113 9.092 9.127 9.042 8.99 8.965 8.968 8.965 9.025 9.05 9.083 9.11 9.158 8.765 8.493 8.73 9.288 9.358 9.452 9.51 9.66 9.795 9.98 10.222 10.462 10.69 10.863 11.105 11.408 11.685 12.075 12.445 12.845 13.358 13.533 13.688
9.092 8.858 8.8 8.763 8.735 8.747 8.74 8.737 8.74 8.757 8.795 8.818 8.808 8.833 8.745 8.65 8.778 8.802 8.875 8.92 8.985 9.115 9.185 9.12 9.118 9.08 9.02 9.03 9.165 9.122 9.028 9.038 9.09 9.135 9.167 9.207 9.198 9.125 9.075 9.038 9.003 8.985 8.997 9.01 9.025 9.038 9.055 9.095 9.12 9.172 8.54 8.515 8.945 9.32 9.408 9.48 9.587 9.738 9.84 9.965 10.2 10.517 10.755 10.972 11.188 11.51 11.858 12.292 12.725 13.19 13.608 13.65 13.795
9.318 8.885 8.812 8.753 8.738 8.75 8.75 8.743 8.753 8.807 8.865 8.88 8.87 8.865 8.725 8.65 8.785 8.828 8.878 8.932 9.005 9.137 9.18 9.175 9.175 9.1 9.045 9.023 9.097 9.13 9.06 9.068 9.12 9.142 9.15 9.158 9.182 9.122 9.102 9.087 9.03 9.007 8.977 8.995 9.05 9.02 9.078 9.11 9.165 8.927 8.438 8.58 9.267 9.44 9.557 9.622 9.75 9.847 9.962 10.137 10.35 10.658 10.898 11.068 11.305 11.635 12.005 12.52 13.032 13.483 13.66 13.88 14.04
9.055 8.91 8.823 8.765 8.715 8.722 8.743 8.75 8.798 8.845 8.915 8.952 8.885 8.865 8.757 8.715 8.828 8.852 8.908 8.967 9.052 9.16 9.198 9.19 9.157 9.08 9.03 9.065 9.145 9.165 9.097 9.085 9.113 9.12 9.112 9.118 9.122 9.115 9.08 9.042 8.988 8.972 8.977 8.99 9.045 9.048 9.073 9.102 9.175 8.52 8.472 8.965 9.528 9.65 9.725 9.8 9.948 10.073 10.185 10.382 10.565 10.788 11.012 11.208 11.443 11.823 12.16 12.61 13.03 13.195 13.517 13.988 14.205
9.042 8.898 8.81 8.743 8.715 8.722 8.725 8.773 8.825 8.885 8.91 8.895 8.872 8.885 8.747 8.73 8.858 8.86 8.91 9.002 9.15 9.195 9.18 9.163 9.13 9.06 9.02 9.052 9.102 9.105 9.073 9.095 9.137 9.127 9.12 9.158 9.165 9.185 9.035 9.033 8.972 8.997 9 9.028 9.023 9.042 9.08 9.163 9.068 8.458 8.55 9.593 9.962 9.995 10.05 10.165 10.295 10.392 10.542 10.712 10.903 11.003 11.18 11.372 11.648 12.017 12.368 12.628 12.835 13.033 13.413 13.84 14.16
9.062 8.905 8.83 8.767 8.725 8.735 8.77 8.83 8.885 8.92 8.882 8.852 8.855 8.878 8.8 8.757 8.858 8.887 8.935 9.078 9.212 9.227 9.19 9.148 9.11 9.062 9.005 9.017 9.057 9.025 9.083 9.11 9.195 9.177 9.158 9.233 9.158 9.198 9.102 9.025 8.99 8.965 9.003 9.023 9.05 9.212 9.217 9.352 8.72 8.475 8.828 9.98 10.295 10.413 10.505 10.663 10.907 11.068 11.095 11.193 11.387 11.48 11.467 11.58 11.87 12.23 12.713 13.038 13.18 13.355 13.612 13.763 14.167
9.257 8.958 8.818 8.802 8.778 8.78 8.828 8.88 8.943 8.91 8.86 8.872 8.87 8.91 8.852 8.812 8.847 8.865 8.958 9.108 9.278 9.3 9.22 9.17 9.108 9.052 9.017 9.03 9.028 9.007 9.047 9.135 9.148 9.142 9.155 9.145 9.14 9.195 9.108 9.007 8.943 8.96 9.007 9.038 9.068 9.233 9.23 9.45 8.525 8.525 9.142 10.153 10.455 10.695 10.852 11.06 11.342 11.59 11.7 11.832 12.02 11.91 11.86 11.97 12.233 12.525 12.855 13.278 13.552 13.737 13.932 14.023 14.37
9.352 8.99 8.82 8.788 8.825 8.84 8.868 8.915 8.975 8.953 8.925 8.908 8.922 8.93 8.86 8.815 8.878 8.873 9 9.17 9.315 9.365 9.255 9.18 9.102 9.052 9.033 9.028 9.013 9.083 9.073 9.142 9.102 9.097 9.118 9.095 9.052 9.045 9.078 8.98 8.932 8.985 9.03 9.04 9.057 9.335 10.16 9.235 8.528 8.78 10.068 10.253 10.533 10.865 11.13 11.342 11.62 11.882 12.035 12.283 12.342 12.233 12.033 12.1 12.373 12.838 13.458 13.835 13.99 14.11 14.217 14.37 14.613
9.368 9.165 8.89 8.835 8.86 8.882 8.9 8.927 8.995 9.055 9.042 9 8.948 8.948 8.86 8.828 8.88 8.875 9.087 9.247 9.305 9.325 9.233 9.185 9.148 9.078 9.055 9.042 9.11 9.275 9.202 9.148 9.137 9.042 8.99 9.02 9.023 9.04 9.05 8.962 8.922 8.993 9.02 9.048 9.1 9.29 9.915 8.68 8.535 9.302 10.097 10.462 10.773 11.003 11.278 11.505 11.812 12.03 12.323 12.717 12.663 12.552 12.355 12.515 12.828 13.222 13.895 14.21 14.347 14.26 14.335 14.663 14.837
9.47 9.307 8.995 8.895 8.93 8.927 8.913 8.927 8.983 9.13 9.252 9.12 8.99 8.952 8.88 8.87 8.875 8.885 9.052 9.283 9.358 9.267 9.153 9.115 9.11 9.083 9.023 9.017 9.128 9.25 9.22 9.137 9.212 9.153 9.023 9.09 9.09 8.997 8.952 8.943 8.983 9.005 9.038 9.073 9.19 9.77 9.458 8.578 8.648 9.868 10.28 10.62 10.895 11.175 11.42 11.703 11.975 12.265 12.685 13.015 13.095 12.852 12.672 13.025 13.403 13.608 14.023 14.47 14.608 14.398 14.4 14.585 14.76
9.405 9.38 9.188 8.975 8.988 8.967 8.932 8.932 9.017 9.148 9.24 9.163 9.02 8.96 8.917 8.88 8.898 8.913 9.03 9.225 9.29 9.2 9.08 9.065 9.085 9.06 9.01 9.017 9.075 9.2 9.225 9.257 9.262 9.182 9.065 9.073 9.033 8.958 8.955 8.985 8.988 9.007 9.055 9.073 9.252 10.028 8.815 8.632 8.91 10.073 10.445 10.74 10.972 11.29 11.645 11.917 12.137 12.493 12.965 13.23 13.173 13.02 13.032 13.425 13.615 13.915 14.19 14.45 14.44 14.16 14.387 14.628 14.645
9.373 9.352 9.39 9.16 8.972 8.953 8.925 8.94 8.983 9.09 9.097 9.04 8.993 8.967 8.938 8.895 8.91 8.938 9.078 9.222 9.247 9.132 9.087 9.073 9.028 9.033 8.993 8.995 9.045 9.13 9.14 9.175 9.142 9.047 9.042 9.012 8.985 8.948 8.95 8.97 8.995 9.033 9.078 9.1 9.15 9.305 8.675 8.695 9.435 10.195 10.475 10.705 11.045 11.342 11.65 11.99 12.375 13.125 13.21 13.297 13.31 13.15 13.373 13.727 13.872 14.08 14.267 14.425 14.21 14.125 14.243 14.423 14.467
9.602 9.547 9.568 9.48 9.035 8.955 8.913 8.87 8.903 8.97 8.997 8.99 8.962 8.95 8.93 8.895 8.88 8.93 9.113 9.245 9.212 9.155 9.12 9.033 9.017 9.017 9.003 8.987 9.02 9.085 9.11 9.225 9.215 9.078 9.003 8.955 8.955 8.938 8.938 8.983 9.015 9.057 9.08 9.105 9.185 9.062 8.71 9.045 9.915 10.212 10.43 10.578 10.932 11.233 11.533 11.868 12.43 13.165 13.33 13.5 13.525 13.472 13.727 14.01 14.128 14.255 14.3 14.288 14.22 14.16 14.128 14.17 14.267
10.065 9.923 9.632 9.583 9.16 8.997 8.945 8.892 8.863 8.898 8.917 8.913 8.932 8.952 8.932 8.887 8.892 8.962 9.132 9.23 9.202 9.14 9.125 9.03 9.005 9.023 9.01 9.02 9.052 9.125 9.182 9.227 9.267 9.097 8.968 8.943 8.925 8.94 8.965 9.005 9.028 9.05 9.085 9.142 9.302 8.837 8.74 9.44 9.913 10.163 10.358 10.595 11.125 11.49 11.8 12.203 12.562 13.087 13.475 13.773 13.738 13.8 14.08 14.29 14.542 14.427 14.17 14.112 14.097 14.095 14.04 14.145 14.318
10.4 9.833 9.5 9.6 9.292 8.94 8.875 8.892 8.895 8.877 8.878 8.9 8.923 8.94 8.865 8.835 8.895 9.003 9.153 9.21 9.17 9.115 9.113 9.03 9.003 9.002 8.975 8.995 9.092 9.167 9.215 9.193 9.19 9.038 8.925 8.91 8.93 8.938 8.962 9.005 9.035 9.068 9.115 9.202 9.18 8.783 9.005 9.46 9.81 10.068 10.298 10.64 11.035 11.335 11.677 12.033 12.398 12.887 13.342 13.597 13.705 13.975 14.365 14.618 14.88 14.63 14.37 14.165 14.177 14.12 14.16 14.325 14.5
