Matlab/Roost_data/braunton/dsm/ss4539_DSM_2M.asc
ncols 500
nrows 500
xllcorner    245000
yllcorner    139000
cellsize     2
NODATA_value -9999
[rows 448 to 479 of 500, columns 219 to 291 of 500]
55.077 55.125 55.185 55.253 55.302 55.38 55.432 55.507 55.58 55.643 55.722 55.783 55.873 55.92 55.967 56.018 56.077 56.135 56.198 56.268 56.342 56.417 56.495 56.595 56.67 56.745 56.807 56.877 56.938 56.998 57.075 57.188 57.247 57.287 57.345 57.41 57.522 58.077 58.393 57.83 57.787 57.81 57.84 57.88 58.005 58.107 58.177 58.243 58.263 58.298 58.318 58.342 58.382 58.45 58.465 58.513 58.505 58.503 58.51 58.528 58.518 58.53 58.525 58.568 58.583 58.618 58.618 58.64 58.65 58.673 58.688 58.693 58.682
55.542 55.592 55.645 55.705 55.75 55.802 55.862 55.932 56.007 56.075 56.147 56.222 56.3 56.378 56.42 56.467 56.51 56.577 56.643 56.708 56.778 56.853 56.923 57.012 57.092 57.18 57.252 57.303 57.36 57.415 57.487 57.57 57.643 57.708 57.748 57.833 57.935 58.252 58.693 58.097 58.205 58.213 58.19 58.257 58.388 58.467 58.542 58.588 58.628 58.675 58.72 58.722 58.77 58.792 58.817 58.855 58.85 58.84 58.877 58.83 58.835 58.84 58.87 58.872 58.9 58.94 58.945 58.965 58.987 59.01 59.007 59.005 59.02
56.013 56.065 56.118 56.167 56.208 56.272 56.338 56.412 56.472 56.522 56.595 56.673 56.755 56.83 56.885 56.917 56.972 57.037 57.1 57.198 57.253 57.315 57.397 57.475 57.545 57.638 57.695 57.747 57.815 57.847 57.923 58.018 58.088 58.147 58.188 58.253 58.38 59.003 59.458 58.807 59.012 58.595 58.65 58.725 58.805 58.865 58.943 58.938 58.987 59.055 59.153 59.208 59.248 59.26 59.3 59.333 59.31 59.303 59.298 59.237 59.225 59.243 59.232 59.24 59.26 59.3 59.272 59.33 59.315 59.31 59.32 59.33 59.323
56.537 56.57 56.613 56.662 56.717 56.765 56.815 56.882 56.935 57 57.068 57.135 57.205 57.292 57.35 57.382 57.44 57.525 57.612 57.665 57.743 57.792 57.887 57.958 58.018 58.085 58.147 58.217 58.268 58.315 58.39 58.455 58.535 58.588 58.63 58.688 58.825 59.435 59.33 59.263 59.393 59.02 59.042 59.125 59.233 59.323 59.388 59.455 59.45 59.42 59.445 59.445 59.432 59.46 59.503 59.513 59.54 59.583 59.597 59.603 59.57 59.575 59.595 59.622 59.645 59.71 59.735 59.737 59.772 59.778 59.73 59.77 59.76
57.085 57.115 57.137 57.188 57.23 57.27 57.333 57.4 57.465 57.507 57.57 57.647 57.72 57.795 57.85 57.888 57.955 58.02 58.103 58.165 58.232 58.3 58.365 58.46 58.528 58.583 58.665 58.708 58.785 58.823 58.873 58.935 59.005 59.057 59.1 59.158 59.283 60.09 60.122 59.733 59.403 59.48 59.493 59.535 59.58 59.702 59.795 59.845 59.9 59.917 59.92 59.927 59.917 59.927 59.958 59.972 59.97 59.947 59.9 59.868 59.855 59.868 59.842 59.855 59.888 59.89 59.893 59.92 59.948 60.005 60.065 60.1 60.105
57.63 57.66 57.705 57.735 57.78 57.83 57.89 57.967 57.99 58.05 58.113 58.19 58.257 58.333 58.382 58.438 58.493 58.565 58.62 58.702 58.76 58.838 58.912 58.975 59.048 59.1 59.16 59.222 59.265 59.333 59.39 59.455 59.518 59.575 59.595 59.653 59.752 60.57 60.068 61.155 59.885 59.85 59.94 59.993 60.05 60.162 60.225 60.302 60.35 60.342 60.342 60.4 60.378 60.345 60.372 60.385 60.35 60.375 60.408 60.36 60.327 60.305 60.287 60.265 60.275 60.278 60.247 60.327 60.397 60.36 60.353 60.405 60.388
58.21 58.225 58.27 58.312 58.34 58.377 58.443 58.507 58.542 58.595 58.65 58.72 58.822 58.873 58.917 58.982 59.048 59.125 59.182 59.25 59.307 59.39 59.465 59.52 59.583 59.643 59.692 59.75 59.795 59.86 59.9 59.965 60.045 60.092 60.11 60.162 60.252 61.19 61.153 61.162 60.298 60.333 60.397 60.475 60.515 60.638 60.675 60.722 60.728 60.778 60.812 60.812 60.853 60.865 60.853 60.838 60.81 60.803 60.8 60.765 60.733 60.708 60.708 60.737 60.69 60.755 60.748 60.757 60.805 60.847 60.855 60.93 60.938
58.79 58.795 58.833 58.875 58.903 58.943 58.998 59.048 59.103 59.167 59.225 59.292 59.38 59.443 59.505 59.56 59.615 59.683 59.74 59.827 59.885 59.952 60.02 60.09 60.14 60.205 60.255 60.31 60.35 60.395 60.475 60.518 60.588 60.63 60.625 60.662 60.775 61.535 61.283 61.025 60.737 60.783 60.847 60.93 60.963 61.02 61.095 61.132 61.145 61.195 61.177 61.215 61.248 61.26 61.248 61.215 61.185 61.158 61.198 61.147 61.118 61.127 61.092 61.135 61.143 61.193 61.235 61.245 61.278 61.312 61.388 61.39 61.423
59.338 59.375 59.4 59.435 59.472 59.51 59.565 59.615 59.665 59.722 59.798 59.845 59.945 59.998 60.077 60.137 60.175 60.24 60.307 60.4 60.465 60.507 60.583 60.658 60.708 60.76 60.82 60.865 60.905 60.958 61.01 61.06 61.112 61.14 61.132 61.173 61.27 62.077 61.595 61.59 61.628 61.26 61.34 61.405 61.438 61.503 61.545 61.597 61.662 61.61 61.625 61.64 61.64 61.66 61.618 61.577 61.62 61.51 61.48 61.493 61.467 61.45 61.475 61.515 61.522 61.545 61.615 61.65 61.685 61.72 61.755 61.853 61.888
59.912 59.938 59.975 60.003 60.042 60.075 60.112 60.178 60.225 60.28 60.355 60.423 60.522 60.585 60.645 60.705 60.755 60.827 60.9 60.97 61.03 61.1 61.175 61.228 61.295 61.353 61.415 61.45 61.49 61.505 61.56 61.605 61.643 61.653 61.667 61.693 61.79 62.815 62.21 63.09 62.307 62.04 61.893 61.9 61.975 61.967 62.02 62.037 62.013 62.09 62.085 62.1 62.097 62.03 62.028 62.005 62.037 61.982 61.903 61.807 61.815 61.84 61.827 61.82 61.845 61.873 61.903 61.94 62.01 62.02 62.1 62.123 62.205
60.498 60.51 60.525 60.58 60.592 60.625 60.662 60.72 60.785 60.835 60.897 60.985 61.067 61.162 61.215 61.268 61.317 61.39 61.48 61.535 61.618 61.68 61.745 61.802 61.857 61.903 61.952 62 62.042 62.068 62.118 62.147 62.188 62.198 62.195 62.215 62.292 62.873 62.98 63.573 64.035 63.972 62.562 62.432 62.475 62.48 62.515 62.548 62.557 62.495 62.535 62.472 62.463 62.415 62.395 62.46 62.475 62.338 62.305 62.268 62.25 62.272 62.22 62.237 62.335 62.28 62.29 62.302 62.388 62.42 62.463 62.458 62.54
61.04 61.033 61.08 61.095 61.135 61.2 61.245 61.307 61.37 61.41 61.48 61.555 61.63 61.725 61.79 61.84 61.897 61.967 62.05 62.115 62.16 62.243 62.292 62.342 62.393 62.45 62.51 62.542 62.603 62.628 62.653 62.693 62.72 62.72 62.72 62.702 62.778 63.753 64.175 63.35 64.862 65.2 64.662 63.277 63.07 63.173 63.042 63.05 63.055 63.013 62.982 62.955 62.925 62.9 62.895 62.92 62.862 62.77 62.753 62.65 62.653 62.647 62.673 62.675 62.737 62.772 62.787 62.783 62.847 62.897 62.893 62.91 62.925
61.74 61.705 61.725 61.783 61.785 61.805 61.822 61.862 61.912 61.978 62.035 62.105 62.193 62.28 62.342 62.4 62.44 62.517 62.59 62.647 62.702 62.772 62.857 62.905 62.943 63.007 63.042 63.095 63.145 63.16 63.195 63.222 63.24 63.253 63.23 63.228 63.34 64.29 64.167 64.005 64.76 65 63.928 63.895 63.603 63.592 63.682 63.83 63.847 63.75 63.632 63.542 63.46 63.427 63.33 63.335 63.287 63.26 63.232 63.195 63.165 63.132 63.145 63.212 63.222 63.235 63.255 63.255 63.322 63.39 63.362 63.365 63.358
62.438 62.472 62.467 62.423 62.487 62.5 62.55 62.577 62.67 62.715 62.8 62.882 62.835 62.87 62.948 63.042 63.103 63.153 63.188 63.222 63.272 63.312 63.382 63.4 63.455 63.507 63.56 63.623 63.647 63.69 63.695 63.73 63.763 63.8 63.858 63.868 64.03 65.075 65.255 64.062 64.147 64.698 64.29 64.17 64.13 64.318 64.307 64.21 64.17 64.125 64.057 64.055 64.1 64.055 63.933 63.993 63.908 63.83 63.818 63.795 63.822 63.72 63.705 63.768 63.757 63.845 63.85 63.875 63.865 63.925 63.882 63.91 63.893
64.685 64.14 63.79 64.145 63.903 63.327 63.732 63.43 63.427 63.48 63.62 63.63 63.475 63.525 63.575 63.653 63.752 63.847 63.792 63.842 63.89 63.952 64.04 64.048 64.088 64.158 64.188 64.272 64.275 64.317 64.335 64.375 64.432 64.515 64.545 64.652 64.835 65.982 65.845 65.062 65.463 65.572 65.055 64.793 65.015 65.048 64.92 64.815 64.802 64.783 64.807 64.71 64.73 64.7 64.61 64.503 64.54 64.435 64.372 64.368 64.345 64.372 64.333 64.342 64.473 64.485 64.572 64.58 64.558 64.55 64.56 64.55 64.55
65.165 65.415 65.363 65.298 65.577 66.247 66.368 66.803 66.435 66.052 66.322 65.777 65.265 65.51 64.817 65.29 64.827 64.92 64.793 64.41 65.232 64.51 64.652 64.715 64.755 64.76 64.91 64.805 64.86 64.905 64.905 64.9 64.947 64.982 65.025 65.192 65.465 66.695 65.855 66.215 66.085 65.783 65.45 65.768 66.042 65.755 65.573 65.518 65.427 65.465 65.482 65.335 65.34 65.292 65.18 65.077 65.05 65.055 65.025 65.027 65.015 65.08 64.997 65.027 65.058 65.147 65.265 65.285 65.205 65.24 65.272 65.27 65.247
65.815 65.895 65.978 66.012 66.18 66.173 66.125 66.113 66.325 66.565 66.47 66.497 66.667 66.927 66.958 66.76 66.527 67.125 66.98 67.55 67.277 66.91 67.625 67.545 67.78 67.54 67.66 66.198 66.82 66.542 66.905 66.91 67.105 67.272 66.925 66.158 66.548 67.287 66.985 67.368 66.81 66.432 66.58 66.332 66.357 66.25 66.225 66.143 66.065 66.13 66.058 66.01 65.945 65.865 65.792 65.738 65.738 65.73 65.735 65.74 65.747 65.753 65.788 65.743 65.8 65.925 65.973 66.007 66.022 65.99 66.033 65.975 65.993
66.275 66.335 66.395 66.457 66.537 66.595 66.67 66.692 66.77 66.793 66.815 67.06 67.11 67.128 67.092 67.12 67.048 67.082 67.05 67.092 67.033 67.06 67.07 67.495 67.535 67.635 67.515 67.77 67.62 67.423 67.735 67.8 67.815 67.785 67.478 67.085 67.217 67.555 67.548 67.382 67.47 67.272 67.12 66.958 66.923 66.94 66.905 66.823 66.745 66.768 66.778 66.688 66.607 66.542 66.478 66.417 66.443 66.405 66.385 66.397 66.395 66.45 66.465 66.473 66.59 66.698 66.725 66.755 66.777 66.78 66.787 66.76 66.688
66.765 66.827 66.865 66.902 66.97 67.028 67.06 67.167 67.32 67.35 67.342 67.397 67.435 67.463 67.47 67.495 67.5 67.51 67.515 67.56 67.507 67.527 67.52 67.522 67.51 67.533 67.573 67.598 67.628 67.738 67.808 67.84 67.872 67.76 67.41 67.275 68.122 67.83 67.762 67.692 67.783 67.76 67.667 67.54 67.658 67.595 67.655 67.493 67.493 67.467 67.427 67.357 67.31 67.253 67.185 67.16 67.182 67.147 67.08 67.122 67.145 67.162 67.217 67.255 67.363 67.465 67.46 67.478 67.525 67.55 67.592 67.495 67.505
67.39 67.438 67.47 67.515 67.56 67.61 67.637 67.667 67.725 67.738 67.827 67.865 67.902 67.93 67.95 67.955 67.945 67.92 67.973 68.01 67.89 67.882 67.885 67.893 67.905 67.933 67.925 67.933 67.975 68.035 68.095 68.15 68.192 68.175 68.035 67.997 68.747 68.542 68.332 68.988 68.485 68.21 68.19 68.25 68.277 68.205 68.24 68.232 68.083 68.045 68.04 67.975 67.905 67.87 67.848 67.865 67.855 67.798 67.743 67.817 67.825 67.88 67.948 67.993 68.122 68.125 68.137 68.217 68.268 68.303 68.34 68.262 68.265
68.06 68.092 68.132 68.205 68.232 68.257 68.315 68.365 68.408 68.43 68.435 68.478 68.53 68.545 68.555 68.553 68.53 68.5 68.47 68.41 68.385 68.368 68.353 68.335 68.332 68.342 68.382 68.4 68.425 68.465 68.51 68.558 68.598 68.658 68.702 68.693 69.58 69.213 69.062 69.23 68.92 68.78 68.743 68.775 68.815 68.818 68.757 68.77 68.647 68.673 68.605 68.542 68.515 68.445 68.457 68.478 68.515 68.457 68.417 68.438 68.497 68.545 68.58 68.697 68.713 68.753 68.785 68.84 68.878 68.918 68.982 68.973 68.967
68.728 68.76 68.823 68.878 68.93 68.945 68.985 69.027 69.085 69.085 69.115 69.16 69.198 69.175 69.185 69.177 69.147 69.11 69.073 69.03 68.98 68.945 68.923 68.905 68.887 68.902 68.905 68.935 68.97 68.99 69.03 69.088 69.128 69.195 69.277 69.812 70.512 71.14 71.493 69.495 69.427 69.275 69.32 69.332 69.323 69.372 69.315 69.37 69.272 69.185 69.243 69.08 69.107 68.967 69.005 69.055 69.025 69.082 69.058 69.022 69.095 69.193 69.198 69.29 69.307 69.43 69.427 69.512 69.613 69.603 69.632 69.675 69.67
69.423 69.455 69.545 69.588 69.62 69.673 69.673 69.715 69.735 69.775 69.802 69.84 69.84 69.857 69.842 69.825 69.795 69.74 69.713 69.68 69.632 69.59 69.565 69.558 69.52 69.533 69.53 69.557 69.552 69.59 69.632 69.66 69.713 69.768 69.863 70.595 70.595 70.77 70.63 70.188 69.91 69.808 69.842 69.833 69.923 69.865 69.89 69.865 69.798 69.658 69.695 69.65 69.647 69.51 69.537 69.68 69.507 69.545 69.57 69.643 69.698 69.772 69.765 69.868 69.935 69.985 69.94 70.055 70.115 70.137 70.238 70.23 70.292
70.103 70.155 70.222 70.262 70.3 70.342 70.368 70.387 70.412 70.438 70.475 70.495 70.522 70.537 70.527 70.495 70.448 70.403 70.378 70.323 70.3 70.272 70.24 70.215 70.17 70.173 70.185 70.198 70.208 70.225 70.243 70.275 70.315 70.38 70.467 70.745 72.177 72.503 71.055 70.482 70.71 70.39 70.408 70.458 70.58 70.423 70.435 70.417 70.38 70.235 70.25 70.21 70.155 70.128 70.09 70.217 70.107 70.182 70.17 70.155 70.217 70.288 70.387 70.45 70.482 70.592 70.637 70.677 70.743 70.72 70.81 70.812 70.823
70.723 70.798 70.868 70.9 70.952 70.997 71.018 71.08 71.09 71.115 71.147 71.177 71.195 71.217 71.195 71.165 71.098 71.058 71.035 71.012 70.948 70.948 70.898 70.872 70.84 70.818 70.83 70.845 70.875 70.87 70.9 70.917 70.965 71.003 71.075 71.622 72.857 72.475 71.105 71.105 71.283 71.105 71.022 70.975 71.007 71.05 71.08 71.035 70.882 70.84 70.837 70.798 70.735 70.725 70.682 70.713 70.69 70.747 70.712 70.775 70.798 70.863 70.97 70.948 71.115 71.128 71.228 71.268 71.275 71.273 71.307 71.405 71.442
71.327 71.415 71.495 71.54 71.59 71.63 71.682 71.73 71.755 71.772 71.792 71.825 71.853 71.848 71.82 71.815 71.77 71.713 71.682 71.628 71.6 71.59 71.562 71.535 71.507 71.47 71.48 71.518 71.54 71.535 71.558 71.58 71.595 71.635 71.725 72.083 73.105 72.245 71.757 71.762 71.673 71.592 71.65 71.6 71.577 71.607 71.58 71.545 71.537 71.475 71.405 71.345 71.345 71.305 71.315 71.29 71.272 71.397 71.312 71.4 71.432 71.49 71.505 71.54 71.702 71.743 71.78 71.825 71.848 71.798 71.917 71.988 71.985
71.897 71.995 72.065 72.12 72.158 72.223 72.268 72.32 72.357 72.387 72.417 72.425 72.433 72.423 72.43 72.408 72.387 72.333 72.3 72.277 72.24 72.217 72.208 72.185 72.173 72.16 72.17 72.19 72.202 72.245 72.232 72.255 72.26 72.298 72.382 72.835 73.333 73.418 72.312 72.28 72.243 72.275 72.228 72.28 72.243 72.235 72.17 72.13 72.15 72.11 72.085 71.955 72.007 71.882 71.905 71.915 71.908 71.982 71.98 72.005 72.12 72.113 72.132 72.177 72.268 72.365 72.385 72.442 72.427 72.485 72.488 72.552 72.573
72.403 72.485 72.585 72.64 72.71 72.757 72.795 72.86 72.9 72.923 72.923 72.965 72.972 73.003 73.005 72.985 72.955 72.917 72.912 72.875 72.868 72.862 72.85 72.847 72.83 72.835 72.823 72.845 72.875 72.905 72.92 72.925 72.965 72.958 73.043 73.62 73.792 73.708 72.923 72.895 72.945 72.89 72.89 72.923 72.912 72.875 72.853 72.777 72.73 72.688 72.628 72.562 72.625 72.507 72.495 72.5 72.47 72.54 72.58 72.65 72.702 72.738 72.805 72.882 72.9 72.92 72.997 73.06 73.052 73.075 73.045 73.143 73.092
72.882 72.985 73.075 73.143 73.205 73.253 73.333 73.353 73.4 73.438 73.455 73.478 73.488 73.525 73.54 73.525 73.49 73.475 73.457 73.46 73.465 73.457 73.473 73.485 73.48 73.49 73.522 73.54 73.562 73.577 73.58 73.585 73.603 73.603 73.693 74.562 75.423 74.027 73.582 73.512 73.54 73.52 73.503 73.595 73.495 73.465 73.45 73.417 73.353 73.272 73.223 73.16 73.197 73.167 73.137 73.09 73.115 73.147 73.152 73.235 73.323 73.423 73.527 73.507 73.5 73.597 73.605 73.585 73.66 73.685 73.693 73.762 73.757
73.348 73.452 73.54 73.62 73.678 73.735 73.795 73.848 73.88 73.92 73.965 73.995 74.012 74.027 74.035 74.04 74.035 74.037 74.04 74.04 74.037 74.043 74.065 74.105 74.113 74.128 74.165 74.202 74.235 74.247 74.225 74.228 74.243 74.23 74.305 75.2 76.027 75.113 74.205 74.15 74.173 74.223 74.132 74.223 74.12 74.06 74.073 73.997 73.96 73.947 73.905 73.783 73.768 73.738 73.728 73.715 73.802 73.82 73.863 73.925 73.973 74.052 74.113 74.09 74.167 74.243 74.26 74.268 74.265 74.25 74.315 74.375 74.382
73.795 73.897 73.97 74.075 74.162 74.223 74.28 74.312 74.357 74.368 74.425 74.452 74.478 74.503 74.522 74.548 74.548 74.545 74.568 74.562 74.58 74.58 74.62 74.658 74.69 74.71 74.747 74.81 74.857 74.86 74.878 74.882 74.872 74.855 74.925 75.512 76.455 75.682 74.895 74.81 74.78 74.787 74.8 74.75 74.715 74.7 74.645 74.55 74.56 74.457 74.427 74.365 74.317 74.33 74.327 74.38 74.357 74.438 74.488 74.537 74.558 74.707 74.658 74.743 74.805 74.89 74.842 74.92 74.915 74.9 74.925 74.92 74.985
74.243 74.33 74.412 74.522 74.595 74.665 74.72 74.775 74.823 74.842 74.882 74.92 74.923 74.963 74.997 75.012 75.022 75.053 75.065 75.077 75.103 75.135 75.177 75.22 75.272 75.283 75.31 75.357 75.415 75.45 75.455 75.473 75.455 75.47 75.54 76.15 76.955 76.283 75.533 75.375 75.393 75.442 75.36 75.338 75.363 75.27 75.255 75.167 75.14 75.052 75.05 74.997 74.915 74.938 74.955 74.96 74.988 75.03 75.042 75.16 75.228 75.29 75.31 75.35 75.372 75.435 75.48 75.503 75.558 75.55 75.478 75.565 75.632
