Matlab/Roost_data/braunton/dsm/ss4539_DSM_2M.asc
ncols 500
nrows 500
xllcorner    245000
yllcorner    139000
cellsize     2
NODATA_value -9999
[rows 448 to 479 of 500, columns 292 to 364 of 500]
58.715 58.76 58.763 58.792 58.817 58.862 58.872 58.895 58.872 58.905 58.903 58.875 58.857 58.82 58.847 58.817 58.768 58.765 58.72 58.643 58.49 58.263 58.193 58.057 57.78 57.5 57.248 56.982 56.715 56.458 56.235 56.05 55.88 55.735 55.592 55.385 54.94 53.693 52.48 51.818 51.605 51.567 51.465 50.975 50.435 50.442 51.713 51.545 51.43 51.505 51.342 51.17 52.768 50.875 49.945 48.853 46.732 46.842 50.702 50.827 50.717 50.295 51.155 50.63 46.943 46.542 46.667 48.028 47.823 46.225 46.005 45.89 45.995
59.042 59.083 59.13 59.158 59.195 59.215 59.232 59.245 59.252 59.252 59.243 59.228 59.198 59.198 59.158 59.128 59.088 59.04 58.995 58.928 58.847 58.7 58.66 58.74 58.458 57.938 57.61 57.24 56.873 56.555 56.308 56.112 55.938 55.815 55.732 55.655 55.562 55.395 54.802 53.56 52.257 51.783 51.72 51.658 51.368 51.275 51.722 51.548 51.53 51.525 51.467 51.37 51.893 51.732 51.12 50.247 47.715 46.93 49.143 52.708 54.548 55.215 53.485 53.63 50.935 49.128 48.645 51.1 49.66 46.498 46.39 46.173 46.2
59.365 59.415 59.44 59.495 59.518 59.557 59.58 59.608 59.59 59.583 59.603 59.583 59.548 59.525 59.493 59.47 59.435 59.385 59.3 59.265 59.19 59.09 59.045 59.018 58.897 58.818 58.545 58.115 57.615 57.052 56.568 56.217 55.98 55.87 55.833 55.827 55.948 56.268 55.655 55.175 54.345 53.035 52.005 51.882 51.728 51.623 51.735 51.605 51.59 51.585 51.535 51.518 52.13 54.068 52.045 51.14 51.312 47.515 48.822 53.3 57.395 56.855 54.815 52.76 52.215 50.787 52.545 50.39 47.912 46.743 46.638 46.525 46.443
59.778 59.812 59.812 59.84 59.86 59.888 59.915 59.923 59.945 59.93 59.935 59.943 59.91 59.88 59.857 59.82 59.79 59.753 59.683 59.61 59.55 59.463 59.4 59.355 59.21 59.105 58.993 58.882 58.743 58.35 57.482 56.967 56.495 56.07 55.885 55.887 55.978 56.217 55.825 55.638 55.455 54.928 53.595 52.635 52.34 51.912 53.257 52.728 51.685 51.62 51.583 51.595 51.533 51.763 52.353 51.658 52.408 49.588 48.28 51.878 56.595 56.475 55.085 53.882 51.362 53.068 52.285 50.472 47.177 46.935 46.82 46.713 46.632
60.125 60.188 60.28 60.312 60.377 60.357 60.31 60.298 60.278 60.27 60.28 60.292 60.275 60.237 60.225 60.21 60.155 60.085 60.035 59.995 59.917 59.822 59.743 59.683 59.548 59.463 59.3 59.2 59.055 58.98 58.765 58.213 57.522 57.052 56.423 56.092 55.963 55.978 55.927 55.855 55.732 55.435 54.75 54.143 53.405 52.84 53.338 53.185 52.947 51.93 51.833 51.64 51.608 51.588 51.455 52.088 51.89 50.785 48.678 47.575 50.833 52.065 52.42 49.695 51.59 53.87 52.01 48.85 47.283 47.13 47.018 46.915 46.823
60.38 60.412 60.42 60.49 60.583 60.69 60.787 60.775 60.722 60.66 60.64 60.64 60.645 60.635 60.6 60.57 60.513 60.452 60.408 60.37 60.27 60.18 60.115 60.015 59.908 59.795 59.662 59.537 59.408 59.278 59.055 58.93 58.825 58.31 57.653 57.143 56.557 56.18 56.028 55.99 55.91 55.792 55.643 55.377 54.847 54.168 53.665 52.875 52.243 52.38 52.103 51.67 51.767 51.787 51.588 51.67 51.807 51.432 50.165 48.378 47.862 49.045 49.362 48.357 48.162 54.355 49.688 48.8 47.478 47.327 47.222 47.12 47.065
60.943 60.95 60.93 60.89 60.857 60.85 60.958 61.055 61.193 61.18 61.112 61.08 61.012 60.983 60.985 60.948 60.9 60.838 60.783 60.732 60.63 60.555 60.498 60.417 60.272 60.165 60.025 59.915 59.76 59.645 59.662 59.448 59.237 59.09 59.092 58.792 57.835 57.065 56.52 56.185 56.033 55.938 55.86 55.72 55.565 55.287 54.947 54.345 53.7 52.588 51.96 51.79 51.755 51.847 51.68 51.722 51.697 51.842 50.98 49.905 48.222 48.378 49.247 49.23 48.982 52.217 48.982 47.817 47.647 47.542 47.455 47.3 49.315
61.425 61.503 61.498 61.44 61.393 61.353 61.31 61.32 61.368 61.487 61.558 61.575 61.495 61.403 61.373 61.368 61.305 61.25 61.185 61.105 61.045 60.955 60.857 60.798 60.632 60.528 60.42 60.272 60.155 59.993 59.935 59.89 59.82 59.702 59.378 59.285 59.243 58.85 57.985 57.085 56.458 56.035 55.935 55.835 55.725 55.645 55.557 55.235 54.667 53.715 52.46 52.11 52.095 52.16 51.653 51.732 51.63 51.752 51.415 50.555 49.34 48.22 49.877 50.243 50.717 49.213 48.432 48.135 47.87 49.99 53.507 49.833 48.38
61.897 61.967 61.952 61.923 61.893 61.877 61.815 61.812 61.745 61.7 61.743 61.888 61.935 61.927 61.842 61.75 61.71 61.677 61.605 61.557 61.443 61.342 61.28 61.18 61.04 60.91 60.798 60.677 60.557 60.403 60.285 60.138 60.067 59.96 59.952 59.795 59.515 59.335 59.147 58.775 57.85 56.947 56.158 55.905 55.818 55.765 55.763 55.695 55.435 54.268 52.975 52.485 52.287 52.138 51.803 51.53 51.485 51.847 55.86 53.577 52.368 50.245 48.45 48.695 50.02 50.943 49.357 50.268 53.845 56.393 57.643 51.958 48.23
62.3 62.335 62.39 62.37 62.327 62.305 62.292 62.32 62.283 62.222 62.167 62.08 62.182 62.292 62.357 62.295 62.16 62.103 62.035 61.94 61.9 61.75 61.66 61.575 61.455 61.327 61.208 61.08 60.96 60.812 60.65 60.542 60.43 60.265 60.25 60.175 60.025 59.76 59.48 59.385 59.158 58.69 57.467 56.353 55.897 55.805 55.79 55.73 55.59 54.58 53.285 52.857 52.542 52.285 51.945 51.63 51.097 52.41 52.007 52.735 55.04 50.67 48.548 48.632 49.077 53.083 51.573 51.208 55.327 58.033 59.662 53.1 47.925
62.588 62.62 62.71 62.705 62.728 62.818 62.785 62.802 62.8 62.787 62.755 62.698 62.525 62.443 62.557 62.688 62.683 62.585 62.475 62.385 62.27 62.208 62.085 62.007 61.882 61.76 61.655 61.507 61.403 61.243 61.12 60.963 60.842 60.682 60.585 60.478 60.34 60.2 59.963 59.64 59.438 59.197 58.915 57.98 56.455 55.79 55.562 55.605 55.53 54.497 53.47 53.07 52.845 53.007 52.275 51.647 50.847 53.627 51.053 51.415 49.943 49.378 48.763 48.705 48.805 51.49 49.965 51.803 56.445 53.432 51.92 50.22 48.08
62.967 62.965 63.035 63.048 63.097 63.128 63.185 63.185 63.235 63.257 63.275 63.237 63.225 63.077 62.838 62.845 63.022 63.103 63.083 62.935 62.785 62.677 62.552 62.467 62.35 62.23 62.12 61.982 61.842 61.728 61.583 61.438 61.24 61.048 60.927 60.783 60.63 60.5 60.295 60 59.667 59.52 59.338 59.107 58.368 56.362 55.375 55.015 55.17 54.415 53.615 53.26 53.482 52.995 52.42 51.713 50.972 50.225 49.76 49.35 49.292 50.09 50.775 48.943 48.875 49.482 50.24 50.395 51.952 49.27 49.23 48.537 48.265
63.35 63.403 63.448 63.535 63.498 63.535 63.612 63.603 63.608 63.675 63.665 63.682 63.673 63.6 63.575 63.38 63.17 63.325 63.507 63.54 63.435 63.193 63.065 62.95 62.82 62.702 62.568 62.425 62.29 62.175 62.01 61.882 61.65 61.395 61.18 60.985 60.87 60.722 60.612 60.355 60.057 59.787 59.603 59.467 59.17 58.54 55.925 54.75 54.57 54.182 53.787 53.49 53.243 53.067 52.743 52.158 51.667 50.533 49.845 49.583 50.425 52.292 51.805 50.715 48.938 49.603 50.46 51.99 52.485 49.362 49.107 48.69 48.505
63.875 63.88 63.903 63.943 64.007 64.035 64.058 64.05 64.077 64.098 64.062 64.085 64.098 63.985 63.928 64.015 63.917 63.665 63.647 63.818 63.93 63.845 63.653 63.452 63.365 63.193 63.022 62.888 62.737 62.618 62.495 62.255 62.013 61.693 61.45 61.217 61.053 60.925 60.8 60.675 60.393 60.138 59.88 59.655 59.397 58.513 55.283 54.665 54.505 54.29 54.18 54.125 53.552 53.188 52.978 52.713 52.185 51.755 51.632 51.335 53.71 54.33 52.415 51.442 49.588 49.09 51.895 53.48 55.21 50.013 49.43 48.895 48.79
64.507 64.482 64.49 64.478 64.533 64.543 64.525 64.522 64.543 64.555 64.553 64.56 64.537 64.533 64.485 64.455 64.395 64.427 64.225 64.02 64.107 64.27 64.325 64.113 63.895 63.765 63.63 63.503 63.34 63.183 63.092 62.88 62.7 62.318 61.93 61.568 61.325 61.17 61.002 60.862 60.708 60.53 60.25 60.035 59.75 59.353 57.272 54.895 54.465 54.472 55.283 55.05 54.368 53.415 53.217 53.307 52.78 53.132 53.84 53.175 52.87 53.3 53.823 51.245 50.318 49.17 49.65 54.278 59.763 57.835 50.705 49.112 48.908
65.285 65.197 65.202 65.223 65.195 65.173 65.125 65.118 65.095 65.113 65.07 65.07 65.052 65.02 65.015 64.938 64.902 64.933 64.87 64.8 64.5 64.417 64.63 64.715 64.607 64.38 64.173 64.052 63.912 63.785 63.732 63.667 63.57 63.495 63.285 62.737 62.298 61.982 61.632 61.312 61.14 60.948 60.658 60.425 60.205 59.935 57.74 55.632 54.472 54.315 54.952 55.292 54.245 53.638 53.675 55.43 53.927 53.963 55.338 53.845 52.713 52.097 52.182 51.302 51.18 49.493 49.323 51.735 60.167 58.62 50.893 49.263 49.155
65.93 65.83 65.842 65.838 65.845 65.787 65.768 65.735 65.768 65.73 65.745 65.705 65.658 65.6 65.605 65.552 65.497 65.503 65.427 65.335 65.245 65.11 64.875 64.993 65.095 65.043 64.738 64.588 64.512 64.253 64.098 64.007 63.94 63.827 63.698 63.548 63.355 63.052 62.798 62.573 62.278 61.63 61.15 60.822 60.722 60.667 58.022 55.04 54.493 54.253 54.272 54.36 54.02 53.755 53.897 55.66 54.185 55.18 54.693 53.632 53.013 52.395 51.897 51.42 51.49 50.34 49.355 49.47 52.585 51.537 49.682 49.455 49.495
66.725 66.652 66.62 66.59 66.58 66.507 66.533 66.522 66.473 66.387 66.39 66.325 66.188 66.177 66.167 66.073 66.03 66.105 66.018 65.963 65.955 65.845 65.652 65.49 65.455 65.545 65.488 65.243 65.11 64.713 64.402 64.24 64.125 64.04 63.915 63.787 63.605 63.458 63.228 63.02 62.665 62.19 61.768 61.763 61.243 60.947 57.955 55.19 54.425 54.31 54.232 54.153 54.037 53.842 53.765 54.19 56.535 55.645 54.585 53.955 53.378 52.737 52.237 51.662 51.53 50.978 49.548 49.537 49.667 50.792 49.857 49.725 49.702
67.45 67.475 67.4 67.353 67.342 67.33 67.305 67.205 67.283 67.152 67.07 66.997 66.95 66.902 66.88 66.795 66.732 66.65 66.568 66.503 66.465 66.295 66.162 66.168 65.988 65.878 65.978 65.985 65.853 65.667 65.335 65.165 64.902 64.768 64.423 64.357 64.033 63.732 63.528 63.327 62.978 62.673 62.87 62.768 63.577 62.737 60.528 57.463 56.77 54.807 54.307 54.385 54.66 54.23 54.25 54.467 56.16 56.365 56.175 54.467 53.732 53.315 52.55 52.062 51.615 51.285 49.833 49.557 49.685 50.285 50.713 49.933 50.065
68.24 68.23 68.215 68.17 68.095 68.04 68 67.985 68.01 67.887 67.878 67.738 67.755 67.72 67.658 67.545 67.497 67.36 67.265 67.28 67.158 67.02 66.89 66.805 66.622 66.393 66.28 66.345 66.375 66.275 66.113 65.963 65.868 65.728 65.505 65.348 65.105 64.622 64.442 64.188 63.735 63.487 63.548 63.26 64.363 63.757 61.965 61.08 60.74 59.28 58.84 58.517 58.37 56.818 55.675 55.74 57.37 56.665 57.435 55.29 54.685 53.618 52.882 52.342 51.897 51.645 50.217 49.698 49.71 49.807 50.628 50.505 50.025
69.022 69.062 68.993 69.015 68.925 68.878 68.835 68.72 68.738 68.66 68.582 68.535 68.537 68.515 68.355 68.327 68.29 68.173 68.095 67.987 67.795 67.693 67.577 67.443 67.382 67.177 66.925 66.728 66.812 66.893 66.853 66.728 66.575 66.42 66.277 66.125 65.885 65.58 65.215 64.865 64.438 64.077 63.99 64.195 63.642 64.262 62.318 62.057 61.855 61.895 62.178 60.895 59.932 59.075 58.565 60.417 57.985 58.79 56.542 56.125 54.963 53.895 53.19 52.737 52.298 51.932 50.768 49.882 49.77 49.893 49.965 50.04 50.095
69.688 69.753 69.745 69.768 69.692 69.662 69.74 69.582 69.552 69.45 69.435 69.402 69.31 69.23 69.195 69.083 68.98 68.865 68.805 68.717 68.572 68.48 68.335 68.277 68.162 67.958 67.785 67.533 67.303 67.31 67.42 67.497 67.425 67.21 67.09 66.925 66.61 66.387 65.96 65.575 65.03 64.557 64.13 64.195 64.022 63.448 63.263 63.825 63.278 63.303 62.298 61.147 60.452 59.985 59.397 58.647 58.17 57.188 56.482 56.24 55.507 54.315 53.568 53.107 52.6 52.132 51.395 50.068 49.908 50.028 50.06 50.105 50.128
70.338 70.355 70.423 70.408 70.36 70.345 70.38 70.327 70.257 70.205 70.228 70.17 70.1 70.065 69.982 69.863 69.735 69.695 69.53 69.435 69.34 69.283 69.183 69.08 69.095 68.863 68.658 68.497 68.23 67.958 67.895 67.955 68.11 68.13 67.777 67.59 67.17 66.932 66.505 66.125 65.64 65.175 64.818 65.083 64.762 64.27 64.42 64.255 63.397 63.045 62.312 61.66 60.88 60.448 60.062 59.213 58.405 57.667 56.99 56.23 55.475 54.597 53.845 53.26 52.88 52.423 51.97 50.382 50.132 50.165 50.22 50.197 50.18
70.89 70.958 71.035 71.012 70.995 70.967 70.975 70.932 70.9 70.902 71.02 70.938 70.875 70.875 70.695 70.573 70.58 70.47 70.312 70.24 70.173 70.128 69.982 69.93 69.938 69.75 69.482 69.425 69.302 69.037 68.78 68.445 68.5 68.637 68.645 68.268 67.97 67.525 67.052 66.665 66.198 65.698 65.31 65.425 65.715 65.562 64.97 64.382 63.903 63.587 63.138 62.4 61.638 61.07 60.618 59.732 58.807 58.103 57.353 56.548 55.725 54.855 54.188 53.423 53.05 52.675 52.29 50.86 50.357 50.28 50.295 50.245 50.205
71.482 71.505 71.503 71.485 71.592 71.605 71.632 71.562 71.488 71.525 71.62 71.557 71.507 71.475 71.375 71.345 71.277 71.2 71.103 71.107 70.982 70.963 70.798 70.69 70.74 70.645 70.415 70.28 70.22 70.037 69.842 69.525 69.14 69.012 69.173 69.103 68.592 68.177 67.557 67.08 66.65 66.205 65.973 66.628 67.522 65.753 65.217 64.87 64.485 64.062 63.725 63.068 62.272 61.715 61.215 60.263 59.43 58.623 57.895 57.092 56.255 55.338 54.545 53.785 53.233 52.935 52.518 51.327 50.498 50.445 50.39 50.603 50.85
72.035 72.033 72.04 72.07 72.167 72.238 72.177 72.213 72.155 72.26 72.165 72.145 72.107 72.068 72.095 72.037 71.985 71.94 71.912 71.827 71.747 71.677 71.66 71.445 71.438 71.39 71.235 71.11 71.052 70.808 70.6 70.515 70.147 69.688 69.537 69.6 69.495 69.02 68.592 68.05 67.385 66.933 66.765 67.507 67.84 66.04 65.723 65.44 65.033 64.598 64.213 63.64 62.903 62.3 61.75 60.93 60.028 59.158 58.388 57.612 56.732 55.787 55.055 54.347 53.75 53.205 52.807 51.705 50.647 50.615 50.768 51.888 52.4
72.567 72.59 72.613 72.698 72.76 72.815 72.838 72.848 72.815 72.792 72.725 72.73 72.775 72.662 72.692 72.643 72.573 72.57 72.478 72.463 72.397 72.35 72.28 72.18 72.115 72.02 71.935 71.82 71.717 71.65 71.412 71.21 70.982 70.717 70.188 69.975 70.09 69.982 69.475 69.195 68.225 67.98 67.518 67.878 69.052 68.375 66.228 65.912 65.54 65.113 64.662 64.213 63.487 62.835 62.222 61.51 60.68 59.76 58.89 58.09 57.147 56.19 55.38 54.64 54.037 53.38 53.005 52.235 50.815 50.81 50.963 52.48 51.513
73.177 73.223 73.228 73.277 73.38 73.323 73.355 73.427 73.393 73.368 73.355 73.323 73.33 73.275 73.26 73.215 73.223 73.17 73.147 73.048 73.033 72.925 72.808 72.75 72.717 72.688 72.605 72.52 72.397 72.285 72.15 71.967 71.72 71.485 71.077 70.557 70.475 70.568 70.137 69.73 69.283 68.88 68.38 68.603 68.003 68.213 66.84 66.458 66.042 65.592 65.09 64.527 63.825 63.107 62.34 61.853 61.05 60.22 59.585 58.51 57.43 56.513 55.677 54.847 54.188 53.618 53.213 52.455 51.04 51.035 51.333 52.513 51.272
73.737 73.823 73.823 73.837 73.893 73.925 73.95 73.952 73.988 73.948 73.97 73.94 73.868 73.897 73.833 73.82 73.8 73.71 73.643 73.603 73.592 73.46 73.415 73.283 73.253 73.2 73.16 73.12 72.997 72.9 72.728 72.507 72.307 72.045 71.845 71.503 70.885 70.88 70.823 70.478 69.97 69.507 69.042 69.26 68.577 67.628 67.243 66.952 66.57 66.085 65.51 64.745 63.915 63.305 62.622 62.077 61.577 61.337 60.48 59.44 58.028 56.735 55.877 54.998 54.22 53.775 53.41 52.795 51.287 51.253 51.7 52.673 51.365
74.385 74.438 74.418 74.482 74.512 74.558 74.525 74.588 74.618 74.597 74.533 74.52 74.53 74.533 74.478 74.445 74.348 74.317 74.265 74.188 74.12 74.067 73.955 73.835 73.84 73.728 73.552 73.505 73.402 73.268 73.152 72.97 72.845 72.727 72.463 72.143 71.533 71.21 71.225 70.94 70.428 70.04 69.762 69.95 69.11 68.257 67.732 67.427 67.045 66.542 65.908 65.143 64.283 63.775 63.072 62.42 62.263 61.778 60.63 59.597 58.475 56.86 56.045 55.09 54.31 53.875 53.557 52.722 51.442 51.403 51.958 52.553 51.425
75.055 75.005 75.062 75.152 75.113 75.137 75.188 75.232 75.185 75.165 75.167 75.14 75.085 75.065 75.03 74.985 74.912 74.945 74.805 74.738 74.66 74.598 74.52 74.382 74.312 74.205 74.05 73.923 73.8 73.652 73.533 73.42 73.205 73.052 72.84 72.565 72.062 71.558 71.495 71.347 70.875 70.51 70.247 70.795 70.005 68.795 68.355 68.01 67.505 66.985 66.318 65.6 64.985 64.402 63.57 63.005 62.97 61.728 60.653 59.592 58.368 56.798 56.03 55.202 54.513 54.002 53.72 52.882 51.635 51.597 52.33 52.708 51.548
75.605 75.65 75.647 75.638 75.695 75.772 75.75 75.802 75.805 75.77 75.75 75.688 75.675 75.655 75.543 75.568 75.493 75.457 75.408 75.333 75.27 75.152 75.033 74.952 74.835 74.725 74.558 74.393 74.25 74.105 73.973 73.78 73.57 73.378 73.137 72.908 72.495 72.033 71.808 71.63 71.387 71.035 70.84 70.955 70.643 69.96 70.332 69.035 67.967 67.368 66.69 65.997 65.47 64.668 63.802 63.405 63.12 61.502 61.255 59.747 58.417 56.815 56.013 55.153 54.478 54.062 53.805 52.895 51.798 51.8 52.61 52.395 51.713
