Matlab/Roost_data/braunton/dsm/ss4534_DSM_2M.asc
ncols 500
nrows 500
xllcorner    245000
yllcorner    134000
cellsize     2
NODATA_value -9999
[rows 264 to 296 of 500, columns 365 to 437 of 500]
10.285 10.307 10.275 10.262 10.26 10.32 10.395 10.46 10.45 10.38 10.292 10.335 10.335 10.243 10.358 10.39 10.45 10.375 10.32 10.327 10.34 10.488 10.465 10.422 10.323 10.312 10.378 10.327 10.56 10.578 10.342 10.285 10.095 9.965 9.977 10.03 9.995 9.993 9.935 9.91 9.913 9.93 9.915 9.913 9.908 9.922 9.948 10.03 10.043 10.087 10.095 10.128 10.142 10.217 10.257 10.227 10.205 10.218 10.25 10.24 10.235 10.21 10.173 10.177 10.125 10.1 10.035 9.983 10.017 10.11 10.105 10.108 10.08
10.315 10.307 10.285 10.267 10.257 10.315 10.405 10.435 10.387 10.337 10.275 10.31 10.347 10.267 10.332 10.398 10.47 10.365 10.295 10.292 10.283 10.24 10.325 10.545 10.503 10.307 10.337 10.12 10.11 10.1 10.065 10.07 10.03 10.125 10.042 10.005 9.972 9.953 9.915 9.905 9.912 9.913 9.892 9.882 9.905 9.938 9.967 10.005 10.057 10.085 10.118 10.142 10.108 10.212 10.16 10.222 10.257 10.273 10.26 10.28 10.355 10.265 10.17 10.075 10.062 10.038 10.078 10.062 10.028 10.118 10.145 10.13 10.093
10.288 10.278 10.273 10.302 10.293 10.358 10.398 10.373 10.333 10.305 10.233 10.32 10.365 10.217 10.315 10.36 10.453 10.365 10.255 10.19 10.188 10.173 10.217 10.445 10.507 10.35 10.308 10.21 10.115 10.052 10.03 10.068 10.167 10.425 10.193 9.96 9.94 9.935 9.92 9.887 9.898 9.898 9.898 9.9 9.945 9.932 9.938 9.983 10.042 10.092 10.155 10.153 10.108 10.115 10.142 10.14 10.188 10.175 10.207 10.288 10.283 10.25 10.165 10.102 10.065 10.03 10.015 9.995 10.145 10.175 10.177 10.155 10.113
10.265 10.275 10.27 10.247 10.3 10.335 10.328 10.32 10.31 10.29 10.245 10.32 10.345 10.2 10.297 10.337 10.403 10.368 10.257 10.172 10.13 10.16 10.148 10.365 10.517 10.27 10.265 10.175 10.16 10.09 10.038 10.048 10.095 10.235 10.045 9.972 9.997 9.988 9.925 9.938 9.922 9.903 9.913 9.945 9.91 9.905 9.927 10 10.075 10.097 10.158 10.17 10.11 10.092 10.08 10.113 10.213 10.208 10.253 10.26 10.235 10.198 10.142 10.113 10.055 9.985 10.025 10.055 10.125 10.157 10.175 10.173 10.128
10.262 10.273 10.263 10.26 10.295 10.3 10.283 10.278 10.295 10.325 10.26 10.31 10.323 10.195 10.26 10.3 10.405 10.385 10.267 10.21 10.18 10.137 10.155 10.235 10.328 10.22 10.202 10.157 10.135 10.105 10.073 10.055 10.013 9.985 9.975 9.967 9.988 10 9.943 9.905 9.943 9.927 9.917 9.92 9.895 9.917 9.952 10.015 10.055 10.097 10.175 10.155 10.15 10.16 10.083 10.092 10.158 10.215 10.202 10.238 10.182 10.155 10.17 10.142 10.085 10.068 10.15 10.135 10.132 10.153 10.122 10.18 10.125
10.247 10.227 10.25 10.288 10.265 10.273 10.292 10.288 10.265 10.325 10.267 10.292 10.3 10.137 10.267 10.257 10.337 10.39 10.265 10.222 10.255 10.18 10.163 10.275 10.283 10.262 10.19 10.155 10.118 10.11 10.075 10.113 10.015 9.99 9.98 9.98 9.987 9.96 9.915 9.925 9.913 9.92 9.923 9.908 9.927 9.972 9.983 10.017 10.118 10.16 10.208 10.217 10.208 10.19 10.177 10.135 10.17 10.175 10.185 10.163 10.195 10.14 10.077 10.068 10.065 10.097 10.185 10.172 10.145 10.127 10.212 10.227 10.148
10.215 10.212 10.195 10.207 10.207 10.227 10.25 10.23 10.265 10.285 10.208 10.302 10.288 10.095 10.25 10.255 10.3 10.382 10.285 10.255 10.218 10.222 10.257 10.363 10.32 10.273 10.198 10.137 10.12 10.138 10.105 10.042 10.042 10.012 9.99 9.972 10.005 9.985 9.935 9.913 9.913 9.895 9.975 9.95 9.97 9.967 9.99 10.04 10.122 10.188 10.215 10.305 10.325 10.275 10.285 10.273 10.3 10.285 10.267 10.137 10.14 10.142 10.087 10.015 10.042 10.087 10.222 10.217 10.182 10.153 10.2 10.225 10.188
10.193 10.22 10.157 10.142 10.153 10.19 10.205 10.202 10.255 10.292 10.198 10.288 10.307 10.11 10.235 10.262 10.285 10.38 10.285 10.238 10.163 10.212 10.285 10.35 10.345 10.34 10.225 10.158 10.142 10.13 10.125 10.052 10.038 10.028 10.005 10.007 9.99 9.965 9.913 9.89 9.91 9.917 9.942 9.968 9.97 10 10.073 10.092 10.163 10.233 10.28 10.328 10.295 10.328 10.29 10.34 10.38 10.345 10.312 10.205 10.15 10.135 10.175 10.12 10.05 10.055 10.18 10.26 10.212 10.158 10.193 10.188 10.145
10.193 10.19 10.205 10.188 10.137 10.153 10.185 10.205 10.222 10.29 10.233 10.323 10.327 10.083 10.222 10.257 10.292 10.368 10.27 10.21 10.185 10.193 10.278 10.335 10.41 10.392 10.253 10.17 10.137 10.135 10.113 10.06 10.03 10.023 10.045 9.958 9.953 9.97 9.938 9.907 9.935 10.007 9.99 10.025 10.028 10.043 10.108 10.165 10.227 10.255 10.278 10.352 10.378 10.335 10.212 10.435 10.467 10.337 10.29 10.177 10.158 10.21 10.165 10.165 10.113 10.085 10.15 10.2 10.233 10.27 10.235 10.195 10.11
10.208 10.208 10.22 10.18 10.155 10.158 10.163 10.193 10.227 10.265 10.248 10.368 10.387 10.142 10.243 10.285 10.368 10.36 10.342 10.333 10.238 10.22 10.227 10.267 10.385 10.302 10.288 10.222 10.15 10.17 10.13 10.083 10.07 10.052 10.01 9.985 9.95 9.962 9.985 9.955 9.955 10.057 10.097 10.125 10.068 10.158 10.16 10.26 10.307 10.295 10.275 10.333 10.43 10.28 10.257 10.375 10.395 10.335 10.27 10.265 10.262 10.252 10.222 10.115 10.087 10.118 10.158 10.142 10.26 10.257 10.222 10.177 10.132
10.243 10.222 10.222 10.16 10.15 10.132 10.158 10.202 10.23 10.285 10.257 10.448 10.462 10.167 10.24 10.333 10.443 10.497 10.538 10.542 10.455 10.328 10.185 10.172 10.3 10.315 10.345 10.305 10.243 10.172 10.128 10.1 10.137 10.09 10.04 9.987 9.98 9.952 9.955 9.977 9.99 10.055 10.155 10.083 10.14 10.218 10.21 10.28 10.305 10.323 10.307 10.32 10.368 10.307 10.31 10.31 10.27 10.28 10.273 10.28 10.235 10.217 10.195 10.212 10.18 10.142 10.113 10.13 10.212 10.255 10.17 10.17 10.132
10.265 10.238 10.217 10.167 10.153 10.135 10.125 10.165 10.225 10.315 10.292 10.43 10.415 10.185 10.323 10.352 10.5 10.635 10.635 10.628 10.57 10.465 10.247 10.257 10.293 10.275 10.352 10.465 10.43 10.262 10.16 10.208 10.203 10.182 10.148 10.04 10 9.972 9.997 10.047 10.01 10.16 10.13 10.108 10.22 10.238 10.325 10.293 10.38 10.35 10.35 10.305 10.33 10.312 10.312 10.293 10.245 10.265 10.265 10.23 10.265 10.257 10.245 10.247 10.27 10.153 10.108 10.182 10.16 10.13 10.12 10.118 10.093
10.25 10.227 10.21 10.19 10.163 10.177 10.165 10.198 10.283 10.355 10.297 10.358 10.335 10.21 10.345 10.327 10.507 10.67 10.667 10.677 10.6 10.517 10.347 10.198 10.132 10.188 10.298 10.47 10.562 10.557 10.307 10.212 10.167 10.163 10.1 10.07 10.052 10 10.032 10.073 10.015 10.04 10.082 10.092 10.222 10.29 10.392 10.31 10.485 10.548 10.405 10.307 10.315 10.31 10.307 10.265 10.238 10.23 10.202 10.202 10.185 10.27 10.27 10.243 10.278 10.202 10.145 10.135 10.125 10.137 10.09 10.09 10.085
10.23 10.218 10.238 10.198 10.185 10.205 10.21 10.273 10.328 10.37 10.39 10.34 10.312 10.22 10.382 10.305 10.47 10.62 10.68 10.653 10.583 10.505 10.382 10.215 10.11 10.132 10.26 10.64 10.462 10.465 10.395 10.2 10.17 10.132 10.135 10.09 10.047 10.035 10.007 10.033 10.013 10.068 10.198 10.165 10.243 10.292 10.378 10.295 10.405 10.488 10.368 10.36 10.3 10.275 10.273 10.285 10.275 10.227 10.222 10.205 10.215 10.243 10.233 10.227 10.295 10.205 10.16 10.167 10.132 10.085 10.065 10.07 10.04
10.257 10.235 10.245 10.222 10.225 10.217 10.257 10.3 10.363 10.427 10.413 10.378 10.3 10.245 10.368 10.377 10.538 10.568 10.635 10.605 10.54 10.458 10.342 10.252 10.165 10.155 10.377 10.693 10.557 10.55 10.438 10.31 10.155 10.125 10.113 10.073 10.073 10.075 10.048 10.04 10.1 10.128 10.323 10.188 10.42 10.403 10.417 10.368 10.41 10.377 10.335 10.315 10.302 10.275 10.35 10.325 10.245 10.215 10.217 10.222 10.255 10.25 10.245 10.265 10.235 10.21 10.163 10.113 10.078 10.073 10.06 10.045 9.993
10.27 10.255 10.265 10.26 10.245 10.26 10.27 10.32 10.375 10.443 10.487 10.423 10.265 10.158 10.4 10.405 10.56 10.6 10.58 10.562 10.458 10.395 10.372 10.262 10.18 10.217 10.462 10.525 10.435 10.425 10.4 10.235 10.165 10.14 10.165 10.122 10.125 10.09 10.065 10.078 10.16 10.205 10.25 10.305 10.292 10.573 10.47 10.398 10.425 10.39 10.365 10.33 10.31 10.3 10.335 10.378 10.253 10.26 10.21 10.235 10.342 10.292 10.3 10.265 10.243 10.185 10.122 10.055 10.09 10.095 10.033 10.01 9.988
10.283 10.295 10.25 10.25 10.255 10.26 10.27 10.323 10.352 10.452 10.462 10.472 10.262 10.18 10.405 10.408 10.608 10.653 10.622 10.568 10.48 10.39 10.283 10.243 10.225 10.312 10.448 10.438 10.575 10.515 10.352 10.253 10.253 10.185 10.158 10.185 10.153 10.132 10.12 10.158 10.165 10.343 10.315 10.362 10.4 10.505 10.497 10.458 10.408 10.4 10.368 10.352 10.312 10.312 10.465 10.53 10.413 10.295 10.265 10.273 10.345 10.368 10.365 10.305 10.21 10.157 10.1 10.062 10.08 10.042 9.987 9.99 10.052
10.315 10.28 10.25 10.237 10.253 10.247 10.275 10.315 10.358 10.5 10.46 10.427 10.26 10.23 10.413 10.405 10.602 10.645 10.613 10.528 10.415 10.305 10.298 10.365 10.378 10.41 10.432 10.47 10.4 10.343 10.31 10.29 10.452 10.34 10.24 10.302 10.21 10.245 10.177 10.19 10.318 10.485 10.432 10.375 10.47 10.54 10.485 10.475 10.505 10.42 10.385 10.378 10.387 10.337 10.305 10.378 10.315 10.32 10.45 10.387 10.465 10.533 10.327 10.142 10.137 10.137 10.135 10.118 10.092 10.012 9.985 9.96 9.97
10.312 10.293 10.285 10.28 10.27 10.243 10.247 10.295 10.39 10.555 10.485 10.438 10.24 10.19 10.395 10.39 10.592 10.628 10.568 10.43 10.323 10.318 10.413 10.465 10.445 10.425 10.365 10.288 10.233 10.245 10.355 10.34 10.46 10.385 10.472 10.37 10.415 10.493 10.42 10.275 10.307 10.425 10.47 10.44 10.507 10.512 10.435 10.42 10.44 10.395 10.39 10.382 10.38 10.35 10.327 10.31 10.302 10.245 10.382 10.443 10.292 10.262 10.21 10.16 10.137 10.07 10.052 10.167 10.122 10.057 9.96 9.952 9.965
10.33 10.312 10.295 10.27 10.255 10.235 10.25 10.257 10.35 10.552 10.497 10.485 10.218 10.105 10.342 10.38 10.525 10.533 10.403 10.278 10.278 10.327 10.472 10.495 10.435 10.285 10.193 10.182 10.235 10.333 10.423 10.41 10.365 10.355 10.355 10.388 10.378 10.467 10.45 10.382 10.445 10.528 10.52 10.46 10.472 10.505 10.49 10.477 10.445 10.43 10.42 10.37 10.363 10.375 10.392 10.417 10.342 10.263 10.205 10.243 10.265 10.275 10.257 10.243 10.163 10.048 10.07 10.18 10.115 10.08 10.01 9.932 9.938
10.318 10.28 10.265 10.25 10.245 10.235 10.24 10.255 10.347 10.53 10.488 10.5 10.208 10.122 10.323 10.365 10.52 10.42 10.28 10.245 10.315 10.408 10.448 10.455 10.328 10.18 10.09 10.2 10.273 10.27 10.39 10.45 10.34 10.327 10.363 10.392 10.385 10.42 10.485 10.45 10.54 10.515 10.528 10.453 10.465 10.507 10.512 10.49 10.462 10.477 10.48 10.432 10.382 10.385 10.445 10.415 10.372 10.285 10.225 10.27 10.32 10.365 10.3 10.245 10.217 10.135 10.1 10.172 10.257 10.238 10.095 9.905 9.89
10.275 10.25 10.265 10.222 10.26 10.25 10.255 10.273 10.375 10.507 10.5 10.488 10.278 10.225 10.21 10.307 10.432 10.387 10.298 10.35 10.44 10.445 10.342 10.265 10.173 10.055 10.003 10.115 10.205 10.247 10.323 10.395 10.363 10.36 10.382 10.403 10.422 10.423 10.512 10.475 10.538 10.54 10.497 10.493 10.477 10.493 10.503 10.493 10.467 10.458 10.495 10.448 10.425 10.33 10.358 10.34 10.347 10.302 10.302 10.358 10.408 10.403 10.33 10.21 10.18 10.13 10.102 10.155 10.182 10.243 9.96 9.91 9.88
10.295 10.28 10.267 10.235 10.237 10.25 10.263 10.288 10.413 10.523 10.483 10.467 10.31 10.335 10.123 10.265 10.4 10.337 10.373 10.448 10.475 10.352 10.21 10.15 10.125 9.988 9.993 10.135 10.22 10.273 10.315 10.36 10.368 10.36 10.398 10.392 10.425 10.448 10.457 10.435 10.45 10.523 10.48 10.503 10.503 10.455 10.477 10.505 10.49 10.448 10.445 10.363 10.302 10.247 10.278 10.278 10.28 10.285 10.29 10.325 10.43 10.538 10.4 10.337 10.185 10.11 10.078 10.06 10.2 10.137 9.92 9.875 9.87
10.4 10.288 10.278 10.278 10.262 10.267 10.275 10.312 10.438 10.51 10.408 10.44 10.318 10.378 10.11 10.297 10.45 10.363 10.448 10.475 10.385 10.31 10.173 10.14 10.1 10.017 10.052 10.175 10.253 10.267 10.358 10.455 10.41 10.375 10.363 10.413 10.405 10.41 10.415 10.438 10.507 10.542 10.467 10.445 10.427 10.427 10.408 10.425 10.422 10.432 10.29 10.248 10.205 10.175 10.215 10.225 10.177 10.188 10.29 10.233 10.345 10.57 10.398 10.257 10.203 10.137 10.062 10.028 10.048 9.945 9.895 9.898 9.885
10.425 10.403 10.335 10.298 10.302 10.283 10.3 10.36 10.49 10.465 10.387 10.443 10.325 10.365 10.13 10.34 10.435 10.385 10.425 10.41 10.288 10.122 10.175 10.188 10.16 10.017 10.1 10.31 10.305 10.315 10.36 10.363 10.4 10.507 10.495 10.575 10.455 10.432 10.417 10.488 10.53 10.523 10.427 10.372 10.358 10.347 10.375 10.337 10.31 10.23 10.155 10.17 10.153 10.118 10.095 10.14 10.125 10.182 10.307 10.27 10.333 10.388 10.32 10.273 10.243 10.182 10.108 10.08 10.03 9.925 9.9 9.862 9.868
10.443 10.373 10.355 10.34 10.35 10.32 10.358 10.407 10.512 10.425 10.37 10.427 10.323 10.363 10.177 10.398 10.48 10.51 10.43 10.363 10.24 10.122 10.15 10.193 10.163 10.145 10.203 10.292 10.288 10.342 10.46 10.355 10.342 10.507 10.548 10.53 10.547 10.398 10.435 10.438 10.477 10.445 10.395 10.352 10.337 10.323 10.302 10.29 10.263 10.215 10.18 10.155 10.188 10.092 10.025 10.115 10.14 10.2 10.15 10.193 10.29 10.343 10.3 10.238 10.25 10.127 10.075 10.08 10.08 10.033 9.922 9.875 9.85
10.507 10.385 10.368 10.388 10.368 10.345 10.35 10.435 10.538 10.453 10.347 10.485 10.323 10.345 10.257 10.52 10.495 10.497 10.405 10.333 10.205 10.217 10.382 10.273 10.267 10.27 10.368 10.312 10.295 10.36 10.345 10.29 10.427 10.335 10.512 10.655 10.488 10.515 10.523 10.368 10.365 10.333 10.31 10.318 10.3 10.283 10.298 10.292 10.292 10.233 10.222 10.262 10.23 10.185 10.085 10.118 10.15 10.325 10.2 10.33 10.3 10.297 10.31 10.33 10.23 10.12 10.078 10.1 10.135 10.08 9.967 9.925 9.878
10.488 10.443 10.395 10.4 10.415 10.405 10.398 10.485 10.605 10.477 10.372 10.51 10.382 10.37 10.302 10.523 10.515 10.565 10.43 10.305 10.195 10.328 10.35 10.222 10.257 10.245 10.375 10.365 10.422 10.407 10.205 10.22 10.27 10.312 10.355 10.445 10.325 10.545 10.403 10.307 10.25 10.193 10.193 10.225 10.278 10.315 10.23 10.2 10.238 10.185 10.185 10.528 10.523 10.31 10.125 10.095 10.158 10.165 10.125 10.305 10.175 10.198 10.368 10.288 10.227 10.132 10.075 10.08 10.085 10.045 9.985 9.948 9.965
10.505 10.472 10.427 10.44 10.465 10.415 10.452 10.547 10.575 10.438 10.39 10.497 10.425 10.392 10.352 10.54 10.53 10.585 10.505 10.377 10.333 10.263 10.302 10.285 10.29 10.398 10.5 10.54 10.49 10.37 10.238 10.12 10.157 10.198 10.427 10.305 10.253 10.342 10.188 10.135 10.11 10.163 10.363 10.352 10.405 10.345 10.165 10.125 10.1 10.148 10.073 10.365 10.33 10.188 10.09 10.09 10.15 10.153 10.102 10.083 10.12 10.19 10.23 10.175 10.177 10.158 10.092 9.995 9.988 9.943 9.927 9.903 9.932
10.555 10.53 10.485 10.485 10.462 10.475 10.51 10.595 10.52 10.365 10.405 10.483 10.427 10.388 10.41 10.545 10.512 10.55 10.52 10.455 10.533 10.28 10.295 10.255 10.305 10.377 10.477 10.455 10.375 10.307 10.265 10.155 10.115 10.182 10.275 10.182 10.142 10.097 10.035 10.055 10.1 10.11 10.325 10.35 10.167 10.155 10.15 10.14 10.273 10.25 10.182 10.125 10.155 10.13 10.16 10.085 10.137 10.267 10.203 10.22 10.155 10.062 10.065 10.09 10.153 10.195 10.157 10.097 10.028 10.052 9.923 9.953 9.91
10.625 10.548 10.535 10.542 10.523 10.545 10.608 10.7 10.575 10.365 10.387 10.458 10.425 10.337 10.42 10.585 10.552 10.56 10.512 10.438 10.4 10.372 10.32 10.337 10.355 10.405 10.405 10.36 10.31 10.45 10.382 10.267 10.155 10.12 10.095 10.092 10.062 10.065 10.077 10.068 10.127 10.135 10.13 10.132 10.113 10.195 10.182 10.142 10.175 10.21 10.142 10.07 10.05 10.048 10.028 10.015 10.085 10.175 10.2 10.278 10.177 10.092 10.03 10.017 10.068 10.14 10.153 10.113 10.023 9.955 9.885 9.85 9.837
10.738 10.638 10.587 10.628 10.645 10.688 10.707 10.775 10.68 10.385 10.37 10.462 10.417 10.283 10.42 10.59 10.6 10.578 10.493 10.455 10.432 10.4 10.423 10.443 10.45 10.42 10.403 10.358 10.29 10.39 10.387 10.182 10.175 10.122 10.08 10.077 10.077 10.075 10.122 10.057 10.118 10.105 10.145 10.167 10.193 10.282 10.31 10.21 10.18 10.188 10.118 10.095 10.062 10.042 9.995 9.94 10.017 10.025 10.118 10.182 10.14 9.97 9.953 9.97 9.977 10.02 10.14 10.137 9.975 9.903 9.892 9.85 9.898
10.81 10.727 10.648 10.688 10.765 10.783 10.75 10.762 10.727 10.405 10.365 10.485 10.41 10.288 10.438 10.555 10.613 10.57 10.46 10.443 10.46 10.438 10.497 10.543 10.5 10.44 10.387 10.382 10.363 10.3 10.225 10.25 10.243 10.297 10.175 10.125 10.135 10.11 10.128 10.085 10.115 10.033 10.145 10.215 10.14 10.167 10.225 10.23 10.188 10.148 10.135 10.19 10.105 10.092 10.005 9.967 10.052 10.085 10.083 10.092 10.068 10.057 9.9 9.908 9.953 10.062 10.165 10.182 10.01 9.927 9.862 9.86 9.935
