Matlab/Roost_data/braunton/dsm/ss4534_DSM_2M.asc
ncols 500
nrows 500
xllcorner    245000
yllcorner    134000
cellsize     2
NODATA_value -9999
[rows 165 to 197 of 500, columns 365 to 437 of 500]
10.95 10.885 10.845 10.84 10.818 10.808 10.805 10.802 10.828 10.845 10.887 10.903 10.89 10.898 10.935 10.675 10.653 10.735 10.872 10.715 10.665 10.665 10.655 10.655 10.618 10.583 10.59 10.542 10.533 10.523 10.512 10.53 10.485 10.465 10.455 10.395 10.337 10.323 10.302 10.267 10.212 10.182 10.145 10.118 10.11 10.083 10.075 10.055 10.025 10.017 9.988 9.98 9.977 9.95 9.92 9.943 9.913 9.923 9.898 9.868 9.855 9.847 9.85 9.833 9.82 9.81 9.802 9.807 9.793 9.8 9.785 9.785 9.76
10.94 10.887 10.823 10.802 10.805 10.823 10.837 10.868 10.925 10.938 10.96 10.948 10.952 10.943 10.905 10.618 10.582 10.698 10.83 10.735 10.698 10.667 10.663 10.635 10.6 10.557 10.573 10.568 10.532 10.5 10.5 10.515 10.505 10.503 10.493 10.455 10.415 10.352 10.28 10.257 10.233 10.227 10.158 10.125 10.11 10.083 10.06 10.068 10.035 10.005 9.988 9.987 9.99 9.95 9.925 9.935 9.908 9.94 9.895 9.862 9.855 9.845 9.837 9.847 9.828 9.8 9.805 9.833 9.788 9.91 10.245 9.835 9.76
10.975 10.93 10.872 10.845 10.855 10.855 10.855 10.903 11.035 11.07 11.09 11.097 11.092 10.98 10.878 10.575 10.555 10.677 10.83 10.725 10.675 10.657 10.645 10.625 10.585 10.575 10.57 10.55 10.523 10.483 10.465 10.49 10.495 10.51 10.51 10.507 10.443 10.392 10.295 10.255 10.227 10.215 10.188 10.163 10.12 10.092 10.07 10.048 10.033 10.017 10.003 9.988 9.993 9.955 9.927 9.925 9.913 9.94 9.895 9.885 9.86 9.85 9.835 9.868 9.905 9.872 9.815 9.815 9.797 9.92 10.253 9.79 9.788
10.962 10.952 10.922 10.882 10.862 10.845 10.878 11.025 11.165 11.27 11.342 11.36 11.302 11.007 10.865 10.545 10.53 10.62 10.78 10.738 10.685 10.642 10.61 10.605 10.6 10.602 10.585 10.543 10.523 10.475 10.472 10.51 10.493 10.517 10.53 10.477 10.452 10.407 10.34 10.285 10.243 10.21 10.188 10.16 10.13 10.078 10.073 10.07 10.038 10.02 10.012 9.995 9.972 10.023 9.977 9.958 9.96 9.948 9.908 9.895 9.882 9.86 9.852 9.86 9.862 9.885 9.83 9.792 9.79 9.802 9.808 9.81 9.795
10.94 10.932 10.93 10.91 10.882 10.847 10.903 11.07 11.26 11.41 11.483 11.535 11.417 11.017 10.847 10.583 10.54 10.605 10.743 10.738 10.725 10.682 10.613 10.59 10.61 10.595 10.575 10.562 10.55 10.528 10.538 10.548 10.535 10.535 10.555 10.512 10.493 10.452 10.387 10.32 10.292 10.235 10.19 10.175 10.157 10.11 10.08 10.06 10.065 10.052 10.032 10.025 10.01 10.007 10.003 10.012 10.012 9.98 9.943 9.92 9.895 9.877 9.86 9.845 9.85 9.83 9.818 9.792 9.788 9.783 9.77 9.763 9.753
10.913 10.872 10.9 10.943 10.945 10.898 10.903 11.033 11.275 11.443 11.535 11.54 11.325 10.965 10.85 10.595 10.562 10.642 10.767 10.715 10.725 10.655 10.605 10.605 10.615 10.608 10.58 10.568 10.568 10.562 10.568 10.587 10.61 10.613 10.58 10.557 10.533 10.48 10.42 10.347 10.283 10.24 10.21 10.193 10.17 10.132 10.118 10.068 10.052 10.073 10.073 10.058 10.048 10.052 10.048 10.05 10.045 10.02 9.985 9.988 9.958 9.91 9.892 9.852 9.85 9.833 9.815 9.807 9.793 9.793 9.778 9.753 9.762
10.89 10.858 10.877 10.92 10.943 10.96 11.017 11.062 11.267 11.45 11.46 11.435 11.278 10.972 10.828 10.615 10.573 10.642 10.735 10.708 10.722 10.645 10.625 10.618 10.622 10.63 10.615 10.627 10.56 10.552 10.6 10.627 10.68 10.675 10.618 10.592 10.54 10.48 10.453 10.425 10.36 10.31 10.227 10.222 10.177 10.135 10.11 10.092 10.062 10.06 10.06 10.065 10.073 10.083 10.078 10.073 10.042 10.042 10.03 10.02 10.003 9.97 9.915 9.885 9.855 9.87 9.83 9.818 9.823 9.823 9.783 9.753 9.75
10.858 10.835 10.863 10.898 10.935 11.01 11.19 11.295 11.373 11.435 11.372 11.21 11.135 10.945 10.828 10.592 10.602 10.66 10.715 10.7 10.692 10.655 10.667 10.64 10.618 10.642 10.667 10.688 10.592 10.583 10.657 10.677 10.69 10.712 10.67 10.605 10.568 10.512 10.497 10.493 10.43 10.36 10.285 10.23 10.177 10.145 10.125 10.097 10.075 10.05 10.045 10.05 10.057 10.078 10.105 10.122 10.07 10.052 10.055 10.06 10.03 9.99 9.96 9.925 9.865 9.85 9.833 9.815 9.788 9.802 9.78 9.76 9.745
10.84 10.827 10.842 10.905 10.953 11.073 11.312 11.507 11.5 11.477 11.318 11.118 10.985 10.895 10.852 10.6 10.618 10.68 10.73 10.688 10.695 10.677 10.67 10.675 10.66 10.677 10.715 10.725 10.7 10.717 10.708 10.698 10.715 10.753 10.698 10.622 10.573 10.542 10.53 10.528 10.488 10.41 10.35 10.275 10.202 10.15 10.13 10.118 10.113 10.075 10.055 10.042 10.042 10.048 10.087 10.1 10.115 10.087 10.08 10.113 10.078 10.023 9.977 9.948 9.917 9.868 9.825 9.807 9.795 9.783 9.767 9.775 9.783
10.827 10.835 10.835 10.88 10.958 11.128 11.368 11.6 11.608 11.475 11.337 11.113 10.94 10.905 10.868 10.653 10.665 10.69 10.73 10.695 10.708 10.703 10.725 10.708 10.745 10.752 10.765 10.773 10.745 10.755 10.72 10.69 10.745 10.74 10.685 10.64 10.615 10.58 10.557 10.538 10.5 10.435 10.363 10.285 10.222 10.163 10.135 10.132 10.1 10.083 10.068 10.042 10.028 10.035 10.055 10.057 10.102 10.142 10.158 10.115 10.08 10.023 9.97 9.945 9.892 9.87 9.84 9.835 9.828 9.788 9.77 9.767 9.767
10.833 10.85 10.863 10.93 11.028 11.225 11.37 11.615 11.605 11.455 11.275 11.087 10.965 10.983 10.89 10.538 10.625 10.685 10.7 10.733 10.733 10.743 10.812 10.815 10.77 10.805 10.81 10.805 10.75 10.765 10.727 10.715 10.745 10.695 10.65 10.625 10.657 10.625 10.602 10.52 10.47 10.488 10.452 10.345 10.265 10.2 10.142 10.13 10.115 10.092 10.057 10.03 10.035 10.03 10.038 10.042 10.065 10.142 10.188 10.145 10.095 10.028 9.995 9.96 9.915 9.882 9.863 9.852 9.84 9.798 9.785 9.79 9.76
10.837 10.812 10.86 11.033 11.202 11.35 11.462 11.583 11.58 11.422 11.238 11.005 10.915 10.927 10.835 10.445 10.595 10.682 10.688 10.755 10.753 10.798 10.833 10.85 10.833 10.79 10.818 10.757 10.698 10.7 10.71 10.775 10.712 10.69 10.635 10.622 10.61 10.628 10.62 10.552 10.51 10.5 10.432 10.408 10.29 10.238 10.193 10.145 10.122 10.108 10.08 10.078 10.057 10.035 10.048 10.035 10.04 10.08 10.165 10.18 10.095 10.038 9.995 9.965 9.94 9.895 9.87 9.855 9.835 9.808 9.785 9.767 9.755
10.87 10.835 10.845 10.997 11.177 11.335 11.45 11.462 11.435 11.352 11.195 10.995 10.903 10.815 10.785 10.46 10.608 10.657 10.645 10.755 10.765 10.807 10.827 10.833 10.823 10.847 10.812 10.73 10.695 10.675 10.663 10.72 10.698 10.66 10.66 10.658 10.65 10.622 10.6 10.55 10.48 10.53 10.392 10.375 10.312 10.275 10.215 10.163 10.125 10.115 10.108 10.11 10.068 10.055 10.05 10.032 10.038 10.05 10.078 10.113 10.08 10.04 10.005 9.977 9.952 9.938 9.89 9.855 9.842 9.807 9.79 9.775 9.778
10.843 10.828 10.798 10.852 11.017 11.2 11.3 11.298 11.292 11.205 11.04 11.005 10.925 10.75 10.753 10.505 10.613 10.67 10.653 10.765 10.815 10.83 10.852 10.863 10.882 10.878 10.825 10.762 10.725 10.682 10.705 10.703 10.685 10.632 10.648 10.642 10.632 10.608 10.587 10.47 10.493 10.507 10.46 10.445 10.38 10.328 10.26 10.198 10.17 10.142 10.135 10.12 10.09 10.065 10.06 10.06 10.068 10.073 10.09 10.092 10.065 10.028 10.003 10.01 9.98 9.955 9.905 9.87 9.847 9.825 9.798 9.778 9.773
10.788 10.8 10.825 10.792 10.858 10.965 11.02 11.062 11.118 11.05 10.97 10.927 10.943 10.735 10.735 10.557 10.665 10.695 10.65 10.778 10.837 10.868 10.892 10.88 10.882 10.89 10.83 10.783 10.762 10.75 10.735 10.675 10.657 10.613 10.592 10.595 10.573 10.613 10.592 10.54 10.515 10.47 10.44 10.395 10.378 10.34 10.318 10.288 10.238 10.16 10.148 10.132 10.105 10.1 10.097 10.115 10.142 10.15 10.14 10.13 10.09 10.038 10.01 10.013 9.995 9.985 9.915 9.882 9.847 9.833 9.815 9.775 9.76
10.78 10.783 10.818 10.802 10.812 10.83 10.835 10.87 10.89 10.87 10.865 10.845 10.84 10.715 10.722 10.538 10.702 10.702 10.61 10.753 10.875 10.885 10.898 10.925 10.878 10.837 10.812 10.805 10.762 10.77 10.757 10.703 10.657 10.613 10.587 10.58 10.555 10.548 10.573 10.552 10.49 10.452 10.415 10.387 10.355 10.363 10.352 10.318 10.253 10.215 10.16 10.137 10.145 10.165 10.19 10.21 10.153 10.122 10.12 10.12 10.105 10.05 10.025 10.01 10.052 10.01 9.935 9.885 9.855 9.85 9.818 9.805 9.785
10.783 10.795 10.795 10.792 10.79 10.77 10.767 10.792 10.798 10.783 10.762 10.75 10.785 10.707 10.735 10.483 10.653 10.702 10.65 10.755 10.895 10.89 10.905 10.948 10.858 10.788 10.797 10.765 10.767 10.738 10.705 10.695 10.637 10.59 10.575 10.59 10.54 10.495 10.505 10.523 10.47 10.453 10.413 10.395 10.352 10.363 10.333 10.31 10.29 10.267 10.247 10.222 10.2 10.275 10.262 10.253 10.14 10.087 10.115 10.108 10.085 10.1 10.047 10.03 10.04 9.995 9.945 9.91 9.865 9.852 9.837 9.823 9.788
10.788 10.773 10.775 10.765 10.765 10.77 10.75 10.755 10.715 10.73 10.735 10.73 10.795 10.765 10.747 10.445 10.61 10.695 10.685 10.77 10.9 10.907 10.892 10.913 10.837 10.807 10.8 10.76 10.735 10.698 10.688 10.65 10.61 10.58 10.583 10.565 10.538 10.495 10.495 10.503 10.493 10.465 10.427 10.392 10.378 10.333 10.345 10.312 10.295 10.325 10.32 10.29 10.275 10.27 10.273 10.19 10.108 10.085 10.085 10.08 10.1 10.09 10.057 10.065 10.023 10.003 9.975 9.905 9.875 9.86 9.855 9.85 9.775
10.738 10.76 10.747 10.743 10.737 10.733 10.707 10.722 10.718 10.727 10.72 10.73 10.762 10.73 10.735 10.438 10.608 10.685 10.657 10.757 10.875 10.91 10.868 10.847 10.82 10.798 10.76 10.715 10.722 10.675 10.658 10.61 10.59 10.595 10.587 10.565 10.528 10.51 10.485 10.483 10.467 10.483 10.45 10.403 10.373 10.323 10.335 10.318 10.328 10.282 10.305 10.325 10.293 10.225 10.167 10.155 10.077 10.035 10.092 10.073 10.092 10.105 10.077 10.062 10.048 10.02 9.967 9.917 9.882 9.852 9.845 9.847 9.815
10.727 10.745 10.738 10.708 10.71 10.702 10.695 10.695 10.71 10.693 10.71 10.72 10.69 10.62 10.73 10.47 10.623 10.67 10.64 10.715 10.802 10.855 10.82 10.802 10.762 10.727 10.677 10.645 10.658 10.63 10.64 10.615 10.62 10.602 10.557 10.557 10.528 10.507 10.472 10.455 10.405 10.443 10.448 10.41 10.363 10.33 10.315 10.305 10.305 10.323 10.302 10.31 10.3 10.215 10.14 10.108 10.105 10.057 10.065 10.09 10.102 10.085 10.075 10.065 10.048 10.02 9.997 9.935 9.905 9.87 9.863 9.95 9.845
10.715 10.717 10.705 10.698 10.675 10.67 10.66 10.685 10.68 10.648 10.69 10.705 10.68 10.585 10.69 10.605 10.663 10.653 10.613 10.68 10.738 10.778 10.75 10.7 10.667 10.637 10.63 10.613 10.61 10.615 10.63 10.613 10.583 10.538 10.543 10.533 10.488 10.495 10.462 10.45 10.43 10.417 10.41 10.372 10.365 10.345 10.323 10.292 10.307 10.33 10.29 10.298 10.288 10.27 10.158 10.112 10.077 10.11 10.057 10.073 10.12 10.087 10.078 10.06 10.078 10.035 10.005 9.952 9.935 9.892 9.86 9.908 9.82
10.688 10.68 10.655 10.635 10.657 10.637 10.645 10.667 10.673 10.7 10.7 10.672 10.667 10.573 10.663 10.585 10.645 10.645 10.577 10.625 10.685 10.677 10.65 10.622 10.605 10.585 10.585 10.595 10.605 10.585 10.578 10.548 10.54 10.462 10.485 10.483 10.452 10.485 10.467 10.465 10.435 10.43 10.415 10.368 10.35 10.325 10.333 10.305 10.307 10.305 10.283 10.295 10.3 10.285 10.18 10.125 10.085 10.057 10.083 10.075 10.097 10.118 10.06 10.062 10.025 10.005 9.967 9.93 9.917 9.878 9.872 9.82 9.818
10.64 10.625 10.61 10.605 10.618 10.637 10.638 10.658 10.665 10.7 10.698 10.665 10.64 10.568 10.61 10.52 10.618 10.645 10.575 10.648 10.657 10.63 10.6 10.592 10.58 10.56 10.578 10.57 10.58 10.548 10.5 10.5 10.48 10.45 10.467 10.458 10.485 10.47 10.488 10.472 10.435 10.445 10.405 10.39 10.338 10.312 10.302 10.302 10.288 10.315 10.33 10.307 10.27 10.235 10.227 10.158 10.105 10.092 10.078 10.097 10.077 10.055 10.02 9.972 9.98 9.972 9.948 9.915 9.89 9.9 9.873 9.85 9.808
10.613 10.615 10.605 10.602 10.608 10.63 10.63 10.642 10.655 10.65 10.655 10.653 10.653 10.552 10.583 10.517 10.597 10.632 10.547 10.55 10.63 10.635 10.597 10.575 10.58 10.61 10.575 10.523 10.52 10.502 10.44 10.445 10.43 10.45 10.483 10.475 10.49 10.483 10.452 10.45 10.435 10.443 10.43 10.39 10.36 10.35 10.325 10.292 10.297 10.335 10.337 10.3 10.278 10.267 10.237 10.19 10.185 10.158 10.118 10.062 10.045 9.98 9.92 9.945 9.952 9.927 9.908 9.895 9.888 9.9 9.898 9.872 9.833
10.618 10.615 10.618 10.602 10.61 10.608 10.62 10.627 10.618 10.632 10.623 10.625 10.65 10.535 10.56 10.512 10.58 10.613 10.525 10.568 10.613 10.622 10.578 10.58 10.613 10.593 10.533 10.485 10.53 10.51 10.483 10.443 10.445 10.445 10.462 10.485 10.48 10.49 10.47 10.46 10.448 10.42 10.41 10.422 10.358 10.333 10.315 10.28 10.288 10.325 10.307 10.283 10.28 10.225 10.222 10.22 10.172 10.158 10.13 10.047 10.02 10.015 9.92 9.825 9.91 9.958 9.895 9.882 9.875 9.878 9.872 9.863 9.845
10.635 10.595 10.587 10.573 10.615 10.595 10.593 10.597 10.605 10.625 10.608 10.615 10.613 10.505 10.533 10.488 10.552 10.595 10.565 10.622 10.655 10.618 10.597 10.608 10.618 10.59 10.505 10.472 10.505 10.505 10.53 10.48 10.45 10.462 10.49 10.455 10.405 10.493 10.48 10.498 10.465 10.43 10.4 10.4 10.378 10.342 10.295 10.275 10.278 10.285 10.275 10.26 10.255 10.205 10.177 10.163 10.165 10.148 10.105 10.065 10.015 10 9.988 9.943 9.837 9.8 9.87 9.898 9.888 9.863 9.855 9.855 9.847
10.64 10.615 10.595 10.59 10.59 10.58 10.587 10.585 10.583 10.562 10.56 10.565 10.555 10.49 10.547 10.528 10.55 10.585 10.575 10.625 10.642 10.618 10.605 10.583 10.58 10.585 10.525 10.47 10.458 10.515 10.532 10.505 10.485 10.477 10.51 10.493 10.495 10.533 10.467 10.467 10.448 10.44 10.375 10.385 10.387 10.355 10.342 10.305 10.26 10.255 10.295 10.29 10.257 10.23 10.2 10.172 10.118 10.093 10.078 10.05 10.033 9.99 9.985 9.96 9.975 9.847 9.775 9.845 9.895 9.878 9.872 9.852 9.83
10.625 10.605 10.602 10.577 10.575 10.595 10.608 10.573 10.552 10.552 10.56 10.55 10.55 10.498 10.555 10.477 10.523 10.568 10.577 10.635 10.618 10.605 10.6 10.583 10.59 10.59 10.533 10.475 10.472 10.505 10.517 10.517 10.507 10.477 10.51 10.528 10.528 10.512 10.445 10.44 10.445 10.432 10.4 10.385 10.375 10.347 10.337 10.3 10.278 10.265 10.283 10.283 10.273 10.298 10.26 10.237 10.15 10.095 10.055 10.038 10.028 10.015 9.977 9.977 9.972 9.945 9.91 9.85 9.835 9.818 9.872 9.905 9.865
10.62 10.587 10.575 10.562 10.573 10.58 10.573 10.55 10.528 10.535 10.533 10.54 10.525 10.468 10.535 10.452 10.503 10.565 10.557 10.623 10.615 10.615 10.608 10.613 10.6 10.585 10.538 10.5 10.505 10.525 10.495 10.483 10.465 10.45 10.495 10.517 10.465 10.448 10.443 10.49 10.472 10.42 10.387 10.392 10.38 10.373 10.335 10.292 10.283 10.262 10.257 10.26 10.265 10.298 10.275 10.243 10.195 10.135 10.087 10.028 10.033 10.003 9.997 9.977 9.945 9.932 9.943 9.923 9.892 9.812 9.83 9.835 9.865
10.618 10.585 10.578 10.585 10.578 10.55 10.538 10.51 10.503 10.485 10.503 10.517 10.548 10.467 10.512 10.365 10.475 10.59 10.535 10.595 10.595 10.578 10.583 10.58 10.562 10.538 10.507 10.487 10.497 10.512 10.493 10.477 10.43 10.443 10.47 10.45 10.443 10.432 10.445 10.483 10.445 10.395 10.37 10.39 10.388 10.38 10.36 10.307 10.285 10.24 10.212 10.227 10.26 10.262 10.265 10.24 10.207 10.175 10.115 10.09 10.055 10.033 9.993 9.972 9.952 9.958 9.943 9.92 9.925 9.905 9.863 9.835 9.807
10.59 10.568 10.565 10.548 10.552 10.517 10.502 10.472 10.467 10.477 10.485 10.472 10.517 10.45 10.495 10.41 10.483 10.593 10.525 10.565 10.587 10.552 10.548 10.525 10.538 10.512 10.483 10.49 10.517 10.47 10.455 10.45 10.477 10.453 10.45 10.453 10.455 10.487 10.462 10.49 10.485 10.42 10.378 10.363 10.387 10.398 10.382 10.39 10.312 10.302 10.275 10.255 10.255 10.217 10.225 10.207 10.225 10.193 10.15 10.1 10.07 10.04 10.033 9.988 9.977 9.95 9.945 9.925 9.92 9.907 9.88 9.872 9.86
10.595 10.585 10.56 10.525 10.543 10.493 10.475 10.453 10.472 10.477 10.465 10.495 10.513 10.42 10.502 10.432 10.51 10.55 10.467 10.523 10.575 10.538 10.52 10.523 10.525 10.515 10.493 10.485 10.49 10.448 10.445 10.45 10.44 10.44 10.457 10.487 10.49 10.5 10.475 10.46 10.462 10.46 10.438 10.398 10.398 10.413 10.427 10.378 10.375 10.35 10.36 10.318 10.312 10.253 10.25 10.243 10.207 10.207 10.177 10.142 10.075 10.06 10.033 10.025 9.993 9.965 9.96 9.932 9.917 9.903 9.895 9.885 9.868
10.62 10.585 10.57 10.548 10.51 10.48 10.467 10.475 10.49 10.452 10.475 10.47 10.503 10.41 10.435 10.43 10.493 10.535 10.415 10.467 10.55 10.542 10.523 10.51 10.512 10.54 10.505 10.477 10.483 10.452 10.467 10.455 10.443 10.422 10.48 10.475 10.462 10.48 10.48 10.465 10.457 10.465 10.48 10.467 10.467 10.443 10.445 10.425 10.427 10.403 10.36 10.333 10.355 10.31 10.295 10.262 10.203 10.21 10.21 10.173 10.13 10.062 10.048 10.003 9.99 9.958 9.952 9.95 9.917 9.91 9.905 9.892 9.878
