Matlab/Roost_data/braunton/dsm/ss4540_DSM_2M.asc
ncols 500
nrows 500
xllcorner    245000
yllcorner    140000
cellsize     2
NODATA_value -9999
[rows 96 to 127 of 500, columns 426 to 496 of 500]
103.562 103.729 103.919 104.069 104.214 104.362 104.479 104.662 104.832 105.039 105.089 105.342 105.424 105.617 105.787 106.004 106.219 106.394 106.562 106.762 107.014 107.214 107.364 107.527 107.609 107.722 107.849 107.972 108.092 108.189 108.342 108.427 108.544 108.612 108.809 110.039 108.984 109.039 109.614 109.212 109.399 109.544 109.684 109.844 109.984 110.147 110.289 110.437 110.594 110.732 110.904 111.084 111.242 111.399 111.594 111.742 111.899 112.077 112.229 112.369 112.499 112.652 112.779 112.887 113.024 113.154 113.269 113.389 113.542 113.702 113.822
103.499 103.687 103.849 104.049 104.197 104.344 104.452 104.642 104.777 105.064 105.002 105.239 105.312 105.447 105.594 105.772 105.914 106.089 106.252 106.432 106.632 106.817 106.997 107.149 107.299 107.444 107.584 107.712 107.844 108.029 108.139 108.252 108.367 108.457 108.872 109.604 108.709 108.857 109.242 109.034 109.224 109.357 109.507 109.659 109.794 109.929 110.087 110.234 110.384 110.539 110.694 110.857 111.027 111.184 111.377 111.542 111.714 111.894 112.027 112.187 112.312 112.454 112.592 112.712 112.827 112.949 113.074 113.209 113.349 113.502 113.649
103.462 103.672 103.839 104.024 104.139 104.292 104.407 104.554 104.694 105.007 104.912 105.092 105.237 105.352 105.482 105.664 105.754 105.889 106.032 106.147 106.319 106.519 106.672 106.819 106.967 107.154 107.264 107.432 107.592 107.749 107.892 108.009 108.147 108.289 109.047 108.952 108.504 108.784 108.864 108.899 109.042 109.179 109.322 109.489 109.614 109.752 109.914 110.037 110.197 110.342 110.502 110.682 110.837 111.017 111.159 111.319 111.494 111.677 111.832 111.967 112.109 112.249 112.404 112.519 112.644 112.772 112.894 113.029 113.149 113.302 113.457
103.374 103.624 103.837 103.999 104.109 104.192 104.287 104.457 104.607 104.789 104.837 105.014 105.177 105.264 105.407 105.544 105.672 105.792 105.927 105.997 106.122 106.252 106.394 106.547 106.722 106.889 107.034 107.167 107.297 107.444 107.612 107.759 107.912 108.142 109.254 108.269 108.304 108.637 108.524 108.687 108.852 108.962 109.127 109.252 109.407 109.544 109.692 109.857 109.987 110.157 110.342 110.482 110.639 110.789 110.977 111.132 111.312 111.459 111.632 111.777 111.939 112.069 112.199 112.329 112.462 112.582 112.742 112.859 112.982 113.119 113.274
103.279 103.522 103.722 103.927 104.009 104.077 104.157 104.299 104.452 104.619 104.764 105.002 105.032 105.187 105.334 105.494 105.612 105.707 105.842 105.894 105.967 106.082 106.197 106.327 106.479 106.642 106.772 106.882 106.992 107.152 107.319 107.502 107.627 108.497 108.477 107.972 108.164 108.489 108.357 108.489 108.637 108.752 108.932 109.039 109.164 109.309 109.464 109.654 109.789 109.944 110.112 110.259 110.429 110.584 110.777 110.937 111.109 111.279 111.437 111.579 111.732 111.882 112.027 112.149 112.299 112.427 112.574 112.692 112.844 112.974 113.119
103.144 103.379 103.612 103.764 103.912 103.959 104.037 104.154 104.297 104.472 104.704 104.839 104.924 105.047 105.227 105.409 105.554 105.644 105.737 105.852 105.924 105.987 106.099 106.209 106.349 106.492 106.599 106.689 106.769 106.889 107.092 107.237 107.534 108.584 107.679 107.792 108.197 108.064 108.167 108.302 108.447 108.569 108.714 108.849 108.969 109.092 109.244 109.404 109.567 109.709 109.904 110.077 110.209 110.394 110.544 110.737 110.919 111.049 111.244 111.402 111.554 111.712 111.832 111.979 112.124 112.252 112.384 112.529 112.684 112.837 112.959
103.892 103.254 103.492 103.629 103.784 103.879 103.939 104.044 104.212 104.379 104.584 104.752 104.824 104.962 105.154 105.307 105.462 105.577 105.704 105.744 105.834 105.944 106.044 106.182 106.302 106.409 106.479 106.587 106.664 106.737 106.922 107.104 107.967 107.724 107.474 107.614 107.904 107.829 108.027 108.134 108.257 108.394 108.537 108.659 108.779 108.894 109.027 109.187 109.347 109.472 109.662 109.842 109.987 110.189 110.374 110.549 110.704 110.869 111.042 111.222 111.372 111.492 111.654 111.792 111.932 112.082 112.207 112.374 112.519 112.662 112.797
106.074 103.139 103.322 103.472 103.717 103.837 103.872 103.979 104.107 104.264 104.569 104.727 104.762 104.877 105.052 105.212 105.319 105.402 105.529 105.669 105.784 105.869 105.972 106.129 106.257 106.409 106.514 106.574 106.644 106.687 106.759 107.184 107.972 107.179 107.314 107.524 107.589 107.729 107.872 107.999 108.072 108.239 108.344 108.452 108.604 108.714 108.854 109.002 109.172 109.332 109.497 109.639 109.779 109.974 110.197 110.364 110.519 110.697 110.849 111.004 111.159 111.317 111.464 111.614 111.762 111.897 112.057 112.212 112.354 112.499 112.624
105.974 103.327 103.177 103.327 103.552 103.699 103.787 103.899 104.032 104.224 104.442 104.464 104.642 104.802 104.934 105.049 105.127 105.252 105.364 105.494 105.637 105.757 105.879 106.044 106.164 106.319 106.462 106.562 106.587 106.642 106.774 107.749 107.194 106.997 107.134 107.414 107.389 107.567 107.697 107.792 107.902 108.077 108.154 108.267 108.412 108.534 108.689 108.847 108.987 109.154 109.324 109.482 109.677 109.819 109.982 110.157 110.327 110.504 110.677 110.849 110.974 111.134 111.292 111.469 111.634 111.747 111.884 112.037 112.192 112.362 112.474
103.794 103.859 103.392 103.269 103.352 103.514 103.614 103.789 103.952 104.089 104.302 104.377 104.619 104.734 104.787 104.867 104.937 105.062 105.202 105.317 105.437 105.624 105.779 105.937 106.119 106.289 106.417 106.472 106.532 106.529 107.254 107.487 106.712 106.852 107.049 107.237 107.249 107.399 107.532 107.639 107.774 107.864 107.974 108.084 108.204 108.357 108.502 108.662 108.824 108.982 109.134 109.309 109.482 109.644 109.844 109.994 110.174 110.334 110.487 110.657 110.824 110.982 111.149 111.309 111.452 111.614 111.759 111.892 112.052 112.204 112.342
102.562 103.774 103.564 103.007 103.197 103.347 103.509 103.587 103.802 103.989 104.239 104.262 104.477 104.607 104.679 104.714 104.787 104.887 105.004 105.109 105.234 105.427 105.609 105.812 105.984 106.134 106.294 106.367 106.342 106.632 107.477 106.562 106.579 106.714 107.119 107.024 107.147 107.279 107.389 107.469 107.607 107.692 107.782 107.907 108.047 108.167 108.309 108.484 108.634 108.804 108.974 109.152 109.327 109.522 109.662 109.857 110.027 110.194 110.347 110.497 110.649 110.822 110.994 111.127 111.314 111.467 111.609 111.757 111.889 112.022 112.204
102.919 102.977 104.634 103.287 103.019 103.232 103.344 103.437 103.642 103.862 104.204 104.094 104.414 104.437 104.537 104.597 104.647 104.722 104.879 104.972 105.114 105.269 105.444 105.677 105.814 106.007 106.079 106.144 106.212 107.152 106.699 106.299 106.444 106.844 107.017 106.902 107.024 107.129 107.247 107.327 107.472 107.552 107.654 107.747 107.889 108.007 108.172 108.317 108.479 108.637 108.804 108.977 109.159 109.344 109.529 109.689 109.857 110.039 110.192 110.344 110.517 110.677 110.807 110.959 111.114 111.289 111.427 111.602 111.732 111.889 112.039
102.514 104.124 106.209 103.724 102.869 103.049 103.202 103.369 103.532 103.777 103.954 103.987 104.164 104.304 104.372 104.452 104.509 104.614 104.742 104.852 105.007 105.157 105.299 105.464 105.609 105.742 105.799 105.802 106.782 106.822 105.982 106.159 106.342 107.394 106.842 106.807 106.882 106.992 107.097 107.207 107.269 107.389 107.507 107.617 107.749 107.884 108.019 108.162 108.347 108.477 108.649 108.824 108.997 109.159 109.322 109.499 109.694 109.854 110.039 110.197 110.359 110.512 110.664 110.819 110.979 111.122 111.254 111.422 111.572 111.739 111.884
102.104 107.622 108.417 108.044 104.214 102.919 103.039 103.184 103.357 103.644 103.854 103.882 104.024 104.189 104.252 104.304 104.402 104.519 104.632 104.767 104.954 105.074 105.212 105.369 105.489 105.584 105.642 106.444 106.839 105.862 105.857 106.062 107.072 107.857 106.972 106.734 106.772 106.844 106.934 107.054 107.142 107.229 107.342 107.482 107.612 107.754 107.879 108.037 108.197 108.327 108.502 108.662 108.832 109.024 109.182 109.332 109.522 109.684 109.869 110.047 110.209 110.362 110.527 110.672 110.819 110.999 111.142 111.262 111.404 111.577 111.717
104.242 107.534 108.189 108.839 104.549 102.942 102.899 103.014 103.194 103.467 103.694 103.749 103.887 104.069 104.152 104.184 104.297 104.467 104.579 104.697 104.857 105.009 105.144 105.277 105.334 105.387 106.177 106.632 105.612 105.612 105.752 106.552 107.174 107.464 107.742 107.767 107.169 106.814 106.837 106.867 106.977 107.097 107.197 107.327 107.454 107.614 107.764 107.924 108.079 108.222 108.369 108.517 108.677 108.867 109.024 109.172 109.394 109.542 109.712 109.897 110.044 110.219 110.379 110.529 110.687 110.862 111.004 111.132 111.287 111.452 111.582
104.989 108.132 108.782 108.654 108.574 104.017 102.787 102.917 103.082 103.314 103.602 103.737 103.862 103.919 103.999 104.084 104.219 104.337 104.499 104.599 104.774 104.932 105.084 105.167 105.399 106.129 106.362 105.354 105.339 105.514 106.012 106.287 105.872 105.987 106.277 107.197 107.964 108.014 107.972 107.342 106.879 106.907 106.999 107.172 107.302 107.459 107.617 107.777 107.934 108.074 108.237 108.394 108.557 108.697 108.849 109.009 109.179 109.339 109.534 109.707 109.879 110.052 110.209 110.364 110.529 110.717 110.857 111.034 111.187 111.324 111.462
101.852 104.934 108.789 109.157 108.109 106.319 103.549 102.842 102.992 103.197 103.417 103.599 103.582 103.789 103.879 103.969 104.102 104.219 104.369 104.494 104.667 104.817 104.944 105.097 106.367 106.434 105.132 105.082 105.267 105.744 105.792 105.487 105.559 105.692 105.822 105.967 106.437 106.892 107.662 108.337 108.284 107.869 107.302 107.162 107.044 107.244 107.439 107.612 107.754 107.932 108.092 108.252 108.397 108.567 108.719 108.879 109.047 109.222 109.372 109.557 109.742 109.894 110.074 110.229 110.377 110.537 110.714 110.887 111.017 111.197 111.362
101.704 101.977 106.364 107.962 107.174 107.807 106.352 103.717 102.922 103.087 103.294 103.359 103.499 103.677 103.727 103.852 103.972 104.107 104.249 104.427 104.574 104.714 104.919 106.439 106.587 104.852 104.849 104.987 105.484 105.424 105.282 105.422 105.569 105.644 105.754 105.877 105.967 106.014 106.127 106.779 107.309 108.247 108.639 108.667 108.032 107.407 107.289 107.387 107.569 107.744 107.914 108.089 108.262 108.419 108.572 108.749 108.914 109.079 109.254 109.422 109.574 109.742 109.909 110.097 110.254 110.419 110.562 110.737 110.874 111.054 111.209
101.609 101.692 103.119 106.274 108.487 108.187 107.984 103.657 102.872 102.994 103.177 103.334 103.277 103.557 103.592 103.729 103.849 104.017 104.154 104.317 104.457 104.639 106.297 106.179 104.729 104.639 104.764 105.237 105.089 105.104 105.259 105.414 105.504 105.597 105.694 105.782 105.919 106.002 106.057 106.109 106.204 106.267 106.747 107.722 108.227 108.939 108.772 108.169 107.667 107.587 107.702 107.897 108.072 108.254 108.417 108.599 108.777 108.937 109.134 109.279 109.452 109.627 109.764 109.922 110.107 110.262 110.449 110.599 110.749 110.904 111.062
101.574 101.594 101.709 104.014 105.572 107.864 104.707 104.122 102.924 102.899 103.064 103.189 103.122 103.417 103.442 103.592 103.737 103.912 104.102 104.224 104.479 106.027 105.769 104.504 104.424 104.592 104.984 104.789 104.912 105.074 105.227 105.329 105.432 105.522 105.604 105.712 105.822 105.932 106.012 106.089 106.157 106.229 106.302 106.417 106.557 107.084 108.297 108.799 108.907 109.067 108.562 108.022 107.854 108.034 108.229 108.409 108.642 108.792 108.949 109.142 109.327 109.494 109.657 109.824 109.979 110.109 110.277 110.444 110.622 110.784 110.929
102.722 102.064 101.787 101.672 102.107 103.757 102.274 103.024 103.957 102.787 102.947 103.142 102.984 103.277 103.292 103.447 103.584 103.819 103.972 104.277 105.717 105.119 104.249 104.164 104.409 104.692 104.667 104.712 104.894 105.042 105.139 105.249 105.332 105.399 105.504 105.632 105.747 105.867 105.942 106.037 106.127 106.207 106.314 106.419 106.509 106.622 106.867 107.132 107.347 108.447 109.389 109.247 108.902 108.767 108.497 108.262 108.422 108.622 108.799 109.014 109.207 109.359 109.507 109.682 109.864 110.022 110.169 110.317 110.477 110.624 110.812
104.489 104.157 103.064 102.899 102.099 101.727 101.774 102.234 104.254 103.289 102.844 103.087 102.839 103.349 103.174 103.307 103.422 103.652 104.039 105.399 105.032 103.867 103.919 104.127 104.442 104.382 104.504 104.689 104.834 104.929 105.044 105.127 105.217 105.312 105.422 105.544 105.657 105.762 105.854 105.957 106.072 106.189 106.277 106.402 106.502 106.617 106.737 106.839 106.954 107.069 107.872 108.602 109.259 109.797 109.707 109.252 108.509 108.432 108.592 108.797 109.007 109.204 109.367 109.549 109.719 109.884 110.049 110.204 110.369 110.514 110.669
105.547 105.404 105.144 104.559 102.624 101.689 101.734 101.802 103.974 104.697 103.104 103.099 102.764 103.389 103.877 103.339 103.314 103.957 105.539 104.637 103.592 103.652 103.872 104.214 104.137 104.307 104.467 104.602 104.732 104.852 104.914 105.024 105.159 105.237 105.359 105.474 105.579 105.679 105.784 105.889 106.004 106.117 106.234 106.357 106.487 106.589 106.714 106.859 106.957 107.077 107.154 107.319 107.494 108.544 109.509 110.029 110.247 109.732 109.064 108.677 108.817 109.032 109.202 109.397 109.589 109.764 109.897 110.054 110.249 110.399 110.574
104.862 105.199 105.364 104.472 102.579 101.992 101.742 101.752 102.517 104.834 105.042 103.622 102.639 102.677 105.054 105.414 105.172 105.617 104.502 103.294 103.429 103.624 103.947 103.932 104.082 104.237 104.397 104.527 104.674 104.759 104.849 104.944 105.042 105.142 105.254 105.354 105.467 105.559 105.689 105.789 105.932 106.054 106.164 106.319 106.439 106.574 106.709 106.827 106.962 107.082 107.197 107.332 107.449 107.549 107.679 108.392 109.254 110.079 110.227 110.529 109.529 109.092 109.017 109.204 109.432 109.609 109.802 109.952 110.144 110.287 110.464
102.534 103.392 104.302 104.082 102.852 102.124 102.042 101.737 101.764 103.272 104.467 104.159 102.657 102.487 104.062 105.282 105.224 104.047 103.052 103.149 103.392 103.699 103.687 103.854 104.009 104.169 104.329 104.452 104.557 104.662 104.762 104.859 104.977 105.102 105.174 105.269 105.387 105.497 105.614 105.714 105.877 105.974 106.109 106.252 106.389 106.537 106.654 106.797 106.912 107.044 107.184 107.312 107.442 107.579 107.677 107.797 107.929 108.337 109.642 110.292 110.499 110.649 110.157 109.567 109.334 109.417 109.602 109.779 109.989 110.157 110.334
100.749 100.799 100.797 103.714 104.564 102.067 101.809 101.704 101.737 101.799 104.417 104.429 103.084 102.389 102.577 104.392 102.802 102.794 102.944 103.159 103.447 103.447 103.599 103.779 103.909 104.077 104.219 104.309 104.442 104.584 104.687 104.769 104.894 104.979 105.072 105.199 105.297 105.404 105.522 105.659 105.784 105.909 106.054 106.204 106.334 106.489 106.634 106.759 106.902 107.014 107.172 107.312 107.437 107.579 107.704 107.822 107.944 108.077 108.219 108.502 108.799 110.339 110.914 110.772 110.474 110.202 109.884 109.692 109.807 110.037 110.214
100.727 100.747 101.229 105.427 107.184 105.754 102.167 102.097 101.822 101.779 102.509 104.314 103.704 102.442 102.294 102.399 102.574 102.692 102.922 103.184 103.177 103.379 103.524 103.667 103.809 103.957 104.084 104.202 104.344 104.477 104.587 104.694 104.802 104.909 104.992 105.092 105.244 105.347 105.454 105.559 105.697 105.824 105.997 106.134 106.287 106.434 106.564 106.742 106.869 107.012 107.149 107.284 107.407 107.524 107.692 107.817 107.954 108.084 108.192 108.344 108.499 108.727 109.422 109.909 110.859 110.759 110.822 110.837 110.134 109.907 110.009
100.767 100.799 102.262 106.187 107.227 104.879 102.437 103.054 102.399 101.802 101.817 103.307 103.739 102.662 102.192 102.342 102.454 102.649 102.959 102.969 103.122 103.294 103.414 103.562 103.692 103.812 103.957 104.102 104.247 104.374 104.502 104.594 104.692 104.802 104.902 105.002 105.119 105.247 105.364 105.492 105.629 105.779 105.914 106.079 106.229 106.379 106.517 106.674 106.804 106.952 107.082 107.252 107.402 107.542 107.689 107.812 107.932 108.067 108.222 108.352 108.494 108.612 108.777 108.922 109.347 110.224 110.942 111.102 111.252 111.214 110.707
101.162 100.907 103.482 107.182 107.274 103.517 101.857 103.779 102.922 101.752 101.774 101.822 101.924 102.004 102.119 102.184 102.267 102.509 102.792 102.882 103.057 103.157 103.304 103.447 103.554 103.687 103.844 103.992 104.117 104.262 104.377 104.504 104.602 104.709 104.827 104.917 105.044 105.169 105.322 105.439 105.562 105.719 105.872 106.009 106.169 106.314 106.454 106.617 106.747 106.877 107.049 107.219 107.377 107.504 107.649 107.797 107.944 108.079 108.224 108.377 108.512 108.654 108.782 108.917 109.052 109.227 109.459 110.122 111.259 111.927 111.924
105.272 104.659 104.964 107.112 106.714 102.197 101.552 102.832 102.992 102.239 101.719 101.742 101.849 101.919 101.949 102.049 102.127 102.299 102.612 102.747 102.924 103.034 103.157 103.284 103.429 103.564 103.714 103.849 103.972 104.124 104.247 104.364 104.479 104.602 104.737 104.849 104.972 105.112 105.242 105.379 105.529 105.677 105.832 105.964 106.114 106.289 106.407 106.559 106.712 106.872 107.024 107.142 107.307 107.464 107.622 107.779 107.914 108.057 108.197 108.357 108.484 108.649 108.809 108.934 109.084 109.187 109.324 109.417 109.817 110.632 111.069
107.137 106.619 106.397 107.242 105.834 103.104 102.334 101.477 100.989 101.949 101.752 101.659 101.717 101.749 102.137 102.479 102.097 102.157 102.344 102.569 102.704 102.872 102.964 103.102 103.249 103.417 103.602 103.734 103.874 103.987 104.119 104.254 104.382 104.504 104.624 104.769 104.889 105.037 105.167 105.317 105.477 105.632 105.774 105.912 106.069 106.214 106.379 106.519 106.654 106.829 106.992 107.129 107.269 107.384 107.569 107.724 107.864 108.024 108.179 108.329 108.509 108.652 108.792 108.944 109.099 109.224 109.354 109.467 109.599 109.719 109.862
105.747 106.604 107.092 107.492 107.477 106.529 106.137 106.862 102.474 101.417 102.014 101.572 101.609 101.639 102.307 102.754 102.119 102.182 102.247 102.322 102.434 102.572 102.747 102.904 103.084 103.279 103.427 103.584 103.749 103.892 104.004 104.147 104.257 104.404 104.542 104.672 104.802 104.949 105.069 105.232 105.382 105.544 105.702 105.882 106.022 106.174 106.332 106.497 106.639 106.787 106.952 107.067 107.229 107.397 107.522 107.672 107.854 107.999 108.147 108.332 108.482 108.654 108.782 108.942 109.117 109.232 109.352 109.499 109.622 109.752 109.877
