Matlab/Roost_data/braunton/dsm/ss4535_DSM_2M.asc
ncols 500
nrows 500
xllcorner    245000
yllcorner    135000
cellsize     2
NODATA_value -9999
[rows 132 to 164 of 500, columns 219 to 291 of 500]
15.94 16.195 16.49 16.713 16.782 16.955 17.362 18.188 19.097 19.095 18.105 17.257 16.805 16.368 15.868 15.4 15.345 16.135 15.908 14.632 14.488 14.548 13.605 13.118 12.852 12.87 13.127 12.743 12.725 12.925 12.59 12.573 11.875 11.718 11.865 11.823 11.38 11.163 11.295 11.27 11.288 11.238 11.29 11.407 11.627 11.837 11.512 11.212 11.515 11.488 11.585 11.635 11.26 11.177 10.935 11.145 10.878 11.075 11.45 11.358 11.267 11.065 10.788 10.775 10.7 10.63 10.507 10.34 10.333 10.335 10.425 10.523 10.71
15.943 16.028 16.23 16.395 16.632 16.89 17.215 17.977 18.645 18.468 17.925 17.105 16.5 16.167 15.685 15.17 14.925 15.085 14.655 14 13.745 13.828 13.812 13.6 12.932 12.868 13.225 13.025 13.267 13.568 12.628 12.365 12.1 12.19 12.227 12.045 11.483 11.108 11.265 11.23 11.24 11.18 11.08 11.062 11.115 11.222 11.278 11.333 11.517 11.417 11.337 11.545 11.16 10.797 10.66 10.645 10.733 10.805 10.903 10.96 10.995 10.965 10.94 10.82 10.66 10.57 10.495 10.577 10.547 10.6 10.688 10.84 11.083
15.818 15.835 15.99 16.253 16.623 16.84 17.08 18.105 18.97 18.54 18.798 18.243 16.545 16.03 15.637 15.29 15.042 14.778 14.595 14.472 13.648 13.34 13.365 13.12 12.818 12.975 12.733 12.717 13.073 13.517 12.41 12.532 12.068 12.47 12.257 12.21 11.735 11.132 11.18 11.195 11.177 11.11 11.052 10.93 10.91 10.99 11.135 11.245 11.245 11.188 11.132 11.108 10.96 10.863 10.913 10.96 11.145 11.245 11.36 11.372 11.63 11.753 11.9 11.87 11.858 11.205 11.312 11.515 11.372 11.278 11.32 11.727 11.962
15.717 15.757 15.955 16.245 16.602 16.81 17.12 17.945 18.645 18.368 18.472 18.323 17.115 15.885 15.46 15.385 15.305 15.215 15.408 15.545 13.995 13.273 12.85 12.568 12.6 12.565 12.39 12.307 12.655 12.722 12.47 12.155 12.172 12.573 12.828 12.722 12.193 11.265 11.208 11.273 11.215 11.14 11.097 10.977 11.033 11.292 11.39 11.327 11.455 11.38 11.59 11.615 11.528 11.398 11.52 11.502 11.592 11.72 11.858 11.875 12.148 12.198 12.188 12.363 12.462 12.132 11.875 12.102 12.085 12.095 11.927 12.137 12.465
15.762 15.885 16.017 16.255 16.65 17.105 17.298 17.96 18.16 17.98 17.985 18.087 16.695 15.8 15.48 15.27 15.467 15.443 15.752 15.725 14.833 13.842 12.76 12.642 12.488 12.285 12.167 12.118 12.14 12.142 11.905 11.972 12.302 12.722 12.96 13.015 12.488 11.51 11.267 11.403 11.503 11.525 11.363 11.12 11.203 11.653 11.597 11.468 11.48 11.515 11.872 12.068 12.04 11.955 12.075 12.31 12.43 12.355 12.288 12.325 12.7 12.815 12.688 12.637 12.573 12.43 12.18 12.368 12.337 12.423 12.415 12.565 12.73
15.915 16.035 16.112 16.413 16.722 16.955 16.878 17.278 17.54 17.055 17.265 17.06 15.97 15.407 15.415 15.42 15.325 15.182 15.07 15.163 15.185 14.387 12.93 12.738 12.595 12.28 12.115 12.062 12.118 11.963 11.828 12.068 12.305 12.523 12.823 12.835 12.467 11.717 11.33 11.467 11.815 12.038 11.765 11.455 11.375 11.66 11.693 11.77 11.73 11.775 12.27 12.618 12.67 12.48 12.27 12.738 12.972 12.86 12.642 12.62 13.057 13.222 13.205 13.167 13.057 12.76 12.64 12.733 12.705 13.025 13.42 13.653 13.57
15.875 16.13 16.108 16.198 16.445 16.433 15.97 16.062 16.522 16.198 16.548 16.218 15.32 14.91 15.195 15.66 15.33 15.085 14.895 15.007 14.743 13.645 12.935 12.85 12.83 12.663 12.495 12.207 12.108 11.915 11.855 11.823 11.983 12.2 12.408 12.565 12.233 11.77 11.46 11.578 11.852 12.118 12.015 11.8 11.738 11.807 11.988 12.077 12.045 12.305 12.693 12.827 12.81 12.538 12.657 13.368 13.68 13.47 12.948 13.01 13.273 13.42 13.475 13.325 13.177 13.003 13.033 13.323 13.323 13.688 14.158 14.475 14.345
15.677 16.04 15.938 15.708 15.6 15.677 15.22 15.188 15.198 15.49 15.387 15.015 14.58 14.637 14.955 15.802 15.855 15.003 14.863 14.392 13.84 13.505 13.105 13.062 13.035 12.975 12.807 12.355 12.128 11.828 11.72 11.625 11.722 11.935 12.13 12.165 12.05 11.815 11.535 11.542 11.743 12.017 12.295 12.01 12.15 12.215 12.375 12.253 12.247 12.568 12.635 12.755 12.71 12.79 13.307 13.88 14.093 13.462 13 12.727 12.673 12.96 12.915 12.905 12.98 12.965 13.267 13.252 13.358 13.512 14.023 14.34 14.377
15.747 15.798 15.708 15.498 15.23 15.137 14.693 14.767 14.535 14.392 14.427 14.177 14.167 14.375 14.915 15.738 15.72 15.015 14.843 14.292 13.872 13.655 13.285 13.25 13.07 13.078 12.888 12.365 12.267 11.725 11.675 11.632 11.665 11.82 12.04 12.113 12.388 12.127 11.663 11.47 11.708 11.852 12.27 12.315 12.39 12.458 12.445 12.375 12.318 12.615 12.688 12.81 13.02 13.335 13.74 13.762 13.417 13.3 13.007 11.972 11.7 12.215 11.735 11.695 11.927 12.23 12.382 12.21 12.185 12.682 13.08 13.568 13.552
15.535 15.52 15.503 15.658 15.64 15.19 15.075 15.682 15.485 14.542 14.18 14.25 14.335 14.585 15.092 15.408 15.538 15.052 14.575 14.238 13.985 13.775 13.703 13.815 13.292 12.955 12.84 12.273 12.052 11.63 11.693 11.8 11.717 11.698 11.785 12.015 12.267 12.423 11.523 11.298 11.49 11.605 12.02 12.32 12.475 12.57 12.53 12.405 12.31 12.465 12.887 13.17 13.488 13.79 13.958 13.835 13.637 13.175 12.368 11.62 11.108 10.892 10.562 10.632 10.765 11.368 11.34 11.135 11.158 11.673 12.198 12.677 12.983
15.587 15.53 15.698 16.073 16.165 15.812 16.085 17.048 16.225 15.25 14.722 14.67 14.818 14.99 15.227 15.347 15.307 15.083 14.625 14.417 14.325 14.113 13.962 13.695 13.212 12.878 12.76 12.5 12.27 11.752 11.762 11.855 11.825 11.935 11.962 12.13 12.352 12.005 11.398 11.165 11.2 11.453 11.865 12.27 12.355 12.67 12.565 12.465 12.695 12.882 13.213 13.375 13.43 13.74 13.825 13.733 13.735 13.057 13.118 12.132 11.115 10.755 10.387 10.368 10.585 10.792 10.755 10.495 10.597 10.767 11.413 11.925 12.665
16.095 15.925 16.327 16.74 16.975 16.825 17.525 18.45 17.028 16.01 15.693 15.448 15.502 15.417 15.335 15.28 15.17 14.915 14.602 14.262 14.083 13.903 13.74 13.48 13.145 12.885 12.895 12.517 11.818 11.755 11.757 11.855 11.815 11.81 12.095 12.375 12.398 12.083 11.275 11.122 11.212 11.385 11.775 12.01 12.182 12.523 12.872 12.762 12.935 13.198 13.375 13.368 13.415 13.708 13.538 13.41 13.285 12.855 13.06 13.035 12.285 11.278 10.65 10.575 10.668 10.852 10.85 10.658 10.388 10.525 11.01 11.755 12.28
16.667 16.645 16.948 17.392 17.565 17.588 18.443 19.083 17.827 16.995 16.75 16.728 16.315 15.97 15.568 15.34 15.083 14.832 14.595 14.47 13.98 13.682 13.632 13.675 13.59 13.125 12.632 12.033 11.722 11.737 11.675 11.712 11.682 11.405 11.225 11.167 11.42 11.25 11.05 10.993 11.198 11.587 11.88 11.917 11.743 12.315 12.975 12.92 12.938 13.09 13.255 13.263 13.238 13.682 13.298 13.153 12.892 13.137 13.632 13.477 12.79 12.083 11.01 10.85 11.033 11.507 11.21 10.435 10.372 10.382 10.715 11.525 12.425
16.575 16.55 16.66 16.938 17.065 17.247 18.045 18.638 18.57 18.372 18.15 17.147 16.275 15.96 15.538 15.148 14.97 14.733 14.42 14.328 13.977 13.757 13.967 13.905 13.69 13.16 12.762 12.177 11.855 11.79 11.602 11.5 11.517 11.432 11.2 11.11 11.115 11.153 11.033 11.025 11.285 11.585 11.872 11.695 11.665 11.882 12.215 12.645 12.94 12.92 12.995 13.03 13.145 13.415 13.153 13.102 12.983 13.05 13.61 13.86 13.247 12.74 11.812 11.823 12.347 12.065 12.062 11.32 10.755 10.83 11.408 12.108 12.345
15.873 15.6 15.507 15.715 15.888 16.233 17.087 17.545 18.09 18.42 18.138 16.9 16.08 15.577 15.252 14.92 14.775 14.427 14.023 13.835 13.837 13.925 13.988 14.448 14.208 13.62 12.932 12.128 11.965 11.825 11.62 11.445 11.462 11.557 11.65 11.462 11.325 11.425 11.182 11.047 11.372 11.648 12.132 12.32 11.792 11.333 11.068 11.318 11.905 12.44 12.882 13.208 13.58 13.71 13.488 13.595 13.515 13.077 13.13 13.243 13.085 12.9 12.66 12.722 12.677 12.663 12.615 12.275 11.672 11.81 12.24 12.39 12.265
15.048 14.767 14.69 14.775 14.833 15.175 16.175 16.835 17.345 18.067 17.792 16.812 15.898 15.028 14.75 14.702 14.59 14.388 14.01 13.788 13.878 14.092 14.305 14.92 14.967 13.922 13.62 12.32 11.955 11.843 11.738 11.55 11.46 11.48 11.555 11.6 11.773 11.415 11.017 10.97 11.257 11.57 12.108 12.403 12.318 11.658 11.645 11.427 11.405 11.877 12.523 13.665 14.095 14.165 14.323 13.495 13.188 12.983 12.985 12.94 12.98 12.81 12.835 12.938 12.938 12.885 12.88 12.735 12.613 12.65 12.552 12.385 12.085
14.755 14.185 13.927 13.898 14.097 14.557 15.06 15.705 16.597 17.315 17.61 16.985 15.898 15.1 14.81 14.85 14.84 14.81 14.24 14.01 13.953 14.262 14.333 14.665 14.66 14.295 13.895 12.773 12.038 11.882 11.727 11.608 11.467 11.32 11.342 11.46 11.438 11.153 10.95 10.975 11.477 12.017 12.37 12.557 12.37 12.628 13 12.535 12.185 12.775 13.782 14.047 14.215 14.285 13.858 13.403 12.927 12.797 13.09 12.975 12.84 12.7 12.657 12.91 13.055 13.042 13.085 12.672 12.605 12.648 12.62 12.365 11.952
14.235 13.628 13.783 13.675 13.608 14.028 14.575 15.142 15.9 16.755 17.487 17.61 16.665 15.587 15.608 15.568 15.167 14.6 14.382 14.403 14.515 14.438 14.06 13.735 13.7 13.51 13.145 12.65 12.135 11.825 11.602 11.495 11.315 11.165 11.185 11.285 11.17 11.065 10.94 11.073 11.753 12.19 12.425 12.495 12.368 12.62 13.135 13.375 13.568 13.405 14.04 14.017 14.278 14.165 13.462 12.618 12.637 12.833 13.047 12.91 12.6 12.668 12.382 12.74 12.998 12.81 12.828 12.778 13.025 12.943 12.805 12.667 12.62
14.015 13.323 13.363 13.325 13.35 13.73 14.175 14.905 15.575 16.35 17.278 17.733 17.555 16.077 15.875 15.602 14.837 14.55 14.545 14.47 14.67 14.448 13.618 13.208 13.017 12.98 12.842 12.538 12.113 11.715 11.493 11.408 11.3 11.182 11.158 11.17 11.11 11.065 11.007 11.122 11.705 12.185 12.375 12.31 12.08 12.345 12.655 13.173 13.33 13.695 13.695 13.53 13.945 13.47 12.523 12.168 12.773 13.123 12.993 12.585 12.275 12.517 12.28 12.45 12.682 12.682 12.602 12.77 13.015 13.003 12.8 12.835 12.938
13.765 13.198 12.915 12.927 13.23 13.485 13.722 14.45 15.227 16.017 16.807 17.147 16.595 16.237 16.138 15.392 15.04 14.923 14.882 14.583 14.542 13.975 12.975 12.68 12.63 12.637 12.485 12.333 12 11.63 11.462 11.378 11.285 11.137 11.122 11.215 11.162 11.06 10.975 11.113 11.39 11.938 12.105 12.065 11.745 11.898 12.555 12.868 12.925 13.01 12.802 13.325 13.135 12.627 12.077 13.13 12.688 12.793 12.98 12.35 12.09 12.21 12.202 12.21 12.387 12.398 12.292 12.358 12.667 12.778 13.017 13.125 13.273
13.92 13.36 12.917 12.828 12.872 13.142 13.455 13.775 14.67 15.52 16.165 16.253 15.745 15.765 15.925 15.565 15.333 15.093 14.962 14.188 13.755 13.405 12.85 12.71 12.6 12.655 12.605 12.193 11.855 11.58 11.375 11.23 11.095 11.023 10.917 10.898 10.932 10.983 10.975 11.2 11.365 11.755 12.038 12.392 12.073 11.465 12.012 12.47 12.637 12.56 12.33 12.3 12.08 11.92 11.868 12.017 12.035 12.485 12.675 11.985 11.755 11.917 12.118 11.945 11.905 12.038 12.235 12.057 12.158 12.682 13.148 13.378 13.422
14.552 13.565 13.023 12.922 12.825 12.748 12.967 13.157 13.91 14.608 15.113 14.98 14.775 15.055 15.235 15.217 15.105 14.892 14.962 14.243 13.44 13.13 12.807 12.688 12.69 12.488 12.425 12.052 11.613 11.4 11.163 10.995 10.863 10.78 10.74 10.718 10.722 10.767 10.885 11.102 11.318 11.55 11.81 12.363 11.955 11.413 12.035 12.358 12.455 12.217 12.655 11.653 11.887 11.93 11.63 11.695 11.842 12.295 12.403 12.177 11.81 11.778 11.637 11.587 11.648 12.025 12.368 12.54 12.11 12.17 12.757 13.005 13.395
14.58 13.585 13.038 12.9 12.717 12.778 12.797 12.923 13.15 13.467 13.69 13.86 14.235 14.583 14.925 14.987 14.833 14.535 14.212 13.73 13.3 12.88 12.577 12.31 12.155 12.017 11.785 11.477 11.273 11.13 11.015 10.942 10.855 10.773 10.705 10.645 10.628 10.595 10.69 10.95 11.118 11.238 11.512 11.993 11.635 11.347 11.87 12.22 12.14 11.878 11.25 11.035 11.278 11.415 11.422 11.542 11.703 11.905 12.33 12.255 12.085 11.843 11.488 11.43 11.48 11.903 12.17 12.602 12.312 11.718 12.003 12.41 12.137
14.417 13.575 13.372 13.118 12.405 12.347 12.577 12.77 13.1 13.365 13.642 13.855 14.23 14.538 14.88 15.123 14.943 14.503 14.205 13.755 13.217 12.765 12.378 12.08 11.865 11.663 11.475 11.35 11.153 11.035 10.993 10.96 10.845 10.765 10.702 10.632 10.6 10.528 10.548 10.637 10.693 10.753 10.935 11.307 11.757 11.507 11.02 11.257 11.165 10.767 10.807 10.642 10.64 10.802 11.203 11.162 11.37 11.725 12.03 11.86 11.715 11.375 11.337 11.46 11.528 11.663 12.003 12.362 12.18 11.578 11.31 11.352 11.34
14.59 13.792 13.688 13.54 12.595 12.205 12.193 12.507 13.523 13.583 13.648 14.03 14.273 14.517 14.743 14.92 14.89 14.875 14.708 14.073 13.61 12.87 12.32 11.922 11.738 11.495 11.342 11.215 11.1 11.01 10.955 10.885 10.783 10.725 10.663 10.615 10.573 10.517 10.467 10.467 10.512 10.557 10.615 10.7 10.835 10.695 10.637 10.627 10.72 10.913 10.825 10.565 10.523 10.712 10.688 10.65 10.717 11.24 11.298 11.307 11.157 11.17 11.548 11.99 12.092 12.042 11.892 11.908 11.387 11.39 11.347 11.307 11.368
15.205 14.398 13.917 13.858 13.337 12.77 12.41 12.605 12.913 13.378 13.15 12.995 13.425 13.952 14.608 14.645 14.663 14.717 14.582 14.153 13.778 13.325 12.38 11.92 11.632 11.488 11.315 11.17 11.055 10.958 10.892 10.823 10.738 10.68 10.623 10.585 10.505 10.533 10.468 10.423 10.435 10.46 10.477 10.525 10.577 10.56 10.517 10.48 10.602 10.47 10.427 10.448 10.432 10.557 10.538 10.493 10.55 10.667 10.938 11.062 10.887 11.635 12.385 12.752 12.24 12.66 12.467 11.55 11.253 11.118 11.512 11.745 11.57
15.855 14.865 14.158 13.877 13.79 13.302 12.932 12.81 12.77 12.65 12.41 12.453 12.655 13.4 14.257 14.427 14.565 14.775 14.365 14.175 13.68 12.83 12.175 11.882 11.615 11.47 11.33 11.182 11.073 10.925 10.855 10.79 10.705 10.67 10.653 10.6 10.55 10.54 10.495 10.448 10.42 10.415 10.398 10.415 10.46 10.488 10.455 10.407 10.385 10.378 10.43 10.427 10.375 10.358 10.37 10.505 10.58 10.535 10.635 10.86 11.052 12 12.512 12.75 12.608 12.23 11.583 11.132 11.528 11.58 12.048 11.805 11.9
15.725 15.408 14.88 14.438 14.112 13.877 13.408 13.04 13.007 12.975 12.965 13.068 13.27 13.657 14.02 14.297 14.345 14.085 13.955 13.95 13.757 13.068 12.378 12.035 11.73 11.58 11.41 11.21 11.09 10.948 10.868 10.767 10.727 10.718 10.688 10.648 10.608 10.57 10.533 10.5 10.475 10.445 10.425 10.387 10.387 10.413 10.39 10.37 10.375 10.358 10.312 10.302 10.36 10.295 10.312 10.438 10.358 10.352 10.438 10.565 10.96 11.34 11.868 12.123 12.355 12.333 11.555 11 11.465 11.35 11.775 11.79 11.967
14.935 14.735 14.528 14.375 14.193 14 13.788 13.65 13.552 13.48 13.455 13.408 13.305 13.235 13.097 12.972 12.79 12.695 12.515 12.43 12.11 11.828 11.658 11.488 11.355 11.252 11.158 11.048 10.935 10.823 10.738 10.712 10.67 10.622 10.565 10.488 10.46 10.47 10.435 10.382 10.387 10.392 10.415 10.427 10.403 10.38 10.378 10.365 10.36 10.315 10.333 10.29 10.283 10.265 10.273 10.382 10.45 10.44 10.372 10.392 10.48 10.56 10.82 11.427 12.005 12.167 11.573 11.262 11.225 11.347 11.773 11.765 11.823
15.202 14.91 14.605 14.37 14.135 13.972 13.818 13.663 13.552 13.453 13.395 13.285 13.177 13.035 12.862 12.712 12.51 12.328 12.18 12.01 11.878 11.698 11.547 11.37 11.248 11.1 10.972 10.898 10.8 10.698 10.595 10.538 10.475 10.415 10.34 10.288 10.257 10.227 10.217 10.185 10.177 10.173 10.157 10.167 10.215 10.253 10.283 10.355 10.382 10.337 10.28 10.28 10.25 10.273 10.275 10.29 10.355 10.345 10.323 10.445 10.418 10.355 10.425 10.79 11.22 11.5 11.547 11.648 11.227 11.275 11.61 11.735 12.048
16.38 15.757 15.602 15.193 14.688 14.28 13.878 13.653 13.475 13.392 13.413 13.488 13.542 13.657 13.915 13.958 13.653 13.84 13.905 13.505 13.007 12.585 12.398 12.095 11.885 11.378 11.155 10.922 10.823 10.738 10.665 10.583 10.542 10.48 10.392 10.31 10.278 10.24 10.195 10.158 10.137 10.113 10.08 10.08 10.048 10.05 10.035 10.042 10.123 10.238 10.34 10.31 10.31 10.235 10.235 10.255 10.267 10.307 10.302 10.325 10.45 10.302 10.318 10.403 10.648 11.13 11.163 11.057 10.995 10.97 11.27 11.578 12.142
16.7 16.233 15.905 15.622 15.333 14.693 13.977 13.503 13.467 13.602 13.6 13.57 13.762 14.068 14.555 14.72 14.807 14.688 14.38 13.983 13.023 12.227 11.908 11.608 11.475 11.238 11.1 11.015 10.9 10.812 10.773 10.712 10.68 10.632 10.565 10.535 10.497 10.43 10.408 10.32 10.278 10.245 10.198 10.16 10.078 10.057 10.01 9.967 9.972 9.943 9.972 10.04 10.15 10.288 10.305 10.273 10.257 10.247 10.273 10.29 10.32 10.318 10.318 10.343 10.517 10.792 11.068 10.977 11.083 11.285 11.06 11.248 11.915
16.385 15.735 15.618 15.5 15.35 15.078 14.73 13.892 13.77 14.078 14.193 14.052 14.125 14.4 14.747 14.863 14.95 14.74 14.03 13.255 12.438 11.993 11.693 11.363 11.14 11.052 10.995 10.932 10.863 10.82 10.762 10.707 10.682 10.632 10.547 10.547 10.528 10.497 10.425 10.435 10.435 10.43 10.42 10.417 10.365 10.328 10.253 10.163 10.115 9.988 9.95 9.927 9.932 9.935 10.023 10.142 10.255 10.328 10.325 10.288 10.275 10.32 10.403 10.368 10.432 10.698 11.028 10.917 11.042 11.533 11.363 11.097 11.712
