Matlab/Roost_data/braunton/dsm/ss4537_DSM_2M.asc
ncols 500
nrows 500
xllcorner    245000
yllcorner    137000
cellsize     2
NODATA_value -9999
[rows 160 to 191 of 500, columns 219 to 291 of 500]
45.947 36.338 36.325 36.395 37.93 36.312 36.143 35.732 35.713 35.763 35.822 35.868 35.903 35.938 35.97 35.99 36.01 36.03 36.035 36.045 39.333 49.7 41.232 41.805 40.188 36.028 36.185 36.307 36.393 36.862 37.675 38.248 38.622 37.815 39.368 38.888 39.225 39.07 39.362 39.403 39.607 39.287 39.26 39.382 39.43 39.408 39.627 39.688 39.445 39.327 39.105 39.088 38.763 38.565 38.61 38.57 38.33 38.272 38.035 43.04 42.215 40.702 38.895 34.42 34.07 34.035 34.02 33.998 33.948 33.935 34.75 37.933 38.95
49.77 39.015 44.083 37.978 35.722 35.585 36.235 35.805 35.42 35.487 37.25 35.765 36.052 36.228 36.167 36.068 35.997 35.965 35.965 35.987 35.997 37.295 41.162 43.698 38.213 35.958 35.938 35.915 35.893 35.873 35.847 35.847 35.835 36.065 36.497 36.085 36.283 36.27 37.298 37.505 37.95 37.81 37.92 38.153 38.125 38.467 38.505 38.607 38.81 38.857 39.035 38.15 38.188 38.06 38.105 37.94 37.917 37.882 37.868 38.48 40.868 42.353 38.498 34.603 34.232 34.235 34.197 34.167 34.13 34.115 34.755 37.073 37.955
47.095 45.325 43.873 41.925 35.107 35.05 35.028 35.51 35.033 35.127 35.82 36.6 36.272 36.515 36.268 36.295 36.045 36.007 36 35.94 35.94 35.938 35.93 35.972 35.928 35.925 35.908 35.885 35.875 35.862 35.853 35.838 35.815 35.798 35.775 35.755 36.33 36.567 35.993 35.67 35.64 35.695 35.868 35.805 35.925 36.283 36.627 36.895 37.097 37.445 38.065 37.565 36.557 37.25 36.99 37.075 37.537 37.25 36.888 37.06 38.96 39.145 36.182 34.535 34.41 34.392 34.342 34.298 34.268 34.27 34.275 34.98 35.097
37.67 38.25 39.372 42.955 34.917 37.013 36.487 34.565 34.625 34.743 35.123 38.39 42.695 44.283 43.275 35.815 35.67 35.545 35.515 35.518 35.525 35.61 35.663 35.71 35.795 35.868 35.865 35.862 35.85 35.85 35.84 35.823 35.798 35.785 35.768 35.737 35.708 36.035 35.903 35.625 35.605 35.577 35.542 35.51 35.48 35.447 35.423 35.403 35.377 35.362 35.37 35.375 35.39 35.39 35.403 35.403 35.583 35.588 35.41 35.71 35.63 35.485 34.8 34.627 34.562 34.498 34.458 34.42 34.372 34.355 34.308 34.245 34.193
33.827 35.443 41.615 43.893 34.128 33.908 34.052 34.065 34.245 34.375 34.472 42.2 45.772 45.08 46.755 42.263 38.708 35.403 34.958 34.91 34.805 34.795 34.888 34.993 35.19 35.368 35.505 35.72 35.765 35.745 35.795 35.818 35.787 35.763 35.743 35.722 35.693 35.655 35.632 35.612 35.592 35.575 35.542 35.52 35.493 35.465 35.438 35.408 35.382 35.357 35.325 35.298 35.27 35.225 35.173 35.12 35.065 35.02 34.987 34.942 34.888 34.842 34.792 34.722 34.65 34.597 34.535 34.498 34.445 34.395 34.338 34.272 34.19
33.298 34.287 33.737 33.917 33.683 33.653 33.708 33.74 33.875 33.995 34.127 38.995 46.47 47.688 47.36 44.143 41.93 40.805 34.833 34.342 34.257 34.638 35.228 34.175 37.455 34.368 37.423 36.05 35.233 35.115 35.932 35.395 35.317 35.255 35.458 35.607 35.403 35.405 35.458 35.478 35.535 35.56 35.533 35.53 35.505 35.478 35.445 35.412 35.382 35.355 35.33 35.303 35.267 35.225 35.188 35.138 35.088 35.048 35.002 34.955 34.917 34.865 34.815 34.757 34.695 34.643 34.592 34.545 34.49 34.432 34.377 34.315 34.237
32.893 33.125 33.635 33.705 33.303 33.37 33.4 33.458 33.545 34.31 33.822 38.658 44.993 47.052 47.127 44.845 41.713 37.743 37.448 39.158 37.948 35.717 37.177 36.252 37.057 38.853 38.802 35.143 34.195 39.765 36.368 34.355 34.13 33.963 34.715 34.15 34.13 34.287 34.515 34.592 34.942 35.062 35.16 35.122 35.272 35.43 35.357 35.357 36.193 35.533 35.31 35.272 35.235 35.215 35.19 35.132 35.097 36.198 36.895 34.963 34.923 34.882 34.825 34.77 34.728 34.665 34.603 34.542 34.485 34.427 34.37 34.295 34.232
33.268 33.06 33.292 33.432 33.02 33.065 33.085 33.155 33.202 33.298 33.513 34.673 43.162 46.305 43.285 44.055 40.865 33.978 32.972 36.125 38.985 39.345 37.03 38.635 36.307 37.472 36.345 34.12 34.97 39.263 37.455 36.325 33.215 34.875 38.208 34.95 35.682 33 34.222 34.108 33.493 35.785 37.107 33.802 34.16 34.557 34.923 34.935 35.057 35.338 34.66 34.805 34.88 34.945 34.982 34.948 36.763 40.73 41.303 38.135 35.092 34.985 34.772 34.707 34.69 34.662 34.585 34.545 34.515 34.603 34.438 34.322 34.23
37.1 33.373 35.705 42.303 33.857 32.772 32.79 38.868 41.498 42.805 40.118 33.155 37.66 44.49 44.128 40.24 33.005 32.215 34.202 40.595 36.472 36.89 34.26 36.13 39.327 36.138 37.688 39.678 34.35 41.548 40.292 33.29 33.982 36.623 41.56 38.927 40.118 39.033 39.822 33.74 37.845 33.655 36.513 33.467 34.55 33.623 33.873 34.062 34.222 35.092 34.57 33.76 35.923 33.952 34.042 33.783 37.615 41.537 41.052 40.048 36.118 34.597 34.6 35 35.065 34.653 34.623 34.673 34.655 34.975 34.89 34.787 34.298
33.158 32.987 37.715 39.613 38.29 32.535 33.235 43.63 44.25 44.815 44.783 40.252 32.693 42.722 40.923 34.35 31.785 31.562 33.717 39.748 34.443 31.868 34.643 32.76 40.435 34.935 40.73 35.41 34.857 36.507 36.658 34.458 40.15 34.202 34.8 36.392 37.14 37.958 37.868 36.9 39.925 39.66 38.665 33.995 33.018 33.155 33.11 33.048 32.847 34.998 39.26 37.78 38.775 39.013 37.113 40.925 39.435 40.272 41.525 40.69 36.248 34.455 34.513 35.36 35.875 34.745 34.647 34.702 34.702 34.92 34.927 34.825 34.257
33.662 32.753 33.013 32.542 32.583 32.323 33.627 39.36 42.783 43.485 38.555 41.98 35.732 43.588 39.41 32.908 31.208 30.995 30.977 32.278 31.935 31.298 42.632 39.403 45.002 41.245 42.515 39.785 33.36 32.587 40.505 35.812 36.08 32.095 32.09 32.78 32.725 36.182 38.515 39.075 41.728 40.22 39.03 34.54 32.062 33.98 32.215 35.217 36.702 34.6 42.478 40.812 38.705 43.103 45.493 45.528 42.993 38.493 40.27 35.625 34.22 35.08 35.315 35.4 35.79 34.897 34.643 34.71 34.79 34.97 35.033 34.912 34.785
36.053 41.075 35.655 32.22 33.36 31.895 31.955 32.495 42.612 43.44 45.945 42.86 44.518 42.033 33.022 31.173 30.805 30.593 30.52 30.952 30.57 40.287 44.062 42.89 44.357 42.763 41.263 40.463 35.943 36.375 33.283 31.155 30.775 31.182 31.475 32.08 31.548 33.995 40.075 41.065 37.562 41.378 39.893 34.658 32.682 34.235 34.24 39.96 40.53 38.555 42.325 42.755 43.243 41.747 40.292 41.305 44.005 40.105 34.8 34.028 37.565 38.028 41.493 39.635 36.74 34.702 34.612 34.692 34.785 35.033 35.048 35.005 36.21
39.522 45.972 41.903 32.045 31.673 31.632 31.665 32.175 37.833 46.147 46.978 43.588 38.25 36.967 30.767 30.85 30.6 32.842 35.275 32.853 32.865 42.798 42.595 41.623 43.75 44.6 43.412 37.882 35.827 35.768 32.177 32.417 30.073 30.432 30.522 31.312 31.987 36.57 39.222 41.662 41.112 37.155 39.45 36.82 36.435 37.397 39.577 40.787 42.58 45.03 39.195 37.9 38.577 42.355 42.76 41.452 44.175 34.783 34.888 35.575 39.732 43.945 45.392 43.878 38.243 34.715 34.608 34.68 35.06 35.74 35.827 35.08 36.6
43.465 44.997 42.567 38.307 31.327 31.375 31.448 31.577 38.405 43.165 37.143 40.397 42.193 34.815 30.198 30.515 30.075 30.485 33.26 34.68 33.235 34.545 37.81 34.9 37.752 41.597 40.743 39.175 34.52 31.792 33.967 33.94 29.78 30.182 30.49 30.14 30.267 36.17 38.655 40.5 40.467 40.085 38.767 36.603 31.548 33.903 38.393 41.03 44.663 43.408 37.54 42.445 35.7 46.185 46.18 47.083 44.198 39.2 33.947 35.64 40.745 43.728 39.518 42.025 42.1 36.077 36.695 35.635 36.01 40.63 36.312 35.48 35.458
43.243 44.127 44.553 42.145 34.91 31.125 31.737 39.333 36.92 41.98 42.145 40.357 39.702 33.202 30.52 29.975 29.558 29.52 34.397 31.135 36.35 31.132 35.225 30.43 31.732 39.145 39.842 38.567 33.145 34.812 36.757 30.343 34.072 32.153 33.138 32.28 31.3 35.48 37.74 38.1 37.71 36.755 35.44 30.017 34.682 33.878 32.16 39.895 44.07 43.495 44.36 44.752 40.132 39.923 38.472 47.438 45.577 39.575 39.495 45.327 47.06 45.385 45.915 45.16 36.905 35.325 42.28 42.037 40.745 41.12 37.135 35.517 39.315
41.497 42.728 42.415 38.795 30.767 33.045 33.38 34.567 40.065 41.385 42.667 46.048 38.66 32.978 29.4 29.327 29.173 29.14 29.085 29.138 29.213 29.13 30.355 30.405 31.947 36.807 37.64 35.065 31.263 30.257 37.827 37.943 37.495 34.842 36.395 35.555 32.653 33.583 31.615 33.908 32.085 35.818 32.555 37.77 31.89 31.55 30.597 31.79 38.993 42.272 40.99 34.232 41.26 42.315 40.58 44.785 46.812 43.075 41.423 45.29 47.438 38.9 43.36 46.245 42.452 41.312 44.92 45.323 44.5 41.548 39.375 35.415 41.562
35.062 39.705 33.765 30.798 30.48 33.85 31.82 39.243 42.917 41.505 42.877 38.632 40.932 29.385 31.083 29.108 29.09 29.14 29.08 29.052 29.01 28.913 30.19 30.208 30.185 32.897 34.932 38.068 33.43 29.055 33.732 33.695 34.3 34.592 29.423 31.17 34.31 34.68 33.4 31.017 31.58 33.478 29.972 34.553 32.635 34.188 30.78 31.915 34.585 38.438 42.438 42.823 39.07 39.355 44.8 43.808 43.362 43.84 40.95 44.173 45.995 39.498 42.345 46.375 42.85 44.86 45.275 46.44 46.103 43.382 40.537 35.675 37.985
41.062 34.092 30.26 30.115 31.93 36.79 35.54 42.353 40.643 40.882 34.24 36.485 29.52 28.92 31.378 28.927 28.932 28.968 28.972 28.892 28.898 28.96 28.845 28.782 28.962 28.767 28.708 31.892 31.838 30.06 28.87 28.708 28.782 28.808 28.815 28.865 28.897 35.752 35.035 31.48 33.405 36.03 29.833 35.893 36.417 37.19 39.95 39.035 39.278 37.265 41.98 43.702 42.967 39.075 43.595 45.923 41.88 40.695 38.715 46.025 46.57 45.623 46.667 44.895 43.628 42.303 41.548 45.272 45.67 43.69 37.827 33.728 39.625
40.037 38.915 29.817 29.812 31.432 34.147 31.552 30.52 35.013 39.612 31.823 32.732 28.593 28.562 28.52 28.44 28.445 28.415 28.307 28.23 28.13 28.378 28.753 28.407 28.292 28.39 28.377 28.255 28.78 28.505 28.507 28.46 28.302 28.32 28.368 28.51 28.513 33.142 32.185 35.45 30.92 29.938 31.035 34.952 39.458 41.4 41.427 38.975 41.943 38.688 38.787 44.897 44.815 42.115 43.118 45.482 46.61 43.29 41.217 45.63 41.86 41.775 42.825 42.623 42.562 39.935 43.54 43.375 44.623 44.378 43.638 39.482 42.772
38.932 40.118 29.475 30.562 30.517 29.86 28.6 28.965 30.757 30.513 33.228 37.712 35.78 31.722 27.562 27.327 27.408 27.237 27.458 27.372 27.285 27.73 31.295 29.935 29.615 27.997 27.99 27.958 28.077 28.555 28.007 28.108 27.87 28.78 27.967 28.062 28.288 31.945 32.458 37.338 35.43 36.42 36.16 37.667 39.893 40.515 43.083 39.085 37.295 42.51 40.798 44.185 42.472 41.177 41.68 42.435 46.393 44.815 42.397 44.112 42.803 42.932 43.952 41.722 44.597 41.675 41.997 42.812 41.943 42.14 42.765 41.717 42.095
36.185 31.545 29.153 30.895 35.042 32.96 28.45 33.682 34.475 34.057 38.76 42.537 40.345 37.3 31.4 28.493 29.978 30.062 30.15 30.25 28.493 27.542 28.33 28.06 31.358 27.85 27.925 27.948 27.903 27.865 28.445 28.403 27.772 27.805 28.373 28.062 28.423 28.805 34.548 31.507 32.558 34.868 34.77 40.653 40.81 39.533 42.315 40.967 32.358 35.272 37.865 39.745 38.28 40.16 41.307 39.525 41.443 42.452 44.38 43.295 43.73 45.058 41.825 43.9 45.128 44.897 45.15 40.243 39.228 41.857 41.463 37.188 35.705
31.44 28.847 28.825 28.743 31.483 30.182 30.573 27.767 30.938 35.327 39.53 37.917 36.412 37.783 29.772 31.355 31.577 31.675 31.775 31.903 28.75 27.36 27.767 28.325 27.858 29.065 27.905 27.967 28.022 28.055 28.003 28.183 27.835 28.068 30.032 28.823 28.878 32.618 29.53 36.997 31.355 32.568 32.123 33.198 38.397 35.468 38.865 32.425 30.97 30.685 32.373 38.345 30.79 32.21 36.415 41.95 44.09 43.382 43.842 41.85 42.772 43.86 44.175 45.08 45.095 43.62 45.165 44.59 37.278 32.568 31.64 31.153 31.145
28.845 28.583 28.503 28.36 28.615 29.225 27.835 28.073 27.585 34.325 39.643 39.015 39.447 31.07 29.475 33.347 32.948 32.938 32.93 32.92 29.722 27.38 27.685 27.903 27.717 27.802 27.885 28.028 28.075 28.123 28.045 28.01 29.427 28.405 29.837 32.145 30.943 31.077 32.653 33.16 29.932 31.25 29.753 29.64 32.417 39.458 37.23 37.18 35.522 30.88 33.408 35.307 31.202 31.01 31.01 31.962 39.63 43.235 43.802 42.245 35.728 37.655 39.647 43.605 43.323 42.892 43.35 42.178 35.443 30.135 29.087 29.548 29.075
28.455 28.382 28.285 28.142 27.955 27.763 27.69 27.708 27.593 32.847 40.017 35.94 35.708 34.048 30.76 30.862 31.583 31.392 31.52 31.44 29.333 27.403 27.772 28.14 28.11 27.833 27.917 28.062 28.142 28.15 28.103 29.487 31.965 29.892 28.452 31.66 32.268 36.323 34.947 31.358 30.913 36.193 31.212 29.702 30.615 40.76 44.438 39.525 38.67 36.29 44.768 40.423 39.298 38.127 38.775 37.022 41.65 38.528 42.13 37.607 32.095 31.925 30.885 38.502 39.487 38.417 36.665 35.995 30.818 29.405 28.52 28.417 28.377
28.315 28.267 28.153 28.025 27.872 27.755 27.645 27.558 27.39 31.2 37.847 38.732 34.42 32.965 27.162 28.12 29.028 28.765 28.5 28.538 27.733 27.445 27.595 27.712 27.802 27.837 27.92 28.055 28.147 28.17 28.165 31.355 31.658 28.635 28.288 29.135 30.965 32.272 35.745 34.005 32.745 32.643 30.517 33.417 38.893 41.91 41.355 40.97 38.533 45.827 46.123 44.78 45.28 42.943 40.48 43.155 39.533 38.062 34.323 29.623 29.548 29.798 29.88 30.568 32.107 31.185 29.243 29.827 29.312 30.98 32.552 29.273 28.3
28.227 28.212 28.11 27.972 27.842 27.722 27.622 27.507 27.395 33.955 37.28 35.415 31.28 27.708 27.173 27.205 27.205 27.237 27.285 27.345 27.417 27.5 27.597 27.728 27.812 27.88 27.945 28.022 28.103 28.163 28.222 29.108 29.202 28.243 28.533 29.362 30.46 30.385 33.467 35.105 35.248 34.24 32.53 33.357 35.802 40.062 40.213 38.35 38.048 45.253 44.5 44.55 44.495 41.263 33.73 36.99 38.515 30.66 31.022 32.635 33.055 32.072 31.868 31.882 32.915 31.99 29.163 29.118 28.747 32.37 32.995 28.72 28.228
29.673 28.925 28.56 28.353 27.86 28.085 28.872 27.962 27.935 30.605 31.372 29.552 27.695 28.01 29.77 27.675 27.615 27.625 27.75 27.595 27.603 27.693 27.798 28.13 28.63 28.065 28.663 35.192 28.67 31.4 31.818 28.257 28.305 28.425 29.15 30.24 30.318 30.565 32.145 34.237 34.41 35.952 39.458 39.188 41.167 42.52 44.423 42.507 42.122 38.743 40.45 44.4 41.142 36.74 35.188 31.78 38.395 31.243 31.08 32.715 33.045 32.103 31.917 31.93 32.83 32.335 29.105 28.667 28.4 29.565 29.948 28.135 28.215
29.623 29.46 29.29 29.545 28.478 29.915 35.528 34.81 28.55 27.865 27.995 27.905 28.15 28.493 29.938 28.353 31.438 31.397 31.537 31.55 31.52 29.528 27.855 28.163 28.065 27.968 28.48 37.177 34.903 37.505 37.865 28.983 28.465 28.913 29.73 31.015 31.362 31.382 31.89 32.58 31.943 32.76 35.728 37.757 35.972 38.158 39.518 40.088 43.24 42.295 44.11 42.405 40.298 34.745 38.155 34.415 30.108 29.302 31.43 32.057 33.033 32.752 32.807 32.882 33.08 32.368 29.07 28.378 28.712 28.288 28.12 28.13 28.243
32.055 32.048 32.033 31.958 29.362 30.603 33.678 34.342 30.077 27.767 28.41 29.427 29.323 28.962 29.05 29.872 31.565 32.807 32.783 32.847 32.233 29.515 27.845 27.823 28.048 28.333 30.118 33.257 29.19 36.055 36.815 32.415 29.24 30.243 30.965 31.538 31.76 31.772 32.42 31.96 33.057 33.265 32.122 35.37 35.417 36.713 39.103 39.38 43.13 42.84 42.548 40.893 34.665 29.833 31.513 29.69 29.487 29.295 31.693 31.99 32.938 32.542 31.82 32.263 31.993 32.048 29.327 28.335 28.888 28.335 29.772 29.34 28.58
32.84 32.85 32.835 32.245 29.292 30.32 34.98 33.533 29.515 27.767 29.812 31.993 32.103 32.105 32.11 32.118 32.11 32.195 30.345 31.212 32 29.515 27.837 27.812 28.175 28.443 29.882 31.997 29.798 39.153 36.317 32.74 29.782 30.6 30.802 31.052 31.182 31.4 31.755 31.395 32.08 32.985 32.757 33.75 32.787 35.285 36.753 38.952 40.775 40.16 35.353 30.683 30.565 30.78 37.118 30.927 29.007 28.753 31.69 31.195 31.46 30.75 29.138 29.122 29.125 29.135 29.19 28.087 27.448 28.635 28.188 28.472 28.39
32.153 32.165 32.178 32.065 28.835 33.85 37.463 36.355 28.54 27.78 29.71 32.395 33.438 33.345 33.382 33.278 32.345 30.517 29.235 30.452 30.462 29.288 27.827 27.8 31.295 31.147 32.915 28.355 34.465 33.49 35.105 29.91 29.15 30.02 29.843 29.345 29.09 29.593 30.022 29.955 30.222 30.858 32.118 32.998 32.127 31.683 31.855 32.717 32.478 30.75 29.103 29.785 28.53 30.403 29.448 28.852 28.26 28.375 29.54 29.267 29.06 29.167 28.847 28.923 28.448 28.91 28.28 27.962 27.288 28.67 28.698 27.892 27.897
29.712 29.805 29.888 29.907 26.823 28.05 31.483 34.28 28.333 27.82 29.805 32.232 32.522 32.507 32.513 32.522 32.19 30.427 27.878 27.972 27.815 27.923 27.84 30.528 33.62 32.125 32.485 29.347 33.963 34.257 32.275 30.562 28.228 29.47 29.155 27.333 27.507 27.903 28.745 28.175 28.455 29.2 31.74 34.103 31.61 30.77 30.545 30.153 29.05 28.575 28.688 28.663 27.788 27.688 27.623 27.515 27.43 27.577 28.105 28.485 28.465 28.42 27.552 27.71 27.385 27.372 28.09 27.577 26.9 28.445 27.845 27.622 27.625
