Matlab/Roost_data/braunton/dsm/ss4538_DSM_2M.asc
ncols 500
nrows 500
xllcorner    245000
yllcorner    138000
cellsize     2
NODATA_value -9999
[rows 150 to 179 of 500, columns 408 to 475 of 500]
89.728 89.887 90.06 90.35 90.685 91.055 91.177 91.58 92.253 92.518 93.387 92.522 92.113 92.28 92.44 92.59 92.747 92.905 93.01 93.192 93.348 93.465 93.603 93.76 93.97 94.132 94.205 94.357 94.522 94.615 94.768 94.908 95.037 95.158 95.34 95.503 95.652 95.827 96.02 96.135 96.41 97.22 97.397 97.033 98.732 98.382 97.74 98.91 99.605 99.978 100.125 100.2 100.188 100.522 100.885 101.07 100.83 100.842 101.02 101.312 100.448 100.083 101.125 101.165 101.595 101.06 101.312 101.177
90.44 90.645 90.833 91.027 91.232 91.45 91.647 91.81 91.988 92.162 92.66 92.457 92.613 92.77 92.945 93.11 93.25 93.372 93.49 93.683 93.817 93.985 94.113 94.26 94.432 94.592 94.762 94.887 95.033 95.152 95.3 95.412 95.572 95.762 95.9 96.048 96.215 96.368 96.54 96.723 96.857 97.007 97.147 97.287 97.868 97.97 98.04 98.493 98.842 98.848 98.827 98.673 98.897 99.393 99.75 100.14 100.783 101.162 101.728 101.658 102.095 101.548 101.993 102.223 101.83 101.925 101.302 102.158
91.095 91.29 91.47 91.66 91.865 92.05 92.198 92.35 92.467 92.592 92.755 92.932 93.092 93.228 93.382 93.548 93.693 93.848 94.012 94.137 94.295 94.46 94.62 94.765 94.908 95.073 95.223 95.348 95.527 95.673 95.795 95.948 96.06 96.217 96.38 96.545 96.685 96.86 97.038 97.162 97.325 97.497 97.658 97.79 97.905 98.035 98.177 98.285 98.445 98.573 98.688 98.85 99 99.152 99.307 99.425 99.575 99.71 99.82 100.293 100.232 100.615 101.565 103.03 102.643 102.935 102.232 103.048
91.795 91.775 92.033 92.207 92.368 92.507 92.66 92.818 92.92 93.048 93.23 93.355 93.52 93.682 93.823 94.003 94.143 94.277 94.448 94.585 94.728 94.875 95.027 95.2 95.35 95.515 95.665 95.785 95.97 96.118 96.287 96.438 96.595 96.735 96.875 97.018 97.162 97.307 97.452 97.595 97.77 97.9 98.058 98.188 98.295 98.465 98.613 98.728 98.872 99.018 99.158 99.262 99.423 99.58 99.735 99.84 99.993 100.14 100.26 100.353 100.475 100.558 100.643 101.28 101.658 102.137 102.058 102.94
92.092 92.312 92.535 92.692 92.82 92.965 93.118 93.245 93.435 93.613 93.75 93.905 94.04 94.213 94.335 94.49 94.64 94.768 94.905 95.118 95.238 95.35 95.49 95.643 95.823 95.952 96.122 96.257 96.397 96.545 96.717 96.848 97.007 97.132 97.28 97.397 97.525 97.68 97.823 97.965 98.143 98.28 98.405 98.54 98.675 98.823 98.955 99.068 99.213 99.345 99.503 99.647 99.783 99.94 100.065 100.213 100.365 100.53 100.667 100.795 100.915 101.037 101.132 101.265 101.393 101.497 101.68 101.84
92.63 92.855 93.012 93.147 93.31 93.45 93.632 93.775 93.963 94.125 94.255 94.43 94.575 94.762 94.868 95.01 95.158 95.32 95.455 95.595 95.692 95.838 96.003 96.143 96.28 96.448 96.583 96.732 96.865 97.005 97.162 97.265 97.41 97.572 97.675 97.78 97.93 98.058 98.2 98.327 98.487 98.622 98.73 98.863 98.985 99.095 99.23 99.34 99.495 99.632 99.783 99.943 100.062 100.213 100.355 100.505 100.67 100.812 100.965 101.13 101.253 101.41 101.518 101.67 101.8 101.948 102.118 102.272
93.197 93.408 93.565 93.717 93.85 94.01 94.158 94.342 94.485 94.67 94.82 94.955 95.118 95.255 95.443 95.548 95.683 95.808 95.96 96.073 96.208 96.36 96.485 96.622 96.76 96.9 97.052 97.177 97.338 97.458 97.598 97.753 97.875 98.003 98.113 98.225 98.375 98.478 98.613 98.743 98.842 99 99.115 99.2 99.33 99.46 99.577 99.685 99.805 99.958 100.075 100.205 100.338 100.47 100.62 100.78 100.952 101.095 101.243 101.41 101.562 101.7 101.855 101.995 102.168 102.312 102.46 102.622
93.712 93.882 94.118 94.257 94.41 94.62 94.735 94.897 95.105 95.235 95.37 95.53 95.668 95.825 95.947 96.113 96.245 96.355 96.493 96.632 96.775 96.893 97.012 97.162 97.26 97.405 97.57 97.69 97.842 97.97 98.092 98.275 98.382 98.495 98.61 98.69 98.793 98.927 99.025 99.135 99.29 99.38 99.52 99.637 99.738 99.83 99.955 100.06 100.17 100.295 100.402 100.518 100.643 100.783 100.927 101.062 101.202 101.355 101.507 101.66 101.792 101.96 102.107 102.272 102.423 102.58 102.755 102.92
94.26 94.49 94.658 94.837 94.995 95.16 95.327 95.505 95.645 95.783 95.93 96.107 96.238 96.382 96.505 96.647 96.792 96.885 97.035 97.15 97.268 97.408 97.53 97.655 97.81 97.935 98.058 98.195 98.33 98.49 98.585 98.717 98.857 98.965 99.077 99.173 99.275 99.4 99.51 99.605 99.723 99.802 99.933 100.01 100.135 100.235 100.34 100.425 100.535 100.632 100.78 100.863 100.965 101.105 101.228 101.372 101.512 101.647 101.802 101.955 102.075 102.223 102.368 102.51 102.658 102.805 103 103.143
94.872 95.052 95.253 95.425 95.585 95.74 95.967 96.105 96.247 96.387 96.55 96.692 96.823 96.963 97.095 97.205 97.32 97.432 97.598 97.723 97.815 97.975 98.09 98.197 98.348 98.478 98.595 98.71 98.838 98.967 99.105 99.265 99.35 99.49 99.582 99.673 99.78 99.88 99.95 100.052 100.18 100.25 100.34 100.435 100.515 100.63 100.772 100.833 100.923 101.035 101.125 101.257 101.338 101.46 101.603 101.705 101.83 101.955 102.1 102.237 102.363 102.512 102.645 102.78 102.933 103.073 103.238 103.397
95.342 95.628 95.838 96.025 96.198 96.375 96.555 96.725 96.86 97.012 97.14 97.305 97.438 97.575 97.677 97.798 97.927 98.052 98.177 98.302 98.423 98.497 98.618 98.762 98.848 99 99.14 99.235 99.38 99.49 99.622 99.743 99.848 99.96 100.035 100.145 100.232 100.323 100.43 100.5 100.628 100.692 100.755 100.88 100.975 101.048 101.135 101.198 101.302 101.402 101.515 101.643 101.728 101.842 101.978 102.052 102.188 102.31 102.458 102.572 102.708 102.825 102.967 103.088 103.228 103.372 103.52 103.675
95.92 96.26 96.47 96.645 96.853 97.007 97.175 97.365 97.527 97.665 97.8 97.938 98.095 98.197 98.295 98.438 98.52 98.64 98.785 98.85 98.978 99.098 99.195 99.312 99.44 99.565 99.673 99.775 99.93 100 100.147 100.275 100.39 100.51 100.613 100.667 100.755 100.81 100.885 100.995 101.037 101.118 101.215 101.277 101.375 101.475 101.565 101.625 101.695 101.793 101.9 101.997 102.097 102.23 102.325 102.43 102.545 102.693 102.777 102.9 103.035 103.173 103.295 103.42 103.537 103.685 103.835 103.963
96.577 96.84 97.057 97.285 97.505 97.713 97.875 98.065 98.228 98.32 98.49 98.628 98.728 98.853 98.945 99.045 99.16 99.262 99.35 99.463 99.585 99.68 99.78 99.917 99.997 100.128 100.262 100.337 100.48 100.61 100.695 100.833 100.912 101.003 101.107 101.17 101.23 101.338 101.378 101.44 101.52 101.6 101.67 101.743 101.812 101.912 101.978 102.1 102.143 102.197 102.285 102.387 102.485 102.592 102.697 102.81 102.92 103.03 103.155 103.277 103.397 103.525 103.637 103.76 103.872 104 104.15 104.277
97.147 97.46 97.747 97.982 98.16 98.385 98.585 98.74 98.923 99.04 99.147 99.305 99.427 99.542 99.625 99.717 99.825 99.92 100.018 100.118 100.205 100.308 100.378 100.475 100.622 100.69 100.803 100.93 101.037 101.145 101.24 101.368 101.465 101.548 101.613 101.677 101.723 101.827 101.872 101.915 102.003 102.077 102.14 102.215 102.298 102.333 102.415 102.49 102.577 102.613 102.708 102.798 102.878 103 103.083 103.2 103.295 103.402 103.525 103.643 103.75 103.857 103.985 104.095 104.223 104.34 104.482 104.598
97.795 98.143 98.425 98.702 98.912 99.077 99.277 99.47 99.607 99.762 99.863 99.995 100.1 100.205 100.315 100.385 100.49 100.622 100.688 100.793 100.84 100.935 101.06 101.13 101.245 101.332 101.408 101.53 101.62 101.705 101.83 101.908 101.993 102.088 102.155 102.223 102.255 102.33 102.368 102.415 102.488 102.545 102.575 102.675 102.722 102.78 102.853 102.905 103.01 103.068 103.135 103.217 103.327 103.405 103.503 103.572 103.675 103.798 103.89 104.007 104.11 104.23 104.335 104.445 104.56 104.695 104.825 104.952
98.555 98.71 99.073 99.338 99.592 99.812 99.99 100.185 100.323 100.49 100.607 100.725 100.845 100.878 101.01 101.073 101.15 101.26 101.338 101.438 101.528 101.583 101.685 101.795 101.865 101.988 102.045 102.1 102.223 102.298 102.42 102.497 102.577 102.677 102.707 102.743 102.818 102.842 102.89 102.938 102.985 103.05 103.088 103.143 103.217 103.27 103.325 103.36 103.415 103.518 103.582 103.65 103.735 103.822 103.925 103.997 104.105 104.182 104.31 104.38 104.495 104.605 104.717 104.823 104.935 105.075 105.198 105.305
99.012 99.32 99.75 100.042 100.293 100.505 100.723 100.94 101.075 101.213 101.347 101.423 101.542 101.66 101.717 101.808 101.89 101.945 102.045 102.132 102.197 102.272 102.36 102.43 102.512 102.62 102.685 102.74 102.842 102.943 102.997 103.137 103.173 103.232 103.283 103.287 103.348 103.387 103.382 103.435 103.493 103.543 103.595 103.622 103.717 103.755 103.78 103.817 103.88 103.99 104.04 104.098 104.18 104.272 104.333 104.43 104.518 104.613 104.717 104.805 104.92 105.015 105.12 105.228 105.35 105.465 105.585 105.673
99.685 99.933 100.382 100.673 100.958 101.255 101.412 101.628 101.812 101.935 102.07 102.158 102.235 102.368 102.423 102.518 102.615 102.665 102.765 102.833 102.893 102.975 103.085 103.147 103.207 103.268 103.338 103.413 103.473 103.575 103.645 103.725 103.777 103.82 103.872 103.87 103.863 103.935 103.925 103.938 104 104.055 104.095 104.152 104.162 104.232 104.265 104.323 104.372 104.418 104.497 104.548 104.622 104.72 104.795 104.878 104.963 105.06 105.14 105.228 105.332 105.423 105.515 105.632 105.738 105.855 105.952 106.067
100.45 100.505 100.975 101.338 101.645 101.915 102.143 102.312 102.507 102.688 102.777 102.933 103.02 103.095 103.165 103.232 103.325 103.395 103.467 103.57 103.637 103.682 103.75 103.79 103.885 103.95 103.99 104.067 104.118 104.185 104.272 104.325 104.385 104.438 104.438 104.447 104.423 104.45 104.463 104.473 104.533 104.562 104.6 104.658 104.68 104.722 104.777 104.808 104.875 104.908 104.975 105.055 105.095 105.17 105.268 105.345 105.423 105.507 105.59 105.677 105.778 105.857 105.97 106.05 106.162 106.265 106.35 106.467
101.827 101.122 101.575 101.99 102.323 102.565 102.845 103.058 103.225 103.375 103.505 103.622 103.74 103.79 103.91 103.96 104.048 104.122 104.213 104.312 104.368 104.443 104.507 104.527 104.573 104.662 104.67 104.75 104.798 104.848 104.897 104.932 104.98 105.005 105.01 105.035 105.015 105 105.04 105.055 105.065 105.088 105.122 105.15 105.2 105.24 105.27 105.325 105.393 105.432 105.473 105.542 105.632 105.7 105.765 105.833 105.905 105.99 106.048 106.145 106.262 106.325 106.397 106.512 106.603 106.713 106.805 106.902
103.003 101.997 102.15 102.568 102.95 103.205 103.52 103.743 103.912 104.075 104.22 104.34 104.472 104.518 104.6 104.697 104.768 104.853 104.908 104.997 105.062 105.118 105.19 105.243 105.265 105.36 105.368 105.423 105.473 105.503 105.56 105.605 105.62 105.622 105.625 105.598 105.58 105.58 105.588 105.613 105.607 105.635 105.655 105.692 105.743 105.785 105.825 105.88 105.918 105.985 106.012 106.062 106.145 106.217 106.283 106.335 106.405 106.473 106.552 106.64 106.73 106.815 106.895 106.988 107.058 107.143 107.25 107.333
102.652 103.535 102.723 103.183 103.565 103.897 104.17 104.402 104.58 104.74 104.905 105.04 105.137 105.225 105.317 105.405 105.49 105.575 105.647 105.71 105.78 105.84 105.875 105.945 105.995 106.02 106.073 106.105 106.132 106.177 106.19 106.217 106.243 106.253 106.228 106.19 106.15 106.15 106.17 106.147 106.17 106.175 106.207 106.26 106.298 106.345 106.378 106.417 106.472 106.52 106.577 106.647 106.702 106.728 106.805 106.865 106.92 106.978 107.072 107.145 107.232 107.305 107.385 107.49 107.535 107.613 107.702 107.793
101.85 104.408 103.585 103.723 104.122 104.497 104.757 105.007 105.2 105.405 105.548 105.688 105.785 105.908 106 106.08 106.2 106.28 106.365 106.42 106.465 106.552 106.59 106.64 106.738 106.745 106.738 106.757 106.785 106.802 106.845 106.848 106.84 106.82 106.79 106.765 106.745 106.735 106.747 106.728 106.762 106.795 106.83 106.86 106.878 106.947 106.963 107.022 107.068 107.092 107.163 107.215 107.25 107.308 107.382 107.435 107.488 107.533 107.607 107.677 107.753 107.82 107.915 107.965 108.03 108.118 108.2 108.255
101.168 104.36 105.152 104.345 104.662 105.045 105.365 105.575 105.795 105.94 106.11 106.28 106.397 106.52 106.65 106.712 106.863 106.99 107.035 107.115 107.207 107.243 107.265 107.323 107.363 107.382 107.372 107.425 107.438 107.432 107.488 107.472 107.452 107.423 107.4 107.387 107.34 107.353 107.325 107.325 107.368 107.39 107.402 107.467 107.533 107.56 107.583 107.635 107.65 107.71 107.772 107.795 107.838 107.902 107.98 108.007 108.052 108.105 108.175 108.223 108.303 108.363 108.417 108.503 108.54 108.62 108.7 108.775
101.402 104.82 105.78 105.43 105.26 105.565 105.853 106.1 106.292 106.49 106.65 106.792 106.935 107.085 107.217 107.35 107.448 107.582 107.643 107.735 107.84 107.865 107.89 107.94 107.982 108.018 108.025 108.03 108.062 108.057 108.068 108.06 108.042 108.025 107.978 107.955 107.925 107.94 107.955 107.952 107.98 108.03 108.08 108.09 108.125 108.173 108.215 108.238 108.28 108.32 108.37 108.395 108.463 108.488 108.585 108.61 108.64 108.698 108.743 108.81 108.872 108.897 108.952 109.02 109.068 109.14 109.223 109.275
102.548 102.755 106.132 106.713 105.725 106.07 106.318 106.57 106.762 106.94 107.118 107.275 107.445 107.585 107.713 107.882 108.015 108.12 108.22 108.305 108.393 108.442 108.47 108.542 108.59 108.625 108.658 108.662 108.66 108.625 108.643 108.63 108.603 108.618 108.598 108.528 108.54 108.552 108.537 108.592 108.643 108.625 108.685 108.732 108.76 108.81 108.842 108.885 108.912 108.955 108.99 109.027 109.09 109.15 109.175 109.205 109.28 109.298 109.345 109.4 109.438 109.478 109.552 109.56 109.615 109.692 109.76 109.785
104.45 102.58 105.295 107.31 106.16 106.518 106.75 106.975 107.19 107.322 107.522 107.693 107.88 108.062 108.183 108.33 108.485 108.603 108.725 108.815 108.902 108.97 109 109.08 109.103 109.16 109.2 109.192 109.232 109.232 109.215 109.202 109.215 109.167 109.18 109.118 109.128 109.145 109.155 109.182 109.21 109.272 109.318 109.355 109.41 109.445 109.47 109.537 109.575 109.573 109.61 109.663 109.715 109.765 109.795 109.835 109.893 109.918 109.958 109.963 110.012 110.088 110.11 110.135 110.195 110.24 110.3 110.325
106.29 103.173 104.625 107.285 107.323 106.938 107.167 107.36 107.557 107.717 107.902 108.088 108.268 108.435 108.583 108.745 108.887 109.03 109.16 109.238 109.342 109.438 109.47 109.548 109.625 109.675 109.695 109.738 109.73 109.753 109.77 109.77 109.765 109.74 109.713 109.705 109.723 109.745 109.762 109.818 109.855 109.89 109.902 109.952 110.003 110.04 110.098 110.125 110.165 110.223 110.28 110.33 110.317 110.372 110.42 110.438 110.475 110.518 110.538 110.588 110.615 110.618 110.685 110.738 110.762 110.82 110.853 110.875
107.463 104.875 103.827 107.573 107.417 107.262 107.53 107.732 107.92 108.098 108.27 108.458 108.628 108.77 108.938 109.085 109.257 109.402 109.507 109.645 109.73 109.833 109.917 109.985 110.033 110.11 110.167 110.19 110.232 110.245 110.253 110.287 110.312 110.307 110.283 110.288 110.29 110.3 110.34 110.37 110.417 110.485 110.515 110.575 110.645 110.688 110.725 110.762 110.798 110.847 110.917 110.905 110.948 110.955 111.005 111.03 111.06 111.1 111.13 111.155 111.19 111.23 111.243 111.29 111.338 111.4 111.417 111.47
107.605 106.74 104.235 107.188 108.415 107.65 107.895 108.095 108.287 108.478 108.625 108.792 108.97 109.105 109.312 109.473 109.613 109.762 109.863 109.997 110.105 110.207 110.31 110.382 110.463 110.503 110.562 110.632 110.68 110.7 110.743 110.785 110.8 110.812 110.805 110.793 110.842 110.9 110.895 110.945 111.012 111.077 111.125 111.212 111.243 111.285 111.3 111.402 111.423 111.44 111.47 111.497 111.505 111.577 111.595 111.607 111.628 111.665 111.72 111.75 111.79 111.765 111.823 111.887 111.92 111.945 111.985 112.015
