Matlab/Roost_data/braunton/dsm/ss4536_DSM_2M.asc
ncols 500
nrows 500
xllcorner    245000
yllcorner    136000
cellsize     2
NODATA_value -9999
[rows 297 to 329 of 500, columns 222 to 295 of 500]
18.167 18.147 18.47 18.495 18.835 19.24 19.673 20.118 20.673 21.165 21.138 20.858 20.642 20.59 20.573 20.528 20.528 20.655 20.792 20.807 20.952 21.31 21.69 22.075 22.335 22.698 23.02 23.225 23.452 23.562 23.685 23.835 23.903 23.9 23.892 23.752 23.642 23.427 23.015 22.58 22.198 21.99 21.872 21.205 20.81 20.403 20.057 19.76 19.513 19.267 19.065 18.885 18.663 18.47 18.19 17.917 17.6 17.31 17.048 16.705 16.325 16.015 15.663 15.345 15.173 14.995 14.855 14.632 14.38 14.217 13.913 13.587 13.115 12.898
18.305 18.028 18.233 18.427 18.85 19.355 19.862 20.318 20.837 21.215 20.968 20.795 20.69 20.845 20.808 20.753 20.733 20.892 20.983 21.23 21.438 21.67 21.958 22.347 22.642 22.927 23.21 23.388 23.632 23.84 23.923 23.927 23.862 23.878 23.845 23.68 23.573 23.478 23.14 22.722 22.292 21.95 21.583 21.11 20.688 20.333 20.135 19.692 19.435 19.16 18.972 18.802 18.54 18.3 17.97 17.705 17.478 17.202 16.975 16.61 16.3 15.953 15.625 15.443 15.217 15.118 15.128 14.762 14.37 14.142 13.802 13.307 13.115 12.962
17.938 17.972 18.235 18.535 18.955 19.48 19.99 20.41 20.7 20.847 20.728 20.722 20.86 20.958 20.962 20.905 20.917 21.073 21.165 21.515 21.75 22.055 22.375 22.693 22.872 23.03 23.333 23.607 23.825 24.04 24.017 23.85 23.728 23.753 23.667 23.612 23.45 23.29 23.052 22.698 22.29 21.917 21.455 21.033 20.55 20.24 19.89 19.58 19.342 19.083 18.847 18.73 18.45 18.075 17.83 17.555 17.375 17.13 16.862 16.528 16.243 15.99 15.823 15.597 15.443 15.4 15.375 15.085 14.59 14.108 13.703 13.288 12.908 12.807
18.388 18.213 18.435 18.952 19.635 20.055 20.5 20.817 20.9 20.785 20.647 20.7 20.938 20.967 21.028 21.038 21.057 21.182 21.415 21.698 22.14 22.452 22.708 22.955 23.06 23.177 23.493 23.795 24.022 24.163 23.885 23.715 23.685 23.605 23.542 23.472 23.237 22.995 22.763 22.53 22.237 21.93 21.48 20.997 20.562 20.205 19.868 19.577 19.285 18.993 18.812 18.638 18.302 18.055 17.785 17.515 17.257 17.023 16.805 16.472 16.167 15.997 15.908 15.77 15.435 15.533 15.618 15.302 14.552 14.13 13.785 13.37 12.997 12.77
18.585 18.465 18.767 19.337 19.91 20.458 20.94 21.343 21.483 21.167 20.722 20.673 20.782 20.862 21.015 21.15 21.188 21.337 21.655 21.993 22.288 22.7 22.89 22.985 23.138 23.315 23.653 23.827 23.938 23.933 23.778 23.715 23.605 23.525 23.485 23.403 23.175 22.872 22.583 22.397 22.18 21.915 21.47 21.03 20.635 20.27 19.858 19.53 19.253 18.978 18.81 18.56 18.278 18.015 17.735 17.498 17.237 16.995 16.7 16.435 16.075 15.868 15.765 15.575 15.43 15.297 15.373 14.943 14.48 14.062 13.665 13.333 12.995 12.74
18.757 18.66 19.112 19.765 20.35 20.913 21.343 21.785 22.17 21.75 21.31 20.81 20.645 20.842 21.013 21.233 21.342 21.503 21.847 22.202 22.385 22.655 22.985 23.195 23.5 23.535 23.71 23.833 23.823 23.75 23.737 23.743 23.625 23.522 23.49 23.44 23.208 22.89 22.605 22.327 22.118 21.862 21.532 21.105 20.66 20.288 19.827 19.44 19.14 18.958 18.827 18.522 18.278 18.013 17.702 17.49 17.16 16.903 16.622 16.355 16.05 15.747 15.663 15.275 15.065 14.92 14.775 14.507 14.102 13.795 13.382 13.1 13.005 12.775
18.737 18.865 19.475 20.075 20.708 21.298 21.79 22.155 22.343 22.32 21.808 21.127 20.87 20.91 21.11 21.413 21.545 21.77 22.11 22.358 22.57 22.753 22.96 23.327 23.465 23.733 23.785 24.007 23.972 23.847 23.827 23.812 23.577 23.538 23.47 23.41 23.233 22.9 22.6 22.337 22.097 21.885 21.5 21.03 20.565 20.188 19.79 19.458 19.142 18.903 18.708 18.467 18.173 17.967 17.677 17.462 17.165 16.875 16.56 16.243 15.997 15.693 15.45 15.165 14.92 14.762 14.485 14.25 13.993 13.705 13.285 13.1 12.927 12.708
19.205 19.352 19.89 20.39 20.98 21.59 22.195 22.595 22.542 22.365 22.07 21.425 21.05 21.16 21.33 21.487 21.782 22.032 22.407 22.608 22.753 22.892 23.153 23.54 23.49 23.45 23.497 23.605 23.725 23.765 23.865 23.96 23.737 23.635 23.552 23.448 23.282 22.987 22.618 22.343 22.16 21.823 21.445 20.987 20.555 20.15 19.765 19.44 19.18 18.938 18.667 18.397 18.163 17.952 17.688 17.405 17.142 16.835 16.545 16.228 16.048 15.627 15.375 15.09 14.9 14.715 14.51 14.31 13.987 13.63 13.34 13.005 12.685 12.56
19.37 19.942 20.538 20.948 21.323 21.948 22.588 23.17 22.695 22.235 22.028 21.535 21.167 21.233 21.423 21.625 21.952 22.267 22.555 22.69 22.805 23.093 23.3 23.432 23.487 23.475 23.417 23.32 23.445 23.552 23.715 23.807 23.772 23.82 23.657 23.483 23.28 23.01 22.677 22.375 22.075 21.733 21.432 20.95 20.53 20.12 19.755 19.475 19.153 18.925 18.645 18.358 18.175 17.927 17.65 17.325 17.042 16.83 16.602 16.305 16.022 15.663 15.415 15.068 14.84 14.702 14.568 14.302 13.97 13.58 13.27 12.868 12.512 12.415
19.767 20.353 21.003 21.317 21.618 22.307 22.958 23.327 22.77 22.132 21.785 21.573 21.32 21.305 21.498 21.755 22.19 22.53 22.767 22.878 22.962 23.165 23.397 23.577 23.708 23.712 23.557 23.438 23.47 23.455 23.585 23.71 23.66 23.765 23.71 23.443 23.285 23.06 22.743 22.458 22.13 21.737 21.337 20.92 20.48 20.062 19.705 19.467 19.193 18.915 18.597 18.335 18.11 17.887 17.597 17.3 17.035 16.845 16.62 16.288 15.94 15.722 15.387 15.092 14.79 14.568 14.342 14.08 13.755 13.315 12.927 12.655 12.445 12.342
20.225 20.555 21.153 21.55 21.897 22.392 23.142 23.615 22.965 22.282 21.77 21.67 21.542 21.593 21.66 21.907 22.37 22.748 22.783 23.04 23.165 23.32 23.505 23.663 24.035 24.202 23.93 23.667 23.64 23.595 23.663 23.655 23.7 23.698 23.635 23.54 23.355 23.032 22.743 22.48 22.07 21.622 21.24 20.88 20.448 20.045 19.722 19.535 19.263 19.007 18.665 18.375 18.145 17.897 17.625 17.32 17.013 16.815 16.525 16.225 15.952 15.642 15.42 15.108 14.818 14.62 14.3 13.975 13.578 13.283 12.955 12.622 12.425 12.507
20.257 20.76 21.38 21.708 22.198 22.767 23.538 23.722 23.355 22.72 22.188 21.968 22.122 21.86 21.962 22.142 22.577 22.915 23.07 23.125 23.253 23.392 23.465 23.575 24.042 24.205 24.087 23.807 23.733 23.837 23.92 23.96 23.878 23.76 23.693 23.575 23.475 23.115 22.765 22.425 22.038 21.588 21.173 20.82 20.438 20.06 19.77 19.565 19.295 19.013 18.708 18.432 18.218 17.92 17.675 17.362 17.05 16.838 16.525 16.245 15.948 15.665 15.495 15.208 15.005 14.792 14.445 14.175 13.792 13.455 12.955 12.663 12.605 12.682
20.427 21.122 21.675 22.077 22.5 23.11 23.763 24.052 23.737 23.135 22.44 22.82 22.495 22.34 22.335 22.565 22.823 23.048 23.222 23.193 23.387 23.33 23.42 23.52 23.698 23.895 24.057 24.007 24.073 24.03 24.08 24.188 24.04 23.917 23.913 23.757 23.552 23.26 22.815 22.353 22 21.54 21.157 20.85 20.405 20.077 19.818 19.583 19.333 19.065 18.743 18.528 18.323 18.077 17.837 17.465 17.132 16.95 16.632 16.34 16.022 15.81 15.72 15.445 15.288 15.155 14.898 14.33 13.852 13.352 12.965 12.747 12.752 12.93
20.693 21.353 21.99 22.36 22.818 23.475 24.038 24.145 23.923 23.205 22.653 22.855 22.605 22.52 22.667 22.958 23.217 23.27 23.45 23.52 23.568 23.552 23.685 23.642 23.77 24.025 24.235 24.272 24.365 24.31 24.472 24.467 24.368 24.083 23.855 23.75 23.575 23.28 22.935 22.445 22.007 21.575 21.212 20.798 20.4 20.11 19.84 19.573 19.325 19.07 18.802 18.655 18.478 18.167 17.89 17.557 17.295 17.175 16.755 16.423 16.085 15.807 15.705 15.525 15.33 15.16 14.905 14.27 13.833 13.398 12.98 12.858 13.01 13.217
21.02 21.698 22.212 22.54 23.013 23.61 24.105 24.163 23.755 23.045 22.843 22.688 22.718 22.628 22.833 23.13 23.462 23.48 23.63 23.827 23.917 24.058 24.138 24.145 24.205 24.325 24.535 24.557 24.6 24.658 24.715 24.67 24.36 24.14 23.885 23.802 23.462 23.265 23.02 22.498 22.128 21.68 21.278 20.853 20.435 20.108 19.84 19.542 19.317 19.077 18.837 18.677 18.425 18.095 17.855 17.575 17.312 17.05 16.722 16.458 16.132 15.81 15.602 15.347 15.12 14.93 14.595 14.188 13.765 13.352 13 13.083 13.11 13.198
21.423 21.977 22.445 22.767 23.235 23.677 24.128 24.03 23.61 23.022 22.823 22.753 22.757 22.772 23.035 23.347 23.545 23.66 23.862 24.045 24.158 24.19 24.467 24.573 24.532 24.503 24.69 24.738 24.862 24.843 24.83 24.608 24.312 24.092 23.967 23.702 23.382 23.083 22.89 22.55 22.153 21.757 21.368 20.95 20.577 20.282 19.917 19.597 19.32 19.032 18.827 18.708 18.405 18.118 17.897 17.565 17.27 16.972 16.67 16.413 16.112 15.747 15.472 15.243 14.932 14.77 14.37 13.997 13.712 13.273 12.965 13.19 13.28 13.453
21.757 22.24 22.573 22.99 23.51 23.97 24.097 24.005 23.642 22.94 22.875 22.845 22.882 22.897 23.11 23.485 23.608 23.712 24.02 24.378 24.603 24.523 24.73 24.817 24.74 24.693 24.698 24.802 25 25.07 24.978 24.54 24.265 24.13 23.903 23.635 23.368 23.14 22.88 22.55 22.165 21.785 21.417 21.022 20.728 20.425 20.013 19.71 19.34 19.048 18.823 18.765 18.54 18.147 17.85 17.528 17.273 17.017 16.692 16.438 16.073 15.71 15.44 15.18 14.9 14.64 14.265 13.818 13.467 13.255 12.972 13.167 13.315 13.593
21.815 22.395 22.99 23.51 23.823 23.96 23.92 23.755 23.327 22.958 22.775 23.075 23.118 23.095 23.302 23.542 23.733 23.92 24.21 24.55 24.68 24.83 24.932 24.983 24.845 24.747 24.803 24.892 24.952 24.99 24.86 24.603 24.31 24.062 23.785 23.562 23.34 23.15 22.9 22.635 22.217 21.868 21.392 21.042 20.795 20.392 20.003 19.608 19.253 19.022 18.9 18.802 18.73 18.342 17.89 17.53 17.273 17.055 16.728 16.435 16.142 15.735 15.432 15.163 14.863 14.575 14.15 13.642 13.41 13.24 13.038 13.253 13.462 13.727
22.163 22.747 23.263 23.593 23.788 23.695 23.658 23.365 23.03 22.767 22.735 23.132 23.035 23.305 23.55 23.785 23.923 24.162 24.432 24.58 24.715 24.878 25.04 24.993 24.958 24.88 24.96 24.978 24.948 24.93 24.775 24.61 24.36 24.155 23.925 23.628 23.342 23.135 22.882 22.68 22.342 21.92 21.37 21.083 20.81 20.425 19.978 19.615 19.263 18.997 18.825 18.76 18.743 18.438 17.892 17.53 17.215 16.96 16.74 16.46 16.11 15.72 15.39 15.095 14.757 14.413 13.993 13.363 13.25 13.105 13.12 13.365 13.59 13.873
22.302 22.935 23.25 23.505 23.622 23.493 23.372 23.128 23.02 22.772 22.827 23.045 23.165 23.432 23.725 23.975 24.125 24.405 24.642 24.725 24.712 24.993 25.11 25.015 25.035 25.103 25.165 25.105 25.003 24.852 24.765 24.61 24.38 24.323 24.142 23.847 23.507 23.237 22.975 22.63 22.292 21.865 21.443 21.19 20.807 20.395 19.975 19.677 19.31 19.062 18.862 18.757 18.788 18.452 17.903 17.545 17.205 16.933 16.677 16.31 15.958 15.653 15.325 15.057 14.833 14.468 13.865 13.335 13.198 13.095 13.105 13.417 13.532 14.038
22.218 22.702 23.135 23.498 23.69 23.573 23.397 23.382 23.115 22.993 23.01 23.28 23.463 23.78 23.935 24.102 24.202 24.545 24.765 24.858 24.833 25.18 25.228 25.122 25.22 25.302 25.208 25.048 24.945 24.818 24.708 24.625 24.485 24.37 24.153 23.975 23.693 23.355 23 22.685 22.275 21.88 21.552 21.323 20.897 20.452 20.103 19.663 19.342 19.175 18.942 18.833 18.747 18.455 17.97 17.542 17.2 16.923 16.69 16.368 15.99 15.648 15.245 14.87 14.66 14.327 13.7 13.405 13.323 13.145 13.077 13.295 13.642 14.09
22.145 22.467 22.935 23.415 23.565 23.688 23.765 23.452 23.26 23.083 23.177 23.592 23.865 24.112 24.105 24.355 24.55 24.75 24.81 25.003 25.177 25.355 25.362 25.275 25.257 25.345 25.177 25.01 24.81 24.728 24.612 24.528 24.485 24.28 24.085 24.025 23.698 23.41 23.048 22.72 22.32 21.945 21.615 21.26 20.82 20.46 20.13 19.655 19.37 19.177 18.925 18.88 18.765 18.397 17.975 17.64 17.285 16.96 16.597 16.347 15.975 15.597 15.21 14.953 14.57 14.122 13.59 13.533 13.453 13.305 13.115 13.203 13.477 13.968
22.305 22.692 23.028 23.335 23.597 23.693 23.642 23.243 23.075 23.16 23.323 23.865 24.35 24.63 24.438 24.532 24.807 24.875 24.805 25.025 25.267 25.61 25.628 25.505 25.468 25.403 25.295 24.993 24.763 24.61 24.535 24.45 24.413 24.298 24.1 23.91 23.645 23.41 23.045 22.69 22.27 21.903 21.603 21.185 20.835 20.448 20.1 19.718 19.458 19.173 18.948 18.875 18.785 18.355 18.06 17.695 17.415 17.03 16.64 16.253 15.898 15.57 15.247 14.975 14.605 14.115 13.493 13.44 13.47 13.395 13.135 13.14 13.66 14.13
22.66 23.085 23.41 23.577 23.673 23.753 23.548 23.138 22.972 23.09 23.438 24.028 24.645 24.95 24.695 24.75 24.958 25 24.927 25.153 25.427 25.743 25.76 25.65 25.585 25.625 25.405 25.087 24.873 24.717 24.573 24.47 24.43 24.275 24.042 23.835 23.555 23.365 22.97 22.635 22.233 21.905 21.525 21.157 20.85 20.45 20.077 19.745 19.487 19.11 18.925 18.852 18.847 18.415 18 17.64 17.267 16.858 16.57 16.183 15.84 15.517 15.158 14.842 14.493 13.995 13.45 13.253 13.235 13.267 13.12 13.21 13.765 13.988
22.778 23.265 23.653 23.79 23.83 23.853 23.622 23.123 23.067 23.26 23.663 24.12 24.603 24.827 24.913 25.103 25.247 25.243 25.245 25.562 25.968 26.19 26.115 25.838 25.64 25.715 25.528 25.215 25.005 24.827 24.695 24.54 24.397 24.118 23.952 23.715 23.493 23.312 22.89 22.515 22.17 21.86 21.513 21.147 20.747 20.435 20.055 19.772 19.415 19.103 18.99 18.908 18.868 18.555 18.03 17.597 17.253 16.825 16.545 16.188 15.835 15.432 15.042 14.715 14.335 13.81 13.288 12.858 12.885 13.052 13.06 13.145 13.84 13.968
22.507 23.032 23.417 23.897 24.255 23.997 23.54 23.26 23.353 23.702 23.942 24.147 24.538 24.83 25.058 25.307 25.552 25.558 25.5 25.562 25.812 25.96 25.833 25.865 25.618 25.635 25.427 25.153 25.03 24.81 24.717 24.545 24.335 24.073 23.905 23.665 23.345 23.083 22.725 22.405 22.185 21.805 21.517 21.1 20.79 20.4 20.077 19.84 19.465 19.19 19.045 18.935 18.875 18.64 18.095 17.605 17.257 16.868 16.585 16.182 15.825 15.38 15.028 14.757 14.19 13.475 13.068 12.587 12.66 12.835 13.087 13.255 13.63 13.885
22.61 23.055 23.545 24.125 24.235 24.283 23.998 23.438 23.792 24.11 24.115 24.358 24.555 24.872 25.055 25.347 25.65 25.812 25.585 25.5 25.757 25.833 25.577 25.432 25.408 25.308 25.198 25.035 24.89 24.778 24.728 24.55 24.34 24.112 23.925 23.638 23.29 22.958 22.658 22.362 22.12 21.76 21.53 21.105 20.722 20.355 20.128 19.807 19.398 19.14 19.025 18.858 18.765 18.452 17.868 17.403 17.14 16.853 16.54 16.165 15.773 15.37 15.08 14.708 13.975 13.14 12.62 12.483 12.535 12.585 12.827 13.158 13.517 13.753
22.73 23.075 23.5 23.763 23.903 24.175 24.02 23.555 23.72 24.032 24.073 24.48 24.812 24.825 25.125 25.373 25.655 25.9 25.845 25.792 25.67 25.675 25.405 25.215 25.25 25.112 25.05 24.915 24.798 24.81 24.712 24.583 24.342 24.153 23.93 23.765 23.275 22.907 22.597 22.308 21.942 21.71 21.483 21.07 20.667 20.362 20.08 19.708 19.335 19.087 18.915 18.73 18.562 18.175 17.75 17.307 17.015 16.677 16.343 16.097 15.698 15.27 14.91 14.61 13.762 12.945 12.435 12.408 12.432 12.48 12.738 13.16 13.485 13.747
22.967 22.927 22.872 23.398 23.302 23.41 23.458 24.237 23.862 24.305 24.175 24.622 24.942 24.998 25.177 25.483 25.702 25.903 25.985 25.98 25.775 25.515 25.29 25.358 25.275 25.115 24.97 24.917 24.81 24.823 24.712 24.623 24.443 24.22 24.068 23.722 23.127 22.878 22.542 22.245 21.908 21.645 21.305 20.917 20.625 20.345 19.98 19.653 19.362 19.065 18.825 18.603 18.395 18.025 17.645 17.325 16.952 16.655 16.295 16.025 15.578 15.14 14.81 14.333 13.565 12.875 12.35 12.333 12.345 12.382 12.502 12.95 13.48 13.825
22.69 22.577 22.913 23.075 23.1 22.915 23.085 24.095 24.165 24.645 24.65 24.76 25.142 25.275 25.355 25.645 25.827 26.022 26.025 25.823 25.615 25.45 25.265 25.503 25.388 25.138 25.022 24.965 24.897 24.847 24.772 24.58 24.495 24.278 24.038 23.5 23.022 22.948 22.603 22.245 21.95 21.573 21.198 20.858 20.608 20.257 19.925 19.642 19.34 19.032 18.778 18.565 18.302 18.017 17.618 17.26 16.917 16.645 16.25 15.873 15.497 15.08 14.667 14.13 13.415 12.767 12.328 12.275 12.273 12.292 12.485 12.665 12.935 13.31
22.485 22.638 22.978 23.142 23.247 22.798 22.962 23.292 23.493 24.177 25.02 25.358 25.198 25.358 25.513 25.763 25.985 26.097 25.987 25.86 25.5 25.35 25.267 25.397 25.365 25.153 25.042 24.983 24.98 24.853 24.778 24.658 24.507 24.22 23.925 23.282 23.153 23.07 22.663 22.368 21.913 21.497 21.142 20.865 20.58 20.267 19.892 19.622 19.34 18.98 18.708 18.445 18.19 17.855 17.455 17.153 16.88 16.5 16.142 15.693 15.278 14.927 14.622 14.007 13.165 12.632 12.288 12.238 12.215 12.23 12.42 12.505 12.592 12.948
22.417 22.49 22.875 22.76 22.677 22.958 23.038 23.42 23.772 24.23 24.892 25.93 25.663 25.552 25.745 25.958 26.038 25.85 25.663 25.555 25.425 25.37 25.32 25.275 25.257 25.122 25.032 25.003 24.965 24.805 24.778 24.647 24.483 24.235 23.575 23.267 23.23 23.07 22.73 22.438 21.91 21.505 21.125 20.853 20.533 20.222 19.907 19.637 19.302 18.962 18.608 18.335 17.99 17.65 17.337 17.01 16.698 16.312 15.908 15.517 15.097 14.698 14.363 13.825 12.995 12.408 12.222 12.182 12.167 12.177 12.375 12.45 12.535 12.573
22.358 22.413 22.3 22.417 22.622 22.84 22.895 23.362 23.812 24.3 25.625 25.6 25.767 25.783 26.017 26.15 26.04 25.8 25.655 25.573 25.425 25.382 25.298 25.237 25.128 25.085 24.997 24.97 24.823 24.715 24.827 24.562 24.417 23.882 23.347 23.392 23.188 22.95 22.728 22.427 21.845 21.525 21.202 20.845 20.505 20.205 20.003 19.655 19.302 19.015 18.685 18.257 17.84 17.47 17.138 16.788 16.487 16.128 15.685 15.285 14.837 14.52 14.21 13.578 12.85 12.262 12.153 12.137 12.122 12.11 12.208 12.337 12.505 12.515
