Matlab/Roost_data/braunton/dsm/ss4536_DSM_2M.asc
ncols 500
nrows 500
xllcorner    245000
yllcorner    136000
cellsize     2
NODATA_value -9999
[rows 231 to 263 of 500, columns 0 to 73 of 500]
7.932 7.948 7.95 7.943 7.957 7.985 8.023 8 7.995 7.965 7.995 8.06 8.102 8.07 7.96 7.945 8.12 8.298 8.252 8.21 8.188 8.175 8.257 8.172 8.148 8.233 8.108 8.148 8.225 8.265 8.158 8.102 8.165 8.512 9.065 9.93 11.29 12.077 12.097 12.655 13.1 13.238 12.618 12.333 12.475 12.33 12.3 12.605 12.915 13.33 13.84 13.965 14.358 14.882 15.155 15.533 16.27 17.285 17.833 17.868 17.698 17.757 17.825 17.575 16.92 16.61 16.29 16.26 16.05 16.265 16.695 17.075 16.555 16.235
7.903 7.932 7.918 7.925 7.93 7.972 8.033 8.003 8.01 8.01 8.052 8.212 8.368 8.312 8.108 8.085 8.085 8.175 8.267 8.278 8.17 8.262 8.502 8.515 8.153 8.062 8.047 8.102 8.177 8.217 8.302 8.22 8.288 8.562 9.038 9.715 10.983 12.038 12.205 12.375 12.785 12.632 12.078 12.333 12.465 12.312 12.233 12.395 12.562 13.257 13.675 13.805 14.285 14.58 14.83 15.39 16.067 16.523 17.035 17.37 17.138 16.892 16.69 16.483 16.015 15.667 15.595 15.693 15.54 15.55 15.727 15.79 15.97 15.958
7.855 7.875 7.885 7.93 7.922 8 8.033 8.012 8.04 8.097 8.16 8.263 8.362 8.417 8.27 8.22 8.167 8.142 8.222 8.39 8.352 8.188 8.388 8.422 8.275 8.09 8.05 8.025 8.062 8.148 8.273 8.342 8.405 8.587 8.9 9.62 10.665 11.975 12.5 12.53 12.995 12.415 11.988 12.137 12.273 12.305 12.077 12.075 12.37 12.9 13.695 13.797 13.99 14.542 15.1 15.57 16.112 16.715 16.92 16.708 16.515 16.358 16.055 15.657 15.59 15.493 15.55 15.802 15.395 15.315 15.278 15.405 15.372 15.205
7.835 7.865 7.875 7.883 7.95 8.097 8.087 8.028 8.028 8.09 8.14 8.155 8.128 8.193 8.27 8.405 8.323 8.19 8.13 8.203 8.215 8.198 8.2 8.245 8.273 8.328 8.217 8.203 8.137 8.047 8.193 8.275 8.382 8.575 8.775 9.318 10.693 12.122 13.052 12.953 12.767 12.065 11.945 12.392 12.59 12.625 12.378 12.295 12.485 13.003 13.778 14.135 14.372 14.92 15.283 15.767 15.983 16.188 16.245 16.18 16.048 15.568 15.38 15.32 15.122 15.19 15 14.89 14.483 14.165 14.095 14.198 14.095 13.998
7.835 7.84 7.882 7.903 7.943 8.092 8.108 8.02 8.025 8.073 8.1 8.115 8.127 8.1 8.193 8.233 8.248 8.177 8.115 8.073 8.118 8.148 8.198 8.212 8.21 8.347 8.413 8.475 8.465 8.128 8.078 8.19 8.26 8.465 8.755 9.33 10.767 12 12.8 13.025 12.612 12.21 11.99 12.278 12.695 12.832 12.665 12.865 13.083 13.405 13.753 14.01 14.535 15.148 15.22 14.967 14.89 14.94 15.225 15.65 15.515 15.177 15.1 15.148 14.735 14.467 14.212 14.048 13.577 13.097 12.977 12.972 13.007 12.913
7.835 7.835 7.858 7.908 7.92 7.957 8.005 7.985 8.015 8.023 8.045 8.073 8.075 8.075 8.057 8.07 8.09 8.095 8.085 8.105 8.18 8.202 8.157 8.235 8.333 8.315 8.423 8.535 8.462 8.273 8.167 8.145 8.198 8.315 8.67 9.11 10.288 11.235 11.735 12.038 11.908 11.795 11.655 12.262 12.738 13.073 13.138 13.233 13.655 14.1 14.587 14.898 14.615 14.565 14.403 14.153 14.087 14.095 14.193 14.523 14.837 15.055 14.895 14.602 14.108 13.3 13.137 12.875 12.802 12.403 12.185 12.115 12.04 12.13
7.827 7.852 7.855 7.863 7.912 7.938 7.945 7.972 7.995 8.007 8.028 8.057 8.055 8.045 8.035 8.02 8.045 8.135 8.26 8.417 8.422 8.31 8.125 8.158 8.262 8.382 8.698 8.827 8.49 8.253 8.235 8.227 8.193 8.255 8.538 9.185 9.92 10.62 10.99 11.102 11.243 11.323 11.4 11.785 12.693 13.523 13.418 13.128 13.34 13.958 14.665 14.96 14.755 14.645 14.72 14.17 13.625 13.605 13.648 13.77 14.185 14.365 13.968 13.688 13.398 12.6 12.19 12.095 12.188 12.19 11.78 11.587 11.545 11.54
7.832 7.842 7.847 7.858 7.885 7.903 7.923 7.945 7.99 8 8.028 8.057 8.04 8.038 8.035 8.047 8.048 8.097 8.198 8.363 8.302 8.298 8.23 8.087 8.15 8.275 8.715 8.92 8.745 8.315 8.21 8.203 8.182 8.253 8.44 9.127 9.628 10.198 10.495 10.773 11.273 11.592 11.54 11.538 12.295 12.962 12.977 12.665 12.67 12.988 13.637 13.75 13.337 13.205 13.15 13.342 13.045 12.993 13.057 13.233 13.793 13.752 13.168 12.82 12.648 12.318 11.96 11.75 11.882 11.855 11.62 11.403 11.217 11.05
7.847 7.835 7.858 7.868 7.885 7.9 7.905 7.935 7.97 8.003 8.02 8.032 8.052 8.07 8.105 8.083 8.045 8.052 8.1 8.188 8.212 8.225 8.273 8.18 8.065 8.145 8.602 8.865 8.753 8.392 8.307 8.325 8.285 8.27 8.435 8.72 9.33 9.762 10.485 11.342 11.65 11.475 11.372 11.24 11.632 12.03 12.32 11.997 11.903 12.132 12.587 12.587 12.438 12.432 12.275 12.3 12.408 12.465 12.59 12.99 13.41 13.075 12.465 11.99 12.065 12.413 12.017 11.733 11.597 11.57 11.54 11.405 10.95 10.7
7.83 7.835 7.845 7.847 7.878 7.878 7.895 7.918 7.977 7.992 7.997 8.003 8.09 8.153 8.177 8.153 8.07 8.06 8.062 8.142 8.265 8.262 8.217 8.273 8.198 8.132 8.25 8.34 8.337 8.293 8.273 8.36 8.405 8.422 8.568 8.685 8.932 9.408 10.265 10.99 10.972 10.693 10.778 10.935 11.497 11.765 11.915 11.957 11.71 11.585 11.818 12.055 12.173 12.852 13.035 12.535 12.445 12.557 12.767 12.763 12.477 12.127 11.967 11.94 12.05 11.855 11.61 11.528 11.347 11.37 11.673 11.337 10.872 10.565
7.812 7.825 7.843 7.86 7.878 7.872 7.895 7.903 7.945 7.985 8.003 8 8.102 8.198 8.243 8.19 8.153 8.125 8.097 8.122 8.248 8.41 8.328 8.21 8.177 8.128 8.163 8.208 8.257 8.21 8.273 8.335 8.39 8.493 8.605 8.798 8.998 9.158 9.807 10.108 10.055 10.01 10.222 10.602 11.325 11.538 11.292 10.967 10.843 10.738 10.993 11.41 11.762 12.917 13.385 13.188 12.8 12.712 12.11 11.712 11.483 11.312 11.6 12.13 12.22 11.663 11.382 11.085 11.052 11.475 12.1 11.548 11.078 10.602
7.818 7.812 7.823 7.847 7.855 7.872 7.872 7.903 7.94 7.985 7.997 7.988 8.015 8.052 8.08 8.11 8.145 8.325 8.28 8.2 8.243 8.337 8.24 8.243 8.237 8.247 8.352 8.477 8.422 8.247 8.235 8.302 8.488 8.642 8.725 8.782 8.81 8.875 9.155 9.363 9.333 9.528 9.885 10.43 10.943 10.712 10.535 10.23 10.08 10.077 10.182 10.533 11.193 12.095 13.085 12.825 12.417 12.07 11.73 11.592 11.153 10.872 11.165 11.675 12.153 11.655 11.29 11.22 11.583 12.203 12.358 11.6 11.205 10.835
7.842 7.838 7.83 7.845 7.832 7.865 7.88 7.912 7.927 7.962 8.003 8.007 8.01 8.045 8.062 8.097 8.177 8.372 8.38 8.205 8.21 8.185 8.182 8.34 8.448 8.335 8.432 8.637 8.495 8.255 8.198 8.295 8.535 8.747 8.77 8.707 8.767 8.745 8.815 8.885 9.003 9.252 9.663 10.253 10.325 10.247 10.465 10.425 10.227 10.22 10.05 10.057 10.682 11.198 12.023 12.368 12.085 11.878 11.792 11.605 11.167 11.13 11.36 11.78 11.818 11.55 11.295 11.457 12.047 12.695 12.19 11.847 11.637 11.41
7.835 7.84 7.835 7.838 7.845 7.847 7.885 7.898 7.915 7.963 7.985 8.005 8.015 8.182 8.23 8.18 8.212 8.355 8.35 8.23 8.222 8.202 8.2 8.27 8.29 8.352 8.377 8.452 8.368 8.235 8.165 8.19 8.28 8.445 8.557 8.63 8.66 8.712 8.64 8.775 8.757 8.93 9.255 9.68 10.025 10.105 10.59 10.562 10.672 10.665 10.237 10.122 10.227 10.408 10.825 11.12 11.533 11.932 12.575 12.403 12.215 11.878 11.675 11.79 11.755 11.542 11.535 11.675 12.108 12.618 12.82 12.243 11.812 11.702
7.863 7.858 7.858 7.843 7.838 7.835 7.855 7.88 7.918 7.945 7.988 7.985 8.04 8.253 8.257 8.153 8.163 8.19 8.217 8.19 8.163 8.19 8.225 8.248 8.278 8.427 8.465 8.45 8.333 8.235 8.157 8.12 8.15 8.237 8.382 8.445 8.375 8.45 8.51 8.63 8.632 8.73 8.995 9.307 9.648 9.785 9.92 10.127 10.622 10.988 10.615 10.332 10.087 10.17 10.503 10.953 11.562 12.33 12.868 13.22 13.312 12.968 12.452 12.07 11.815 11.762 11.555 11.74 11.988 12.685 13.488 12.882 12.403 12.245
7.89 7.863 7.863 7.858 7.863 7.847 7.845 7.863 7.895 7.932 7.952 7.965 8.017 8.09 8.12 8.087 8.12 8.148 8.16 8.182 8.205 8.177 8.177 8.198 8.283 8.385 8.355 8.358 8.37 8.335 8.22 8.177 8.17 8.172 8.247 8.288 8.35 8.382 8.415 8.512 8.51 8.58 8.682 8.847 9.17 9.34 9.693 10.403 11.023 10.89 10.3 9.953 9.89 9.852 10.26 10.83 11.227 11.775 12.762 13.767 13.575 13.125 13.105 12.618 12.15 11.852 11.775 11.885 12.13 12.837 13.333 13.323 12.898 12.7
7.878 7.872 7.863 7.872 7.855 7.863 7.86 7.878 7.9 7.91 7.94 7.945 7.98 8.015 8.028 8.04 8.078 8.113 8.132 8.177 8.19 8.17 8.182 8.2 8.212 8.25 8.245 8.305 8.37 8.318 8.347 8.285 8.24 8.17 8.19 8.212 8.312 8.372 8.403 8.42 8.513 8.453 8.465 8.58 8.823 9.15 9.71 10.587 10.76 10.297 9.785 9.333 9.182 9.148 9.118 9.792 10.462 11.43 12.2 13.205 12.87 12.295 12.243 12.5 12.507 12.155 12.093 12.235 12.44 12.932 13.27 13.007 12.815 12.863
7.872 7.88 7.878 7.88 7.87 7.883 7.86 7.887 7.892 7.898 7.915 7.938 7.955 7.988 8.015 8.042 8.055 8.073 8.115 8.15 8.17 8.222 8.25 8.24 8.235 8.273 8.25 8.28 8.32 8.325 8.36 8.358 8.312 8.167 8.153 8.203 8.265 8.33 8.385 8.432 8.455 8.493 8.38 8.4 8.602 8.895 9.523 10.102 10.132 9.783 9.305 8.852 8.727 8.727 8.847 8.983 9.625 10.755 11.542 12.39 11.892 11.282 11.355 11.743 12.422 12.78 12.85 12.488 12.555 12.887 13.07 13.113 13.023 13.355
7.835 7.852 7.863 7.882 7.863 7.86 7.887 7.9 7.912 7.903 7.903 7.932 7.96 7.977 8.007 8.023 8.038 8.073 8.11 8.137 8.18 8.215 8.267 8.307 8.265 8.32 8.238 8.335 8.472 8.54 8.533 8.438 8.32 8.243 8.175 8.137 8.195 8.307 8.355 8.368 8.413 8.455 8.432 8.453 8.525 8.665 9.198 9.86 9.835 9.912 9.398 8.89 8.608 8.61 8.738 8.89 9.398 10.352 11.118 11.48 11.065 10.753 11.16 11.655 12.458 13.262 13.19 12.993 12.863 12.972 13.267 13.693 13.875 13.542
7.84 7.84 7.845 7.867 7.872 7.872 7.91 7.907 7.903 7.905 7.918 7.938 7.967 7.977 8.003 8.023 8.045 8.102 8.12 8.128 8.145 8.21 8.29 8.455 8.328 8.31 8.23 8.325 8.472 8.658 8.587 8.477 8.405 8.288 8.22 8.168 8.173 8.243 8.335 8.345 8.398 8.435 8.458 8.67 8.84 8.835 8.898 9.385 9.773 10.113 10.35 9.528 8.86 8.725 8.863 9.045 9.59 10.395 11.005 11.38 11.238 11.145 11.52 12.18 12.868 13.727 13.43 13.22 13.007 13.085 13.083 13.435 13.765 14.057
7.827 7.838 7.818 7.872 7.88 7.887 7.898 7.907 7.915 7.925 7.922 7.94 7.95 7.985 8.012 8.025 8.035 8.085 8.118 8.122 8.137 8.185 8.305 8.398 8.312 8.265 8.222 8.34 8.475 8.523 8.523 8.53 8.47 8.335 8.205 8.165 8.165 8.217 8.275 8.325 8.385 8.452 8.545 8.77 9.033 9.102 8.997 9.21 9.627 10.283 10.663 10.055 9.432 9.265 9.36 9.525 9.962 10.512 11.195 11.767 11.77 11.895 12.365 13.078 13.632 13.972 13.695 13.267 12.955 12.905 12.872 12.965 13.148 13.09
7.832 7.842 7.832 7.845 7.878 7.895 7.905 7.892 7.912 7.922 7.935 7.952 7.965 7.988 7.995 8.023 8.035 8.065 8.08 8.115 8.16 8.22 8.273 8.285 8.245 8.23 8.24 8.325 8.45 8.453 8.445 8.455 8.462 8.368 8.2 8.16 8.182 8.235 8.253 8.315 8.4 8.455 8.533 8.568 8.62 8.755 8.935 9.247 9.865 10.61 11.102 10.6 10.262 9.825 9.583 9.573 9.935 10.59 11.12 11.592 12.045 12.467 13.033 13.792 13.75 13.6 13.127 12.653 12.703 12.698 12.637 12.67 12.925 13.153
7.818 7.818 7.825 7.823 7.868 7.892 7.895 7.895 7.91 7.915 7.925 7.938 7.962 7.985 7.97 7.992 8.017 8.06 8.083 8.125 8.145 8.198 8.233 8.24 8.2 8.215 8.243 8.265 8.335 8.41 8.39 8.422 8.462 8.405 8.247 8.188 8.16 8.238 8.283 8.375 8.448 8.48 8.503 8.552 8.573 8.677 8.892 9.38 9.898 10.578 11.345 10.87 10.37 9.903 9.422 9.315 9.675 10.585 11.205 11.61 12.137 12.615 13.092 13.325 13.125 12.84 12.58 12.255 12.27 12.307 12.42 12.615 12.93 13.222
7.793 7.812 7.823 7.832 7.835 7.872 7.892 7.9 7.887 7.905 7.9 7.918 7.94 7.967 7.988 8.007 8.048 8.06 8.083 8.095 8.148 8.19 8.217 8.24 8.233 8.24 8.267 8.282 8.315 8.337 8.417 8.452 8.477 8.382 8.217 8.163 8.19 8.247 8.3 8.403 8.502 8.58 8.752 9.065 8.967 8.878 8.927 9.392 10.005 10.597 10.59 9.93 9.665 9.735 9.267 9.188 9.932 10.82 12.29 12.733 12.993 13.343 13.387 13.315 12.905 12.495 12.085 11.868 11.61 11.717 11.743 11.95 12.195 12.66
7.788 7.793 7.83 7.828 7.825 7.855 7.872 7.865 7.865 7.9 7.915 7.957 7.943 7.985 7.98 8 8.038 8.073 8.085 8.102 8.137 8.185 8.257 8.323 8.32 8.318 8.292 8.285 8.36 8.35 8.38 8.457 8.535 8.395 8.243 8.202 8.253 8.265 8.347 8.45 8.552 8.562 8.753 9.267 9.12 9.01 9.215 9.512 10.078 10.248 9.645 9.24 9.29 9.305 9.358 9.915 10.55 11.217 12.645 13.773 14.115 14.227 14.11 13.765 13.047 12.39 12 11.665 11.525 11.385 11.385 11.523 11.79 12.26
7.788 7.823 7.828 7.82 7.812 7.812 7.85 7.832 7.863 7.887 7.938 7.955 7.963 7.962 7.967 8 8.035 8.048 8.052 8.077 8.113 8.17 8.267 8.395 8.378 8.36 8.333 8.257 8.435 8.605 8.513 8.465 8.46 8.363 8.328 8.235 8.222 8.265 8.4 8.615 8.767 8.67 8.702 8.945 9.075 8.94 8.948 9.247 9.757 9.585 9.09 8.82 9.02 9.3 9.57 10.073 10.475 11.325 12.75 13.71 14.418 14.51 14.083 13.712 13.095 12.658 12.435 11.783 11.6 11.358 11.37 11.48 11.743 12.182
7.793 7.815 7.823 7.825 7.845 7.832 7.823 7.852 7.85 7.878 7.903 7.93 7.967 7.963 7.992 8.015 8.03 8.052 8.1 8.1 8.118 8.167 8.238 8.265 8.31 8.382 8.352 8.37 8.462 8.55 8.533 8.53 8.467 8.413 8.333 8.215 8.22 8.302 8.51 8.837 9.083 8.885 8.783 8.798 8.898 8.76 8.795 8.795 8.818 8.985 8.975 9.035 9.185 9.465 9.693 10.05 10.52 11.562 12.96 13.575 14.085 14.247 13.66 13.475 13.227 12.528 12.468 12.285 11.828 11.55 11.583 11.455 11.637 11.955
7.793 7.805 7.82 7.838 7.852 7.872 7.823 7.852 7.86 7.89 7.912 7.943 7.955 7.972 7.975 8.007 8.035 8.06 8.08 8.093 8.122 8.157 8.198 8.273 8.422 8.648 8.422 8.385 8.408 8.512 8.49 8.48 8.455 8.488 8.435 8.288 8.275 8.465 9.173 9.227 8.97 8.845 8.738 8.682 8.613 8.667 8.688 8.717 8.812 8.998 9.208 9.495 9.445 9.797 9.927 10.185 10.97 12.077 13.267 13.688 14.167 13.622 13.245 12.863 12.548 12.248 12.31 12.275 12.032 11.648 11.427 11.46 11.465 11.743
7.79 7.825 7.842 7.875 7.87 7.88 7.872 7.875 7.892 7.898 7.912 7.915 7.94 7.955 7.965 8.023 8.102 8.128 8.085 8.075 8.108 8.145 8.24 8.448 8.62 8.55 8.387 8.335 8.403 8.483 8.608 8.595 8.525 8.525 8.452 8.345 8.48 8.882 9.72 9.483 9.105 8.95 8.755 8.66 8.648 8.727 8.73 8.727 8.962 9.025 9.505 10.015 9.985 10.238 10.762 11.378 11.91 12.843 13.253 13.445 13.618 13.278 12.86 12.39 12.113 12.042 12.122 12.023 11.727 11.595 11.467 11.56 11.575 11.682
7.815 7.84 7.86 7.878 7.9 7.905 7.908 7.898 7.915 7.932 7.93 7.93 7.94 7.952 8.04 8.193 8.205 8.283 8.173 8.097 8.115 8.165 8.257 8.372 8.443 8.372 8.31 8.333 8.33 8.467 8.54 8.578 8.58 8.578 8.495 8.542 8.855 9.26 9.49 9.375 9.253 8.932 8.812 8.747 8.745 8.725 8.765 8.72 8.892 9.095 9.493 9.985 10.342 11.477 12.805 13.512 13.423 13.4 13.52 13.632 13.405 12.823 12.498 12.215 11.812 11.677 11.792 11.778 11.562 11.578 11.753 11.86 11.93 11.843
7.83 7.855 7.87 7.878 7.903 7.93 7.94 7.93 7.903 7.918 7.918 7.935 7.932 7.94 8.033 8.193 8.305 8.297 8.155 8.13 8.113 8.19 8.247 8.275 8.305 8.325 8.305 8.337 8.335 8.438 8.465 8.525 8.525 8.597 8.645 8.75 9.182 9.688 9.962 9.81 9.392 9.113 8.882 8.778 8.775 8.725 8.71 8.765 8.952 9.19 9.565 9.875 10.525 12.2 13.227 13.762 13.82 13.868 14.243 14.46 13.958 13.142 12.81 12.335 11.953 11.612 11.457 11.66 11.98 12.06 12.19 12.137 12.235 12.323
7.832 7.867 7.878 7.882 7.92 7.922 7.938 7.915 7.887 7.918 7.923 7.925 7.935 7.968 7.972 8.11 8.262 8.148 8.083 8.16 8.14 8.172 8.212 8.25 8.275 8.292 8.333 8.372 8.37 8.477 8.637 8.738 8.68 8.72 8.68 8.757 9.087 9.625 10.137 10.07 9.738 9.523 9.042 8.932 8.845 8.818 8.858 9.003 9.16 9.39 9.632 9.96 10.627 12.335 13.177 13.712 14.198 14.637 14.887 15.025 14.685 14.048 13.267 12.9 12.458 12.015 11.837 11.95 12.438 12.453 12.76 13.01 13.347 13.91
7.815 7.82 7.872 7.895 7.915 7.903 7.905 7.91 7.915 7.922 7.932 7.94 7.94 7.957 7.967 8.012 8.077 8.052 8.102 8.105 8.135 8.198 8.23 8.273 8.438 8.39 8.37 8.415 8.44 8.568 8.798 9.115 9.023 8.767 8.645 8.95 9.165 9.685 10.255 10.06 9.788 9.465 9.24 9.212 9.127 9.057 9.093 9.273 9.568 9.733 9.812 10.205 10.775 11.693 13.12 14.005 14.725 15.605 16.033 15.905 15.52 15.108 14.423 13.958 13.667 13.525 13.358 13.302 13.375 13.398 13.555 13.925 14.667 15.373
