Matlab/Roost_data/braunton/dsm/ss4540_DSM_2M.asc
ncols 500
nrows 500
xllcorner    245000
yllcorner    140000
cellsize     2
NODATA_value -9999
[rows 192 to 223 of 500, columns 142 to 212 of 500]
75.866 75.806 75.743 75.671 75.578 75.501 75.433 75.386 75.296 75.226 75.128 75.073 74.981 74.913 74.823 74.773 74.768 74.698 74.571 74.448 74.298 75.261 74.388 73.851 73.901 73.913 73.923 73.908 73.896 73.923 73.948 73.946 73.948 73.933 73.911 73.901 73.831 73.733 73.566 73.526 73.586 73.666 73.716 73.748 73.773 73.803 73.911 74.023 74.091 74.116 74.143 74.188 74.201 74.211 74.213 74.198 74.186 74.203 74.258 74.351 74.496 74.576 74.629 74.684 74.726 74.704 74.584 74.436 74.536 74.646 74.569
75.766 75.698 75.613 75.528 75.443 75.383 75.296 75.231 75.168 75.088 75.011 74.931 74.828 74.751 74.691 74.643 74.591 74.538 74.438 74.331 74.131 74.638 74.831 73.686 73.718 73.763 73.771 73.741 73.723 73.766 73.773 73.786 73.846 73.856 73.823 73.766 73.693 73.606 73.488 73.333 73.376 73.476 73.523 73.568 73.623 73.668 73.811 73.916 73.951 73.981 74.043 74.073 74.098 74.106 74.096 74.088 74.086 74.098 74.161 74.254 74.331 74.441 74.419 74.356 74.359 74.421 74.546 74.566 75.046 75.431 75.554
75.663 75.588 75.498 75.418 75.326 75.241 75.173 75.088 75.018 74.933 74.863 74.786 74.688 74.626 74.546 74.473 74.423 74.388 74.293 74.193 74.011 74.218 74.971 73.518 73.561 73.611 73.598 73.551 73.501 73.576 73.581 73.606 73.723 73.716 73.666 73.566 73.503 73.406 73.288 73.163 73.178 73.271 73.526 73.586 73.533 73.648 73.656 73.651 73.726 73.781 73.843 73.936 73.988 74.016 74.033 73.993 73.923 73.993 73.996 74.066 74.216 74.354 74.674 74.911 74.956 75.129 75.446 75.389 76.181 75.729 75.426
75.546 75.461 75.378 75.288 75.191 75.098 75.023 74.933 74.856 74.778 74.696 74.626 74.548 74.471 74.381 74.328 74.281 74.246 74.141 74.028 73.898 73.803 74.803 73.441 73.396 73.438 73.428 73.333 73.308 73.358 73.403 73.511 73.556 73.496 73.448 73.373 73.331 73.241 73.118 73.006 72.996 73.138 73.316 73.286 73.128 73.118 73.103 73.216 73.211 73.403 73.611 73.653 73.721 73.798 73.826 73.756 74.201 74.288 74.541 74.914 75.821 76.161 75.868 75.546 76.151 75.846 76.489 76.118 75.289 75.126 74.546
75.413 75.321 75.231 75.131 75.038 74.948 74.873 74.786 74.698 74.611 74.563 74.476 74.378 74.296 74.216 74.156 74.103 74.078 73.991 73.893 73.766 73.583 74.383 73.686 73.156 73.261 73.211 73.108 73.066 73.138 73.241 73.341 73.331 73.293 73.238 73.188 73.118 73.031 72.928 72.766 72.718 72.821 72.916 72.886 72.978 72.896 72.901 72.956 73.023 73.238 73.506 73.588 74.153 74.401 74.908 74.638 75.221 75.911 75.309 75.256 76.429 75.954 75.679 74.924 74.576 74.531 74.726 74.619 74.339 74.371 74.446
75.258 75.166 75.081 74.991 74.891 74.791 74.738 74.623 74.528 74.463 74.383 74.281 74.201 74.096 74.031 73.961 73.888 73.883 73.828 73.711 73.628 73.461 73.698 74.148 72.898 72.968 72.933 72.786 72.791 72.921 73.096 73.141 73.123 73.046 72.993 72.931 72.751 72.531 72.533 72.543 72.373 72.576 73.068 73.203 74.116 73.211 73.048 73.416 73.616 74.001 74.196 74.406 75.873 75.823 74.478 74.478 74.101 74.581 74.751 74.486 74.549 74.926 74.786 74.364 74.114 74.181 74.191 74.231 74.211 74.331 74.691
75.126 75.043 74.938 74.833 74.741 74.666 74.553 74.456 74.373 74.288 74.213 74.111 74.038 73.938 73.848 73.793 73.716 73.696 73.698 73.561 73.476 73.348 73.373 74.236 72.741 72.726 72.636 72.536 72.606 72.738 72.893 72.913 72.843 72.733 72.618 72.503 72.316 72.331 72.253 72.288 72.363 72.498 73.758 73.996 75.413 74.196 73.491 73.443 73.583 73.861 73.986 74.298 74.893 74.078 73.588 73.753 74.123 74.313 74.304 74.276 74.276 74.344 74.444 74.209 73.961 74.008 74.041 74.069 74.079 74.181 74.496
74.958 74.871 74.758 74.688 74.598 74.473 74.391 74.286 74.198 74.103 74.013 73.933 73.841 73.751 73.671 73.603 73.538 73.513 73.501 73.423 73.318 73.258 73.121 73.926 72.928 72.406 72.333 72.328 72.428 72.511 72.548 72.538 72.443 72.298 72.203 72.138 73.021 73.496 73.433 73.996 73.433 72.946 73.066 73.803 73.381 73.706 74.053 73.181 73.726 73.623 73.586 73.826 74.033 74.151 73.421 73.398 73.696 74.238 74.169 74.171 74.046 74.186 74.266 74.161 74.081 74.079 73.944 73.851 73.874 73.911 74.154
74.801 74.698 74.586 74.498 74.408 74.308 74.193 74.101 73.993 73.913 73.831 73.753 73.661 73.536 73.491 73.388 73.341 73.306 73.296 73.241 73.166 73.086 72.871 73.603 73.251 72.198 72.101 72.113 72.231 72.193 71.983 72.073 72.188 72.403 72.888 73.506 74.138 74.286 73.418 72.806 73.413 72.713 73.011 73.741 73.363 72.781 73.611 72.903 73.336 72.718 72.768 73.071 73.548 73.743 73.241 73.313 73.766 74.013 74.129 73.944 73.836 73.794 73.804 74.011 74.094 74.174 74.009 73.679 73.674 73.721 73.774
74.628 74.518 74.416 74.318 74.213 74.133 73.993 73.918 73.816 73.733 73.631 73.538 73.436 73.341 73.286 73.191 73.143 73.098 73.073 73.053 72.983 72.951 72.738 73.101 73.313 72.041 71.873 71.873 71.973 71.773 71.966 72.561 73.268 73.786 74.108 74.161 74.491 74.186 72.836 72.398 72.701 72.193 72.661 72.166 72.236 72.776 72.448 72.676 72.698 72.566 72.618 72.808 72.931 73.046 73.086 73.148 73.311 73.776 73.654 73.674 73.604 73.781 73.859 73.854 73.959 74.016 73.596 73.589 73.549 73.576 73.604
74.431 74.308 74.226 74.126 74.023 73.906 73.823 73.703 73.591 73.506 73.416 73.318 73.248 73.158 73.073 73.013 72.963 72.931 72.886 72.868 72.813 72.708 72.516 72.648 73.736 71.856 71.651 71.593 71.996 73.733 73.771 73.956 73.811 74.061 73.543 72.818 72.563 72.478 73.058 72.113 72.686 72.011 71.828 71.928 72.076 72.148 72.253 72.423 72.536 72.718 72.693 72.706 72.901 72.958 73.051 73.073 73.061 73.433 73.811 73.759 73.851 73.969 73.909 73.979 73.834 73.429 73.311 73.441 73.429 73.529 73.569
74.226 74.108 74.018 73.921 73.821 73.696 73.596 73.481 73.388 73.288 73.193 73.111 73.028 72.958 72.871 72.803 72.778 72.731 72.683 72.671 72.628 72.436 72.258 72.288 73.028 71.666 71.426 71.358 73.198 74.046 73.386 72.821 72.656 72.586 73.041 72.233 72.261 72.443 73.613 72.583 72.318 71.968 71.943 71.946 71.998 72.168 72.261 72.446 72.448 72.568 72.633 72.666 72.731 72.826 72.833 72.916 73.026 73.531 73.814 74.001 73.884 73.341 73.244 73.281 73.211 73.214 73.261 73.326 73.394 73.401 73.444
74.003 73.898 73.796 73.691 73.588 73.481 73.406 73.271 73.178 73.088 72.978 72.903 72.841 72.743 72.693 72.623 72.576 72.541 72.526 72.463 72.391 72.203 72.058 72.391 73.118 71.628 71.233 71.226 73.483 73.558 72.018 71.638 72.691 71.806 72.496 71.533 71.566 72.351 71.941 73.063 72.508 72.188 72.076 71.968 72.116 72.198 72.196 72.371 72.348 72.411 72.511 72.513 72.608 72.681 72.731 72.738 72.848 72.908 73.314 73.494 73.126 73.086 73.034 73.034 73.091 73.129 73.174 73.229 73.279 73.261 73.396
73.766 73.651 73.546 73.461 73.356 73.256 73.171 73.071 72.966 72.868 72.773 72.696 72.633 72.548 72.498 72.461 72.396 72.361 72.313 72.248 72.073 72.001 72.258 72.933 72.746 71.273 71.138 71.266 72.028 71.426 71.431 71.738 73.431 72.161 72.268 70.896 71.583 72.241 72.256 71.973 72.228 72.393 72.028 71.861 72.048 72.063 72.143 72.238 72.266 72.326 72.383 72.451 72.536 72.548 72.651 72.736 72.693 72.776 72.811 72.874 72.966 72.939 72.964 73.036 73.001 73.006 73.036 73.104 73.121 73.221 73.326
73.528 73.416 73.286 73.203 73.106 73.018 72.921 72.821 72.703 72.618 72.546 72.528 72.436 72.381 72.318 72.243 72.213 72.158 72.073 71.943 71.831 72.091 72.683 72.191 71.131 71.068 71.061 71.091 70.978 73.156 71.688 71.523 72.138 72.176 71.613 71.348 71.941 71.891 72.031 72.056 72.131 72.193 71.978 71.796 71.898 72.016 72.116 72.226 72.261 72.251 72.278 72.358 72.416 72.503 72.533 72.581 72.583 72.603 72.669 72.689 72.721 72.751 72.844 72.831 72.844 72.884 72.971 73.031 73.019 73.096 73.234
73.246 73.148 73.041 72.928 72.838 72.731 72.663 72.568 72.473 72.403 72.336 72.268 72.228 72.161 72.083 72.063 71.976 71.893 71.778 71.626 72.003 72.548 71.871 71.101 71.031 70.991 70.986 71.106 70.823 71.598 71.691 71.313 71.696 71.871 72.636 72.286 72.243 72.163 72.093 72.081 71.953 71.708 71.753 71.743 71.906 72.003 72.043 72.176 72.148 72.191 72.253 72.283 72.408 72.353 72.378 72.406 72.438 72.448 72.359 72.116 72.144 72.284 72.439 72.599 72.694 72.769 72.954 72.896 72.976 73.081 73.231
72.958 72.851 72.786 72.691 72.586 72.511 72.433 72.346 72.241 72.161 72.116 72.053 72.006 71.933 71.888 71.796 71.703 71.561 71.463 72.006 72.548 71.618 71.031 70.978 70.926 70.936 70.921 71.066 70.871 70.971 71.568 71.391 70.978 72.041 72.181 72.401 72.241 72.201 71.576 71.633 71.523 71.593 71.693 71.793 71.873 72.016 71.998 72.016 72.046 72.116 72.063 72.181 72.101 71.978 72.018 72.091 72.113 72.051 71.906 72.144 72.081 72.014 72.241 72.314 72.444 72.556 72.661 72.754 72.844 73.049 73.174
72.691 72.603 72.536 72.443 72.348 72.276 72.186 72.098 72.028 71.958 71.903 71.848 71.803 71.736 71.651 71.521 71.386 71.371 72.018 72.631 71.271 70.913 70.891 70.841 70.816 70.861 70.888 70.978 70.896 70.658 71.103 70.781 70.963 71.841 72.186 72.163 72.181 71.918 71.431 71.471 71.483 71.561 71.646 71.681 71.846 71.856 71.886 71.843 71.856 71.978 71.776 71.791 71.731 71.671 71.648 71.696 71.926 72.078 72.134 72.389 72.569 72.514 72.409 72.296 72.341 72.424 72.569 72.636 72.714 72.924 73.054
72.386 72.326 72.256 72.178 72.098 72.033 71.963 71.908 71.846 71.788 71.696 71.648 71.593 71.506 71.361 71.261 71.446 72.146 72.068 70.966 70.778 70.758 70.766 70.768 70.798 70.848 70.843 70.851 71.066 71.131 70.531 70.718 71.588 72.078 72.161 72.121 72.131 71.496 71.286 71.408 71.446 71.458 71.518 71.571 71.648 72.313 72.261 71.498 71.371 71.311 71.426 71.563 71.536 71.666 71.856 72.066 72.291 72.483 72.636 72.749 72.739 72.779 72.656 72.464 72.434 72.404 72.549 72.469 72.509 72.641 72.881
72.146 72.081 71.993 71.941 71.873 71.806 71.766 71.708 71.616 71.543 71.486 71.421 71.318 71.168 71.136 71.598 72.363 71.606 70.766 70.733 70.638 70.646 70.648 70.681 70.756 70.853 70.861 70.798 71.188 71.316 70.681 71.231 71.821 72.051 72.286 71.881 71.373 70.986 71.103 71.156 71.178 71.168 71.073 71.056 71.116 71.318 71.456 71.196 71.518 71.561 71.661 71.701 71.746 71.903 72.136 72.331 72.466 72.608 72.719 72.691 72.676 72.834 72.579 72.576 72.611 72.729 72.844 72.804 72.716 72.609 72.706
71.901 71.836 71.781 71.733 71.686 71.601 71.543 71.473 71.388 71.303 71.196 71.138 70.998 71.143 71.771 72.263 71.053 70.606 70.626 70.648 70.526 70.536 70.566 70.633 70.701 70.861 70.871 70.683 71.358 71.301 70.926 71.523 71.778 71.918 72.153 70.846 70.733 70.783 70.838 70.793 70.716 70.958 70.996 70.951 71.138 71.478 71.766 71.833 71.851 71.918 71.963 71.926 71.968 72.113 72.301 72.453 72.561 72.631 72.616 72.651 72.871 72.579 72.629 72.709 72.841 73.029 73.159 73.129 73.184 73.144 72.991
71.666 71.593 71.548 71.483 71.416 71.323 71.281 71.196 71.091 71.001 70.946 71.073 71.451 71.721 71.886 70.563 70.446 70.481 70.476 70.403 70.411 70.458 70.478 70.561 70.628 70.761 70.881 70.688 71.471 71.553 71.303 71.313 71.541 71.678 71.128 70.598 70.636 70.711 70.711 70.888 70.966 71.188 71.351 71.606 71.673 71.691 71.721 71.748 71.843 71.933 71.896 71.891 72.016 72.166 72.336 72.608 72.716 72.763 72.651 72.556 72.556 72.559 72.646 72.869 73.106 73.276 73.314 73.364 73.434 73.474 73.476
71.388 71.343 71.298 71.188 71.113 71.028 70.946 70.936 71.106 71.493 71.748 71.906 71.576 71.178 70.363 70.363 70.353 70.296 70.233 70.241 70.303 70.378 70.453 70.506 70.468 70.598 70.886 70.938 71.538 70.901 70.781 70.633 70.546 70.708 70.656 70.713 70.888 71.073 71.116 71.168 71.283 71.408 71.478 71.653 71.698 71.698 71.693 71.743 71.821 71.858 71.853 71.878 72.018 72.118 72.263 72.536 72.741 72.781 72.759 72.746 72.599 72.684 72.766 73.089 73.271 73.371 73.441 73.534 73.586 73.609 73.626
71.051 71.011 70.936 71.033 71.223 71.458 71.741 72.153 71.991 71.666 70.996 70.476 70.298 70.263 70.288 70.243 70.186 70.118 70.118 70.136 70.216 70.301 70.276 70.226 70.156 70.541 70.896 70.716 70.678 70.243 70.401 70.676 70.691 70.893 70.923 71.036 71.168 71.186 71.241 71.303 71.361 71.436 71.491 71.571 71.626 71.673 71.693 71.688 71.753 71.813 71.853 71.906 71.953 72.071 72.181 72.348 72.541 72.606 72.851 72.761 72.639 72.754 72.879 73.066 73.264 73.504 73.551 73.611 73.669 73.701 73.731
71.208 71.648 71.996 72.136 72.328 71.746 71.286 70.643 70.286 70.241 70.236 70.196 70.193 70.166 70.078 70.008 70.043 70.016 69.998 70.066 70.003 69.926 69.856 69.838 69.981 70.183 70.701 70.601 70.411 70.511 70.753 70.783 70.836 71.028 71.068 71.058 71.096 71.201 71.303 71.371 71.426 71.476 71.496 71.516 71.593 71.681 71.686 71.693 71.758 71.823 71.863 71.923 72.023 72.106 72.183 72.291 72.401 72.546 72.851 72.829 72.674 72.821 72.981 73.154 73.284 73.606 73.691 73.729 73.791 73.756 73.826
71.753 71.603 70.871 70.551 70.426 70.093 70.021 70.093 70.126 70.108 70.083 70.018 69.926 69.883 69.848 69.918 70.001 69.976 69.946 69.708 69.668 69.806 70.008 70.186 70.331 70.393 70.596 70.543 70.596 70.713 70.771 70.831 71.066 71.096 71.141 71.193 71.258 71.263 71.356 71.403 71.471 71.533 71.556 71.573 71.668 71.721 71.746 71.788 71.843 71.906 71.971 72.026 72.123 72.228 72.323 72.393 72.471 72.581 72.796 72.821 72.784 72.931 73.139 73.264 73.406 73.456 73.669 73.721 73.876 73.981 74.024
69.936 69.961 69.933 69.883 69.863 69.818 69.791 69.823 69.856 69.793 69.723 69.776 69.818 69.801 69.746 69.738 69.721 69.481 69.471 69.633 69.846 69.988 70.171 70.363 70.436 70.511 70.551 70.591 70.498 70.713 70.806 70.933 71.021 71.133 71.201 71.303 71.383 71.433 71.488 71.568 71.611 71.658 71.708 71.731 71.806 71.866 71.896 71.973 72.061 72.148 72.188 72.241 72.313 72.408 72.501 72.583 72.671 72.761 72.814 72.886 72.984 73.156 73.276 73.344 73.504 73.556 73.644 73.824 73.991 73.901 74.091
69.613 69.608 69.621 69.621 69.593 69.506 69.473 69.456 69.538 69.618 69.528 69.596 69.488 69.458 69.436 69.386 69.401 69.553 69.533 69.713 69.926 70.006 70.153 70.348 70.508 70.623 70.628 70.623 70.581 70.788 70.933 71.001 71.091 71.141 71.241 71.406 71.541 71.611 71.671 71.718 71.748 71.823 71.913 71.988 72.033 72.103 72.126 72.218 72.281 72.381 72.473 72.496 72.548 72.646 72.703 72.793 72.868 72.971 73.014 73.106 73.231 73.336 73.431 73.506 73.621 73.699 73.739 73.899 73.896 73.976 74.101
69.263 69.273 69.263 69.301 69.321 69.386 69.321 69.388 69.381 69.333 69.228 69.241 69.231 69.241 69.286 69.381 69.548 69.623 69.823 69.916 70.033 70.156 70.323 70.476 70.636 70.813 70.828 70.706 70.701 70.943 71.103 71.176 71.228 71.286 71.381 71.518 71.628 71.728 71.803 71.863 71.943 72.013 72.081 72.118 72.181 72.268 72.333 72.426 72.503 72.601 72.651 72.743 72.821 72.868 72.956 73.033 73.116 73.173 73.239 73.296 73.419 73.534 73.661 73.726 73.821 73.906 73.951 74.001 74.054 74.099 74.166
69.036 69.121 69.091 69.128 69.163 69.318 69.158 69.098 69.048 69.028 69.063 69.088 69.176 69.341 69.511 69.653 69.768 69.878 69.968 70.063 70.213 70.378 70.546 70.706 70.853 70.998 71.053 70.881 70.841 71.013 71.256 71.341 71.428 71.488 71.553 71.643 71.728 71.778 71.903 71.986 72.078 72.168 72.213 72.273 72.358 72.433 72.533 72.621 72.686 72.766 72.848 72.916 73.003 73.076 73.146 73.218 73.316 73.378 73.441 73.519 73.601 73.706 73.791 73.921 74.014 74.086 74.144 74.209 74.281 74.301 74.364
68.988 69.038 69.023 69.001 69.011 68.916 68.923 68.778 68.856 69.073 69.161 69.366 69.483 69.506 69.603 69.731 69.876 70.051 70.183 70.328 70.433 70.638 70.766 70.886 71.016 71.123 71.206 71.036 71.053 71.153 71.313 71.456 71.536 71.603 71.636 71.706 71.748 71.836 71.956 72.073 72.186 72.286 72.328 72.386 72.486 72.558 72.646 72.743 72.826 72.898 72.973 73.061 73.106 73.193 73.271 73.346 73.418 73.486 73.551 73.629 73.699 73.789 73.891 74.026 74.099 74.206 74.274 74.344 74.406 74.436 74.471
68.718 68.871 68.768 68.703 68.673 68.836 68.698 68.803 69.043 69.221 69.316 69.448 69.558 69.606 69.668 69.806 70.001 70.216 70.398 70.558 70.711 70.856 70.963 71.056 71.128 71.233 71.308 71.181 71.226 71.378 71.381 71.468 71.578 71.656 71.701 71.736 71.758 71.866 71.996 72.118 72.231 72.313 72.393 72.433 72.513 72.596 72.693 72.776 72.878 72.963 73.046 73.126 73.178 73.233 73.311 73.381 73.466 73.526 73.591 73.669 73.769 73.861 73.954 74.031 74.169 74.239 74.346 74.391 74.454 74.501 74.539
