Matlab/Roost_data/braunton/dsm/ss4538_DSM_2M.asc
ncols 500
nrows 500
xllcorner    245000
yllcorner    138000
cellsize     2
NODATA_value -9999
[rows 240 to 269 of 500, columns 204 to 271 of 500]
146.103 146.02 145.947 145.88 145.8 145.717 145.655 145.598 145.55 145.518 145.488 145.462 145.42 145.378 145.323 145.268 145.217 145.18 145.128 145.105 145.085 145.035 145.005 144.96 144.885 144.822 144.768 144.695 144.635 144.575 144.52 144.462 144.417 144.367 144.295 144.217 144.122 144.038 143.955 143.87 143.78 143.697 143.598 143.497 143.39 143.272 143.155 143.053 142.943 142.833 142.715 142.598 142.48 142.357 142.24 142.105 141.988 141.865 141.758 141.635 141.51 141.39 141.26 141.135 141.005 140.87 140.732 140.587
146.295 146.22 146.148 146.057 145.965 145.893 145.81 145.747 145.688 145.645 145.61 145.568 145.515 145.462 145.402 145.348 145.288 145.225 145.182 145.13 145.08 145.033 144.988 144.94 144.887 144.81 144.732 144.67 144.59 144.518 144.448 144.408 144.335 144.275 144.195 144.107 144.025 143.943 143.848 143.747 143.65 143.573 143.48 143.363 143.255 143.145 143.033 142.923 142.8 142.693 142.572 142.443 142.333 142.215 142.092 141.977 141.87 141.747 141.628 141.512 141.402 141.277 141.155 141.02 140.893 140.753 140.617 140.482
146.467 146.398 146.303 146.2 146.117 146.02 145.943 145.872 145.812 145.755 145.72 145.67 145.615 145.562 145.485 145.432 145.345 145.285 145.23 145.17 145.115 145.05 145.003 144.938 144.863 144.788 144.702 144.617 144.542 144.46 144.39 144.31 144.247 144.182 144.098 144.013 143.905 143.81 143.723 143.643 143.543 143.44 143.345 143.23 143.117 143.003 142.885 142.773 142.663 142.557 142.435 142.315 142.2 142.085 141.962 141.83 141.715 141.603 141.492 141.372 141.25 141.145 141.01 140.88 140.762 140.628 140.5 140.365
146.607 146.527 146.45 146.342 146.263 146.17 146.07 145.997 145.943 145.887 145.833 145.777 145.717 145.64 145.56 145.482 145.405 145.34 145.27 145.2 145.133 145.075 145.003 144.925 144.842 144.758 144.665 144.585 144.49 144.405 144.318 144.245 144.173 144.087 143.997 143.895 143.795 143.688 143.592 143.497 143.402 143.307 143.21 143.1 142.982 142.86 142.742 142.628 142.508 142.4 142.303 142.182 142.055 141.94 141.823 141.695 141.58 141.458 141.333 141.225 141.115 140.995 140.875 140.753 140.633 140.512 140.383 140.265
146.725 146.633 146.545 146.45 146.367 146.272 146.193 146.113 146.033 145.967 145.905 145.837 145.77 145.688 145.595 145.527 145.452 145.378 145.3 145.22 145.163 145.087 144.997 144.92 144.833 144.73 144.622 144.54 144.445 144.33 144.238 144.143 144.055 143.97 143.885 143.768 143.673 143.568 143.467 143.355 143.268 143.17 143.062 142.962 142.853 142.745 142.603 142.48 142.367 142.245 142.135 142.022 141.908 141.803 141.682 141.557 141.438 141.32 141.202 141.08 140.975 140.853 140.738 140.615 140.497 140.375 140.235 140.107
146.788 146.7 146.613 146.53 146.443 146.345 146.245 146.167 146.083 146.005 145.945 145.872 145.79 145.72 145.647 145.557 145.47 145.393 145.302 145.223 145.143 145.055 144.97 144.883 144.795 144.702 144.582 144.485 144.385 144.275 144.16 144.065 143.967 143.883 143.787 143.68 143.577 143.462 143.355 143.243 143.145 143.05 142.932 142.82 142.707 142.59 142.467 142.345 142.223 142.113 142.008 141.89 141.768 141.652 141.52 141.4 141.28 141.158 141.048 140.93 140.82 140.702 140.587 140.473 140.348 140.228 140.103 139.967
146.795 146.705 146.607 146.522 146.443 146.362 146.272 146.193 146.105 146.02 145.935 145.863 145.795 145.717 145.622 145.545 145.452 145.357 145.28 145.193 145.098 145 144.927 144.837 144.74 144.628 144.523 144.42 144.322 144.202 144.085 143.97 143.875 143.785 143.685 143.572 143.458 143.34 143.225 143.102 143.003 142.888 142.78 142.665 142.552 142.438 142.307 142.182 142.057 141.935 141.825 141.71 141.595 141.49 141.367 141.258 141.135 141.015 140.897 140.783 140.66 140.55 140.44 140.315 140.193 140.065 139.945 139.825
146.76 146.665 146.577 146.49 146.41 146.33 146.24 146.162 146.085 146 145.923 145.85 145.772 145.693 145.607 145.505 145.408 145.318 145.223 145.132 145.035 144.94 144.835 144.747 144.652 144.555 144.44 144.323 144.21 144.098 143.982 143.872 143.768 143.667 143.57 143.46 143.342 143.205 143.085 142.977 142.86 142.755 142.66 142.538 142.417 142.292 142.173 142.04 141.91 141.792 141.685 141.57 141.452 141.34 141.23 141.1 140.985 140.86 140.747 140.643 140.522 140.415 140.298 140.177 140.053 139.925 139.798 139.673
146.717 146.613 146.52 146.443 146.363 146.285 146.202 146.113 146.03 145.955 145.867 145.8 145.715 145.63 145.54 145.44 145.342 145.23 145.13 145.03 144.93 144.823 144.735 144.645 144.548 144.44 144.327 144.223 144.1 143.99 143.875 143.765 143.65 143.548 143.44 143.33 143.208 143.085 142.965 142.842 142.735 142.625 142.53 142.41 142.28 142.16 142.04 141.913 141.79 141.677 141.557 141.438 141.325 141.21 141.085 140.96 140.842 140.72 140.592 140.473 140.357 140.253 140.137 140.03 139.92 139.783 139.652 139.542
146.637 146.555 146.447 146.37 146.298 146.205 146.118 146.022 145.93 145.855 145.77 145.7 145.617 145.52 145.432 145.33 145.225 145.11 145.005 144.902 144.795 144.693 144.605 144.508 144.405 144.305 144.202 144.095 143.982 143.863 143.75 143.637 143.523 143.425 143.307 143.188 143.065 142.947 142.825 142.712 142.598 142.488 142.378 142.275 142.16 142.038 141.908 141.768 141.65 141.533 141.413 141.31 141.19 141.08 140.957 140.837 140.705 140.572 140.465 140.35 140.227 140.115 139.995 139.875 139.765 139.643 139.518 139.378
146.548 146.443 146.342 146.253 146.158 146.075 145.98 145.897 145.825 145.745 145.655 145.577 145.5 145.405 145.31 145.212 145.1 144.99 144.875 144.762 144.645 144.54 144.445 144.355 144.262 144.155 144.057 143.945 143.833 143.723 143.617 143.505 143.387 143.275 143.16 143.048 142.915 142.798 142.682 142.568 142.452 142.345 142.232 142.125 142.012 141.895 141.768 141.643 141.52 141.398 141.27 141.173 141.065 140.955 140.833 140.708 140.58 140.445 140.323 140.198 140.07 139.962 139.848 139.732 139.61 139.48 139.357 139.228
146.447 146.333 146.245 146.137 146.05 145.965 145.875 145.798 145.715 145.617 145.527 145.45 145.352 145.268 145.16 145.053 144.95 144.833 144.717 144.613 144.505 144.395 144.29 144.198 144.105 143.982 143.883 143.775 143.667 143.552 143.45 143.333 143.232 143.122 143.003 142.902 142.772 142.652 142.53 142.402 142.305 142.18 142.075 141.98 141.853 141.735 141.628 141.512 141.4 141.277 141.16 141.04 140.938 140.82 140.702 140.58 140.445 140.315 140.175 140.055 139.92 139.805 139.685 139.57 139.445 139.33 139.208 139.083
146.355 146.235 146.145 146.045 145.938 145.833 145.732 145.647 145.555 145.48 145.38 145.303 145.2 145.113 145.012 144.9 144.79 144.678 144.565 144.465 144.355 144.245 144.143 144.05 143.945 143.833 143.723 143.61 143.492 143.38 143.272 143.163 143.057 142.938 142.823 142.708 142.592 142.475 142.357 142.235 142.137 142.033 141.92 141.805 141.7 141.58 141.462 141.348 141.24 141.125 141.003 140.89 140.795 140.67 140.552 140.425 140.312 140.175 140.025 139.905 139.77 139.658 139.538 139.423 139.298 139.18 139.06 138.93
146.253 146.14 146.045 145.935 145.81 145.7 145.61 145.518 145.42 145.33 145.232 145.137 145.053 144.973 144.865 144.75 144.643 144.527 144.41 144.305 144.19 144.075 143.97 143.872 143.77 143.655 143.543 143.415 143.3 143.18 143.055 142.96 142.84 142.732 142.63 142.512 142.39 142.28 142.163 142.038 141.932 141.83 141.723 141.635 141.527 141.415 141.293 141.185 141.068 140.948 140.837 140.73 140.628 140.522 140.4 140.275 140.148 140.008 139.867 139.735 139.615 139.49 139.37 139.265 139.143 139.025 138.913 138.79
146.158 146.062 145.958 145.845 145.738 145.605 145.492 145.393 145.288 145.182 145.073 144.985 144.872 144.783 144.688 144.583 144.478 144.348 144.23 144.117 143.997 143.878 143.765 143.663 143.548 143.435 143.32 143.202 143.068 142.935 142.827 142.715 142.6 142.493 142.385 142.292 142.167 142.07 141.957 141.855 141.745 141.645 141.557 141.443 141.333 141.223 141.115 141.01 140.898 140.78 140.675 140.57 140.45 140.355 140.247 140.135 139.997 139.863 139.725 139.577 139.45 139.327 139.217 139.103 138.995 138.885 138.753 138.63
146.077 145.967 145.855 145.74 145.62 145.503 145.372 145.245 145.14 145.033 144.9 144.8 144.695 144.592 144.497 144.4 144.293 144.158 144.018 143.9 143.765 143.647 143.533 143.415 143.31 143.195 143.077 142.95 142.822 142.693 142.572 142.465 142.36 142.255 142.155 142.053 141.962 141.857 141.758 141.648 141.538 141.432 141.337 141.247 141.15 141.042 140.935 140.827 140.715 140.607 140.503 140.385 140.277 140.167 140.057 139.95 139.825 139.695 139.557 139.423 139.283 139.17 139.048 138.938 138.815 138.708 138.58 138.46
145.982 145.85 145.73 145.605 145.48 145.348 145.223 145.098 144.962 144.835 144.708 144.598 144.49 144.402 144.3 144.19 144.073 143.958 143.825 143.69 143.562 143.435 143.318 143.188 143.077 142.958 142.837 142.7 142.568 142.44 142.323 142.205 142.095 142 141.918 141.818 141.728 141.635 141.545 141.448 141.353 141.255 141.16 141.06 140.973 140.857 140.75 140.637 140.53 140.423 140.302 140.19 140.077 139.97 139.86 139.74 139.62 139.497 139.365 139.223 139.09 138.97 138.865 138.75 138.64 138.52 138.402 138.29
145.865 145.745 145.625 145.49 145.37 145.232 145.098 144.967 144.825 144.693 144.56 144.452 144.335 144.23 144.115 144.01 143.893 143.777 143.645 143.525 143.393 143.255 143.137 143.012 142.887 142.755 142.62 142.492 142.35 142.215 142.087 141.97 141.857 141.758 141.66 141.58 141.5 141.41 141.318 141.223 141.137 141.042 140.95 140.85 140.76 140.652 140.545 140.428 140.327 140.2 140.082 139.967 139.857 139.75 139.633 139.52 139.408 139.277 139.137 139.015 138.88 138.765 138.655 138.538 138.432 138.332 138.223 138.115
145.765 145.643 145.515 145.385 145.25 145.117 144.975 144.837 144.697 144.57 144.44 144.318 144.195 144.083 143.96 143.848 143.723 143.592 143.478 143.348 143.208 143.085 142.943 142.798 142.67 142.533 142.395 142.262 142.117 141.98 141.848 141.723 141.61 141.5 141.402 141.315 141.228 141.14 141.045 140.962 140.88 140.783 140.688 140.598 140.505 140.405 140.307 140.19 140.082 139.967 139.84 139.717 139.61 139.497 139.387 139.275 139.163 139.045 138.935 138.807 138.695 138.565 138.452 138.352 138.247 138.143 138.038 137.928
145.69 145.56 145.408 145.283 145.147 145.01 144.865 144.72 144.58 144.43 144.3 144.175 144.042 143.92 143.802 143.685 143.555 143.43 143.288 143.15 143.025 142.885 142.738 142.592 142.467 142.318 142.18 142.033 141.885 141.738 141.59 141.45 141.342 141.228 141.13 141.025 140.932 140.852 140.77 140.682 140.595 140.497 140.408 140.32 140.225 140.128 140.033 139.92 139.82 139.7 139.575 139.47 139.357 139.247 139.13 139.03 138.927 138.823 138.702 138.577 138.467 138.355 138.255 138.145 138.045 137.945 137.837 137.738
145.577 145.448 145.305 145.17 145.035 144.902 144.758 144.615 144.465 144.315 144.173 144.03 143.89 143.747 143.622 143.478 143.36 143.228 143.095 142.955 142.823 142.682 142.522 142.38 142.223 142.072 141.93 141.783 141.635 141.485 141.34 141.198 141.065 140.945 140.84 140.74 140.645 140.565 140.47 140.382 140.292 140.19 140.107 140.02 139.935 139.845 139.745 139.643 139.52 139.415 139.288 139.17 139.065 138.955 138.863 138.76 138.663 138.565 138.465 138.357 138.247 138.13 138.027 137.928 137.83 137.727 137.617 137.523
145.503 145.345 145.21 145.068 144.923 144.768 144.613 144.467 144.312 144.167 144.025 143.885 143.732 143.58 143.432 143.285 143.152 143.018 142.88 142.755 142.625 142.488 142.342 142.182 142.03 141.863 141.712 141.553 141.423 141.25 141.107 140.962 140.823 140.7 140.577 140.467 140.363 140.258 140.163 140.075 139.982 139.895 139.803 139.715 139.625 139.527 139.432 139.335 139.247 139.133 138.997 138.887 138.775 138.665 138.568 138.473 138.375 138.28 138.173 138.07 137.978 137.887 137.79 137.69 137.6 137.495 137.398 137.298
145.38 145.238 145.085 144.925 144.783 144.635 144.492 144.342 144.182 144.022 143.872 143.73 143.573 143.42 143.262 143.115 142.973 142.837 142.695 142.565 142.432 142.298 142.155 142.005 141.845 141.678 141.52 141.368 141.205 141.048 140.878 140.72 140.585 140.46 140.33 140.215 140.102 139.985 139.885 139.775 139.688 139.595 139.505 139.417 139.315 139.217 139.11 139 138.915 138.815 138.708 138.582 138.47 138.378 138.268 138.17 138.085 137.995 137.908 137.81 137.717 137.622 137.53 137.44 137.355 137.27 137.175 137.075
145.247 145.1 144.95 144.805 144.665 144.51 144.367 144.21 144.062 143.893 143.74 143.583 143.425 143.255 143.098 142.935 142.772 142.64 142.515 142.39 142.247 142.107 141.96 141.805 141.65 141.48 141.318 141.165 140.995 140.818 140.66 140.512 140.365 140.22 140.077 139.938 139.812 139.695 139.587 139.492 139.393 139.29 139.188 139.092 138.992 138.9 138.8 138.715 138.613 138.508 138.39 138.275 138.163 138.055 137.955 137.855 137.765 137.682 137.595 137.515 137.428 137.335 137.262 137.17 137.092 137.008 136.92 136.84
145.12 144.965 144.815 144.67 144.523 144.367 144.212 144.068 143.915 143.755 143.592 143.427 143.277 143.113 142.948 142.78 142.62 142.475 142.342 142.2 142.08 141.945 141.8 141.643 141.48 141.318 141.152 140.985 140.812 140.635 140.458 140.29 140.15 139.985 139.855 139.715 139.577 139.447 139.337 139.22 139.12 139.005 138.905 138.788 138.682 138.585 138.482 138.39 138.285 138.188 138.07 137.955 137.842 137.742 137.645 137.557 137.46 137.378 137.303 137.217 137.14 137.062 136.988 136.913 136.83 136.742 136.67 136.59
145.003 144.86 144.698 144.54 144.39 144.247 144.09 143.943 143.765 143.613 143.452 143.3 143.122 142.967 142.803 142.647 142.477 142.32 142.163 142.033 141.898 141.77 141.633 141.48 141.32 141.158 140.982 140.812 140.643 140.45 140.26 140.092 139.932 139.783 139.643 139.505 139.37 139.228 139.103 138.98 138.857 138.755 138.65 138.533 138.42 138.303 138.195 138.075 137.978 137.882 137.78 137.658 137.538 137.44 137.348 137.255 137.175 137.09 137.025 136.95 136.87 136.803 136.725 136.645 136.568 136.505 136.428 136.355
144.878 144.728 144.572 144.42 144.262 144.117 143.95 143.8 143.628 143.47 143.3 143.14 142.997 142.837 142.663 142.51 142.342 142.173 142.012 141.883 141.753 141.617 141.48 141.333 141.188 141.01 140.835 140.655 140.47 140.288 140.103 139.913 139.74 139.587 139.435 139.29 139.16 139.023 138.885 138.753 138.633 138.523 138.397 138.293 138.175 138.055 137.938 137.835 137.723 137.625 137.51 137.39 137.293 137.188 137.085 136.99 136.905 136.827 136.758 136.695 136.62 136.54 136.462 136.395 136.325 136.262 136.197 136.118
144.777 144.625 144.458 144.31 144.158 143.995 143.833 143.67 143.5 143.333 143.17 143.003 142.837 142.69 142.525 142.36 142.193 142.03 141.872 141.728 141.598 141.458 141.32 141.182 141.03 140.867 140.68 140.5 140.315 140.115 139.935 139.75 139.568 139.4 139.253 139.092 138.945 138.818 138.68 138.54 138.415 138.29 138.173 138.053 137.94 137.822 137.705 137.592 137.482 137.36 137.27 137.17 137.055 136.955 136.848 136.757 136.67 136.58 136.515 136.432 136.355 136.305 136.232 136.152 136.085 136.013 135.95 135.885
144.65 144.495 144.335 144.173 144.01 143.848 143.68 143.515 143.345 143.178 143.022 142.863 142.697 142.548 142.383 142.215 142.055 141.897 141.732 141.58 141.43 141.305 141.177 141.027 140.883 140.702 140.53 140.353 140.163 139.98 139.772 139.583 139.405 139.232 139.065 138.908 138.77 138.62 138.482 138.348 138.212 138.083 137.97 137.84 137.712 137.592 137.477 137.36 137.253 137.152 137.05 136.93 136.827 136.723 136.628 136.543 136.45 136.372 136.285 136.212 136.143 136.072 135.997 135.932 135.86 135.793 135.73 135.675
144.527 144.355 144.193 144.025 143.863 143.69 143.53 143.36 143.197 143.033 142.867 142.702 142.545 142.393 142.232 142.073 141.915 141.735 141.57 141.417 141.288 141.145 141.008 140.857 140.697 140.527 140.36 140.185 139.99 139.818 139.637 139.443 139.245 139.065 138.893 138.738 138.575 138.425 138.283 138.14 138.015 137.88 137.742 137.625 137.497 137.383 137.247 137.128 137.022 136.913 136.818 136.717 136.61 136.5 136.402 136.307 136.223 136.137 136.06 135.98 135.925 135.865 135.788 135.728 135.655 135.583 135.518 135.458
