Matlab/Roost_data/braunton/dsm/ss4534_DSM_2M.asc
ncols 500
nrows 500
xllcorner    245000
yllcorner    134000
cellsize     2
NODATA_value -9999
[rows 462 to 494 of 500, columns 73 to 145 of 500]
8.08 8.073 8.045 8.11 8.125 8.132 8.145 8.052 8.035 8.015 7.95 7.995 7.965 8.01 8.083 8.132 8.078 8.083 8.137 8.108 8.033 8.177 8.19 8.175 8.168 8.202 8.085 8.087 8.08 8.115 8.108 8.06 7.98 7.64 7.33 7.435 7.532 7.762 8.17 8.328 8.39 8.507 8.555 8.51 8.578 8.86 9.012 8.948 9.29 9.69 10.017 10.33 10.688 11.153 11.695 12.248 12.892 13.193 13.498 13.9 14.233 14.495 14.887 15.148 15.45 15.852 16.193 16.567 16.97 17.413 17.663 17.847 18.062
8.03 8.007 8.057 8.202 8.205 8.1 8.198 8.06 8.012 7.967 7.93 7.983 7.955 7.995 8.06 8.068 8.035 7.997 8.068 8.033 7.945 8.033 8.105 8.097 8.195 8.185 8.092 8.038 8.132 8.132 8.148 8.175 7.997 7.552 7.255 7.312 7.378 7.57 8.065 8.285 8.307 8.43 8.59 8.575 8.68 8.965 8.958 9.03 9.505 9.832 10.167 10.533 10.995 11.568 12.302 12.765 13.132 13.495 13.935 14.24 14.472 14.735 15.045 15.385 15.76 16.115 16.53 16.958 17.385 17.663 17.897 17.993 18.208
8.028 8.12 8.202 8.205 8.185 8.062 7.965 7.935 7.99 7.972 7.957 7.955 7.88 7.9 7.967 8.025 8.003 7.957 7.99 7.967 7.91 7.967 8.005 8.038 8.118 8.097 8.115 8.085 8.068 8.113 8.082 8.052 7.68 7.39 7.207 7.218 7.323 7.472 7.957 8.177 8.222 8.408 8.538 8.645 8.802 8.943 8.895 9.227 9.6 9.98 10.413 10.913 11.4 12.11 12.805 13.368 13.573 13.92 14.305 14.543 14.735 14.975 15.315 15.673 16.05 16.568 17.055 17.425 17.737 17.908 18.052 18.19 18.43
8.118 8.247 8.235 8.14 8.155 8.093 7.908 7.88 7.927 7.947 7.943 7.938 7.898 7.93 8.003 8.073 8.1 8.108 8.062 8.005 7.985 7.995 8.015 8.007 8.068 8.085 8.118 8.083 7.918 7.66 7.61 7.545 7.335 7.338 7.155 7.115 7.302 7.495 7.9 8.158 8.302 8.46 8.573 8.743 8.94 8.825 8.938 9.495 9.773 10.24 10.753 11.35 12.108 12.705 13.12 13.64 13.865 14.33 14.62 14.792 15.095 15.43 15.695 15.97 16.353 16.853 17.283 17.575 17.858 18.05 18.272 18.487 18.72
8.13 8.225 8.202 8.113 8.095 8.042 7.972 7.895 7.903 7.927 7.935 7.97 7.995 8.047 8.145 8.227 8.283 8.292 8.163 8.115 8.065 8.017 7.997 8.08 8.033 8.062 8.047 7.99 7.79 7.302 7.13 7.17 7.18 7.275 7.155 7.12 7.3 7.543 7.947 8.22 8.39 8.488 8.65 8.795 8.917 8.77 9.22 9.75 10.05 10.573 11.205 12.142 12.705 13.1 13.523 13.812 14.12 14.488 14.752 15.048 15.465 15.767 16.077 16.365 16.715 17.18 17.533 17.858 18.013 18.237 18.513 18.792 19.042
8.1 8.155 8.155 8.017 7.905 7.905 7.905 7.935 7.883 7.96 8.003 8.015 8.055 8.222 8.323 8.398 8.417 8.4 8.283 8.233 8.218 8.172 8.097 8.22 8.23 8.198 8.285 8.042 7.747 7.213 7.105 7.097 7.145 7.222 7.17 7.173 7.387 7.74 8.118 8.2 8.413 8.523 8.64 8.847 8.755 8.882 9.54 9.96 10.372 10.913 11.575 12.458 13.135 13.557 13.8 14.033 14.333 14.648 15.017 15.445 15.945 16.247 16.513 16.698 17.105 17.675 17.99 18.29 18.45 18.757 19.075 19.347 19.685
8.12 8.077 7.94 7.923 7.9 7.828 7.93 7.967 7.847 7.963 8.1 8.167 8.2 8.355 8.462 8.488 8.548 8.57 8.505 8.468 8.417 8.33 8.31 8.413 8.503 8.542 8.51 8.16 7.907 7.423 7.253 7.173 7.202 7.24 7.193 7.19 7.443 7.862 8.13 8.267 8.448 8.523 8.69 8.858 8.7 9.15 9.75 10.135 10.703 11.31 12.02 12.833 13.375 13.663 13.955 14.243 14.588 14.943 15.395 15.875 16.478 16.693 16.743 16.958 17.375 18.022 18.497 18.853 19.212 19.61 19.977 20.462 21.382
8.083 8.038 7.912 7.89 7.84 7.855 7.905 7.925 7.925 8.07 8.265 8.4 8.497 8.59 8.672 8.79 8.818 8.767 8.727 8.597 8.517 8.545 8.623 8.71 8.76 8.812 8.675 8.368 7.945 7.682 7.648 7.438 7.375 7.347 7.278 7.242 7.465 7.875 8.137 8.238 8.425 8.528 8.75 8.818 8.775 9.44 9.95 10.467 11.097 11.755 12.45 13.15 13.493 13.785 14.195 14.73 15.073 15.568 16.048 16.485 16.932 17.14 17.007 17.22 17.63 18.177 18.69 19.3 19.8 20.46 21.21 21.763 22.337
7.89 7.952 7.868 7.84 7.787 7.82 7.823 7.855 8.025 8.257 8.47 8.668 8.81 8.83 8.892 8.983 9.105 9.025 8.868 8.763 8.592 8.708 8.845 8.908 9.012 9.003 8.852 8.597 8.14 7.855 7.938 7.96 7.685 7.51 7.4 7.325 7.5 7.927 8.25 8.295 8.44 8.605 8.847 8.795 8.93 9.523 10.118 10.735 11.302 11.915 12.63 13.267 13.642 13.925 14.585 15.132 15.605 16.3 16.897 17.243 17.397 17.27 17.35 17.583 18.028 18.485 18.997 19.69 20.597 21.747 22.873 23.395 23.403
7.89 7.94 7.855 7.81 7.725 7.787 7.872 7.923 8.038 8.35 8.665 8.972 9.085 9.218 9.222 9.427 9.485 9.4 9.217 9.015 8.767 8.757 9.017 9.03 9.158 9.177 9.068 8.812 8.215 7.91 7.945 8.007 7.895 7.64 7.562 7.447 7.54 7.798 8.18 8.355 8.535 8.727 8.89 8.837 9.113 9.595 10.09 10.63 11.203 11.765 12.333 12.965 13.57 14.01 14.503 14.995 15.595 16.458 17.25 17.388 17.397 17.35 17.702 18.1 18.45 18.908 19.468 20.302 21.74 22.94 23.677 23.818 24.042
7.892 7.885 7.785 7.775 7.798 7.832 7.855 7.912 8.017 8.37 8.8 9.142 9.352 9.505 9.65 9.807 9.81 9.727 9.592 9.26 9.04 8.875 8.98 9.158 9.35 9.34 9.188 8.927 8.377 8.025 7.965 8.015 7.972 7.758 7.665 7.56 7.59 7.745 8.087 8.42 8.628 8.86 8.812 8.783 9.292 9.757 10.255 10.82 11.355 11.89 12.307 12.735 13.19 13.795 14.34 14.892 15.415 16.31 17.02 17.283 17.455 17.585 17.96 18.515 19.085 19.625 20.18 21.22 22.737 23.695 24.228 24.37 24.417
7.872 7.825 7.753 7.755 7.82 7.815 7.823 7.89 8.055 8.34 8.8 9.182 9.44 9.655 9.913 10.173 10.05 10.05 9.778 9.405 9.222 9.105 9.233 9.365 9.52 9.493 9.305 8.972 8.525 8.18 7.997 7.948 8.005 7.85 7.735 7.58 7.588 7.727 8.163 8.448 8.755 9 8.748 8.993 9.648 10.13 10.783 11.515 12.21 13.017 13.4 13.56 13.648 13.86 14.225 14.73 15.33 15.975 16.61 16.987 17.392 17.872 18.34 18.962 19.622 20.235 20.95 22.015 23.108 23.858 24.225 24.372 24.895
7.79 7.783 7.747 7.79 7.803 7.78 7.793 7.805 7.925 8.323 8.807 9.23 9.438 9.688 9.98 10.255 10.34 10.318 9.93 9.555 9.42 9.388 9.448 9.545 9.583 9.557 9.29 9.005 8.602 8.278 8.073 8.005 8.038 7.923 7.69 7.59 7.608 7.905 8.47 8.515 8.79 8.955 8.73 9.282 9.962 10.467 11.158 11.91 12.717 13.462 14.062 14.337 14.385 14.458 14.623 14.823 15.245 15.827 16.375 16.845 17.35 17.963 18.778 19.305 19.962 20.47 20.69 21.535 22.743 23.573 23.778 24.037 24.56
7.963 7.9 7.762 7.747 7.812 7.82 7.82 7.787 7.883 8.185 8.66 9.122 9.387 9.632 9.955 10.163 10.382 10.323 10.127 9.913 9.792 9.735 9.57 9.51 9.552 9.493 9.305 9 8.693 8.377 8.177 8.075 8.07 7.907 7.695 7.63 7.64 7.955 8.51 8.595 8.83 8.837 8.663 9.488 10.055 10.767 11.488 12.343 13.27 13.972 14.847 15.235 15.055 15.025 15.007 15.255 15.49 15.927 16.403 16.82 17.37 18.077 18.89 19.642 20.33 20.942 21.417 21.837 22.593 23.077 23.407 23.862 24.235
7.955 7.887 7.793 7.753 7.845 7.832 7.805 7.753 7.79 8.02 8.442 8.86 9.118 9.432 9.788 10.028 10.188 10.2 10.163 10.265 10.255 10.055 9.632 9.538 9.488 9.472 9.395 9.108 8.757 8.427 8.26 8.153 8.108 7.887 7.773 7.682 7.655 7.852 8.43 8.585 8.84 8.733 8.792 9.86 10.327 10.972 11.823 12.727 13.682 14.498 15.325 15.837 15.815 15.82 15.658 15.767 16.08 16.358 16.743 17.205 17.657 18.37 19.075 19.757 20.503 21.34 22.032 22.71 23.165 22.895 23.165 23.68 23.9
7.903 7.88 7.807 7.715 7.725 7.79 7.733 7.725 7.705 7.838 8.128 8.498 8.835 9.247 9.6 9.8 9.843 9.91 10.065 10.28 10.205 10.11 9.825 9.657 9.555 9.53 9.472 9.177 8.812 8.56 8.422 8.302 8.167 7.995 7.883 7.75 7.628 7.765 8.233 8.682 8.877 8.63 8.965 10.087 10.543 11.27 12.118 13.02 13.87 14.805 15.703 16.295 16.73 16.462 16.408 16.5 16.675 17.032 17.2 17.592 18.062 18.785 19.458 19.76 20.27 21.397 22.132 22.435 22.862 22.815 23.03 23.462 23.772
7.812 7.773 7.702 7.69 7.655 7.673 7.68 7.67 7.682 7.69 7.955 8.358 8.61 8.967 9.3 9.465 9.525 9.602 9.655 9.583 9.67 9.71 9.613 9.498 9.425 9.453 9.438 9.18 8.81 8.538 8.392 8.38 8.07 7.9 7.783 7.68 7.597 7.66 8.097 8.658 8.872 8.577 9.25 10.285 10.84 11.54 12.395 13.243 13.985 14.903 15.837 16.478 16.913 17.115 17.007 17.32 17.317 17.66 18.035 18.337 18.52 18.862 19.355 19.725 20.097 21.525 22.062 22.388 22.657 22.75 22.862 23.257 23.753
7.735 7.753 7.705 7.72 7.665 7.648 7.592 7.608 7.622 7.698 7.793 8.083 8.255 8.68 8.988 9.148 9.243 9.38 9.252 9.097 9.255 9.298 9.198 9.21 9.298 9.327 9.32 9.007 8.667 8.448 8.363 8.34 7.963 7.793 7.562 7.562 7.565 7.582 7.938 8.565 8.755 8.525 9.408 10.377 11.005 11.727 12.595 13.43 14.155 15.08 15.968 16.565 16.978 17.458 17.795 17.932 18.045 18.513 19.06 19.103 19.122 19.592 19.65 19.868 20.135 20.978 22.04 22.505 23.032 22.96 23.275 23.34 23.725
7.677 7.68 7.685 7.645 7.642 7.655 7.642 7.633 7.668 7.74 7.823 7.918 8.07 8.342 8.685 8.915 9.085 9.24 9.185 9.145 9.075 8.955 8.898 9.015 9.21 9.273 9.175 8.887 8.645 8.477 8.407 8.315 7.988 7.802 7.475 7.372 7.517 7.573 7.795 8.443 8.61 8.552 9.738 10.438 11.135 11.82 12.695 13.573 14.34 15.307 16.245 16.76 17.11 17.685 18.31 18.735 18.818 19.315 19.333 19.408 19.69 20.212 20.69 20.65 20.5 20.64 21.675 22.635 23.237 23.403 23.29 23.41 23.715
7.695 7.68 7.665 7.642 7.625 7.642 7.62 7.62 7.67 7.81 8.012 8.153 8.215 8.387 8.675 8.972 9.135 9.205 9.128 9.198 9.035 8.87 8.812 8.955 9.102 9.167 9.042 8.855 8.68 8.558 8.405 8.31 8.177 7.887 7.528 7.215 7.41 7.58 7.818 8.195 8.485 8.52 9.703 10.423 11.093 11.855 12.747 13.69 14.557 15.497 16.525 17.013 17.552 18.032 18.673 19.3 19.89 20.337 20.455 20.722 21.052 21.448 21.99 22.243 21.825 21.17 21.392 22.24 23.145 23.552 23.267 23.39 23.645
7.845 7.717 7.682 7.642 7.637 7.637 7.625 7.625 7.747 8 8.275 8.443 8.53 8.658 8.915 9.115 9.182 9.153 9.02 9.245 9.137 8.983 8.995 9.083 9.177 9.14 9.038 8.88 8.725 8.597 8.438 8.315 8.163 7.912 7.6 7.36 7.43 7.625 7.835 8.158 8.44 8.542 9.8 10.41 11.078 11.855 12.823 13.74 14.635 15.547 16.505 17.455 18.065 18.655 19.38 19.835 20.075 20.635 21.315 21.62 21.91 22.302 22.49 22.65 22.302 22.182 22.085 22.16 22.787 23.235 23.397 23.628 24.05
8.017 7.83 7.7 7.637 7.615 7.588 7.608 7.65 7.883 8.285 8.675 8.858 8.885 8.975 9.132 9.05 8.965 9.03 9.12 9.343 9.333 9.323 9.315 9.295 9.335 9.2 8.962 8.847 8.618 8.465 8.333 8.182 8.083 7.932 7.733 7.515 7.495 7.6 7.81 8.292 8.47 8.547 9.57 10.337 11.13 11.952 12.818 13.757 14.71 15.66 16.627 17.77 18.472 19.153 19.748 20.065 20.198 20.667 21.26 21.862 22.228 22.26 22.483 22.485 22.285 22.545 22.765 22.892 23.26 23.577 23.877 24.062 24.565
8.19 7.945 7.733 7.64 7.622 7.58 7.615 7.66 7.987 8.597 8.993 9.165 9.155 9.188 9.2 8.922 8.682 8.858 9.15 9.405 9.505 9.575 9.573 9.542 9.427 9.205 8.922 8.735 8.507 8.31 8.163 8.08 8.07 7.997 7.775 7.538 7.517 7.578 7.938 8.52 8.435 8.637 9.552 10.425 11.165 11.843 12.78 13.77 14.717 15.743 16.688 17.847 18.817 19.53 19.855 20.215 20.342 20.798 21.26 21.698 22.092 22 22.097 22.333 22.595 23.045 23.07 23.215 23.57 23.94 24.34 24.522 24.938
8.41 8.08 7.807 7.688 7.608 7.575 7.602 7.682 8.083 8.608 9.033 9.02 8.91 8.905 8.988 8.865 8.632 8.725 9.035 9.337 9.515 9.545 9.472 9.538 9.382 9.11 8.823 8.605 8.403 8.222 8.06 7.945 8.038 8.035 7.868 7.535 7.467 7.588 8.012 8.515 8.415 8.6 9.6 10.145 10.94 11.685 12.74 13.837 14.852 15.91 16.743 17.69 18.775 19.382 19.997 20.5 20.783 21.112 21.233 21.45 21.6 21.818 22.193 22.385 22.81 23.083 23.24 23.29 23.868 24.233 24.282 24.647 24.91
8.555 8.2 7.892 7.722 7.632 7.613 7.657 7.705 8.052 8.485 8.833 8.708 8.51 8.507 8.75 8.775 8.587 8.573 8.865 9.14 9.27 9.375 9.392 9.35 9.128 8.88 8.648 8.455 8.227 8.08 8.017 7.96 8.058 7.957 7.875 7.512 7.438 7.585 7.927 8.475 8.425 8.568 9.335 9.97 10.8 11.658 12.738 13.94 14.983 15.92 16.74 17.612 18.417 18.925 19.37 20.032 20.647 21.07 21.312 21.372 21.567 21.85 22.128 22.42 22.93 23.195 23.263 23.545 23.82 24.12 23.177 24.538 24.897
8.637 8.365 8.03 7.815 7.688 7.655 7.637 7.72 8.113 8.49 8.795 8.675 8.382 8.273 8.542 8.602 8.535 8.562 8.702 8.925 8.993 9.085 9.132 9.045 8.833 8.635 8.483 8.375 8.135 7.983 7.898 7.91 8 7.987 7.745 7.422 7.438 7.597 7.92 8.472 8.408 8.567 9.145 9.99 10.812 11.7 12.795 13.948 14.99 15.968 16.712 17.285 17.783 18.378 18.997 19.535 20.205 21.138 21.58 21.747 21.978 22.087 22.287 22.558 22.845 23.298 23.54 23.88 23.99 24.408 22.49 23.165 24.318
8.73 8.52 8.238 7.983 7.79 7.633 7.557 7.705 8.092 8.57 8.943 8.935 8.632 8.435 8.54 8.427 8.385 8.41 8.403 8.5 8.625 8.707 8.725 8.685 8.587 8.42 8.323 8.255 8.09 7.96 7.868 7.905 8 7.86 7.595 7.392 7.472 7.622 8.075 8.493 8.4 8.618 9.013 9.757 10.685 11.542 12.685 13.885 14.945 15.9 16.375 16.81 17.288 18.01 18.81 19.43 20.115 21 21.655 21.878 22.243 22.64 22.715 22.915 23.245 23.628 23.968 23.795 23.96 23.865 22.115 22.185 23.325
8.712 8.562 8.335 8.16 7.88 7.662 7.592 7.77 8.042 8.533 8.93 9.048 8.943 8.82 8.693 8.355 8.298 8.368 8.27 8.163 8.167 8.265 8.318 8.318 8.28 8.208 8.177 8.073 8 7.95 7.89 7.883 7.885 7.688 7.51 7.392 7.47 7.618 8.065 8.462 8.345 8.828 9.332 9.75 10.565 11.427 12.642 13.842 14.955 15.73 16.1 16.612 17.073 17.665 18.48 19.16 19.75 20.56 21.217 21.517 21.91 22.22 22.4 23.073 23.567 23.733 23.862 23.21 22.83 23.28 21.52 21.32 22.765
8.578 8.363 8.25 8.142 8.052 7.778 7.6 7.79 7.935 8.34 8.642 8.91 8.988 8.92 8.635 8.278 8.352 8.435 8.337 8.262 8.193 8.13 8.172 8.137 8.057 8.048 7.985 7.952 7.885 7.875 7.847 7.845 7.753 7.557 7.452 7.38 7.472 7.613 7.97 8.39 8.312 8.825 9.63 10.048 10.455 11.443 12.685 13.733 14.81 15.403 15.645 16.275 17.253 17.688 18.312 19.108 19.48 20.135 20.775 21.202 21.505 21.755 21.717 22.212 22.83 23.06 22.913 22.307 22.092 22.685 20.515 20.19 22.11
8.425 8.203 8.115 8.113 8.043 7.83 7.677 7.713 7.872 8.033 8.275 8.595 8.715 8.712 8.403 8.225 8.34 8.533 8.547 8.423 8.327 8.265 8.202 8.092 8.007 8.023 7.952 7.932 7.812 7.785 7.818 7.847 7.593 7.495 7.405 7.403 7.495 7.613 7.938 8.3 8.27 8.95 9.967 10.275 10.727 11.132 12.17 13.35 14.365 15.025 15.225 15.8 16.698 17.27 17.647 18.382 19.263 19.542 20.052 20.368 20.717 20.993 20.76 20.923 21.095 21.208 21.432 21.217 21.323 21.597 19.95 19.24 21.28
8.287 8.095 8.038 8.012 7.943 7.665 7.548 7.637 7.697 7.842 7.977 8.24 8.547 8.39 8.343 8.4 8.52 8.71 8.688 8.595 8.503 8.435 8.28 8.137 8.045 8.03 7.965 7.895 7.793 7.815 7.84 7.767 7.452 7.423 7.355 7.445 7.51 7.615 7.92 8.233 8.255 8.995 10.392 10.898 11.185 11.57 11.852 12.425 13.552 14.6 15.055 15.335 15.885 16.657 17.14 17.682 18.608 18.948 18.84 19.21 19.608 20.085 19.87 19.932 19.747 19.69 20.052 20.235 20.442 20.495 19.467 18.318 20.125
8.118 7.932 7.905 7.905 7.845 7.605 7.59 7.693 7.653 7.7 7.818 8.09 8.123 8.26 8.475 8.54 8.762 8.773 8.585 8.507 8.555 8.552 8.41 8.235 8.04 7.965 7.96 7.948 7.812 7.815 7.835 7.66 7.378 7.363 7.365 7.427 7.528 7.642 7.91 8.222 8.233 8.812 9.997 10.82 11.6 12.378 12.717 12.798 12.89 13.458 14.557 15.46 15.717 16.19 16.573 17.02 17.562 18.003 18.163 18.6 19.108 19.15 18.82 18.647 18.64 18.705 18.943 18.99 19.347 19.267 19.005 17.375 18.478
7.927 7.793 7.78 7.81 7.908 7.81 7.693 7.665 7.61 7.622 7.832 7.93 8.153 8.318 8.587 8.608 8.727 8.667 8.488 8.45 8.505 8.62 8.493 8.233 8.003 7.99 7.975 7.89 7.767 7.798 7.852 7.595 7.382 7.367 7.427 7.497 7.56 7.665 7.975 8.285 8.247 8.695 9.562 10.403 11.307 12.408 12.818 13.115 13.632 13.667 14.025 15.163 15.783 15.968 16.46 16.725 16.972 17.392 17.807 18.27 18.362 18 17.892 17.735 17.755 17.747 18.033 17.682 18.185 18.13 17.85 16.517 17.153
