Matlab/Roost_data/braunton/dsm/ss4535_DSM_2M.asc
ncols 500
nrows 500
xllcorner    245000
yllcorner    135000
cellsize     2
NODATA_value -9999
[rows 462 to 494 of 500, columns 365 to 437 of 500]
10.31 10.06 10.387 10.465 10.42 10.49 10.438 10.41 10.36 10.305 10.273 10.302 10.307 10.333 10.413 10.47 10.46 10.432 10.36 10.355 10.308 10.26 10.257 10.29 10.43 10.392 10.4 10.387 10.323 10.405 10.505 10.68 10.783 10.74 10.842 11.023 11.225 11.407 11.432 11.288 10.985 10.778 10.688 10.75 10.8 10.98 11.365 11.663 11.757 11.615 11.462 11.32 11.235 11.175 11.217 11.057 10.88 10.708 10.573 10.488 10.435 10.352 10.302 10.37 10.413 10.425 10.307 10.278 10.4 10.38 10.517 10.6 10.48
10.365 9.977 10.265 10.458 10.368 10.423 10.39 10.28 10.283 10.325 10.273 10.275 10.295 10.307 10.335 10.35 10.345 10.392 10.395 10.39 10.342 10.318 10.29 10.298 10.352 10.427 10.352 10.352 10.562 10.605 10.585 10.677 10.625 10.542 10.63 10.79 10.968 11.105 11.097 10.945 10.735 10.618 10.62 10.65 10.663 10.945 11.458 11.77 11.845 11.743 11.682 11.515 11.422 11.347 11.212 11.153 11.065 10.855 10.562 10.467 10.413 10.385 10.28 10.398 10.56 10.695 10.38 10.288 10.285 10.408 10.462 10.448 10.467
10.37 10.007 10.142 10.505 10.368 10.385 10.35 10.345 10.335 10.32 10.288 10.273 10.288 10.312 10.33 10.323 10.315 10.312 10.335 10.395 10.41 10.352 10.33 10.37 10.345 10.493 10.525 10.415 10.568 10.583 10.665 10.68 10.622 10.568 10.597 10.613 10.665 10.765 10.792 10.712 10.585 10.455 10.467 10.495 10.615 11.02 11.51 11.682 11.712 11.675 11.618 11.58 11.47 11.323 11.255 11.247 11.108 10.953 10.767 10.52 10.45 10.365 10.323 10.382 10.45 10.467 10.533 10.312 10.273 10.33 10.205 10.217 10.423
10.378 10.083 9.97 10.467 10.29 10.37 10.355 10.355 10.307 10.305 10.23 10.267 10.267 10.33 10.363 10.305 10.275 10.3 10.25 10.343 10.41 10.387 10.555 10.615 10.58 10.573 10.847 10.642 10.693 10.615 10.637 10.63 10.54 10.555 10.552 10.52 10.452 10.56 10.645 10.775 10.628 10.45 10.468 10.6 10.852 11.12 11.298 11.458 11.417 11.19 11.28 11.31 11.238 11.025 10.952 11.08 10.89 10.807 10.708 10.54 10.472 10.355 10.37 10.46 10.515 10.773 10.465 10.315 10.3 10.227 10.163 10.13 10.182
10.365 10.172 9.93 10.417 10.39 10.35 10.347 10.385 10.335 10.27 10.235 10.263 10.265 10.305 10.29 10.28 10.267 10.247 10.212 10.295 10.337 10.318 10.477 10.557 10.458 10.43 10.688 10.665 10.96 10.943 10.613 10.568 10.587 10.533 10.458 10.488 10.517 10.66 10.77 10.792 10.66 10.495 10.575 10.767 11.06 11.165 10.927 10.653 10.497 10.597 10.62 10.663 10.69 10.625 10.795 10.945 10.815 10.765 10.762 10.648 10.427 10.288 10.327 10.26 10.538 10.573 10.26 10.265 10.38 10.342 10.363 10.205 10.14
10.435 10.335 9.922 10.253 10.398 10.295 10.32 10.358 10.33 10.26 10.227 10.243 10.257 10.233 10.235 10.248 10.233 10.225 10.208 10.222 10.27 10.247 10.262 10.355 10.392 10.342 10.265 10.438 10.51 10.528 10.44 10.535 10.618 10.562 10.455 10.6 10.785 10.665 10.805 10.852 10.715 10.597 10.725 10.892 11.145 11.137 10.74 10.27 10.335 10.195 10.36 10.24 10.363 10.49 10.865 10.84 10.865 10.9 10.735 10.675 10.345 10.245 10.175 10 10.07 10.113 10.22 10.24 10.2 10.208 10.27 10.243 10.225
10.408 10.432 9.943 10.14 10.378 10.343 10.31 10.298 10.27 10.243 10.217 10.212 10.212 10.202 10.165 10.16 10.18 10.167 10.193 10.177 10.18 10.16 10.19 10.235 10.238 10.203 10.19 10.205 10.262 10.417 10.485 10.56 10.613 10.608 10.405 10.493 10.597 10.37 10.517 10.727 10.722 10.715 10.875 11.092 11.323 11.4 11.052 10.195 10.055 9.975 10.062 10.29 10.622 10.73 10.722 10.658 10.61 10.663 10.718 10.365 10.227 10.41 10.06 9.943 9.96 9.93 10.03 10.075 10.123 10.27 10.34 10.323 10.325
10.39 10.415 10.13 10.06 10.4 10.318 10.298 10.25 10.247 10.23 10.21 10.16 10.2 10.18 10.182 10.188 10.175 10.175 10.202 10.185 10.15 10.172 10.167 10.205 10.227 10.225 10.208 10.227 10.32 10.495 10.477 10.485 10.615 10.568 10.392 10.34 10.573 10.288 10.365 10.512 10.573 10.708 10.99 11.205 11.287 11.118 10.56 10.323 10.37 10.408 10.417 10.73 10.823 10.77 10.485 10.42 10.325 10.21 10.28 10.227 10.153 10.038 10.16 9.993 10.02 9.93 9.927 9.975 10.05 10.193 10.243 10.285 10.613
10.33 10.417 10.227 9.985 10.432 10.323 10.275 10.257 10.255 10.225 10.2 10.19 10.205 10.185 10.17 10.182 10.163 10.163 10.18 10.17 10.153 10.155 10.132 10.135 10.195 10.18 10.217 10.222 10.29 10.52 10.455 10.27 10.245 10.33 10.288 10.307 10.347 10.257 10.382 10.51 10.583 10.752 11.11 11.495 11.465 11.068 10.993 10.97 10.71 10.58 10.64 10.727 10.847 10.483 10.325 10.227 10.227 10.038 10.028 10.033 10 9.948 9.95 9.997 10.012 9.962 9.962 10.02 10.05 10.065 10.137 10.227 10.212
10.318 10.415 10.352 9.943 10.358 10.375 10.28 10.245 10.193 10.22 10.243 10.255 10.22 10.177 10.17 10.148 10.137 10.182 10.188 10.163 10.142 10.108 10.128 10.163 10.2 10.19 10.24 10.305 10.342 10.453 10.38 10.247 10.19 10.247 10.235 10.413 10.753 10.488 10.555 10.667 10.693 10.962 11.315 11.533 11.342 11.062 11.012 11.195 11 10.89 10.83 10.755 10.608 10.417 10.37 10.31 10.215 10.048 10.035 9.975 10.005 9.967 9.965 9.99 10.115 9.967 10.038 10.032 10.07 10.128 10.235 10.122 10.18
10.385 10.39 10.483 9.912 10.21 10.372 10.323 10.283 10.222 10.225 10.217 10.245 10.24 10.19 10.16 10.165 10.16 10.185 10.22 10.153 10.142 10.153 10.155 10.165 10.195 10.215 10.325 10.365 10.355 10.392 10.507 10.368 10.382 10.22 10.198 10.413 10.74 10.705 10.685 10.923 10.882 11.118 10.985 10.642 10.422 10.368 10.435 11.165 11.375 11.275 10.923 10.632 10.43 10.288 10.345 10.382 10.198 10.127 10.15 9.983 9.97 9.903 9.91 10.078 10.01 10.048 10.25 10.283 10.032 10.12 10.375 10.222 10.26
10.387 10.39 10.505 9.927 10.16 10.425 10.352 10.305 10.282 10.26 10.217 10.208 10.185 10.185 10.173 10.175 10.14 10.205 10.195 10.153 10.163 10.142 10.198 10.163 10.18 10.222 10.312 10.39 10.387 10.363 10.515 10.273 10.185 10.105 10.225 10.368 10.358 10.505 10.582 10.875 10.868 10.887 10.562 10.238 10.16 10.21 10.438 10.898 11.222 11.408 11.023 10.605 10.255 10.355 10.41 10.378 10.115 10.125 10.055 10.057 10.077 10.115 10.017 10.06 10.193 9.955 9.97 10.015 10.092 10.142 10.565 10.28 10.307
10.45 10.395 10.405 10 10.065 10.417 10.32 10.29 10.257 10.275 10.227 10.182 10.13 10.137 10.128 10.188 10.16 10.185 10.2 10.175 10.155 10.145 10.145 10.177 10.18 10.2 10.332 10.355 10.33 10.337 10.378 10.195 10.188 10.08 10.185 10.28 10.24 10.285 10.368 10.555 10.7 10.555 10.767 10.712 10.69 10.66 10.88 10.938 11.023 10.91 10.74 10.34 10.24 10.347 10.283 10.233 10.09 10.118 10.055 10.142 10.292 10.062 10.083 10.015 10.017 9.975 10.057 10.075 10.167 10.253 10.38 10.382 10.365
10.46 10.458 10.35 10.062 9.988 10.44 10.31 10.248 10.25 10.19 10.225 10.195 10.11 10.1 10.123 10.113 10.155 10.167 10.167 10.202 10.145 10.155 10.175 10.16 10.145 10.182 10.203 10.233 10.22 10.2 10.222 10.198 10.13 10.118 10.26 10.22 10.195 10.182 10.2 10.342 10.425 10.622 10.843 10.92 11.028 11.01 10.845 10.645 10.562 10.432 10.387 10.425 10.355 10.352 10.3 10.18 10.167 10.11 9.967 10.097 10.093 10.068 10.03 10.057 10.007 10.378 10.167 10.255 10.358 10.693 10.608 10.665 10.39
10.432 10.403 10.387 10.148 10.033 10.302 10.285 10.28 10.182 10.19 10.165 10.153 10.163 10.118 10.095 10.097 10.15 10.165 10.16 10.148 10.148 10.158 10.17 10.182 10.18 10.172 10.122 10.195 10.165 10.255 10.265 10.212 10.148 10.165 10.22 10.21 10.17 10.153 10.142 10.257 10.32 10.477 10.665 10.578 10.715 10.57 10.438 10.252 10.21 10.203 10.36 10.377 10.295 10.212 10.18 10.033 10.038 10.158 10.005 10.057 10.15 10.16 10.13 10.193 10.208 10.275 10.352 10.365 10.452 10.722 10.605 10.675 10.45
10.392 10.415 10.392 10.225 10.08 10.267 10.308 10.257 10.137 10.158 10.148 10.19 10.175 10.182 10.113 10.153 10.18 10.158 10.155 10.137 10.148 10.153 10.145 10.13 10.132 10.267 10.285 10.218 10.177 10.17 10.15 10.1 10.155 10.118 10.142 10.142 10.21 10.142 10.175 10.2 10.25 10.208 10.415 10.35 10.19 10.243 10.247 10.262 10.88 10.31 10.227 10.11 10.068 10.087 10.16 10.1 9.995 10.25 10.135 10.122 10.285 10.458 10.21 10.37 10.503 10.43 10.422 10.465 10.422 10.427 10.505 10.403 10.35
10.392 10.372 10.39 10.257 10.13 10.275 10.345 10.262 10.113 10.13 10.155 10.217 10.215 10.2 10.157 10.175 10.193 10.205 10.182 10.145 10.125 10.12 10.118 10.13 10.215 10.212 10.275 10.377 10.302 10.273 10.212 10.18 10.235 10.163 10.102 10.145 10.127 10.118 10.13 10.135 10.142 10.142 10.233 10.182 10.122 10.102 10.233 10.222 10.14 10.333 11.01 10.182 10.085 10.073 10.217 10.285 10.222 10.265 10.25 10.395 10.575 10.64 10.695 10.757 10.645 10.47 10.28 10.395 10.657 10.46 10.31 10.29 10.305
10.33 10.347 10.337 10.275 10.19 10.283 10.342 10.275 10.125 10.145 10.092 10.18 10.227 10.233 10.217 10.17 10.163 10.193 10.188 10.163 10.125 10.113 10.1 10.095 10.1 10.215 10.265 10.28 10.403 10.318 10.333 10.297 10.102 10.005 10.095 10.15 10.15 10.05 10.08 10.033 10.062 10.025 10.06 10.045 10.11 10.07 10.278 10.135 10.642 10.172 10.392 10.31 10.31 10.34 10.46 10.51 10.488 10.568 10.415 10.61 10.75 10.722 10.812 10.818 10.672 10.542 10.525 10.465 10.61 10.41 10.312 10.245 10.262
10.28 10.315 10.342 10.323 10.19 10.288 10.36 10.325 10.15 10.148 10.153 10.128 10.175 10.288 10.25 10.205 10.185 10.19 10.177 10.182 10.137 10.132 10.092 10.118 10.163 10.257 10.415 10.443 10.505 10.385 10.215 10.118 10.045 10.038 10.073 10.13 10.025 10 10.047 9.995 10.015 10.042 10.12 10.135 10.177 10.13 10.135 10.257 10.267 10.495 10.502 10.605 10.472 10.458 10.417 10.505 10.54 10.495 10.545 10.533 10.72 10.812 10.865 10.79 10.7 10.57 10.493 10.335 10.343 10.352 10.257 10.205 10.193
10.283 10.292 10.372 10.415 10.227 10.318 10.358 10.28 10.193 10.188 10.198 10.18 10.23 10.295 10.278 10.2 10.165 10.142 10.173 10.175 10.175 10.135 10.13 10.118 10.182 10.23 10.31 10.347 10.378 10.352 10.205 10.095 10.06 10.033 9.993 9.977 9.997 10.03 10.068 10.065 10.055 10.105 10.163 10.29 10.337 10.278 10.2 10.222 10.347 10.455 10.467 10.403 10.375 10.285 10.302 10.44 10.368 10.368 10.295 10.5 10.667 10.807 10.833 10.725 10.582 10.392 10.33 10.31 10.423 10.438 10.255 10.203 10.18
10.305 10.31 10.41 10.43 10.262 10.35 10.263 10.283 10.325 10.307 10.278 10.17 10.217 10.265 10.26 10.193 10.155 10.125 10.148 10.142 10.142 10.148 10.142 10.145 10.21 10.245 10.295 10.267 10.25 10.18 10.087 10.08 10.113 10.14 10.135 10.188 10.167 10.172 10.155 10.165 10.182 10.132 10.11 10.142 10.172 10.172 10.158 10.193 10.26 10.403 10.422 10.435 10.415 10.292 10.273 10.342 10.297 10.217 10.34 10.515 10.602 10.665 10.7 10.615 10.42 10.34 10.355 10.372 10.488 10.462 10.328 10.195 10.195
10.328 10.28 10.358 10.413 10.288 10.365 10.32 10.345 10.387 10.365 10.315 10.238 10.205 10.202 10.217 10.127 10.123 10.125 10.13 10.137 10.18 10.188 10.208 10.18 10.212 10.252 10.23 10.182 10.158 10.2 10.227 10.355 10.445 10.628 10.863 10.76 10.68 10.65 10.56 10.493 10.49 10.408 10.358 10.285 10.25 10.182 10.188 10.188 10.225 10.318 10.392 10.382 10.305 10.255 10.245 10.233 10.208 10.175 10.188 10.233 10.39 10.467 10.488 10.467 10.46 10.577 10.422 10.385 10.373 10.33 10.243 10.188 10.247
10.475 10.355 10.35 10.432 10.3 10.38 10.373 10.39 10.382 10.372 10.347 10.278 10.233 10.218 10.127 10.073 10.125 10.148 10.167 10.18 10.185 10.21 10.208 10.175 10.15 10.153 10.22 10.33 10.605 10.955 10.743 10.997 11.182 11.488 11.583 11.392 11.108 11.173 11.195 10.988 10.84 10.705 10.688 10.6 10.515 10.37 10.26 10.243 10.27 10.345 10.435 10.38 10.37 10.358 10.382 10.418 10.36 10.305 10.29 10.35 10.408 10.372 10.342 10.385 10.42 10.467 10.387 10.33 10.3 10.245 10.2 10.198 10.225
10.725 10.483 10.48 10.49 10.307 10.39 10.352 10.365 10.347 10.352 10.372 10.37 10.318 10.235 10.227 10.182 10.155 10.148 10.193 10.193 10.2 10.22 10.177 10.16 10.198 10.438 11.127 11.403 11.535 11.457 11.445 11.752 11.95 12.13 12.035 11.733 11.475 11.555 11.533 11.38 11.075 10.91 10.812 10.807 10.63 10.462 10.327 10.312 10.375 10.485 10.653 10.73 10.792 10.85 10.94 10.94 10.72 10.533 10.462 10.517 10.502 10.458 10.448 10.495 10.48 10.44 10.4 10.318 10.243 10.215 10.18 10.193 10.188
10.76 10.503 10.452 10.52 10.312 10.39 10.382 10.372 10.365 10.38 10.38 10.342 10.328 10.25 10.247 10.21 10.185 10.198 10.21 10.215 10.193 10.19 10.207 10.227 10.455 11.08 12.052 12.405 12.595 12.84 12.543 12.54 12.775 12.695 12.368 12.03 11.86 11.925 11.99 11.872 11.677 11.415 11.13 10.96 10.672 10.44 10.33 10.333 10.472 10.653 10.823 11.07 11.193 11.257 11.23 11.135 10.903 10.66 10.63 10.632 10.64 10.63 10.605 10.565 10.515 10.48 10.46 10.432 10.392 10.452 10.323 10.273 10.227
10.67 10.528 10.483 10.462 10.37 10.46 10.457 10.448 10.37 10.38 10.337 10.295 10.273 10.278 10.27 10.285 10.25 10.217 10.23 10.225 10.267 10.28 10.305 10.483 11.11 12.092 12.77 13.023 13.625 13.773 13.497 13.108 13.227 12.938 12.538 12.347 12.182 12.175 12.153 12.25 12.073 11.748 11.372 11.17 10.887 10.555 10.38 10.347 10.413 10.583 10.865 11.212 11.455 11.387 11.3 11.217 11.042 10.84 10.743 10.783 10.767 10.767 10.73 10.698 10.637 10.62 10.562 10.65 10.538 10.48 10.452 10.398 10.335
10.64 10.507 10.448 10.517 10.422 10.535 10.533 10.432 10.337 10.365 10.33 10.25 10.347 10.33 10.31 10.28 10.222 10.2 10.217 10.262 10.292 10.387 10.67 11.085 12.115 12.812 13.453 14.012 14.167 13.368 12.92 12.888 13.235 12.925 12.78 12.55 12.318 12.243 12.193 12.108 12.052 11.76 11.457 11.292 11.1 10.868 10.58 10.398 10.39 10.547 10.77 11.148 11.295 11.263 11.28 11.212 11.093 10.925 10.863 10.868 11.075 11.003 10.993 10.938 10.823 10.788 11.017 10.98 10.74 10.735 10.648 10.583 10.568
10.56 10.503 10.54 10.535 10.462 10.597 10.618 10.453 10.33 10.307 10.31 10.288 10.275 10.305 10.275 10.215 10.19 10.235 10.26 10.33 10.335 10.762 11.785 12.113 12.405 13.108 13.672 13.895 13.512 13.01 12.233 12.398 12.967 13.155 13.075 12.748 12.497 12.25 12.102 11.93 11.805 11.64 11.545 11.44 11.278 11.15 10.962 10.675 10.54 10.7 10.778 10.843 11.005 11.132 11.137 11.132 11.093 11.038 10.945 11.132 11.438 11.423 11.262 10.955 10.812 10.977 11.113 11.085 10.917 10.967 10.898 10.917 11.045
10.512 10.51 10.613 10.655 10.52 10.645 10.597 10.438 10.373 10.345 10.285 10.245 10.273 10.288 10.267 10.28 10.212 10.282 10.375 10.358 10.392 10.81 12.007 12.81 12.765 12.887 12.93 12.835 12.503 11.923 11.827 12.273 13.015 13.125 13.015 12.873 12.625 12.243 11.983 11.818 11.755 11.705 11.667 11.62 11.51 11.408 11.275 11.052 10.975 11.158 11.275 10.878 10.913 11.015 11.102 11.115 11.14 11.09 11.163 11.5 11.77 12.108 10.958 10.59 10.587 11.11 11.153 11.048 11.07 11.245 11.48 11.568 11.677
10.543 10.583 10.702 10.68 10.555 10.698 10.655 10.507 10.43 10.395 10.325 10.335 10.333 10.278 10.278 10.292 10.285 10.347 10.365 10.392 10.528 11.155 12.09 12.535 12.608 12.472 12.243 12.245 12.115 11.685 11.983 12.568 12.855 12.745 12.8 12.945 12.767 12.31 11.91 11.733 11.677 11.695 11.77 11.79 11.775 11.68 11.63 11.503 11.307 11.298 11.35 11.282 11.365 11.373 11.378 11.325 11.265 11.265 11.49 11.59 11.705 11.525 10.505 10.465 10.49 10.892 11.188 11.312 11.427 11.722 12.087 12.182 12.347
10.887 10.825 10.87 10.653 10.573 10.717 10.792 10.658 10.573 10.493 10.407 10.382 10.392 10.332 10.355 10.363 10.387 10.385 10.427 10.528 10.715 11.167 11.62 12.025 12.425 12.233 11.858 11.823 11.71 11.948 12.065 12.095 12.227 12.087 12.325 12.892 12.898 12.59 12.033 11.775 11.675 11.568 11.6 11.705 11.838 11.898 11.852 11.78 11.645 11.677 11.85 11.875 11.855 11.792 11.77 11.672 11.552 11.462 11.638 11.695 11.52 10.785 10.42 10.488 10.438 10.547 10.767 11.095 11.41 12.025 12.137 12.16 12.135
11.988 12.302 11.922 10.91 10.597 10.795 11.002 10.855 10.708 10.613 10.512 10.41 10.405 10.377 10.38 10.375 10.403 10.427 10.5 10.653 10.985 10.743 10.672 11.1 11.675 11.907 11.365 11.255 11.335 11.58 11.55 11.515 11.448 11.42 11.783 12.398 12.555 12.57 12.157 11.975 11.908 11.65 11.347 11.398 11.637 11.8 11.847 11.892 12.003 12.135 12.358 12.37 12.26 12.245 12.22 12.12 11.99 11.595 11.37 11.33 11.07 10.625 10.483 10.515 10.387 10.335 10.347 10.54 10.918 11.44 12.315 12.205 11.62
12.337 12.565 12.055 11.175 10.698 10.845 11.238 11.028 10.812 10.685 10.587 10.5 10.435 10.377 10.4 10.432 10.443 10.488 10.57 10.85 11.43 11.403 10.735 10.63 11.035 11.352 11.025 11.01 11.225 11.3 11.2 11.155 10.99 10.948 11.253 11.422 11.632 11.84 12.012 11.747 11.565 11.427 11.358 11.375 11.505 11.622 11.69 11.812 12.065 12.285 12.307 12.333 12.327 12.413 12.323 12.102 12.175 11.695 11.012 10.8 10.61 10.49 10.545 10.693 10.512 10.455 10.292 10.243 10.185 10.398 11.092 11.847 12.267
