Matlab/Roost_data/braunton/dsm/ss4637_DSM_2M.asc
ncols 500
nrows 500
xllcorner    246000
yllcorner    137000
cellsize     2
NODATA_value -9999
[rows 416 to 447 of 500, columns 73 to 145 of 500]
12.23 12.193 12.205 12.137 12.198 12.24 12.125 12.023 11.965 11.983 12.175 12.783 12.977 12.863 12.288 11.98 11.95 12.23 12.368 12.465 12.503 12.22 12.33 12.69 12.378 12.11 12.525 13.523 13.833 13.363 12.438 12.07 11.722 11.622 11.64 11.68 11.69 11.71 11.727 11.73 11.715 11.727 11.715 11.715 11.705 11.725 11.737 11.75 11.77 11.778 11.757 11.763 11.755 11.762 11.74 11.735 11.727 11.712 11.708 11.712 11.712 11.715 11.715 11.7 11.695 11.685 11.675 11.688 11.702 11.695 11.7 11.705 11.693
12.31 12.36 12.333 12.177 12.167 12.185 12.087 12.135 12.115 12.028 12 12.047 12.33 12.842 13.465 12.185 12.017 12.695 13.18 13.328 13.283 12.92 12.12 12.102 12.327 12.852 12.977 15.727 13.82 13.315 13.225 12.735 12 11.738 11.628 11.645 11.698 11.69 11.715 11.725 11.717 11.7 11.705 11.727 11.733 11.737 11.735 11.753 11.757 11.743 11.75 11.743 11.745 11.738 11.727 11.72 11.727 11.72 11.71 11.72 11.715 11.722 11.717 11.72 11.695 11.698 11.68 11.675 11.657 11.663 11.675 11.677 11.693
12.36 12.453 12.352 12.312 12.118 12.12 12.113 12.153 12.145 12.017 12.007 12.042 11.997 12.148 12.938 13.047 12.602 13.073 13.715 13.78 13.597 13.427 13.32 13.137 13.812 13.91 14.765 13.818 12.613 13.307 14.635 12.89 12.415 11.975 11.735 11.63 11.658 11.688 11.695 11.682 11.688 11.705 11.688 11.727 11.743 11.745 11.757 11.76 11.753 11.745 11.743 11.753 11.727 11.725 11.712 11.695 11.717 11.73 11.715 11.712 11.725 11.712 11.73 11.717 11.718 11.705 11.685 11.665 11.648 11.645 11.665 11.667 11.675
12.298 12.435 12.757 12.49 12.097 12.128 12.158 12.193 12.188 12.105 12.095 12.113 12.052 11.965 12.045 12.568 12.88 12.89 12.783 13.497 13.605 13.19 13.425 13.977 14.355 14.368 14.193 13.233 13.827 14 14.363 12.752 12.578 12.415 11.958 11.748 11.645 11.667 11.703 11.677 11.685 11.715 11.698 11.708 11.738 11.757 11.767 11.775 11.765 11.747 11.715 11.717 11.72 11.71 11.72 11.695 11.695 11.71 11.712 11.705 11.715 11.71 11.715 11.73 11.717 11.705 11.693 11.658 11.658 11.64 11.65 11.655 11.663
12.19 12.35 12.455 12.488 12.085 12.108 12.148 12.165 12.155 12.132 12.158 12.102 12.163 11.977 11.927 11.922 12.185 12.845 12.925 12.93 13.198 13.398 13.698 14.327 14.41 14.247 13.54 14.95 15.895 14.188 15.075 14.222 13.583 13.03 12.323 11.962 11.715 11.628 11.648 11.7 11.677 11.698 11.71 11.703 11.74 11.765 11.783 11.775 11.77 11.75 11.722 11.703 11.725 11.727 11.717 11.705 11.673 11.693 11.702 11.705 11.7 11.693 11.695 11.708 11.71 11.7 11.7 11.688 11.663 11.653 11.62 11.632 11.645
12.102 12.222 12.427 12.405 12.1 12.078 12.13 12.15 12.112 12.065 12.148 12.113 12.102 12.035 11.985 11.92 11.878 11.958 12.535 13.118 13.323 13.295 13.48 14.055 14.243 13.2 14.163 13.632 15.247 15.722 15.048 15.835 16.095 14.91 12.742 12.355 12.097 11.717 11.63 11.65 11.698 11.73 11.74 11.757 11.775 11.765 11.765 11.757 11.735 11.75 11.722 11.698 11.69 11.712 11.71 11.69 11.692 11.682 11.677 11.698 11.698 11.698 11.693 11.708 11.7 11.702 11.7 11.69 11.663 11.648 11.635 11.612 11.628
12.073 12.102 12.347 12.495 12.212 12.05 12.132 12.135 12.097 12.115 12.163 12.108 12.132 12.042 12.085 12.087 11.995 11.875 11.925 12.985 12.7 12.905 12.682 13.09 13.062 12.365 12.003 12.623 13.257 12.745 14.9 15.22 15.205 13.132 12.625 13.065 12.58 11.972 11.685 11.667 11.682 11.74 11.762 11.775 11.805 11.79 11.775 11.767 11.743 11.722 11.74 11.71 11.705 11.702 11.7 11.695 11.685 11.688 11.672 11.695 11.7 11.7 11.705 11.695 11.698 11.693 11.695 11.685 11.675 11.66 11.637 11.608 11.602
12.128 12.045 12.097 12.245 12.22 11.965 12.222 12.23 12.148 12.235 12.095 12.09 12.09 12.13 12.238 12.315 12.17 12.042 11.823 11.81 12.347 12.278 12.25 12.468 12.765 12.435 12.16 12.568 12.727 12.517 14.365 13.92 13.587 13.115 13.03 12.972 13.033 12.743 12.165 11.747 11.72 11.745 11.793 11.807 11.802 11.79 11.788 11.765 11.735 11.715 11.715 11.735 11.717 11.712 11.712 11.695 11.688 11.69 11.68 11.682 11.688 11.69 11.693 11.682 11.682 11.685 11.698 11.688 11.67 11.665 11.65 11.63 11.605
12.283 12.068 12.04 12.148 12.295 11.9 12.165 12.28 12.21 12.205 12.198 12.207 12.182 12.185 12.227 12.28 12.255 12.205 12.023 11.868 11.833 11.868 12.068 12.32 12.36 12.605 12.673 13.395 12.548 12.677 14.722 13.257 12.507 12.993 12.717 12.043 13.315 15.677 14.365 12.608 11.798 11.757 11.788 11.85 11.832 11.81 11.778 11.773 11.738 11.717 11.71 11.715 11.73 11.705 11.702 11.695 11.698 11.695 11.7 11.688 11.677 11.692 11.69 11.685 11.69 11.692 11.698 11.698 11.677 11.658 11.653 11.642 11.615
12.44 12.215 12.042 12.062 12.225 11.898 12.08 12.398 12.302 12.245 12.235 12.247 12.26 12.275 12.3 12.285 12.328 12.23 12.217 12.168 12.015 11.847 11.85 12.057 12.918 12.77 12.288 12.575 12.747 12.217 15.13 15.523 13.18 12.092 12.222 12.188 14.19 15.72 16.278 15.4 12.167 11.852 11.818 11.83 11.855 11.82 11.783 11.775 11.76 11.722 11.705 11.717 11.717 11.722 11.708 11.705 11.69 11.693 11.685 11.675 11.688 11.688 11.682 11.677 11.672 11.672 11.677 11.68 11.7 11.685 11.667 11.645 11.625
12.63 12.625 12.327 12.052 12.113 11.983 11.94 12.52 12.38 12.235 12.225 12.273 12.3 12.335 12.368 12.378 12.39 12.387 12.355 12.39 12.265 12.09 11.905 11.825 12.023 12.542 12.438 12.265 13.545 15.762 15.185 15.667 14.903 12.057 12.722 13.635 15.775 15.89 13.733 14.062 14.667 12.307 11.892 11.835 11.847 11.858 11.823 11.792 11.75 11.743 11.722 11.712 11.708 11.707 11.712 11.685 11.693 11.688 11.688 11.682 11.69 11.698 11.685 11.68 11.67 11.677 11.677 11.685 11.675 11.675 11.675 11.657 11.657
12.708 12.72 12.778 12.235 12.1 12.087 11.962 12.24 12.315 12.273 12.257 12.28 12.323 12.35 12.392 12.418 12.425 12.425 12.34 12.337 12.417 12.318 12.215 11.962 11.79 11.878 12.505 13.363 12.877 13.477 13.24 13.983 13.108 12.153 12.465 14.792 14.955 15.877 15.31 15.382 13.92 12.36 11.99 11.92 11.852 11.852 11.85 11.805 11.77 11.757 11.747 11.727 11.717 11.702 11.693 11.688 11.665 11.68 11.673 11.675 11.675 11.675 11.677 11.675 11.695 11.682 11.68 11.688 11.67 11.662 11.68 11.67 11.655
12.805 12.97 12.882 12.595 12.173 12.04 11.995 12.122 12.503 12.355 12.27 12.275 12.318 12.31 12.337 12.4 12.395 12.39 12.345 12.31 12.292 12.33 12.325 12.34 12.145 11.875 11.88 12.26 12.927 12.335 14.132 14.012 12.263 12.32 12.19 13.243 15.122 16.142 14.573 14.792 13.407 12.358 12.082 12.035 11.932 11.872 11.852 11.852 11.802 11.77 11.755 11.738 11.722 11.705 11.685 11.682 11.675 11.677 11.675 11.672 11.675 11.69 11.688 11.693 11.682 11.693 11.682 11.69 11.675 11.677 11.673 11.667 11.653
12.943 13.078 12.943 12.628 12.355 12.09 12.003 11.945 12.083 12.292 12.273 12.267 12.28 12.243 12.26 12.298 12.315 12.35 12.332 12.275 12.215 12.185 12.212 12.278 12.535 12.177 11.985 11.932 12.02 13.01 12.757 12.483 12.477 12.392 12.333 12.985 12.21 12.538 13.102 12.488 14.677 12.88 13.483 12.705 12.035 11.96 11.875 11.85 11.842 11.805 11.783 11.773 11.775 11.73 11.71 11.692 11.667 11.658 11.667 11.66 11.67 11.682 11.68 11.672 11.7 11.685 11.69 11.693 11.7 11.688 11.668 11.66 11.66
13.012 13.233 13.092 12.775 12.54 12.302 12.1 11.96 12.092 12.298 12.28 12.24 12.262 12.29 12.248 12.212 12.227 12.267 12.267 12.222 12.18 12.127 12.14 12.132 12.262 12.31 12.215 12.132 11.97 11.88 12.193 12.823 12.743 12.472 12.438 12.325 12.257 13.025 12.385 12.663 12.358 12.11 12.005 13.077 12.07 12.077 11.98 11.88 11.84 11.842 11.815 11.78 11.767 11.727 11.7 11.695 11.677 11.667 11.667 11.663 11.677 11.675 11.688 11.69 11.682 11.708 11.708 11.71 11.7 11.7 11.677 11.657 11.655
13.22 13.432 13.323 13.048 12.738 12.49 12.387 12.007 11.93 12.337 12.24 12.222 12.2 12.298 12.343 12.298 12.198 12.19 12.193 12.167 12.12 12.125 12.12 12.105 12.11 12.2 12.25 12.337 12.17 11.93 11.835 12.045 12.952 13.155 12.685 12.625 13.583 14.405 13.645 13.82 12.91 13.218 12.663 13.075 13.702 12.342 12.09 11.985 11.885 11.858 11.86 11.807 11.788 11.775 11.74 11.69 11.682 11.693 11.67 11.665 11.667 11.675 11.68 11.698 11.717 11.708 11.727 11.712 11.71 11.708 11.7 11.695 11.66
13.198 13.432 13.37 13.167 12.882 12.898 12.998 12.468 11.898 11.993 12.245 12.342 12.15 12.203 12.238 12.215 12.195 12.158 12.15 12.115 12.043 12.035 12.03 11.997 12.003 12.08 12.122 12.23 12.29 12.173 12.007 11.825 11.898 12.587 12.87 13.1 13.62 13.287 13.472 13.222 13.88 13.94 13.347 13.215 13.295 12.993 12.425 12.105 12.003 11.9 11.837 11.845 11.807 11.767 11.765 11.733 11.693 11.68 11.67 11.655 11.667 11.685 11.698 11.708 11.717 11.727 11.71 11.727 11.727 11.722 11.705 11.7 11.68
12.977 13.182 13.445 13.302 13.378 13.33 13.167 12.907 12.128 11.783 12.04 12.38 12.155 12.165 12.208 12.16 12.118 12.115 12.12 12.052 11.997 11.975 11.927 11.943 11.932 11.953 12.023 12.097 12.227 12.293 12.247 12.167 11.995 12.007 12.115 12.977 12.602 12.997 13.783 12.67 12.73 13.288 13.205 13.628 13.295 12.515 12.335 12.38 12.118 12.007 11.89 11.84 11.84 11.802 11.775 11.77 11.73 11.7 11.685 11.68 11.665 11.688 11.7 11.702 11.708 11.72 11.703 11.715 11.74 11.73 11.727 11.71 11.69
12.887 13.112 13.4 13.615 13.77 13.663 13.257 12.975 12.395 11.865 11.8 12.335 12.462 12.167 12.177 12.105 11.977 11.89 11.95 12.007 12 11.965 11.875 11.823 11.84 11.858 11.903 12.038 12.275 12.17 12.245 12.238 12.227 12.07 11.925 11.905 12.262 12.485 12.67 12.887 13.15 13.625 13.818 13.87 13.55 12.865 12.198 12.667 12.238 12.115 11.98 11.88 11.835 11.833 11.788 11.773 11.767 11.733 11.702 11.693 11.69 11.677 11.695 11.705 11.725 11.712 11.733 11.735 11.727 11.743 11.73 11.725 11.705
12.795 13.158 13.432 13.507 13.708 13.85 13.407 12.99 12.618 12.233 11.958 12.04 12.387 12.305 12.078 11.97 11.82 11.773 11.872 11.925 11.95 12.028 11.943 11.833 11.788 11.83 11.845 11.93 12.045 12.105 12.09 12.105 12.11 12.122 12.057 11.953 12.062 12.27 12.385 12.58 13.225 13.578 13.545 13.5 13.238 14.3 13.002 12.55 12.54 12.222 12.07 11.965 11.885 11.858 11.833 11.805 11.79 11.778 11.738 11.717 11.693 11.695 11.695 11.72 11.717 11.74 11.725 11.735 11.755 11.743 11.738 11.735 11.725
12.66 13.035 13.222 13.368 13.595 13.863 13.642 13.4 13.097 12.655 12.085 11.993 12.132 12.165 12.045 11.843 11.722 11.717 11.807 11.807 11.827 11.92 12.007 11.95 11.835 11.97 11.915 11.98 12.01 12.01 11.98 11.985 12.012 12.04 12.115 12.17 12.078 12.06 12.158 12.403 12.515 13.243 12.927 14.715 13.835 14.005 13.26 12.538 12.267 12.477 12.18 12.087 11.993 11.903 11.865 11.85 11.82 11.785 11.773 11.75 11.725 11.702 11.705 11.71 11.73 11.735 11.745 11.735 11.737 11.743 11.733 11.74 11.712
12.552 12.745 12.955 13.118 13.28 13.562 13.762 13.792 13.61 13.05 12.325 11.98 11.958 12.097 12.068 11.887 11.698 11.677 11.672 11.595 11.595 11.733 11.84 11.965 12.007 12.045 12 12.028 12.068 12.007 11.97 11.972 11.96 11.983 12.08 12.167 12.157 12.12 12.077 12.017 12.298 12.602 13.995 13.795 13.622 13.882 13.51 12.767 12.665 12.512 12.42 12.193 12.137 12.003 11.907 11.865 11.84 11.82 11.79 11.778 11.747 11.74 11.718 11.715 11.717 11.73 11.74 11.755 11.725 11.733 11.722 11.725 11.727
12.61 12.637 12.77 12.87 13.092 13.262 13.47 13.757 13.837 13.225 12.562 11.997 11.887 11.878 11.93 11.84 11.765 11.615 11.51 11.443 11.443 11.542 11.665 11.818 12.015 12.135 12.19 12.118 12.09 12.068 12.07 12.12 12.07 12.015 12.073 12.102 12.145 12.26 12.123 11.983 12.007 12.227 12.847 13.352 13.672 13.35 13.868 12.995 12.847 12.665 12.39 12.467 12.38 12.165 12.032 11.932 11.88 11.855 11.815 11.792 11.767 11.747 11.733 11.717 11.72 11.733 11.743 11.745 11.74 11.727 11.73 11.722 11.715
12.685 12.62 12.725 12.823 13.08 13.172 13.285 13.705 13.965 13.547 12.91 12.08 11.87 11.81 12.028 11.847 11.823 11.658 11.47 11.422 11.415 11.485 11.595 11.745 11.917 12.023 12.198 12.243 12.227 12.177 12.188 12.17 12.163 12.145 12.173 12.157 12.073 12.075 12.155 12.128 12.025 12.057 12.3 13.193 13.672 12.885 13.083 13.245 14.11 12.775 12.583 12.515 12.552 12.363 12.208 12.035 11.92 11.865 11.845 11.805 11.79 11.773 11.743 11.73 11.722 11.727 11.73 11.73 11.737 11.733 11.722 11.708 11.698
12.755 12.698 12.722 13.017 13.035 13.005 13.26 13.775 14.087 13.888 13.318 12.493 11.935 11.868 12.02 12.015 11.865 11.685 11.618 11.44 11.443 11.497 11.648 11.773 12.023 11.903 12.03 12.172 12.325 12.345 12.31 12.225 12.19 12.182 12.24 12.217 12.108 12.065 12.025 12.08 12.16 12.075 11.985 12.337 13.255 13.275 13.23 13.852 13.283 13.573 12.825 12.668 12.605 12.602 12.438 12.193 12.045 11.917 11.86 11.84 11.815 11.793 11.767 11.755 11.745 11.735 11.735 11.727 11.735 11.74 11.722 11.708 11.703
12.815 12.765 12.735 12.977 13.128 13.243 13.42 13.823 14.142 14.222 13.61 12.913 12.093 11.972 12.038 12.068 11.87 11.717 11.632 11.523 11.515 11.573 11.72 11.873 11.82 11.833 11.923 12.095 12.247 12.34 12.325 12.35 12.305 12.24 12.212 12.202 12.14 12.132 12.125 12.06 12.08 12.23 12.03 11.89 12.253 12.935 13.695 13.935 13.315 13.335 13.105 12.72 12.477 12.54 12.788 12.595 12.222 12.052 11.913 11.855 11.837 11.797 11.778 11.778 11.753 11.74 11.74 11.735 11.715 11.725 11.72 11.712 11.688
12.903 12.843 12.807 12.885 13.245 13.462 13.628 13.743 13.997 14.158 13.738 13.055 12.267 12.052 12.06 12.113 12.003 11.773 11.663 11.505 11.513 11.538 11.6 11.885 11.927 11.812 11.84 11.945 12.038 12.172 12.233 12.35 12.385 12.325 12.19 12.173 12.198 12.198 12.217 12.165 12.115 12.115 12.23 12.007 11.91 12.225 13.095 13.903 14.13 13.695 13.108 12.863 12.557 12.23 12.672 12.847 12.62 12.23 12.042 11.913 11.852 11.835 11.797 11.773 11.765 11.755 11.743 11.722 11.73 11.722 11.717 11.7 11.698
13.252 13.16 13.16 13.182 13.423 13.625 13.885 13.843 13.9 14.047 13.885 13.435 12.667 12.068 12.073 12.167 12.045 11.798 11.618 11.562 11.512 11.477 11.468 11.635 11.762 11.82 11.74 11.837 11.887 11.995 12.08 12.278 12.432 12.417 12.247 12.19 12.185 12.22 12.28 12.283 12.235 12.233 12.24 12.235 12.137 12.108 12.552 13.675 14.083 13.865 13.15 13.023 12.797 13.09 12.685 12.757 12.635 12.387 12.153 12.012 11.895 11.855 11.845 11.805 11.778 11.757 11.75 11.73 11.73 11.71 11.703 11.688 11.705
14.083 13.95 13.82 13.663 13.71 13.952 14.05 13.903 13.792 14.017 13.98 13.663 12.903 12.11 12.075 12.167 12.028 11.83 11.602 11.565 11.562 11.443 11.48 11.477 11.542 11.642 11.672 11.71 11.798 11.983 11.903 12.057 12.225 12.37 12.382 12.307 12.235 12.262 12.343 12.38 12.392 12.343 12.368 12.323 12.27 12.245 12.193 12.345 13.235 13.673 13.655 14.108 13.925 12.945 12.953 12.363 12.345 12.49 12.573 12.123 11.977 11.875 11.833 11.823 11.79 11.763 11.745 11.745 11.722 11.715 11.698 11.7 11.708
15.1 14.887 14.538 14.225 14.092 14.155 14.265 14.105 14.092 14.233 14.005 13.648 12.962 12.128 12.05 12.132 12.085 11.78 11.615 11.517 11.57 11.477 11.488 11.525 11.51 11.515 11.565 11.648 11.685 11.722 11.775 11.865 12.003 12.167 12.33 12.368 12.36 12.305 12.36 12.45 12.495 12.43 12.425 12.35 12.327 12.38 12.32 12.177 12.29 12.99 13.41 13.613 13.71 13.33 13.597 12.743 12.392 12.833 13.48 12.212 12.115 11.967 11.878 11.835 11.823 11.778 11.735 11.74 11.735 11.712 11.685 11.682 11.685
15.448 15.395 15.028 14.587 14.345 14.227 14.27 14.292 14.455 14.405 14.155 13.733 13.165 12.275 11.995 12.017 12.182 11.948 11.613 11.47 11.438 11.445 11.425 11.488 11.45 11.467 11.498 11.605 11.625 11.625 11.672 11.717 11.812 12.025 12.177 12.247 12.32 12.337 12.352 12.4 12.43 12.417 12.448 12.412 12.37 12.36 12.385 12.345 12.217 12.233 12.462 12.96 13.568 13.208 14.055 13.365 13.28 13.205 12.333 12.863 13.13 12.092 11.965 11.875 11.835 11.807 11.765 11.737 11.735 11.727 11.698 11.682 11.663
15.387 15.395 15.245 14.905 14.542 14.278 14.14 14.105 14.455 14.525 14.23 13.868 13.355 12.45 11.958 11.945 12.203 11.915 11.577 11.462 11.405 11.503 11.4 11.382 11.37 11.37 11.423 11.507 11.5 11.568 11.632 11.663 11.738 11.84 11.938 12.07 12.28 12.392 12.445 12.443 12.44 12.488 12.502 12.46 12.413 12.438 12.398 12.352 12.34 12.315 12.18 12.085 12.847 13.757 13.79 13.757 13.328 14.163 13.16 13.38 13.288 12.28 12.123 11.983 11.87 11.827 11.792 11.733 11.72 11.72 11.71 11.698 11.677
