Matlab/Roost_data/braunton/dsm/ss4639_DSM_2M.asc
ncols 500
nrows 500
xllcorner    246000
yllcorner    139000
cellsize     2
NODATA_value -9999
[rows 0 to 30 of 500, columns 280 to 349 of 500]
86.2 87.085 87.275 87.737 87.783 87.132 87.23 88.298 88.768 89.545 90.588 90.825 90.208 90.34 91.287 95.555 96.738 97.647 98.162 97.27 95.935 93.175 93.473 93.65 94.595 93.925 94.027 94.2 94.355 94.478 94.548 94.603 94.66 94.785 94.92 95.025 95.13 95.228 95.345 95.425 95.505 95.62 95.69 95.76 95.817 95.84 95.853 95.935 96.025 96.092 96.175 96.232 96.272 96.357 96.467 96.603 96.728 96.823 96.915 96.982 97.09 97.215 97.32 97.408 97.505 97.573 97.647 97.702 97.775 97.815
86.235 86.933 86.95 87.643 88.312 87.195 87.268 87.467 88.815 89.978 90.62 90.06 90.165 90.308 91.47 95.118 96.753 97.675 98.147 97.235 95.363 93.255 93.515 93.815 94.018 94.07 94.135 94.275 94.448 94.565 94.682 94.723 94.765 94.875 95.015 95.118 95.24 95.327 95.455 95.518 95.607 95.702 95.77 95.842 95.89 95.902 95.893 95.995 96.08 96.17 96.25 96.292 96.322 96.43 96.548 96.673 96.802 96.897 96.978 97.068 97.168 97.298 97.4 97.493 97.57 97.637 97.715 97.77 97.85 97.882
86.37 86.875 87.202 87.81 88.86 87.257 87.325 87.473 88.135 89.228 89.85 89.948 90.088 90.268 91.42 94.607 96.878 97.738 98.175 97.32 96.04 93.448 93.565 93.878 94.035 94.265 94.235 94.368 94.51 94.66 94.76 94.823 94.875 94.973 95.12 95.217 95.342 95.4 95.505 95.603 95.725 95.795 95.835 95.915 95.96 95.952 95.948 96.065 96.153 96.24 96.318 96.348 96.4 96.503 96.618 96.755 96.882 96.985 97.06 97.14 97.26 97.39 97.488 97.58 97.647 97.72 97.798 97.855 97.92 97.963
86.427 86.805 87.342 87.325 88.61 87.317 87.387 87.54 88.41 89.042 89.645 89.728 89.96 90.353 90.693 94.05 96.908 97.76 98.167 97.315 95.552 93.74 93.635 93.853 94.298 94.353 94.315 94.475 94.635 94.762 94.84 94.902 94.96 95.095 95.223 95.315 95.42 95.548 95.628 95.747 95.82 95.91 95.935 95.993 96.025 96.025 96.012 96.145 96.232 96.307 96.38 96.405 96.458 96.567 96.7 96.83 96.98 97.06 97.147 97.23 97.355 97.467 97.56 97.658 97.738 97.807 97.87 97.925 97.98 98.027
86.522 86.785 87.22 87.452 88.125 87.382 87.448 87.613 88.327 88.902 89.6 89.423 89.817 90.335 90.577 94.393 96.82 97.673 96.295 95.658 94.482 94.225 93.713 94.012 94.393 94.378 94.425 94.56 94.732 94.83 94.942 94.967 95.042 95.175 95.325 95.433 95.53 95.645 95.72 95.822 95.923 95.995 96.01 96.055 96.082 96.05 96.09 96.21 96.293 96.372 96.435 96.473 96.525 96.647 96.762 96.887 97.06 97.158 97.24 97.312 97.408 97.52 97.63 97.713 97.785 97.86 97.935 97.982 98.04 98.077
87.363 87.072 87.378 87.723 89.05 87.452 87.518 87.62 88.152 88.833 88.868 89.433 90.198 90.39 90.568 94.79 96.745 97.628 94.925 93.307 93.315 93.537 93.763 94.143 94.205 94.5 94.495 94.603 94.783 94.89 94.973 95.043 95.115 95.243 95.41 95.49 95.632 95.74 95.8 95.885 96 96.088 96.097 96.135 96.137 96.113 96.152 96.283 96.355 96.438 96.48 96.527 96.6 96.715 96.842 96.97 97.128 97.225 97.302 97.363 97.465 97.583 97.685 97.793 97.868 97.917 97.997 98.06 98.1 98.13
88.003 87.847 87.78 88.077 88.897 87.512 87.592 87.658 87.87 88.225 88.555 89.448 90.355 90.463 90.827 93.783 94.772 95.868 94.027 93.525 93.522 93.59 93.838 94.285 94.232 94.613 94.543 94.643 94.78 94.925 95.02 95.085 95.182 95.322 95.475 95.552 95.702 95.82 95.888 95.963 96.052 96.13 96.14 96.202 96.2 96.17 96.215 96.355 96.413 96.47 96.533 96.6 96.683 96.78 96.897 97.042 97.177 97.265 97.355 97.415 97.518 97.645 97.735 97.845 97.912 97.99 98.062 98.11 98.155 98.183
87.432 87.84 88.197 88.845 88.81 87.595 87.667 87.74 87.89 88.353 89.152 91.52 90.82 90.723 90.908 93.47 94.205 95.152 93.795 93.567 93.545 93.615 93.895 94.103 94.265 94.592 94.8 94.68 94.815 94.935 95.06 95.13 95.238 95.415 95.503 95.652 95.745 95.823 95.923 96.012 96.128 96.18 96.188 96.265 96.26 96.228 96.28 96.44 96.475 96.545 96.615 96.675 96.76 96.86 96.967 97.103 97.22 97.325 97.412 97.473 97.577 97.713 97.827 97.897 97.97 98.062 98.115 98.15 98.202 98.235
87.655 88.037 88.38 89.298 88.46 87.68 87.747 87.827 88.115 89.655 90.213 93.9 94.432 92.548 91.738 91.76 92.368 93.365 94.83 93.613 93.53 93.682 93.982 94.167 94.473 96.685 96.055 94.808 94.865 95 95.128 95.188 95.287 95.463 95.565 95.698 95.842 95.89 96.003 96.072 96.188 96.21 96.235 96.325 96.33 96.29 96.355 96.482 96.562 96.62 96.688 96.745 96.833 96.932 97.037 97.17 97.295 97.385 97.473 97.555 97.67 97.793 97.885 97.978 98.06 98.14 98.192 98.22 98.268 98.33
87.87 88.222 88.607 89.65 87.98 87.772 87.842 87.98 88.303 91.23 94.05 92.643 92.717 92.442 92.652 92.833 93.012 93.522 95.24 94.493 94.683 94.005 94.488 94.262 95.177 96.198 94.793 94.783 94.92 95.062 95.165 95.257 95.348 95.548 95.618 95.753 95.863 95.98 96.05 96.115 96.195 96.228 96.277 96.378 96.38 96.355 96.438 96.53 96.618 96.688 96.757 96.815 96.908 96.997 97.122 97.255 97.35 97.45 97.535 97.628 97.753 97.855 97.965 98.045 98.122 98.188 98.243 98.288 98.317 98.378
88.09 88.452 89.075 89.63 87.817 87.868 87.958 88.147 88.375 91.557 94.732 94.77 93.637 92.762 93.347 94.22 95.717 96.708 96.147 95.455 94.958 94.223 94.173 94.668 95 95.143 95.292 94.848 94.955 95.077 95.183 95.283 95.398 95.552 95.658 95.757 95.882 95.99 96.113 96.17 96.232 96.255 96.327 96.415 96.435 96.417 96.507 96.613 96.693 96.762 96.85 96.893 96.975 97.08 97.202 97.327 97.41 97.522 97.607 97.693 97.802 97.943 98.027 98.113 98.177 98.24 98.285 98.33 98.385 98.455
88.26 88.615 89.533 89.08 87.91 87.98 88.908 88.66 88.577 90.202 93.262 94.085 93.54 93.245 95.303 97.107 97.838 97.993 98.69 97.83 95.435 94.405 94.215 94.3 94.438 94.613 95.735 94.975 94.982 95.098 95.21 95.298 95.417 95.58 95.713 95.807 95.905 96.035 96.165 96.24 96.28 96.323 96.408 96.497 96.512 96.495 96.592 96.68 96.765 96.833 96.92 96.965 97.057 97.165 97.295 97.4 97.482 97.59 97.673 97.75 97.855 97.995 98.09 98.145 98.225 98.295 98.348 98.393 98.442 98.527
88.397 88.92 89.85 88.603 88.018 88.475 89.345 89.365 88.94 90.49 92.417 92.577 93.995 93.64 94.527 96.257 98.688 98.655 98.73 97.805 95.438 94.48 94.228 94.405 94.537 94.632 95.603 97.885 95.025 95.147 95.235 95.348 95.48 95.643 95.765 95.855 95.935 96.095 96.167 96.27 96.31 96.382 96.452 96.575 96.56 96.57 96.63 96.738 96.823 96.92 97 97.043 97.125 97.247 97.37 97.478 97.575 97.662 97.745 97.817 97.93 98.033 98.11 98.197 98.257 98.34 98.393 98.455 98.515 98.573
88.798 89.762 89.928 88.165 88.14 89.175 93.033 91.735 89.32 90.882 94.448 95.232 92.863 93.49 93.695 94.855 97.802 98.1 98.688 97.783 95.662 94.708 94.333 94.46 94.607 94.69 95.283 96.533 95.12 95.155 95.277 95.375 95.52 95.68 95.792 95.847 95.952 96.088 96.173 96.243 96.33 96.42 96.522 96.59 96.587 96.598 96.662 96.798 96.905 96.985 97.083 97.118 97.21 97.317 97.442 97.548 97.655 97.71 97.825 97.887 97.988 98.098 98.167 98.255 98.322 98.423 98.455 98.515 98.565 98.64
89.83 90.53 89.275 88.225 88.348 90.25 91.985 91.52 89.685 90.688 93.842 94.823 93.098 93.807 93.702 94.545 96.895 97.878 98.677 97.76 95.732 94.435 94.583 94.507 94.63 94.757 95.28 95.935 95.21 95.255 95.305 95.417 95.567 95.72 95.837 95.897 95.982 96.09 96.185 96.257 96.37 96.452 96.577 96.645 96.622 96.628 96.705 96.847 96.958 97.05 97.12 97.185 97.277 97.385 97.485 97.613 97.71 97.77 97.878 97.958 98.05 98.143 98.22 98.315 98.393 98.478 98.512 98.585 98.625 98.673
90.377 90.338 88.467 88.355 88.68 93.43 94.057 91.35 90.105 90.927 93.853 95.66 94.67 93.917 93.713 94.042 96.732 97.9 98.673 97.698 95.448 94.745 95.533 94.88 94.678 94.8 95.04 95.695 95.283 95.32 95.365 95.482 95.647 95.795 95.89 95.98 96.045 96.132 96.22 96.312 96.42 96.537 96.603 96.665 96.655 96.652 96.768 96.895 97.012 97.11 97.185 97.24 97.32 97.42 97.537 97.645 97.74 97.827 97.935 97.993 98.103 98.195 98.28 98.363 98.443 98.52 98.552 98.625 98.677 98.725
90.725 89.995 88.405 88.48 89.9 92.155 91.05 91.573 91.32 90.368 92.098 95.632 94.478 93.283 92.675 93.265 96.762 97.932 98.673 97.695 95.397 93.815 93.885 94.818 94.71 94.812 95.315 96.762 95.295 95.372 95.43 95.548 95.725 95.872 95.978 96.052 96.118 96.188 96.275 96.385 96.48 96.548 96.618 96.637 96.652 96.662 96.793 96.943 97.06 97.15 97.228 97.295 97.382 97.482 97.577 97.68 97.795 97.9 97.973 98.037 98.147 98.257 98.335 98.402 98.495 98.57 98.6 98.655 98.71 98.772
89.395 88.643 88.52 88.588 90.088 91.735 91.345 91.908 93.855 90.645 90.622 91.458 91.277 91.833 90.927 91.65 96.512 97.94 98.683 97.685 95.375 94.795 94.45 95.015 94.725 94.833 94.98 96.007 95.75 95.393 95.467 95.585 95.745 95.925 96.025 96.115 96.18 96.247 96.338 96.45 96.527 96.575 96.665 96.757 96.762 96.72 96.885 96.985 97.12 97.198 97.287 97.335 97.423 97.54 97.628 97.73 97.845 97.965 98.027 98.092 98.2 98.3 98.385 98.46 98.54 98.615 98.65 98.702 98.762 98.83
88.495 88.537 88.622 88.708 90.202 91.58 92.677 91.423 92.41 91.022 90.792 90.82 90.838 90.88 90.917 91.33 96.27 97.952 98.68 97.655 95.277 94.842 94.345 94.765 94.722 94.815 94.975 95.945 95.668 95.385 95.495 95.668 95.783 95.933 96.042 96.14 96.235 96.287 96.412 96.533 96.618 96.675 96.912 97.083 97.128 96.988 97.57 97.037 97.173 97.247 97.345 97.382 97.473 97.58 97.695 97.777 97.88 98.012 98.092 98.158 98.26 98.365 98.443 98.535 98.588 98.67 98.702 98.753 98.82 98.878
88.463 88.565 88.668 88.785 88.92 90.053 92.7 92.125 91.4 90.872 90.882 90.887 90.895 90.912 90.925 91.503 96.43 98 98.68 97.635 95.105 94.658 94.48 94.637 94.747 94.855 95.005 95.552 95.938 95.395 95.52 95.662 95.812 95.967 96.057 96.198 96.32 96.323 96.505 96.628 96.73 96.9 97.067 97.18 97.357 97.213 97.958 97.1 97.213 97.298 97.365 97.425 97.515 97.622 97.745 97.827 97.925 98.055 98.14 98.185 98.305 98.402 98.475 98.565 98.632 98.715 98.76 98.825 98.878 98.945
88.488 88.59 88.952 88.818 88.973 89.195 91.635 93.24 91.66 91.68 90.938 90.985 90.995 91.217 91.173 91.882 96.685 98.012 98.59 97.612 95.622 95.965 94.485 94.63 94.783 94.88 95.08 95.542 96.415 95.412 95.533 95.693 95.86 96.025 96.11 96.217 96.382 96.43 96.667 97.512 97.37 97.005 97.818 98.052 97.43 97.705 98.298 98.595 97.272 97.357 97.423 97.47 97.56 97.673 97.808 97.875 97.97 98.103 98.177 98.225 98.345 98.435 98.52 98.585 98.677 98.728 98.805 98.863 98.915 98.978
88.52 88.825 88.768 88.857 89.622 90.302 90.143 91.81 93.238 94.33 91.435 91.192 91.503 92.022 92.56 93.045 93.555 94.978 94.202 94.42 94.493 95.888 94.543 94.695 94.78 94.905 95.1 95.387 97.905 96.908 95.595 95.775 95.91 96.067 96.24 96.585 96.643 96.958 98.247 99.18 97.247 97.255 97.973 97.545 100.277 100.23 99.055 98.213 97.743 97.427 97.475 97.522 97.63 97.753 97.865 97.94 98.037 98.15 98.223 98.275 98.385 98.482 98.553 98.63 98.705 98.77 98.832 98.902 98.93 98.995
88.818 88.66 88.717 89.092 91.525 92.743 90.845 89.875 94.027 96.812 95.982 95.488 93.665 93.658 92.577 92.973 93.385 93.675 93.908 94.14 94.327 94.408 94.47 94.545 94.66 95.425 95.14 95.292 96.342 95.557 95.67 95.84 95.98 96.318 96.82 97.025 96.965 97.237 97.107 97.832 97.448 97.735 97.29 97.372 100.007 100.33 100.235 97.823 98.353 97.553 97.54 97.595 97.7 97.802 97.912 98.02 98.107 98.2 98.262 98.33 98.438 98.52 98.615 98.67 98.743 98.805 98.872 98.915 98.958 99.033
88.603 88.6 88.723 90.175 92.302 93.495 94.512 91.338 90.785 92.693 94.245 94.817 95.91 96.81 95.683 94.182 94.622 94.88 94.488 94.535 94.5 94.525 94.557 94.632 94.708 95.923 95.585 95.518 96.435 95.8 96.12 96.445 96.342 96.497 96.702 96.845 97 97.145 97.238 97.8 98.303 99.137 97.527 99.075 100.823 101.145 101.125 97.613 98.022 98.122 97.618 97.683 97.783 97.878 97.973 98.065 98.145 98.245 98.317 98.395 98.493 98.58 98.665 98.73 98.787 98.857 98.923 98.97 99.003 99.06
88.493 88.56 90.107 91.38 92.618 94.11 94.268 92.753 91.785 90.745 90.73 91.245 93.238 93.29 91.86 92.067 94.255 97.162 94.6 94.702 97.515 95.52 96.223 96.583 97.495 96.025 96.17 97.235 96.662 96.7 96.79 97.007 96.73 96.845 97.098 97.065 97.28 97.327 97.295 97.595 97.48 98.065 99.65 102.61 103.15 103.232 103.378 100.545 97.76 98.69 97.755 97.753 97.855 97.943 98.035 98.107 98.188 98.303 98.365 98.457 98.573 98.637 98.715 98.792 98.865 98.92 99 99.03 99.062 99.115
89.225 89.228 90.925 92.39 92.905 93.22 94.66 93.555 92.515 93.033 94.65 95.577 93.94 93.05 91.78 91.757 91.9 92.085 92.257 92.565 93.173 93.158 93.018 94.42 96.618 95.365 95.368 95.143 95.122 95.795 95.24 95.293 95.463 95.52 95.783 95.943 96.403 96.452 96.645 96.41 96.512 97.232 99.64 102.4 102.99 102.887 102.785 99.485 97.622 98.113 98.107 97.835 97.923 97.993 98.092 98.18 98.283 98.355 98.425 98.518 98.63 98.71 98.783 98.848 98.92 98.982 99.042 99.085 99.128 99.178
88.72 90.685 92.355 92.048 92.342 92.603 93.042 93.46 93.93 92.568 94.64 99.533 96.613 95.658 94.753 91.975 94.512 93.27 97.75 94.333 94.427 94.232 94.048 93.415 93.427 93.625 93.848 94.278 94.5 94.713 95.893 95.48 95.965 96.095 95.952 95.812 96.272 96.662 96.615 96.43 96.533 96.575 96.707 97.833 99.368 98.745 98.995 98.695 97.8 97.815 98.595 97.952 97.985 98.06 98.147 98.25 98.33 98.415 98.488 98.592 98.693 98.762 98.85 98.92 98.985 99.04 99.1 99.122 99.17 99.217
89.963 91.433 91.878 92.037 92.527 92.628 93.213 94.958 95.683 94.92 96.482 97.88 98.495 97.728 97.54 94.838 93.952 94.465 94.77 95 95.027 95.1 95.47 95.24 93.755 93.827 94.967 95.822 96.8 98.223 98.857 97.495 97.95 98.077 97.228 97.345 97.588 97.518 97.815 98.298 99.37 98.728 96.692 96.76 98.997 97.783 98.105 98.257 98.165 97.88 98.213 98.6 98.075 98.143 98.217 98.323 98.405 98.485 98.555 98.652 98.753 98.807 98.897 98.963 99.025 99.103 99.145 99.173 99.213 99.257
92.618 91.202 91.685 93.45 96.07 93.493 94.863 95.427 96.075 94.89 93.09 95.798 95.072 96.915 96.167 95.177 94.548 94.427 94.78 94.887 95.03 95.058 95.46 95.928 94.695 94.305 97.042 97.065 97.128 99.357 99.315 97.423 97.105 97.098 97.107 98.82 97.878 97.533 97.665 97.893 99.375 99.452 98.47 96.685 97.938 97.908 98.07 98.515 97.985 97.95 98.005 98.647 98.323 98.18 98.277 98.368 98.46 98.545 98.613 98.725 98.815 98.868 98.95 99.018 99.077 99.137 99.195 99.217 99.257 99.3
91.095 92.795 93.655 96.908 97.018 98.018 95.238 95.605 96.02 94.215 92.857 96.022 94.74 94.122 94.177 94.262 94.4 94.43 94.66 94.805 94.97 95.132 95.833 95.357 94.833 94.762 97.467 97.488 97.185 98.458 99.423 97.408 97.077 97.433 99.025 98.897 97.268 97.36 97.393 97.54 97.215 98.652 98.1 96.868 97.73 98.068 98.092 98.75 97.963 97.99 98.22 98.103 98.777 98.257 98.307 98.412 98.497 98.585 98.67 98.76 98.863 98.927 99 99.077 99.145 99.185 99.238 99.275 99.312 99.357
91.28 94.583 96.467 95.435 97.37 95.845 94.37 95.853 95.805 93.613 93.397 95.467 94.077 94.025 94.162 94.285 94.412 94.512 94.697 94.81 94.963 95.04 95.103 95.345 95.007 95.183 97.59 97.85 97.035 98.692 98.552 97.8 96.997 97.897 97.957 98.06 97.092 97.235 97.387 97.488 97.278 97.515 98.1 96.985 97.188 99.757 99.985 99.6 98.042 98.01 98.08 98.14 98.58 98.783 98.34 98.467 98.567 98.62 98.695 98.805 98.887 98.967 99.052 99.113 99.195 99.238 99.287 99.335 99.368 99.417
