Matlab/Roost_data/braunton/dsm/ss4637_DSM_2M.asc
ncols 500
nrows 500
xllcorner    246000
yllcorner    137000
cellsize     2
NODATA_value -9999
[rows 0 to 31 of 500, columns 73 to 145 of 500]
45.752 45.565 45.37 45.145 44.978 44.78 44.62 44.45 44.285 44.128 44.002 43.875 43.745 43.647 43.545 43.423 43.322 43.22 43.097 42.987 42.868 42.768 42.688 42.61 42.503 42.417 42.305 42.21 42.123 42.035 41.905 41.818 41.688 41.605 41.525 41.458 41.395 41.37 41.315 41.183 41.053 40.9 40.755 40.647 40.54 40.435 40.412 40.3 40.248 40.127 40.048 39.99 39.865 39.8 39.74 39.667 39.597 39.533 39.475 39.43 39.347 39.275 39.202 39.092 39.005 38.948 38.878 38.845 38.78 38.735 38.65 38.59 38.528
45.295 45.12 44.93 44.717 44.55 44.38 44.193 44.033 43.868 43.73 43.595 43.463 43.357 43.257 43.15 43.04 42.932 42.847 42.743 42.615 42.522 42.423 42.333 42.275 42.173 42.085 42 41.9 41.835 41.698 41.577 41.463 41.372 41.265 41.213 41.138 41.072 41.037 40.993 40.908 40.768 40.638 40.48 40.375 40.25 40.158 40.08 40.007 39.917 39.865 39.77 39.705 39.595 39.575 39.465 39.415 39.325 39.245 39.19 39.12 39.05 38.998 38.912 38.822 38.743 38.66 38.57 38.555 38.53 38.467 38.41 38.31 38.225
44.847 44.68 44.46 44.27 44.107 43.93 43.76 43.61 43.45 43.305 43.188 43.073 42.963 42.868 42.755 42.688 42.58 42.502 42.405 42.278 42.178 42.07 41.985 41.905 41.847 41.763 41.647 41.57 41.478 41.365 41.27 41.155 41.073 40.945 40.882 40.812 40.737 40.7 40.673 40.605 40.49 40.353 40.202 40.073 39.97 39.868 39.787 39.743 39.65 39.588 39.495 39.438 39.327 39.283 39.188 39.1 39.042 38.993 38.925 38.84 38.798 38.752 38.655 38.568 38.478 38.397 38.325 38.283 38.263 38.205 38.135 38.075 37.978
44.397 44.222 44.013 43.84 43.653 43.498 43.355 43.198 43.065 42.895 42.785 42.692 42.59 42.482 42.39 42.302 42.21 42.105 42.02 41.908 41.808 41.735 41.64 41.56 41.51 41.44 41.34 41.243 41.188 41.075 40.97 40.838 40.753 40.655 40.535 40.49 40.432 40.382 40.365 40.32 40.217 40.077 39.938 39.817 39.702 39.607 39.515 39.44 39.375 39.3 39.228 39.165 39.07 38.997 38.95 38.833 38.778 38.72 38.662 38.575 38.525 38.465 38.387 38.315 38.215 38.127 38.065 38 37.972 37.92 37.888 37.812 37.757
43.972 43.775 43.608 43.417 43.263 43.097 42.938 42.787 42.67 42.497 42.377 42.29 42.2 42.1 42.007 41.93 41.845 41.752 41.67 41.555 41.465 41.382 41.305 41.23 41.165 41.09 41.02 40.958 40.873 40.763 40.678 40.575 40.458 40.335 40.24 40.17 40.125 40.065 40.065 40.018 39.95 39.815 39.69 39.542 39.46 39.34 39.268 39.178 39.112 39.018 38.967 38.877 38.827 38.735 38.685 38.568 38.528 38.47 38.405 38.335 38.245 38.195 38.123 38.062 37.985 37.9 37.823 37.76 37.74 37.677 37.628 37.55 37.507
43.53 43.357 43.182 43.02 42.847 42.685 42.537 42.412 42.275 42.115 41.99 41.893 41.8 41.722 41.638 41.573 41.49 41.393 41.31 41.225 41.135 41.06 40.975 40.928 40.838 40.783 40.728 40.625 40.537 40.47 40.373 40.28 40.16 40.033 39.933 39.872 39.82 39.792 39.792 39.74 39.69 39.573 39.448 39.3 39.215 39.085 39.01 38.915 38.838 38.76 38.695 38.607 38.54 38.443 38.372 38.32 38.228 38.202 38.135 38.075 37.997 37.965 37.888 37.835 37.77 37.695 37.62 37.53 37.455 37.425 37.368 37.323 37.243
43.123 42.963 42.787 42.612 42.438 42.29 42.138 41.995 41.88 41.743 41.62 41.542 41.427 41.353 41.287 41.202 41.132 41.06 40.97 40.908 40.815 40.745 40.653 40.575 40.52 40.47 40.4 40.318 40.24 40.165 40.07 39.975 39.862 39.763 39.645 39.583 39.542 39.525 39.505 39.458 39.405 39.312 39.185 39.065 38.912 38.822 38.75 38.675 38.592 38.522 38.4 38.335 38.257 38.217 38.145 38.077 37.985 37.942 37.897 37.85 37.77 37.728 37.665 37.58 37.518 37.445 37.375 37.3 37.213 37.188 37.105 37.068 37.005
42.693 42.545 42.362 42.202 42.052 41.895 41.752 41.622 41.498 41.375 41.265 41.173 41.07 40.993 40.94 40.87 40.795 40.722 40.647 40.58 40.493 40.425 40.34 40.26 40.198 40.145 40.085 40.013 39.935 39.862 39.79 39.7 39.583 39.505 39.382 39.312 39.265 39.21 39.235 39.188 39.13 39.05 38.94 38.807 38.673 38.58 38.48 38.405 38.325 38.263 38.18 38.095 38.037 37.987 37.92 37.83 37.792 37.715 37.658 37.59 37.535 37.465 37.44 37.35 37.268 37.198 37.13 37.048 36.978 36.917 36.875 36.823 36.79
42.283 42.11 41.975 41.825 41.675 41.542 41.392 41.26 41.145 41.048 40.923 40.815 40.732 40.66 40.588 40.525 40.45 40.39 40.327 40.245 40.165 40.115 40.035 39.952 39.9 39.842 39.79 39.728 39.647 39.577 39.515 39.435 39.327 39.228 39.138 39.05 39.013 38.943 38.935 38.912 38.875 38.802 38.685 38.548 38.455 38.322 38.245 38.155 38.077 38.01 37.91 37.855 37.805 37.78 37.708 37.643 37.575 37.478 37.405 37.368 37.3 37.208 37.182 37.11 37.057 36.958 36.89 36.807 36.757 36.673 36.653 36.58 36.548
41.868 41.732 41.588 41.452 41.312 41.185 41.037 40.9 40.79 40.7 40.588 40.482 40.39 40.322 40.25 40.217 40.143 40.083 40.003 39.923 39.855 39.792 39.722 39.66 39.603 39.548 39.51 39.435 39.355 39.302 39.21 39.147 39.06 38.963 38.89 38.803 38.745 38.715 38.66 38.625 38.592 38.548 38.417 38.302 38.215 38.115 38.003 37.923 37.86 37.792 37.693 37.645 37.592 37.528 37.505 37.405 37.342 37.267 37.173 37.11 37.03 36.995 36.945 36.86 36.8 36.737 36.65 36.607 36.525 36.463 36.405 36.375 36.312
41.49 41.347 41.217 41.09 40.967 40.835 40.69 40.562 40.46 40.362 40.26 40.16 40.062 39.985 39.92 39.862 39.812 39.76 39.682 39.605 39.555 39.493 39.433 39.38 39.3 39.247 39.208 39.153 39.075 39.022 38.963 38.882 38.818 38.72 38.647 38.56 38.49 38.438 38.38 38.333 38.33 38.27 38.147 38.05 37.932 37.872 37.768 37.677 37.623 37.562 37.472 37.432 37.362 37.292 37.243 37.165 37.075 37.028 36.92 36.875 36.827 36.772 36.725 36.658 36.585 36.528 36.442 36.373 36.315 36.275 36.21 36.153 36.1
41.123 40.985 40.86 40.728 40.632 40.482 40.357 40.228 40.122 40.025 39.95 39.847 39.753 39.658 39.58 39.533 39.498 39.452 39.388 39.332 39.268 39.2 39.155 39.085 39.015 38.975 38.925 38.877 38.815 38.755 38.708 38.643 38.565 38.487 38.39 38.3 38.232 38.165 38.092 38.048 38.025 37.987 37.877 37.792 37.702 37.638 37.548 37.448 37.375 37.308 37.243 37.195 37.128 37.09 36.997 36.908 36.84 36.8 36.698 36.632 36.592 36.54 36.467 36.435 36.372 36.365 36.247 36.185 36.12 36.052 35.98 35.92 35.882
40.768 40.625 40.5 40.368 40.268 40.135 40.028 39.893 39.785 39.683 39.63 39.55 39.438 39.362 39.295 39.257 39.217 39.158 39.095 39.045 38.98 38.912 38.878 38.81 38.752 38.722 38.662 38.618 38.555 38.498 38.432 38.38 38.315 38.237 38.13 38.03 37.948 37.873 37.812 37.755 37.743 37.71 37.632 37.545 37.465 37.38 37.302 37.192 37.112 37.033 36.982 36.932 36.882 36.842 36.77 36.69 36.62 36.562 36.47 36.41 36.382 36.35 36.268 36.235 36.16 36.095 36.048 35.965 35.912 35.827 35.783 35.708 35.675
40.412 40.287 40.17 40.05 39.935 39.805 39.693 39.57 39.482 39.36 39.355 39.29 39.175 39.085 39.022 38.967 38.923 38.877 38.812 38.762 38.705 38.645 38.585 38.525 38.478 38.432 38.403 38.357 38.298 38.253 38.2 38.115 38.065 37.98 37.875 37.79 37.677 37.592 37.537 37.467 37.445 37.412 37.353 37.295 37.217 37.13 37.068 36.963 36.885 36.798 36.74 36.655 36.645 36.588 36.548 36.463 36.435 36.345 36.295 36.21 36.17 36.105 36.073 36.005 35.975 35.9 35.855 35.765 35.7 35.625 35.59 35.497 35.478
40.085 39.98 39.855 39.74 39.622 39.513 39.385 39.272 39.175 39.065 39.072 39.053 38.93 38.818 38.737 38.698 38.65 38.61 38.535 38.49 38.458 38.39 38.32 38.272 38.23 38.17 38.14 38.107 38.045 37.985 37.91 37.85 37.787 37.71 37.615 37.515 37.405 37.322 37.245 37.202 37.162 37.13 37.088 37.035 36.972 36.9 36.827 36.732 36.64 36.585 36.51 36.44 36.438 36.375 36.347 36.265 36.225 36.145 36.08 36.015 35.972 35.905 35.857 35.802 35.778 35.705 35.643 35.57 35.502 35.452 35.38 35.32 35.265
39.792 39.665 39.552 39.425 39.315 39.21 39.097 39 38.88 38.79 38.705 38.787 38.675 38.562 38.503 38.44 38.38 38.35 38.287 38.23 38.195 38.127 38.077 38.028 37.982 37.93 37.875 37.833 37.785 37.713 37.64 37.588 37.517 37.433 37.338 37.245 37.145 37.052 36.962 36.927 36.885 36.862 36.857 36.81 36.748 36.673 36.58 36.5 36.417 36.355 36.292 36.235 36.215 36.167 36.107 36.05 35.998 35.965 35.89 35.855 35.763 35.713 35.65 35.623 35.58 35.51 35.443 35.375 35.295 35.26 35.18 35.122 35.08
39.495 39.365 39.25 39.138 39.033 38.915 38.82 38.728 38.603 38.518 38.415 38.45 38.412 38.318 38.248 38.205 38.145 38.095 38.03 37.985 37.92 37.903 37.833 37.787 37.72 37.658 37.605 37.56 37.5 37.455 37.375 37.303 37.237 37.158 37.068 36.958 36.875 36.787 36.708 36.662 36.63 36.612 36.603 36.59 36.522 36.455 36.36 36.287 36.202 36.125 36.07 36.03 35.98 35.95 35.89 35.872 35.798 35.753 35.685 35.632 35.562 35.515 35.463 35.397 35.362 35.312 35.265 35.205 35.128 35.05 34.998 34.932 34.897
39.222 39.088 38.965 38.85 38.76 38.647 38.562 38.458 38.357 38.268 38.167 38.125 38.138 38.06 38.003 37.955 37.897 37.842 37.783 37.728 37.653 37.62 37.54 37.487 37.447 37.382 37.317 37.28 37.225 37.16 37.11 37.03 36.96 36.9 36.812 36.737 36.635 36.542 36.48 36.423 36.38 36.382 36.36 36.338 36.3 36.253 36.165 36.072 35.995 35.905 35.853 35.807 35.743 35.753 35.7 35.658 35.61 35.518 35.495 35.425 35.365 35.295 35.278 35.232 35.18 35.13 35.07 35.007 34.965 34.862 34.82 34.765 34.7
38.935 38.795 38.683 38.585 38.485 38.375 38.28 38.197 38.11 38.007 37.94 37.89 37.868 37.81 37.75 37.695 37.635 37.573 37.507 37.452 37.39 37.335 37.275 37.215 37.175 37.09 37.055 36.985 36.935 36.87 36.815 36.76 36.72 36.65 36.588 36.505 36.412 36.32 36.25 36.198 36.153 36.127 36.113 36.123 36.09 36.038 35.963 35.857 35.775 35.7 35.635 35.585 35.535 35.49 35.465 35.425 35.4 35.325 35.302 35.24 35.2 35.115 35.075 35.013 34.97 34.915 34.882 34.82 34.768 34.68 34.618 34.568 34.51
38.628 38.495 38.395 38.292 38.19 38.103 38.028 37.94 37.853 37.78 37.725 37.653 37.618 37.548 37.51 37.423 37.35 37.29 37.22 37.158 37.122 37.05 36.995 36.917 36.878 36.823 36.778 36.725 36.67 36.628 36.58 36.513 36.467 36.403 36.347 36.287 36.197 36.1 36.042 35.985 35.945 35.925 35.897 35.9 35.872 35.83 35.765 35.643 35.58 35.505 35.433 35.375 35.342 35.29 35.255 35.208 35.188 35.135 35.11 35.045 34.98 34.92 34.862 34.815 34.757 34.708 34.688 34.63 34.6 34.528 34.435 34.395 34.318
38.302 38.208 38.125 38.02 37.93 37.83 37.763 37.7 37.618 37.53 37.475 37.4 37.338 37.27 37.202 37.132 37.062 36.985 36.935 36.875 36.83 36.765 36.733 36.662 36.607 36.592 36.528 36.472 36.438 36.395 36.35 36.295 36.235 36.202 36.132 36.085 35.99 35.9 35.83 35.77 35.728 35.7 35.695 35.677 35.66 35.643 35.552 35.463 35.375 35.302 35.228 35.185 35.138 35.097 35.065 35.01 34.985 34.96 34.903 34.868 34.79 34.76 34.665 34.623 34.562 34.525 34.493 34.452 34.393 34.34 34.265 34.215 34.17
37.982 37.92 37.845 37.76 37.673 37.565 37.5 37.417 37.333 37.265 37.185 37.115 37.062 36.983 36.912 36.835 36.772 36.71 36.667 36.615 36.565 36.513 36.467 36.42 36.355 36.345 36.278 36.262 36.198 36.155 36.145 36.09 36.035 36.005 35.938 35.88 35.792 35.715 35.63 35.573 35.515 35.493 35.478 35.445 35.445 35.4 35.33 35.263 35.178 35.105 35.035 34.982 34.935 34.89 34.86 34.823 34.8 34.763 34.725 34.685 34.627 34.565 34.505 34.432 34.38 34.375 34.312 34.257 34.222 34.18 34.1 34.018 33.993
37.757 37.665 37.603 37.52 37.425 37.325 37.228 37.16 37.085 36.995 36.925 36.855 36.768 36.702 36.612 36.575 36.5 36.452 36.385 36.338 36.298 36.255 36.217 36.185 36.155 36.12 36.08 36.04 35.99 35.955 35.915 35.9 35.84 35.805 35.743 35.675 35.625 35.53 35.463 35.372 35.322 35.278 35.25 35.235 35.228 35.177 35.132 35.068 34.995 34.91 34.85 34.793 34.765 34.702 34.663 34.625 34.615 34.575 34.545 34.487 34.438 34.39 34.322 34.272 34.2 34.16 34.138 34.06 34.028 33.978 33.928 33.847 33.81
37.522 37.44 37.365 37.32 37.213 37.09 36.975 36.897 36.81 36.73 36.645 36.595 36.513 36.455 36.393 36.322 36.27 36.222 36.17 36.13 36.073 36.022 36 35.96 35.912 35.865 35.862 35.82 35.778 35.745 35.707 35.675 35.627 35.588 35.562 35.498 35.425 35.353 35.257 35.182 35.125 35.07 35.035 35.04 35.01 34.972 34.93 34.875 34.812 34.73 34.65 34.58 34.55 34.493 34.47 34.432 34.42 34.378 34.342 34.318 34.263 34.2 34.158 34.068 34.022 34.005 33.938 33.875 33.845 33.81 33.752 33.697 33.61
37.318 37.178 37.13 37.053 36.945 36.818 36.71 36.643 36.55 36.475 36.41 36.347 36.287 36.228 36.17 36.107 36.057 35.993 35.952 35.912 35.868 35.838 35.78 35.768 35.715 35.673 35.65 35.607 35.585 35.515 35.49 35.493 35.425 35.392 35.355 35.292 35.222 35.155 35.065 34.993 34.932 34.862 34.823 34.81 34.788 34.778 34.735 34.682 34.622 34.542 34.47 34.388 34.338 34.298 34.26 34.23 34.208 34.185 34.145 34.11 34.067 34.018 33.955 33.912 33.857 33.787 33.743 33.698 33.66 33.597 33.58 33.518 33.44
37.388 36.897 36.862 36.815 36.698 36.585 36.447 36.385 36.285 36.225 36.158 36.112 36.062 35.995 35.96 35.908 35.845 35.79 35.757 35.708 35.675 35.628 35.588 35.542 35.51 35.472 35.448 35.403 35.372 35.325 35.305 35.272 35.215 35.175 35.132 35.077 35.028 34.963 34.877 34.815 34.73 34.655 34.612 34.585 34.57 34.552 34.535 34.495 34.435 34.365 34.292 34.21 34.14 34.105 34.083 34.05 34.018 33.975 33.952 33.908 33.887 33.827 33.755 33.732 33.662 33.595 33.583 33.548 33.478 33.458 33.375 33.325 33.29
37.228 36.655 36.61 36.562 36.47 36.347 36.225 36.118 36.053 36.007 35.938 35.9 35.853 35.81 35.757 35.713 35.662 35.612 35.562 35.525 35.465 35.42 35.385 35.333 35.318 35.272 35.237 35.22 35.167 35.147 35.103 35.075 35.04 35.003 34.938 34.882 34.817 34.75 34.695 34.615 34.545 34.47 34.427 34.373 34.353 34.338 34.333 34.292 34.26 34.192 34.137 34.055 34 33.932 33.912 33.855 33.827 33.78 33.763 33.715 33.685 33.643 33.595 33.518 33.48 33.438 33.36 33.317 33.305 33.24 33.202 33.16 33.13
37.21 36.465 36.38 36.333 36.265 36.147 36.02 35.905 35.838 35.795 35.745 35.702 35.655 35.607 35.56 35.51 35.46 35.42 35.365 35.342 35.287 35.243 35.2 35.16 35.122 35.088 35.045 35.007 34.97 34.943 34.89 34.87 34.85 34.775 34.728 34.693 34.643 34.573 34.503 34.42 34.347 34.298 34.21 34.18 34.155 34.127 34.13 34.103 34.057 34.013 33.958 33.903 33.812 33.765 33.755 33.7 33.643 33.6 33.573 33.52 33.493 33.455 33.39 33.335 33.307 33.265 33.195 33.138 33.103 33.075 33.025 33.005 32.92
37.02 36.47 36.153 36.107 36.065 35.952 35.845 35.713 35.643 35.592 35.562 35.493 35.448 35.41 35.35 35.333 35.268 35.23 35.18 35.14 35.095 35.042 34.998 34.952 34.92 34.9 34.853 34.795 34.765 34.728 34.697 34.665 34.635 34.575 34.537 34.507 34.432 34.393 34.327 34.247 34.16 34.1 34.037 33.978 33.96 33.917 33.93 33.903 33.875 33.85 33.775 33.73 33.655 33.595 33.54 33.46 33.417 33.395 33.37 33.342 33.29 33.278 33.205 33.17 33.095 33.057 32.975 32.958 32.93 32.887 32.85 32.812 32.768
36.827 36.36 35.912 35.89 35.82 35.753 35.65 35.533 35.46 35.417 35.33 35.287 35.245 35.202 35.153 35.103 35.08 35.028 34.98 34.93 34.897 34.853 34.805 34.77 34.722 34.688 34.643 34.585 34.562 34.515 34.485 34.44 34.428 34.382 34.34 34.298 34.252 34.205 34.15 34.077 34.015 33.923 33.875 33.798 33.75 33.735 33.722 33.722 33.695 33.653 33.597 33.548 33.475 33.412 33.335 33.292 33.23 33.2 33.177 33.16 33.115 33.092 33.035 32.978 32.932 32.855 32.82 32.757 32.728 32.682 32.66 32.627 32.577
36.312 36.308 35.713 35.695 35.63 35.557 35.443 35.342 35.248 35.193 35.132 35.077 35.05 35.01 34.967 34.915 34.888 34.833 34.785 34.72 34.68 34.65 34.592 34.555 34.522 34.485 34.442 34.393 34.353 34.312 34.292 34.243 34.225 34.19 34.153 34.095 34.05 34.01 33.967 33.9 33.818 33.743 33.705 33.625 33.57 33.555 33.515 33.53 33.497 33.458 33.417 33.353 33.307 33.237 33.158 33.127 33.045 33.015 32.985 32.95 32.925 32.882 32.855 32.8 32.765 32.69 32.655 32.59 32.557 32.513 32.487 32.432 32.408
35.778 36.018 35.662 35.5 35.417 35.36 35.257 35.158 35.065 34.998 34.948 34.893 34.85 34.82 34.772 34.715 34.695 34.653 34.585 34.533 34.49 34.45 34.4 34.37 34.32 34.27 34.24 34.193 34.155 34.135 34.077 34.04 34.022 33.998 33.94 33.92 33.865 33.812 33.775 33.71 33.64 33.575 33.513 33.44 33.388 33.345 33.353 33.325 33.318 33.268 33.237 33.188 33.132 33.067 32.995 32.958 32.917 32.853 32.81 32.757 32.757 32.715 32.68 32.635 32.588 32.537 32.475 32.425 32.38 32.358 32.307 32.268 32.222
