Matlab/Roost_data/braunton/dsm/ss4634_DSM_2M.asc
ncols 500
nrows 500
xllcorner    246000
yllcorner    134000
cellsize     2
NODATA_value -9999
[rows 280 to 314 of 500, columns 0 to 78 of 500]
9.615 9.57 9.56 10.708 9.53 9.543 9.543 9.587 9.52 10.17 9.685 9.515 9.528 9.53 9.58 9.532 9.538 9.505 9.535 9.645 9.69 9.677 9.7 9.703 9.717 9.733 9.938 9.83 10.145 10.015 10.333 10.158 10.845 10.335 10.885 10.267 9.812 9.66 10.017 10.005 9.712 9.657 10.24 9.948 10.123 9.875 9.845 9.863 9.89 9.568 9.597 9.642 9.587 9.467 9.523 9.735 9.545 9.583 9.477 9.445 9.398 9.4 9.378 9.405 9.423 9.35 9.363 9.398 9.413 9.48 9.387 9.302 9.278 9.31 9.45 9.528 9.435 9.358 9.312
9.573 9.557 9.54 9.535 10.038 9.573 9.485 9.5 9.545 9.823 9.99 9.512 9.5 9.528 9.493 9.533 10.29 9.488 9.555 9.605 9.75 9.735 9.73 9.715 9.747 9.825 9.94 9.805 9.993 10.038 9.657 10.097 9.935 9.915 9.797 9.675 9.708 9.727 9.642 9.705 9.67 9.653 9.812 10.028 9.84 9.945 9.702 9.55 9.438 9.552 9.445 9.477 9.545 9.638 9.445 9.405 9.413 9.405 9.452 9.667 10.113 10.035 9.587 9.438 9.32 9.455 9.42 9.5 9.438 9.355 9.25 9.265 9.252 9.255 9.325 9.453 9.34 9.267 9.27
9.555 9.5 9.512 9.602 9.507 9.535 9.548 9.535 9.555 9.523 9.7 9.477 9.472 9.488 9.505 9.898 10.738 9.595 9.53 9.597 9.665 9.733 9.775 9.75 9.81 9.89 9.975 9.86 9.835 9.757 9.892 11.637 10.448 9.825 9.925 9.945 9.88 9.847 9.67 9.648 9.725 9.69 9.69 9.743 9.795 9.782 9.712 9.472 9.52 9.865 9.488 9.425 9.452 9.535 9.475 9.455 9.41 9.505 9.59 9.858 9.675 9.49 9.538 9.75 9.34 9.345 9.34 9.403 9.392 9.462 9.31 9.295 9.305 9.288 9.312 9.34 9.292 9.275 9.245
9.65 9.583 9.602 9.562 9.517 9.485 9.545 9.525 9.705 9.565 9.483 9.515 9.52 9.462 9.488 10.653 11.35 11.403 9.523 9.54 9.57 9.637 9.712 9.755 9.94 9.94 9.97 9.99 9.892 9.818 9.845 10.15 10.16 10.205 10.655 9.962 9.892 10.077 9.842 9.665 9.715 9.733 9.66 9.745 9.895 9.815 9.69 9.552 9.745 9.61 9.43 9.37 9.375 9.658 9.585 9.488 9.363 9.445 9.398 9.575 9.435 9.423 9.387 9.445 9.5 9.363 9.312 9.378 9.415 9.415 9.405 9.36 9.33 9.247 9.28 9.583 9.523 9.325 9.323
9.587 9.618 9.6 9.667 9.53 9.485 9.56 9.63 9.653 9.53 9.503 9.475 9.512 9.5 9.52 9.835 9.613 10.29 9.548 9.578 9.96 10.062 9.757 9.585 9.76 9.842 9.925 9.997 9.983 9.95 9.89 10.007 10.387 10.208 10.698 10.225 9.823 9.767 9.775 10.182 10.1 9.767 9.68 9.778 9.863 9.722 9.622 9.762 9.597 9.555 9.385 9.38 9.425 9.538 9.505 9.415 9.415 9.345 9.555 9.37 9.453 9.648 9.455 9.338 9.312 9.358 9.403 9.365 9.467 9.605 9.533 9.413 9.345 9.525 9.312 9.292 9.29 9.302 9.323
9.67 9.557 9.653 9.618 9.533 9.507 9.56 9.578 9.542 9.552 9.53 9.47 9.538 9.545 9.552 9.615 9.65 9.96 9.625 9.583 10.123 9.855 9.825 9.552 9.573 9.738 9.827 10.025 10.408 10.04 10.02 10.033 10.007 10.023 10.21 10.562 10.188 10.085 9.815 10.512 10.195 9.82 9.745 9.7 9.64 9.627 9.503 9.51 9.542 9.472 9.403 9.392 9.472 9.538 9.5 9.377 9.363 9.323 9.275 9.337 9.37 10.01 9.438 9.387 9.375 9.48 12.05 9.452 9.498 9.673 9.49 9.39 9.438 9.59 9.555 9.35 9.255 9.24 9.282
9.608 9.58 9.585 9.545 9.845 9.543 9.535 9.605 9.497 9.497 9.775 9.505 9.548 9.543 9.648 9.753 9.578 10.413 9.895 9.627 9.597 10.118 9.873 9.54 9.495 9.642 9.733 9.983 10.323 10.415 10.087 10.06 10.12 9.977 9.93 9.997 9.93 10.083 9.96 10.093 10 9.887 9.72 10.097 10.705 10.222 9.753 9.552 9.483 9.455 9.448 9.538 9.583 9.578 9.495 9.47 9.44 9.48 9.32 9.33 9.358 9.39 9.405 9.422 9.467 9.443 9.54 9.542 9.47 9.667 9.483 9.45 9.477 9.47 9.42 9.423 9.34 9.292 9.337
9.628 9.588 9.682 10.455 9.538 9.543 9.608 9.54 9.512 9.472 9.655 9.578 9.547 9.538 9.525 9.51 9.533 10.177 10.488 9.488 9.602 9.585 9.762 9.677 9.68 9.677 9.708 9.882 9.905 9.865 9.852 9.92 9.882 9.915 10.752 9.93 10.122 9.985 10.032 10.068 9.96 9.88 9.842 10.015 11.175 10.485 9.925 9.875 9.557 9.515 9.532 9.613 9.667 9.648 9.602 9.525 9.49 9.493 9.372 9.358 9.318 9.312 9.48 10.66 13.365 11.52 9.528 9.34 9.403 9.53 9.58 9.582 9.705 10.208 9.483 9.45 9.38 9.325 9.365
9.667 9.56 9.545 9.667 9.52 9.602 9.68 9.632 9.562 9.547 9.562 9.575 9.56 9.512 9.52 9.472 9.495 9.535 9.528 9.595 9.595 9.55 9.587 9.705 9.863 9.76 9.56 9.78 9.792 9.677 9.775 9.725 9.807 9.847 10.77 10.08 11.39 12.212 10.285 10.385 10.113 9.972 9.877 10.01 10.17 9.745 10.128 9.712 9.767 9.493 9.488 9.552 9.632 9.59 9.618 9.502 9.462 9.443 9.438 10.845 9.745 9.472 9.705 10.908 12.58 9.725 9.615 9.515 9.358 9.42 9.528 9.493 9.538 9.635 9.555 9.48 9.493 9.425 9.332
9.672 9.625 9.59 9.57 9.613 9.698 9.648 9.613 9.672 9.602 9.585 9.65 9.635 9.818 9.475 9.462 9.483 9.498 9.525 9.542 9.79 9.747 9.57 9.67 9.863 9.78 9.613 9.59 9.615 9.62 9.663 9.562 9.585 10.172 9.875 9.993 10.802 9.977 9.837 9.89 9.903 9.932 9.988 10.012 10 10.075 10.015 10.06 9.797 9.528 9.458 9.485 9.637 9.608 9.635 9.5 9.403 9.427 9.415 9.37 9.363 9.555 9.593 9.755 9.915 9.765 9.778 9.65 9.66 9.427 9.488 9.45 9.427 9.422 9.443 9.382 9.32 9.37 9.425
9.767 9.802 9.765 9.745 9.815 9.685 9.632 9.673 9.63 9.812 9.648 9.673 9.55 9.71 9.525 9.528 9.85 9.552 9.512 9.635 9.767 9.55 9.53 9.523 9.67 9.755 9.685 9.56 9.583 9.557 9.552 9.47 9.517 9.49 9.677 9.642 9.907 9.835 9.688 9.852 9.858 10.137 10.23 9.932 9.948 9.868 10.153 9.89 9.695 9.59 9.568 9.488 9.56 9.547 9.77 9.467 9.583 9.762 9.387 9.37 9.373 9.417 9.535 9.628 11.062 10.312 9.815 9.675 9.568 9.557 9.613 9.585 9.345 9.375 9.333 9.25 9.312 9.385 9.417
9.842 9.9 9.875 9.85 9.92 9.668 9.622 9.745 9.735 9.653 9.637 10.085 9.703 9.567 9.595 9.727 9.472 9.555 9.523 9.608 9.65 9.467 9.497 9.503 9.62 9.628 9.585 9.562 9.503 9.547 9.578 9.557 9.48 9.488 9.483 9.51 9.62 9.618 9.655 9.802 10.538 10.185 10.01 9.868 9.86 9.835 9.783 9.66 9.628 9.75 9.568 9.578 9.587 9.762 9.592 9.512 9.592 9.905 9.417 9.372 9.425 9.557 9.432 9.427 11.12 9.778 9.727 9.762 9.83 10.538 9.745 9.778 9.602 9.58 9.365 9.448 9.355 9.285 9.368
9.927 9.903 9.932 9.962 9.873 9.71 9.672 9.738 9.802 9.722 9.59 9.752 9.903 10.653 9.497 9.577 9.452 9.59 10.167 10.38 9.605 9.48 9.548 9.52 9.63 9.847 9.585 9.515 9.472 9.54 9.65 9.61 9.538 9.548 9.45 9.61 9.573 9.543 9.582 9.722 9.812 9.898 9.955 9.93 9.767 9.698 9.675 9.698 9.77 9.757 9.688 9.802 9.625 9.51 9.705 9.56 9.648 9.667 9.532 9.382 9.432 9.5 9.46 9.702 9.512 9.595 9.645 9.622 9.77 10.012 9.693 9.71 10.267 9.733 10.807 9.485 9.495 9.483 9.32
9.793 9.745 9.79 9.868 9.77 9.75 9.698 9.695 9.602 9.6 9.597 9.535 9.56 9.503 9.472 9.568 9.715 9.458 9.655 11.13 10.073 9.455 9.548 9.587 9.72 9.653 9.62 9.493 9.53 9.565 9.637 9.665 9.59 9.5 9.505 9.528 9.5 9.543 9.505 9.548 9.637 9.837 9.82 9.818 9.677 9.657 9.688 9.673 9.875 10.273 9.82 9.762 9.702 9.605 10.375 10.222 9.745 9.905 9.943 9.927 9.73 9.858 9.895 9.782 9.675 9.795 9.493 9.438 9.44 9.472 9.503 9.5 10.46 9.79 9.637 9.845 9.51 9.593 9.39
9.755 9.705 9.783 9.823 9.75 10.102 9.807 9.682 9.605 9.573 9.57 9.548 9.555 9.49 9.45 9.49 9.458 9.493 9.465 9.542 9.8 9.477 9.458 9.865 9.667 9.695 9.618 9.512 9.605 9.58 9.507 9.493 9.545 9.477 9.585 9.5 9.495 9.653 9.51 9.497 9.812 9.673 9.793 9.748 9.75 9.63 9.618 9.637 9.795 9.903 9.892 9.927 9.74 9.695 9.775 9.873 9.672 9.693 9.775 10.04 9.73 9.595 9.695 9.925 10.08 9.65 9.378 9.443 9.612 9.82 9.398 9.562 10.372 10.387 9.868 9.497 9.725 9.345 9.363
9.708 9.762 9.827 9.76 9.77 9.725 9.72 9.717 9.673 9.608 9.578 9.575 9.545 9.495 9.45 9.452 9.458 9.538 9.512 9.715 9.778 9.517 9.65 10.23 9.632 9.485 9.467 9.51 9.583 9.552 9.573 9.71 9.872 9.542 9.53 9.905 9.59 9.495 9.597 9.462 9.557 9.823 9.722 9.795 9.818 9.812 9.648 9.693 9.718 9.885 9.89 9.882 9.898 10.538 10.438 10.488 9.663 9.587 9.488 9.575 9.503 9.443 9.753 9.73 9.628 9.493 9.593 9.49 9.975 9.807 9.532 9.488 10.173 10.222 9.812 9.472 9.415 9.38 9.747
9.682 9.743 9.722 9.645 9.682 9.708 9.707 9.788 9.738 9.655 9.65 9.632 9.595 9.525 9.557 9.525 9.538 9.562 9.605 9.605 9.505 9.525 9.573 9.718 9.66 9.495 9.535 9.642 9.592 9.618 9.642 9.533 9.535 9.54 9.583 9.573 9.55 9.545 9.493 9.542 9.467 9.547 9.637 9.637 9.663 9.802 9.632 9.642 9.797 9.887 9.932 10.148 10.108 10.175 10.625 10.203 9.818 9.503 9.725 9.58 9.705 9.48 9.395 9.413 9.5 9.47 9.507 9.587 9.847 9.562 9.55 9.465 10.017 9.885 9.54 9.837 9.79 9.695 9.472
9.785 9.695 9.837 9.602 9.605 9.655 9.735 9.735 9.75 9.682 9.693 9.67 9.63 9.573 9.693 9.805 9.788 9.77 9.65 9.562 9.51 9.528 10.02 9.67 9.91 9.493 9.618 9.6 9.613 9.51 9.562 9.583 9.54 9.54 9.507 9.49 9.47 9.693 10.745 9.528 9.455 9.562 9.64 9.6 9.637 9.637 9.62 9.67 9.778 9.835 9.83 10.06 9.915 9.962 9.72 9.657 9.48 9.46 9.523 9.733 9.762 10.015 9.51 9.555 9.407 9.538 9.48 9.465 9.582 9.495 9.467 9.398 9.865 9.757 9.53 9.417 11.052 10.592 9.565
9.84 9.783 9.72 9.64 9.61 9.642 9.705 9.73 9.7 9.698 9.78 9.68 9.655 9.657 9.702 9.892 9.948 10.078 9.852 9.82 9.557 9.525 10.35 9.667 9.702 9.555 9.615 9.605 9.625 9.587 9.538 9.755 9.698 9.5 9.693 9.505 9.52 9.962 9.852 9.658 10.638 9.66 9.653 9.585 9.76 9.69 9.653 9.642 9.753 9.792 9.825 9.885 9.915 9.852 9.637 9.905 9.65 9.58 9.578 9.747 9.698 9.648 9.477 9.45 9.427 9.415 9.43 9.422 9.498 9.45 9.448 9.445 9.528 9.573 9.507 9.407 9.395 9.9 9.38
9.945 9.823 9.767 9.682 9.65 9.645 9.653 9.688 9.637 9.653 9.638 9.615 9.708 9.75 9.653 9.61 9.618 10.265 10.225 10.445 9.622 9.55 9.555 9.698 9.64 9.517 9.642 9.622 9.575 9.602 9.552 9.65 9.8 9.715 9.608 9.58 9.515 9.592 9.477 9.738 10.455 9.602 9.545 9.512 9.695 9.725 9.63 9.583 9.703 9.903 9.775 9.825 9.87 9.773 9.64 9.703 9.628 9.618 9.63 9.618 9.618 9.653 9.573 9.49 9.413 9.455 9.443 9.46 9.45 9.387 9.405 9.507 9.725 10.31 10.065 9.57 9.618 9.405 9.392
9.88 9.84 9.785 9.762 9.788 9.695 9.945 9.682 9.65 9.642 9.625 9.615 9.815 9.788 9.677 9.738 9.597 9.618 9.657 9.615 9.585 9.55 9.505 9.637 9.608 9.53 9.557 9.56 9.698 9.545 9.56 9.727 9.788 9.815 9.642 9.557 10.087 9.748 9.948 9.77 9.49 9.727 9.648 9.542 9.557 9.515 9.635 9.517 9.545 9.673 9.705 10.145 9.795 9.828 9.903 9.75 9.717 9.743 9.575 9.5 9.547 9.65 9.632 9.493 9.565 9.608 9.535 9.545 9.943 9.538 9.525 9.722 10.135 10.363 9.72 9.625 9.557 9.44 9.385
9.878 9.895 9.87 9.782 9.75 9.7 9.76 9.727 9.69 9.682 9.712 9.65 9.622 9.642 9.645 9.625 9.625 9.587 9.615 9.592 9.6 9.573 10.94 9.632 9.64 9.597 9.605 9.618 9.623 9.538 9.557 9.693 9.847 9.665 9.69 9.868 9.48 9.64 9.575 10.003 9.545 9.578 9.63 9.632 9.64 9.602 9.682 9.543 9.5 9.488 9.61 9.68 9.807 9.825 9.885 10.01 10.185 9.773 9.612 9.548 9.562 9.635 9.788 9.628 9.57 9.92 9.628 9.573 9.618 9.585 9.59 9.825 9.71 9.7 9.722 10.087 9.61 9.628 9.51
9.82 9.875 9.975 9.79 9.77 9.765 9.733 9.78 9.745 9.66 9.677 9.672 9.65 9.625 9.642 9.667 9.62 9.575 9.575 9.622 9.648 9.632 9.622 9.72 9.665 9.7 9.587 9.533 9.48 9.61 9.622 9.555 9.71 9.715 10.023 10.315 10.26 9.63 9.833 10.105 9.773 9.715 9.608 9.665 9.653 9.618 9.525 9.545 9.503 9.605 9.597 9.765 9.648 9.698 9.875 10.033 10.355 10.068 9.788 9.685 9.56 9.962 9.682 9.64 9.637 9.613 9.64 9.615 9.578 9.64 9.71 9.72 9.81 9.87 9.977 10.297 9.823 9.748 9.75
9.708 9.83 9.788 9.778 9.847 9.807 9.823 9.798 9.815 9.677 9.68 9.645 9.635 9.637 9.618 9.648 9.913 9.585 9.59 9.613 9.608 9.635 9.712 9.743 9.642 9.648 9.542 9.497 9.538 9.587 9.613 9.743 9.783 9.823 9.995 9.648 9.513 10.09 10.215 10.135 9.802 9.645 9.663 9.708 9.62 9.56 9.503 9.5 9.535 9.615 9.528 9.602 9.587 9.51 9.628 9.717 9.767 9.852 9.967 9.613 9.645 9.677 9.635 9.623 9.632 9.618 9.682 9.673 10.828 11.695 10.892 9.762 9.65 9.773 9.802 9.773 9.81 9.748 10.007
9.648 9.637 9.69 9.802 9.81 9.842 11.002 9.748 9.72 9.767 9.785 9.81 9.84 9.747 9.632 9.6 9.6 9.585 9.585 9.59 9.585 9.573 9.805 9.755 9.618 9.648 9.585 9.632 9.562 9.562 9.688 9.92 9.958 9.825 9.858 10.595 9.66 9.865 10.105 9.68 9.64 9.67 9.56 9.595 9.523 9.493 9.54 9.538 9.515 9.503 9.503 9.488 9.542 9.528 9.632 9.5 9.59 9.693 9.615 9.635 9.767 9.823 9.78 9.712 9.7 9.685 9.722 9.71 9.655 10.425 9.955 9.64 9.538 9.487 9.528 9.693 9.75 10.1 10.113
9.545 10.785 9.972 9.717 9.82 10.373 11.705 9.915 9.658 9.77 9.915 9.93 10 9.825 9.762 9.637 9.578 9.578 9.602 9.595 9.55 9.63 9.562 9.743 9.642 9.618 9.583 9.557 9.545 9.532 9.66 9.845 9.94 10.823 10.708 10.708 9.977 10.252 10.267 9.722 9.543 9.525 9.52 9.517 9.51 9.49 9.52 9.5 10.298 9.65 9.535 9.583 9.6 9.57 9.515 9.7 9.505 9.528 9.573 9.635 9.727 9.922 9.915 9.91 9.84 9.812 9.733 9.738 9.812 9.735 9.908 9.775 9.632 9.53 9.512 9.698 9.89 9.773 9.718
9.635 11.125 10.542 10.205 9.783 10.08 9.925 9.762 9.61 10.138 9.97 10 9.98 9.91 9.903 9.637 9.59 9.583 9.562 9.61 9.565 9.882 9.58 9.628 9.62 10.005 9.515 9.528 9.57 9.542 9.628 9.788 9.773 10.94 10.705 10.167 10.51 9.892 9.925 9.658 9.555 9.587 9.538 9.818 9.578 9.435 9.458 9.472 9.565 9.608 9.58 9.545 9.557 9.55 9.85 9.587 9.477 9.502 9.653 9.842 10.007 10.095 9.778 10.068 9.843 10.065 9.962 9.842 9.77 9.727 9.905 9.882 9.837 9.602 9.59 9.825 10.108 9.695 9.64
10.03 9.66 10.435 10.302 9.835 9.73 9.795 10.337 10.083 9.76 9.86 9.977 10.048 9.97 9.847 9.688 9.54 9.625 9.702 9.76 9.725 9.573 9.573 9.632 9.645 9.48 9.507 9.51 9.597 9.552 9.557 9.68 9.955 10.403 10.58 9.932 9.847 9.8 9.767 9.63 9.5 9.458 9.465 9.89 9.79 9.46 9.78 9.698 9.56 9.755 9.543 9.562 9.61 9.452 9.583 9.66 9.578 9.472 9.67 9.858 9.835 9.865 9.965 10.475 10.887 10.503 9.995 10.06 9.872 10.2 9.85 9.845 9.733 9.637 9.66 9.702 9.63 9.712 9.467
9.54 9.57 9.905 10.105 9.663 9.682 10.19 9.845 9.565 9.795 9.823 9.997 9.93 9.84 9.8 9.65 9.47 9.658 9.833 9.905 9.855 9.642 9.68 9.757 10.052 9.452 9.465 9.73 9.682 9.555 9.573 9.622 9.637 9.785 9.82 9.785 9.788 9.85 10.07 9.698 9.64 9.695 9.975 9.693 9.863 9.512 9.738 9.875 10.132 10.247 10.042 9.477 9.54 9.927 9.517 9.512 9.487 9.805 9.52 9.62 10.477 10.14 10.405 9.665 9.698 9.762 9.923 10.495 10.337 9.887 9.965 9.733 10.705 9.89 10.11 9.642 9.56 9.608 9.485
9.637 10.05 10.375 9.658 9.648 9.805 10.217 10.45 9.47 9.65 9.795 11.368 9.95 9.87 9.967 9.715 9.547 9.653 9.852 10.582 9.94 9.642 9.658 10.075 10.41 11.262 10.015 9.552 9.45 9.59 9.745 9.615 9.63 9.733 9.663 9.73 9.733 9.927 10.125 10.342 10.097 9.693 9.595 9.618 9.497 10.385 9.837 10.24 10.882 9.715 9.967 9.6 9.738 10.51 11.39 9.45 11.325 10.855 9.68 9.86 10.04 9.915 9.932 9.94 9.693 10.382 9.98 9.94 10.547 10.375 9.965 9.837 9.99 9.775 10.135 9.87 9.597 9.645 9.743
9.618 9.795 9.583 9.717 9.79 9.852 9.94 9.515 10.323 10.195 9.828 9.895 9.865 9.863 9.988 11.175 9.842 9.605 9.767 9.825 9.785 9.623 9.747 10.637 10.35 9.835 9.752 9.457 9.525 10.302 9.65 9.577 9.54 9.517 10.337 9.58 9.578 9.712 9.84 10.215 9.938 9.74 10.025 9.58 9.443 9.577 9.798 9.69 10.355 9.568 9.51 9.467 10.927 12.325 11.108 10.515 11.18 9.722 9.887 11.267 11.115 9.65 9.677 9.615 10.028 9.667 9.753 9.852 10.055 10.04 10.017 10.365 9.988 9.898 10.01 9.783 9.635 9.847 10.003
9.923 9.632 9.6 9.845 10.015 9.782 9.675 9.915 10.025 9.73 9.698 9.827 9.677 9.795 9.828 9.818 9.81 9.61 9.635 9.695 9.672 10.618 10.005 10.525 10.4 9.91 9.657 9.885 9.57 10.925 9.64 9.458 9.995 9.54 9.578 9.485 9.618 9.795 11.028 9.86 9.823 10.405 10.72 10.96 10.115 9.757 11.663 10.285 10.34 10.547 9.925 9.54 10.27 9.48 9.602 9.693 9.767 9.568 9.7 10.255 10.96 9.578 9.565 9.568 9.495 9.54 9.945 10.24 9.898 9.972 10.068 10.15 9.945 9.882 9.86 9.988 9.82 9.823 9.905
10.298 9.665 9.807 10.043 10.025 9.665 9.56 9.63 9.702 9.515 9.538 9.89 9.72 9.855 9.587 9.575 9.688 9.502 9.69 9.657 10.852 9.795 9.688 9.845 10.19 10.243 9.93 9.58 9.575 11.198 10.267 9.613 9.935 10.185 10.385 10.295 10.2 10.26 10.467 10.435 12.113 10.523 9.668 10.64 11.253 10.137 10.062 10.833 9.892 9.483 10.052 10.18 10.137 11.41 9.497 9.49 9.57 9.448 9.512 9.64 9.587 9.435 9.532 9.495 10.042 9.545 9.815 9.735 9.72 10.01 10.34 10.015 9.908 9.912 9.967 9.972 9.96 9.94 9.95
10.073 10.26 10.182 10.048 9.738 9.725 9.765 9.615 9.545 9.613 9.62 9.837 10.415 10.875 9.795 9.538 9.725 9.577 10.025 9.51 9.955 9.91 9.773 9.825 9.452 9.5 9.667 10.452 10.235 10.597 10.09 10.265 10.173 9.677 11.267 10.983 10.005 10.438 9.863 10.363 10.792 10.427 9.99 10.398 10.175 10.318 10.038 10.783 10.615 10.8 10.262 9.882 9.858 9.542 9.49 10.007 10.795 10.337 10.2 9.555 9.448 9.497 9.523 9.577 9.483 9.485 9.608 9.56 9.852 9.733 10.177 9.932 9.878 9.97 10.08 10.03 9.97 9.957 9.993
9.995 9.882 9.925 9.81 9.753 9.802 9.807 9.71 9.653 9.665 9.685 9.685 9.682 9.727 9.948 9.708 9.597 9.547 9.59 9.64 9.56 9.9 9.693 9.68 9.448 9.552 9.65 10.078 10.115 9.485 10.43 10.637 10.08 10.023 10.722 10.247 9.868 9.568 9.497 9.727 9.753 9.965 10.38 9.743 9.528 9.615 9.915 10.417 10.12 9.795 9.587 9.495 9.8 9.65 9.562 9.513 9.66 9.585 9.485 9.568 9.548 9.653 9.882 9.943 9.852 9.75 9.835 9.83 9.89 9.845 10.21 9.913 9.85 9.93 10.025 9.925 9.917 9.932 9.993
