Matlab/Roost_data/braunton/dsm/ss4638_DSM_2M.asc
ncols 500
nrows 500
xllcorner    246000
yllcorner    138000
cellsize     2
NODATA_value -9999
[rows 420 to 449 of 500, columns 138 to 206 of 500]
78.932 78.667 78.423 78.177 77.918 77.658 77.395 77.11 76.85 76.607 76.338 76.073 75.827 75.56 75.26 74.978 74.71 74.405 74.103 73.815 73.52 73.215 72.935 72.643 72.363 72.077 71.815 71.52 71.243 70.97 70.698 70.405 70.12 69.827 69.558 69.272 68.993 68.713 68.435 68.155 67.868 67.58 67.298 67.025 66.738 66.482 66.173 65.868 65.525 65.193 64.85 64.525 64.228 63.925 63.622 63.29 62.975 62.68 62.4 62.132 61.875 61.618 61.333 61.048 60.795 60.537 60.257 59.972 59.685
78.217 77.963 77.695 77.447 77.198 76.958 76.675 76.4 76.13 75.88 75.618 75.378 75.115 74.855 74.595 74.322 74.048 73.77 73.475 73.165 72.863 72.565 72.285 71.995 71.702 71.435 71.145 70.872 70.592 70.305 70.025 69.747 69.46 69.18 68.86 68.62 68.357 68.073 67.792 67.495 67.225 66.943 66.675 66.395 66.16 65.905 65.66 65.37 65.048 64.743 64.412 64.092 63.785 63.482 63.178 62.878 62.577 62.29 62.03 61.783 61.52 61.243 60.955 60.658 60.377 60.1 59.818 59.51 59.198
77.545 77.28 77.027 76.77 76.505 76.268 76.003 75.728 75.467 75.205 74.95 74.695 74.435 74.16 73.917 73.643 73.38 73.118 72.817 72.51 72.215 71.928 71.63 71.338 71.06 70.79 70.515 70.222 69.94 69.675 69.395 69.105 68.842 68.568 68.315 67.995 67.715 67.46 67.192 66.908 66.622 66.338 66.068 65.83 65.588 65.36 65.13 64.905 64.635 64.31 63.983 63.673 63.377 63.103 62.8 62.51 62.208 61.923 61.665 61.397 61.145 60.858 60.553 60.24 59.94 59.642 59.333 59.01 58.708
76.938 76.658 76.387 76.132 75.885 75.622 75.355 75.105 74.84 74.577 74.312 74.06 73.817 73.557 73.292 73.01 72.743 72.463 72.168 71.885 71.592 71.298 71.022 70.725 70.442 70.16 69.882 69.583 69.315 69.035 68.753 68.473 68.215 67.945 67.662 67.39 67.113 66.838 66.572 66.318 66.055 65.783 65.56 65.298 65.07 64.882 64.702 64.482 64.22 63.915 63.6 63.305 63.02 62.72 62.417 62.12 61.82 61.552 61.272 60.997 60.708 60.415 60.103 59.802 59.465 59.138 58.83 58.522 58.252
76.34 76.07 75.802 75.562 75.303 75.055 74.787 74.537 74.272 74.005 73.745 73.488 73.23 72.97 72.715 72.46 72.18 71.882 71.605 71.307 71.012 70.728 70.442 70.14 69.863 69.603 69.3 69.015 68.72 68.455 68.167 67.92 67.643 67.372 67.125 66.842 66.57 66.32 66.077 65.827 65.562 65.332 65.067 64.848 64.62 64.425 64.25 64.055 63.815 63.553 63.257 62.947 62.643 62.338 62.04 61.72 61.45 61.165 60.855 60.577 60.292 59.965 59.635 59.3 58.96 58.66 58.357 58.07 57.8
75.798 75.527 75.287 75.025 74.77 74.518 74.275 74.012 73.757 73.493 73.247 72.978 72.705 72.463 72.193 71.938 71.655 71.38 71.092 70.798 70.495 70.188 69.9 69.63 69.348 69.055 68.777 68.497 68.217 67.952 67.677 67.408 67.147 66.887 66.625 66.36 66.107 65.865 65.64 65.372 65.15 64.893 64.655 64.41 64.19 63.982 63.818 63.647 63.443 63.185 62.905 62.57 62.268 61.958 61.645 61.333 61.048 60.75 60.43 60.138 59.817 59.48 59.11 58.787 58.478 58.195 57.905 57.618 57.36
75.293 75.037 74.805 74.545 74.292 74.048 73.805 73.535 73.26 73.007 72.755 72.485 72.225 71.985 71.723 71.465 71.185 70.893 70.607 70.312 70.018 69.725 69.435 69.155 68.882 68.61 68.327 68.065 67.785 67.507 67.235 66.97 66.715 66.452 66.177 65.925 65.692 65.448 65.202 64.98 64.723 64.488 64.215 63.958 63.743 63.56 63.382 63.23 63.037 62.798 62.513 62.2 61.88 61.545 61.222 60.923 60.61 60.312 59.99 59.647 59.312 58.96 58.618 58.307 58.005 57.717 57.423 57.17 56.938
74.818 74.57 74.325 74.073 73.82 73.58 73.317 73.058 72.787 72.552 72.295 72.037 71.783 71.533 71.277 71.007 70.728 70.452 70.158 69.863 69.575 69.283 68.993 68.728 68.465 68.193 67.923 67.65 67.375 67.098 66.823 66.568 66.292 66.02 65.75 65.518 65.285 65.03 64.807 64.562 64.323 64.052 63.787 63.55 63.325 63.09 62.903 62.75 62.583 62.362 62.105 61.79 61.443 61.107 60.775 60.482 60.15 59.847 59.49 59.132 58.795 58.46 58.147 57.838 57.557 57.272 56.998 56.753 56.522
74.348 74.11 73.855 73.605 73.365 73.115 72.855 72.605 72.355 72.107 71.865 71.613 71.34 71.092 70.832 70.573 70.302 70.005 69.713 69.43 69.137 68.845 68.565 68.302 68.033 67.777 67.495 67.215 66.965 66.683 66.405 66.132 65.885 65.607 65.34 65.098 64.875 64.632 64.37 64.135 63.875 63.628 63.362 63.107 62.83 62.605 62.403 62.255 62.087 61.877 61.615 61.323 60.995 60.645 60.312 59.993 59.667 59.318 58.97 58.63 58.288 57.96 57.675 57.368 57.1 56.827 56.58 56.355 56.132
73.88 73.62 73.378 73.125 72.882 72.643 72.378 72.14 71.89 71.662 71.387 71.132 70.878 70.625 70.375 70.12 69.83 69.542 69.253 68.96 68.69 68.41 68.132 67.868 67.605 67.338 67.067 66.808 66.542 66.253 65.99 65.715 65.448 65.19 64.933 64.675 64.423 64.173 63.955 63.693 63.443 63.202 62.915 62.63 62.368 62.12 61.885 61.713 61.548 61.357 61.107 60.817 60.482 60.142 59.805 59.465 59.11 58.775 58.448 58.115 57.79 57.472 57.193 56.928 56.665 56.412 56.17 55.955 55.748
73.39 73.15 72.897 72.652 72.4 72.158 71.925 71.665 71.42 71.18 70.902 70.66 70.405 70.158 69.895 69.635 69.355 69.077 68.792 68.507 68.24 67.955 67.688 67.43 67.18 66.893 66.615 66.345 66.075 65.8 65.542 65.292 65.012 64.747 64.5 64.238 64 63.77 63.515 63.263 62.997 62.725 62.445 62.153 61.875 61.597 61.35 61.167 61.005 60.84 60.575 60.308 59.975 59.628 59.265 58.905 58.588 58.248 57.925 57.607 57.29 57 56.737 56.495 56.255 56.022 55.787 55.6 55.4
72.875 72.635 72.393 72.145 71.908 71.658 71.405 71.162 70.923 70.665 70.423 70.178 69.925 69.675 69.415 69.147 68.882 68.605 68.322 68.037 67.757 67.482 67.223 66.97 66.702 66.432 66.162 65.897 65.618 65.342 65.092 64.827 64.552 64.28 64.052 63.823 63.585 63.335 63.075 62.82 62.55 62.255 61.97 61.688 61.393 61.12 60.853 60.635 60.467 60.272 60.04 59.743 59.405 59.048 58.7 58.365 58.057 57.737 57.417 57.12 56.83 56.553 56.315 56.08 55.847 55.63 55.405 55.21 55.04
72.365 72.128 71.887 71.643 71.4 71.15 70.902 70.658 70.42 70.17 69.93 69.677 69.44 69.177 68.928 68.66 68.385 68.12 67.82 67.545 67.285 67.01 66.753 66.488 66.217 65.958 65.685 65.423 65.158 64.905 64.637 64.365 64.095 63.845 63.615 63.39 63.147 62.882 62.623 62.355 62.085 61.8 61.507 61.193 60.892 60.6 60.353 60.112 59.92 59.705 59.465 59.167 58.825 58.51 58.175 57.853 57.51 57.22 56.932 56.645 56.368 56.138 55.903 55.682 55.463 55.25 55.048 54.882 54.713
71.863 71.618 71.365 71.125 70.885 70.632 70.382 70.143 69.89 69.655 69.403 69.16 68.912 68.665 68.42 68.147 67.872 67.6 67.32 67.035 66.77 66.518 66.262 66.003 65.753 65.485 65.225 64.967 64.705 64.425 64.162 63.908 63.665 63.403 63.162 62.935 62.675 62.417 62.162 61.882 61.6 61.302 61.015 60.71 60.4 60.11 59.827 59.58 59.355 59.12 58.882 58.6 58.29 57.978 57.632 57.323 57.02 56.71 56.435 56.202 55.95 55.735 55.52 55.327 55.092 54.905 54.728 54.557 54.658
71.32 71.083 70.847 70.605 70.365 70.11 69.842 69.618 69.378 69.128 68.88 68.655 68.408 68.147 67.897 67.625 67.353 67.085 66.832 66.557 66.29 66.04 65.785 65.527 65.288 65.025 64.757 64.48 64.23 63.98 63.713 63.463 63.193 62.938 62.735 62.485 62.222 61.958 61.688 61.405 61.103 60.812 60.513 60.208 59.9 59.595 59.302 59.05 58.833 58.597 58.338 58.062 57.768 57.45 57.162 56.825 56.517 56.24 56.002 55.763 55.542 55.353 55.14 54.95 54.76 54.57 54.435 55.075 55.327
70.78 70.525 70.283 70.033 69.802 69.535 69.295 69.055 68.83 68.605 68.353 68.12 67.882 67.66 67.39 67.113 66.845 66.588 66.325 66.05 65.788 65.543 65.305 65.045 64.787 64.528 64.27 64.04 63.775 63.525 63.253 62.99 62.732 62.517 62.29 62.028 61.752 61.487 61.205 60.92 60.632 60.32 60.02 59.717 59.377 59.07 58.82 58.54 58.312 58.085 57.833 57.56 57.285 56.972 56.645 56.355 56.062 55.795 55.58 55.37 55.167 54.975 54.792 54.61 54.63 54.817 55.545 55.002 54.097
70.19 69.945 69.715 69.467 69.22 68.97 68.725 68.507 68.285 68.037 67.812 67.562 67.333 67.107 66.857 66.583 66.327 66.06 65.803 65.55 65.295 65.065 64.815 64.575 64.31 64.06 63.825 63.56 63.285 63.045 62.802 62.518 62.28 62.057 61.82 61.557 61.287 61.007 60.722 60.435 60.12 59.805 59.502 59.19 58.89 58.588 58.307 58.057 57.792 57.585 57.375 57.105 56.827 56.53 56.23 55.912 55.647 55.408 55.213 54.987 54.812 54.622 54.46 54.653 55.365 55.24 54.467 53.55 53.075
69.58 69.35 69.115 68.875 68.632 68.395 68.167 67.933 67.698 67.485 67.257 67.012 66.783 66.548 66.305 66.055 65.81 65.56 65.305 65.053 64.82 64.565 64.327 64.09 63.855 63.603 63.333 63.083 62.853 62.583 62.315 62.077 61.827 61.595 61.335 61.073 60.792 60.513 60.217 59.912 59.603 59.298 58.985 58.693 58.41 58.097 57.82 57.565 57.322 57.118 56.908 56.688 56.432 56.13 55.82 55.53 55.278 55.055 54.857 54.662 54.51 54.445 55.005 55.482 54.833 54.14 53.202 52.847 52.73
68.985 68.717 68.478 68.28 68.04 67.81 67.573 67.355 67.113 66.893 66.68 66.452 66.215 65.985 65.775 65.54 65.287 65.042 64.785 64.54 64.312 64.095 63.84 63.6 63.357 63.112 62.847 62.603 62.353 62.09 61.812 61.57 61.335 61.1 60.84 60.555 60.272 59.987 59.705 59.408 59.105 58.805 58.515 58.198 57.91 57.622 57.35 57.083 56.888 56.688 56.493 56.3 56.033 55.755 55.482 55.177 54.938 54.705 54.51 54.37 55.138 55.22 54.935 54.393 53.515 52.805 52.677 52.57 52.438
68.357 68.132 67.895 67.63 67.38 67.173 66.955 66.753 66.522 66.29 66.077 65.868 65.647 65.445 65.202 64.978 64.732 64.48 64.238 64.007 63.785 63.57 63.333 63.1 62.85 62.592 62.333 62.092 61.815 61.542 61.315 61.07 60.825 60.585 60.33 60.048 59.772 59.482 59.2 58.895 58.607 58.315 58.028 57.735 57.448 57.165 56.905 56.665 56.445 56.27 56.103 55.897 55.667 55.388 55.128 54.855 54.635 54.452 54.403 55.208 55.345 54.625 53.84 52.985 52.645 52.493 52.368 52.262 52.143
67.717 67.488 67.255 67.022 66.77 66.505 66.32 66.12 65.908 65.7 65.482 65.27 65.052 64.825 64.618 64.38 64.152 63.92 63.695 63.467 63.243 63.022 62.783 62.542 62.292 62.05 61.795 61.55 61.26 61.04 60.78 60.53 60.287 60.05 59.787 59.528 59.243 58.972 58.705 58.417 58.123 57.85 57.56 57.275 56.987 56.743 56.472 56.255 56.07 55.903 55.725 55.535 55.322 55.075 54.823 54.568 54.357 54.643 55.13 54.96 54.18 53.035 52.585 52.455 52.33 52.208 52.088 51.975 51.845
67.053 66.827 66.588 66.357 66.155 65.917 65.662 65.465 65.305 65.075 64.848 64.66 64.445 64.22 64.005 63.792 63.555 63.327 63.097 62.915 62.682 62.45 62.21 61.985 61.72 61.47 61.217 60.963 60.702 60.483 60.24 59.993 59.772 59.54 59.29 59.033 58.753 58.48 58.205 57.925 57.64 57.375 57.097 56.847 56.6 56.342 56.103 55.917 55.71 55.555 55.377 55.188 54.945 54.717 54.545 54.57 54.65 54.443 54.007 53.158 52.562 52.38 52.275 52.132 52.013 51.915 51.768 51.635 51.5
66.402 66.182 65.967 65.75 65.518 65.29 65.097 64.825 64.615 64.433 64.217 64.018 63.822 63.6 63.362 63.15 62.927 62.722 62.495 62.292 62.072 61.858 61.635 61.385 61.147 60.905 60.665 60.38 60.173 59.935 59.693 59.463 59.24 59 58.76 58.507 58.257 57.998 57.725 57.455 57.19 56.935 56.688 56.448 56.195 55.958 55.743 55.552 55.388 55.198 54.995 54.72 54.678 54.787 54.982 54.455 53.475 52.875 52.58 52.35 52.188 52.072 51.943 51.807 51.68 51.548 51.417 51.298 51.155
65.783 65.565 65.33 65.095 64.87 64.647 64.433 64.213 63.97 63.745 63.575 63.347 63.155 62.94 62.717 62.51 62.305 62.09 61.893 61.7 61.475 61.265 61.035 60.798 60.552 60.31 60.052 59.812 59.595 59.378 59.153 58.94 58.717 58.487 58.247 58.01 57.75 57.493 57.243 57 56.74 56.522 56.283 56.05 55.835 55.61 55.43 55.222 55.035 54.76 54.595 54.708 54.82 54.458 53.738 52.912 52.525 52.377 52.215 52.04 51.88 51.757 51.62 51.472 51.322 51.198 51.055 50.92 50.787
65.128 64.88 64.645 64.415 64.177 63.975 63.765 63.548 63.345 63.125 62.882 62.693 62.52 62.295 62.08 61.875 61.673 61.465 61.267 61.065 60.85 60.635 60.41 60.18 59.945 59.71 59.47 59.268 59.048 58.827 58.623 58.412 58.198 57.972 57.73 57.522 57.268 57.025 56.795 56.57 56.353 56.12 55.895 55.677 55.48 55.32 55.125 54.915 54.643 54.87 54.92 54.32 53.643 52.835 52.455 52.33 52.213 52.052 51.882 51.728 51.58 51.427 51.27 51.11 50.978 50.842 50.69 50.568 50.443
64.455 64.223 64.012 63.775 63.552 63.333 63.105 62.903 62.678 62.463 62.257 62.03 61.812 61.645 61.438 61.225 61.022 60.835 60.635 60.445 60.235 60.02 59.798 59.568 59.34 59.112 58.917 58.71 58.517 58.317 58.107 57.893 57.678 57.47 57.248 57.033 56.825 56.59 56.36 56.138 55.933 55.748 55.54 55.355 55.158 54.96 54.948 55.325 55.042 54.595 53.52 52.673 52.442 52.278 52.14 52.01 51.868 51.732 51.57 51.408 51.253 51.105 50.94 50.77 50.61 50.49 50.345 50.198 50.062
63.84 63.592 63.345 63.107 62.882 62.66 62.425 62.208 62.005 61.802 61.615 61.423 61.193 60.967 60.79 60.6 60.378 60.2 60.01 59.815 59.6 59.4 59.205 59.003 58.772 58.577 58.375 58.182 57.982 57.785 57.565 57.378 57.178 56.99 56.778 56.56 56.373 56.153 55.94 55.748 55.56 55.373 55.16 54.998 55.183 55.518 55.545 54.878 53.618 52.575 52.38 52.247 52.107 51.972 51.833 51.698 51.533 51.377 51.237 51.088 50.917 50.737 50.585 50.43 50.253 50.11 49.997 49.84 49.7
63.162 62.925 62.68 62.455 62.232 62.007 61.778 61.562 61.36 61.155 60.963 60.775 60.552 60.338 60.155 59.985 59.772 59.61 59.415 59.228 59.028 58.838 58.635 58.43 58.22 58.035 57.847 57.658 57.463 57.275 57.097 56.897 56.708 56.513 56.323 56.125 55.938 55.732 55.56 55.365 55.18 54.93 55.198 55.575 55.495 54.528 53.382 52.463 52.302 52.145 52.007 51.885 51.783 51.643 51.495 51.342 51.202 51.033 50.868 50.717 50.557 50.382 50.243 50.083 49.915 49.757 49.603 49.487 49.368
62.513 62.278 62.042 61.803 61.577 61.35 61.125 60.938 60.732 60.545 60.353 60.175 59.967 59.752 59.548 59.355 59.198 59 58.835 58.658 58.455 58.257 58.077 57.862 57.695 57.51 57.325 57.147 56.975 56.778 56.605 56.408 56.217 56.062 55.877 55.688 55.537 55.327 55.125 55 54.978 55.353 54.425 53.917 53.022 52.49 52.295 52.112 51.978 51.812 51.682 51.548 51.435 51.29 51.145 50.982 50.835 50.662 50.513 50.342 50.193 50.048 49.885 49.73 49.557 49.412 49.272 49.138 49.01
61.873 61.635 61.405 61.182 60.963 60.752 60.53 60.335 60.135 59.945 59.755 59.555 59.355 59.153 58.965 58.783 58.628 58.452 58.278 58.09 57.908 57.725 57.518 57.358 57.192 57.028 56.855 56.675 56.495 56.322 56.14 55.967 55.807 55.63 55.452 55.243 55.075 55.005 54.74 55.147 54.583 53.995 52.685 52.395 52.215 52.073 51.935 51.78 51.637 51.493 51.35 51.18 51.06 50.935 50.792 50.625 50.465 50.3 50.138 49.99 49.847 49.695 49.52 49.36 49.235 49.092 48.945 48.785 48.66
