Matlab/Roost_data/braunton/dsm/ss4635_DSM_2M.asc
ncols 500
nrows 500
xllcorner    246000
yllcorner    135000
cellsize     2
NODATA_value -9999
[rows 280 to 314 of 500, columns 395 to 473 of 500]
5.2 5.177 5.155 5.142 5.125 5.115 5.115 5.102 5.09 5.09 5.088 5.073 5.082 5.068 5.062 5.043 5.017 4.99 4.972 4.963 4.948 4.943 4.93 4.925 4.935 4.938 4.938 4.935 4.938 4.93 4.932 4.927 4.922 4.922 4.925 4.935 4.925 4.922 4.918 4.88 4.855 4.83 4.805 4.8 4.79 4.755 4.747 4.758 4.77 4.767 4.755 4.75 4.73 4.762 4.81 4.843 4.863 4.903 4.923 5.023 5.04 5.043 4.695 4.475 5.012 6.13 4.94 4.5 4.6 4.775 5.22 5.233 5.05 5.7 5.878 6.578 6.283 4.48 4.505
5.193 5.168 5.16 5.15 5.14 5.137 5.122 5.125 5.1 5.085 5.085 5.082 5.08 5.068 5.06 5.043 5.025 4.997 4.967 4.95 4.955 4.957 4.95 4.952 4.957 4.957 4.95 4.94 4.943 4.927 4.923 4.915 4.918 4.905 4.915 4.927 4.915 4.905 4.89 4.875 4.86 4.828 4.81 4.8 4.795 4.767 4.75 4.77 4.783 4.783 4.773 4.755 4.74 4.783 4.83 4.815 4.87 4.892 4.887 5.052 5.075 5.003 4.79 4.663 5.215 6.23 5.023 4.545 4.63 4.615 4.645 4.597 4.637 5.392 5.36 4.775 4.55 4.477 4.46
5.182 5.17 5.155 5.148 5.137 5.122 5.125 5.097 5.092 5.085 5.09 5.095 5.09 5.097 5.088 5.073 5.06 5.028 5 4.977 4.957 4.95 4.945 4.938 4.945 4.95 4.94 4.945 4.94 4.94 4.93 4.927 4.93 4.92 4.923 4.938 4.915 4.918 4.91 4.898 4.87 4.85 4.832 4.818 4.798 4.775 4.755 4.75 4.735 4.72 4.733 4.73 4.725 4.755 4.825 4.79 4.843 4.855 4.885 5.035 5.095 5.005 5.653 5.387 5.405 7.005 5.073 4.548 4.582 4.597 4.602 4.575 4.58 4.75 4.58 4.477 4.463 4.452 4.44
5.185 5.172 5.153 5.16 5.137 5.128 5.12 5.097 5.1 5.088 5.082 5.085 5.077 5.085 5.068 5.057 5.043 5.023 4.997 4.98 4.967 4.965 4.948 4.955 4.955 4.948 4.94 4.947 4.957 4.943 4.93 4.935 4.92 4.925 4.932 4.945 4.935 4.947 4.922 4.903 4.875 4.865 4.835 4.812 4.803 4.788 4.765 4.76 4.758 4.743 4.755 4.73 4.72 4.762 4.767 4.75 4.81 4.827 4.9 5.033 4.947 4.88 5.55 5.02 5.49 7.145 4.562 4.552 4.552 4.573 4.595 4.545 4.553 4.54 4.497 4.465 4.44 4.45 4.448
5.185 5.168 5.158 5.142 5.128 5.115 5.1 5.093 5.092 5.085 5.088 5.085 5.088 5.075 5.073 5.06 5.05 5.028 5.005 4.975 4.963 4.95 4.95 4.95 4.943 4.952 4.95 4.965 4.957 4.96 4.957 4.938 4.935 4.927 4.94 4.943 4.94 4.938 4.922 4.91 4.887 4.882 4.85 4.825 4.81 4.79 4.778 4.763 4.753 4.745 4.742 4.733 4.72 4.77 4.742 4.745 4.765 4.783 4.93 5 4.943 4.747 4.535 5.04 6.15 6.512 5.905 4.565 4.565 4.565 4.545 4.495 4.54 4.53 4.505 4.455 4.445 4.438 4.45
5.18 5.17 5.165 5.162 5.135 5.122 5.108 5.1 5.09 5.09 5.073 5.065 5.073 5.068 5.068 5.06 5.055 5.035 4.997 4.97 4.96 4.952 4.95 4.95 4.943 4.93 4.947 4.952 4.95 4.952 4.957 4.935 4.93 4.932 4.923 4.938 4.95 4.938 4.938 4.923 4.912 4.882 4.878 4.863 4.832 4.825 4.805 4.803 4.773 4.763 4.76 4.742 4.738 4.778 4.725 4.755 4.76 4.79 4.94 4.96 4.977 4.585 4.51 5.26 5.798 6.63 4.76 4.58 4.59 4.56 4.512 4.505 4.53 4.53 4.472 4.425 4.42 4.423 4.43
5.162 5.148 5.14 5.125 5.108 5.105 5.09 5.088 5.082 5.082 5.08 5.07 5.078 5.075 5.08 5.073 5.062 5.04 5.003 4.972 4.957 4.938 4.932 4.918 4.915 4.925 4.935 4.947 4.952 4.952 4.943 4.94 4.932 4.948 4.932 4.932 4.932 4.927 4.92 4.918 4.898 4.89 4.883 4.863 4.838 4.835 4.825 4.818 4.788 4.767 4.753 4.738 4.755 4.76 4.713 4.745 4.753 4.798 4.912 4.947 4.925 4.512 4.935 5.17 6.758 5.775 4.545 4.552 4.56 4.515 4.53 4.495 4.535 4.497 4.467 4.42 4.415 4.42 4.412
5.162 5.158 5.145 5.14 5.113 5.082 5.073 5.075 5.057 5.057 5.048 5.05 5.048 5.052 5.065 5.065 5.055 5.05 5.023 5 4.972 4.938 4.925 4.922 4.93 4.938 4.938 4.943 4.947 4.955 4.955 4.952 4.952 4.943 4.93 4.938 4.927 4.932 4.92 4.927 4.907 4.883 4.88 4.852 4.838 4.825 4.807 4.81 4.783 4.773 4.753 4.742 4.773 4.735 4.715 4.72 4.72 4.84 4.89 4.95 4.795 4.605 5.073 5.685 6.63 4.783 4.552 4.557 4.543 4.492 4.525 4.495 4.488 4.467 4.445 4.412 4.392 4.398 4.392
5.168 5.158 5.145 5.125 5.117 5.108 5.082 5.075 5.075 5.055 5.048 5.045 5.048 5.048 5.048 5.05 5.048 5.038 5.017 4.983 4.955 4.935 4.92 4.912 4.915 4.935 4.943 4.947 4.957 4.96 4.962 4.96 4.95 4.943 4.943 4.923 4.925 4.922 4.92 4.912 4.905 4.882 4.87 4.863 4.838 4.825 4.815 4.79 4.783 4.767 4.742 4.74 4.747 4.705 4.702 4.715 4.75 4.865 4.878 4.943 4.59 4.57 5.132 6.738 5.932 4.578 4.537 4.523 4.503 4.492 4.49 4.503 4.51 4.465 4.443 4.425 4.383 4.398 4.392
5.157 5.157 5.153 5.145 5.115 5.095 5.082 5.075 5.07 5.053 5.055 5.057 5.06 5.06 5.062 5.075 5.062 5.055 5.057 5.005 4.965 4.932 4.907 4.9 4.9 4.91 4.912 4.923 4.943 4.94 4.935 4.94 4.935 4.932 4.93 4.927 4.925 4.925 4.918 4.927 4.9 4.885 4.87 4.865 4.842 4.823 4.81 4.798 4.798 4.77 4.753 4.77 4.747 4.71 4.7 4.717 4.775 4.852 4.865 4.86 4.483 5.12 5.378 6.67 5.17 4.565 4.553 4.538 4.515 4.488 4.485 4.465 4.503 4.443 4.418 4.4 4.358 4.38 4.38
5.15 5.145 5.14 5.14 5.13 5.105 5.095 5.075 5.065 5.055 5.055 5.045 5.045 5.048 5.05 5.055 5.053 5.038 5.02 4.993 4.96 4.94 4.925 4.908 4.9 4.915 4.925 4.925 4.93 4.927 4.932 4.93 4.92 4.915 4.915 4.918 4.912 4.912 4.91 4.9 4.882 4.88 4.872 4.865 4.85 4.82 4.807 4.795 4.778 4.75 4.76 4.753 4.712 4.71 4.71 4.722 4.83 4.865 4.9 4.705 4.628 5.41 5.688 6.318 4.637 4.51 4.56 4.543 4.512 4.47 4.46 4.445 4.467 4.45 4.408 4.38 4.365 4.378 4.363
5.153 5.14 5.133 5.128 5.135 5.11 5.08 5.06 5.05 5.045 5.04 5.037 5.043 5.057 5.045 5.055 5.06 5.043 5.03 4.997 4.97 4.938 4.915 4.89 4.887 4.88 4.905 4.907 4.92 4.925 4.932 4.932 4.927 4.932 4.94 4.93 4.923 4.918 4.907 4.892 4.872 4.863 4.852 4.847 4.83 4.823 4.81 4.793 4.785 4.785 4.785 4.742 4.722 4.71 4.715 4.773 4.83 4.883 4.875 4.37 4.265 5.455 6.503 5.42 4.6 4.515 4.58 4.555 4.508 4.47 4.452 4.423 4.432 4.432 4.405 4.382 4.375 4.352 4.345
5.142 5.158 5.142 5.137 5.13 5.12 5.092 5.075 5.045 5.045 5.048 5.04 5.03 5.033 5.037 5.04 5.043 5.035 5.015 5 4.985 4.96 4.922 4.898 4.895 4.878 4.89 4.89 4.908 4.903 4.9 4.9 4.903 4.922 4.905 4.903 4.912 4.908 4.915 4.903 4.887 4.878 4.875 4.855 4.827 4.83 4.815 4.793 4.788 4.765 4.735 4.707 4.72 4.722 4.73 4.812 4.852 5.008 4.812 4.398 4.89 6.102 7.05 4.685 4.565 4.535 4.545 4.533 4.49 4.477 4.467 4.445 4.438 4.43 4.418 4.387 4.36 4.343 4.365
5.135 5.13 5.132 5.115 5.122 5.11 5.097 5.08 5.06 5.06 5.057 5.052 5.048 5.057 5.045 5.033 5.038 5.028 5 4.977 4.967 4.935 4.908 4.89 4.875 4.86 4.878 4.88 4.892 4.895 4.907 4.905 4.91 4.905 4.907 4.9 4.882 4.868 4.885 4.878 4.872 4.85 4.838 4.838 4.82 4.81 4.802 4.785 4.773 4.77 4.753 4.722 4.727 4.745 4.787 4.832 4.878 4.918 4.505 5.285 5.242 7.052 5.337 4.608 4.55 4.5 4.485 4.5 4.487 4.475 4.472 4.455 4.443 4.445 4.427 4.41 4.35 4.32 4.36
5.128 5.137 5.135 5.12 5.115 5.11 5.105 5.093 5.09 5.073 5.062 5.06 5.043 5.035 5.025 5.023 5.028 5.013 5.005 4.995 4.98 4.947 4.922 4.895 4.863 4.863 4.868 4.86 4.865 4.867 4.887 4.887 4.898 4.898 4.905 4.905 4.89 4.883 4.89 4.88 4.878 4.852 4.845 4.838 4.82 4.807 4.785 4.773 4.773 4.762 4.73 4.75 4.722 4.762 4.842 4.865 4.96 4.81 4.323 5.04 5.925 6.27 4.628 4.577 4.533 4.477 4.457 4.485 4.48 4.472 4.472 4.483 4.457 4.452 4.445 4.438 4.39 4.327 4.345
5.117 5.132 5.117 5.105 5.105 5.1 5.11 5.108 5.11 5.1 5.092 5.077 5.065 5.045 5.028 5.017 5.01 5.003 4.997 4.98 4.948 4.93 4.905 4.878 4.855 4.855 4.858 4.852 4.858 4.875 4.89 4.892 4.895 4.895 4.892 4.883 4.88 4.865 4.868 4.855 4.847 4.83 4.823 4.823 4.823 4.795 4.783 4.773 4.807 4.783 4.762 4.785 4.725 4.858 4.863 4.943 4.918 4.507 4.225 5.043 6.488 5.892 4.59 4.57 4.52 4.475 4.483 4.477 4.725 4.818 4.44 4.445 4.472 4.438 4.44 4.407 4.412 4.345 4.325
5.13 5.132 5.135 5.095 5.088 5.075 5.08 5.09 5.108 5.108 5.085 5.078 5.048 5.037 5.023 5.015 5.01 5.012 5 4.97 4.96 4.925 4.9 4.88 4.852 4.842 4.835 4.84 4.835 4.85 4.867 4.88 4.885 4.887 4.892 4.887 4.878 4.86 4.865 4.845 4.843 4.818 4.818 4.81 4.793 4.787 4.762 4.773 4.773 4.753 4.755 4.807 4.827 4.963 4.938 4.99 4.78 4.227 4.617 5.265 6.057 4.91 4.548 4.555 4.537 4.503 4.497 4.755 6.553 6.523 5.995 5.162 4.81 4.432 4.418 4.383 4.378 4.35 4.325
5.12 5.113 5.115 5.082 5.04 5.007 5.008 5.023 5.045 5.068 5.082 5.07 5.045 5.028 5.02 5.01 4.997 5.003 4.977 4.97 4.932 4.918 4.905 4.872 4.86 4.852 4.847 4.838 4.832 4.838 4.855 4.865 4.868 4.87 4.865 4.847 4.855 4.85 4.84 4.827 4.82 4.807 4.805 4.798 4.787 4.788 4.767 4.765 4.738 4.75 4.753 4.785 4.938 4.91 4.988 4.852 4.443 4.113 4.43 5.635 5.363 4.595 4.555 4.54 4.545 4.622 4.845 6.867 7.025 7.2 5.677 5.662 5.492 4.398 4.4 4.385 4.358 4.358 4.323
5.12 5.102 5.1 5.06 5.017 4.98 4.962 4.938 5.025 4.977 4.997 5.035 5.03 5.025 5.025 5.01 5.013 4.995 4.975 4.96 4.943 4.925 4.89 4.868 4.855 4.835 4.812 4.828 4.818 4.812 4.832 4.845 4.868 4.858 4.858 4.847 4.86 4.845 4.807 4.818 4.805 4.795 4.795 4.783 4.78 4.765 4.755 4.733 4.735 4.762 4.74 4.85 4.905 4.93 4.975 4.637 4.185 4.19 4.972 5.372 4.62 4.555 4.525 4.528 4.51 4.545 5.395 4.863 4.81 7.363 5.872 5.642 4.613 4.403 4.375 4.372 4.345 4.328 4.307
5.105 5.088 5.082 5.055 5.045 5.003 4.992 5.405 6.24 5.172 5.012 5.055 5.028 5.015 5.003 5.005 4.985 4.975 4.97 4.957 4.935 4.91 4.895 4.875 4.858 4.838 4.823 4.815 4.803 4.81 4.812 4.823 4.835 4.835 4.828 4.825 4.82 4.803 4.802 4.79 4.79 4.78 4.778 4.785 4.773 4.758 4.753 4.735 4.762 4.77 4.785 4.887 4.898 4.943 4.847 4.31 4.16 4.613 5.557 4.925 4.57 4.55 4.537 4.515 4.495 4.47 6.258 5.512 5.943 6.78 4.952 4.475 4.4 4.387 4.378 4.378 4.35 4.327 4.3
5.097 5.088 5.092 5.085 5.08 5.03 5.038 5.052 6.065 5.023 5.088 5.035 5.048 5.03 5 4.98 4.96 4.96 4.945 4.935 4.915 4.903 4.875 4.863 4.858 4.84 4.823 4.81 4.805 4.798 4.795 4.815 4.82 4.812 4.82 4.812 4.812 4.807 4.78 4.775 4.775 4.767 4.755 4.75 4.755 4.75 4.738 4.76 4.773 4.87 4.863 4.887 4.945 4.867 4.975 5.102 4.418 6.188 5.98 4.6 4.557 4.543 4.548 4.53 4.497 4.472 4.712 6.403 6.507 4.467 4.408 4.392 4.367 4.352 4.35 4.335 4.367 4.33 4.302
5.075 5.078 5.095 5.11 5.095 5.075 5.017 5.015 4.977 5.055 5.03 5.023 5.037 5.015 4.985 4.957 4.95 4.938 4.93 4.923 4.915 4.905 4.875 4.86 4.838 4.82 4.795 4.795 4.785 4.767 4.78 4.787 4.788 4.793 4.798 4.805 4.803 4.785 4.78 4.77 4.775 4.762 4.75 4.738 4.747 4.743 4.75 4.75 4.745 4.898 4.852 4.945 4.905 4.635 6.488 5.765 5.008 6.45 5.517 4.553 4.543 4.557 4.55 4.523 4.475 4.445 4.427 4.405 4.37 4.387 4.398 4.41 4.378 4.347 4.35 4.33 4.385 4.343 4.303
5.082 5.075 5.075 5.07 5.07 5.048 5.033 5.023 5.05 5.045 5.038 5.03 5.015 5 4.972 4.957 4.94 4.94 4.922 4.905 4.903 4.9 4.872 4.858 4.838 4.81 4.793 4.795 4.78 4.78 4.77 4.77 4.763 4.765 4.762 4.76 4.758 4.747 4.735 4.758 4.758 4.753 4.733 4.747 4.765 4.767 4.88 4.882 4.758 4.855 4.865 4.922 4.762 5.137 4.972 4.758 5.78 5.12 4.54 4.533 4.565 4.592 4.58 4.52 4.475 4.45 4.42 4.392 4.358 4.372 4.392 4.418 4.378 4.34 4.338 4.31 4.332 4.338 4.312
5.055 5.07 5.065 5.062 5.045 5.02 5.013 5.028 5.03 5.03 5.017 5.012 4.997 4.972 4.957 4.955 4.945 4.932 4.923 4.9 4.892 4.88 4.858 4.845 4.825 4.81 4.815 4.795 4.775 4.767 4.767 4.755 4.753 4.745 4.747 4.745 4.73 4.725 4.737 4.737 4.742 4.73 4.733 4.73 4.818 4.957 4.84 4.828 4.895 4.825 4.898 4.803 4.42 4.523 4.725 6.182 6.64 4.648 4.545 4.528 4.57 4.597 4.58 4.523 4.48 4.45 4.425 4.392 4.375 4.367 4.387 4.392 4.372 4.338 4.32 4.307 4.288 4.318 4.295
5.037 5.07 5.073 5.078 5.055 5.05 5.033 5.035 5.03 5.015 5.008 4.997 4.972 4.957 4.945 4.948 4.945 4.93 4.92 4.905 4.9 4.875 4.87 4.85 4.82 4.8 4.79 4.79 4.767 4.753 4.74 4.74 4.733 4.727 4.725 4.733 4.725 4.725 4.725 4.725 4.72 4.727 4.713 4.695 4.855 4.885 4.935 4.972 4.868 4.863 4.835 4.613 4.883 4.477 5.318 7.345 5.27 4.552 4.528 4.517 4.535 4.557 4.525 4.503 4.455 4.438 4.398 4.378 4.34 4.352 4.34 4.338 4.318 4.307 4.295 4.28 4.275 4.305 4.287
5.025 5.05 5.04 5.037 5.035 5.033 5.025 5.03 5.028 5.005 4.992 4.985 4.98 4.947 4.932 4.935 4.923 4.918 4.91 4.898 4.895 4.89 4.867 4.845 4.818 4.803 4.785 4.76 4.745 4.73 4.727 4.722 4.713 4.705 4.697 4.695 4.705 4.73 4.73 4.717 4.725 4.727 4.685 4.702 4.717 4.63 4.787 4.82 4.85 4.825 4.653 4.33 4.78 5.03 5.995 6.267 4.55 4.543 4.51 4.48 4.48 4.475 4.467 4.467 4.44 4.422 4.4 4.385 4.33 4.38 4.372 4.35 4.315 4.305 4.295 4.258 4.288 4.278 4.263
4.995 5.023 5.013 5.012 5.015 5.017 5.02 5.012 5.023 5.005 4.992 4.97 4.945 4.93 4.918 4.903 4.912 4.905 4.907 4.895 4.883 4.865 4.852 4.84 4.812 4.79 4.765 4.747 4.74 4.737 4.725 4.702 4.722 4.707 4.69 4.695 4.717 4.722 4.725 4.72 4.725 4.7 4.688 4.693 4.618 4.677 4.733 4.77 4.823 4.688 4.305 4.37 5.43 6.282 5.5 4.62 4.555 4.528 4.505 4.46 4.423 4.418 4.427 4.432 4.427 4.42 4.405 4.378 4.295 4.35 4.395 4.392 4.352 4.36 4.347 4.312 4.323 4.312 4.3
4.977 4.975 4.993 5.005 5.003 4.99 5.015 5 5.005 4.983 4.977 4.952 4.932 4.912 4.898 4.89 4.885 4.887 4.892 4.885 4.872 4.86 4.86 4.838 4.805 4.807 4.767 4.747 4.722 4.717 4.69 4.697 4.682 4.68 4.677 4.688 4.715 4.702 4.717 4.715 4.7 4.682 4.673 4.605 4.648 4.715 4.717 4.795 4.69 4.323 4.15 4.315 5.165 5.398 4.713 4.523 4.525 4.525 4.495 4.425 4.358 4.375 4.398 4.375 4.398 4.38 4.342 4.303 4.267 4.318 4.358 4.37 4.383 4.383 4.365 4.352 4.352 4.342 4.308
4.952 4.963 4.98 4.97 4.99 4.985 4.975 4.988 4.97 4.965 4.967 4.955 4.932 4.925 4.912 4.907 4.898 4.898 4.89 4.872 4.86 4.858 4.84 4.83 4.81 4.785 4.762 4.74 4.71 4.69 4.693 4.693 4.677 4.675 4.668 4.675 4.685 4.688 4.693 4.68 4.68 4.685 4.637 4.617 4.7 4.688 4.725 4.67 4.42 4.142 4.227 4.795 5.148 8.815 6.642 4.513 4.51 4.51 4.485 4.42 4.365 4.387 4.4 4.398 4.375 4.345 4.305 4.278 4.22 4.155 4.153 4.137 4.19 4.275 4.275 4.29 4.332 4.343 4.338
4.932 4.938 4.95 4.97 4.985 4.97 4.975 4.97 4.965 4.943 4.952 4.943 4.915 4.905 4.903 4.885 4.882 4.887 4.878 4.868 4.875 4.86 4.85 4.825 4.8 4.783 4.758 4.72 4.682 4.675 4.66 4.655 4.653 4.665 4.665 4.665 4.677 4.688 4.682 4.672 4.672 4.717 4.688 4.688 4.668 4.69 4.69 4.46 4.242 4.205 4.753 5.267 5.275 5.745 4.533 4.497 4.5 4.497 4.452 4.392 4.363 4.372 4.363 4.36 4.355 4.318 4.33 4.345 4.288 4.177 4.095 4.085 4.095 4.025 3.993 3.975 3.965 4.012 4.099
4.943 4.935 4.938 4.952 4.952 4.972 4.957 4.955 4.955 4.945 4.947 4.927 4.938 4.908 4.898 4.885 4.875 4.86 4.852 4.843 4.835 4.827 4.812 4.803 4.783 4.773 4.745 4.712 4.7 4.672 4.658 4.657 4.648 4.648 4.662 4.677 4.675 4.672 4.677 4.68 4.685 4.802 4.85 4.725 4.65 4.662 4.592 4.148 4.162 4.85 5.505 5.38 4.718 4.538 4.495 4.483 4.472 4.487 4.445 4.372 4.363 4.338 4.338 4.33 4.338 4.328 4.323 4.33 4.312 4.27 4.22 4.222 4.267 4.202 4.175 4.077 3.912 3.95 3.884
4.938 4.945 4.938 4.945 4.96 4.957 4.943 4.948 4.938 4.932 4.92 4.912 4.918 4.915 4.903 4.908 4.89 4.872 4.858 4.83 4.823 4.81 4.788 4.77 4.773 4.753 4.727 4.705 4.677 4.662 4.642 4.64 4.635 4.645 4.66 4.682 4.668 4.675 4.695 4.727 4.722 4.765 4.705 4.675 4.63 4.565 4.37 4.182 4.43 5.673 5.285 4.73 4.533 4.523 4.492 4.465 4.467 4.457 4.435 4.355 4.34 4.315 4.325 4.347 4.35 4.33 4.31 4.307 4.307 4.283 4.267 4.25 4.253 4.235 4.255 4.16 4.11 4.18 4.17
4.922 4.943 4.91 4.915 4.94 4.935 4.95 4.927 4.938 4.92 4.912 4.898 4.903 4.89 4.89 4.88 4.863 4.838 4.835 4.827 4.805 4.805 4.785 4.783 4.767 4.75 4.735 4.707 4.655 4.637 4.628 4.62 4.63 4.648 4.65 4.648 4.65 4.675 4.672 4.727 4.73 4.68 4.665 4.682 4.595 4.28 4.222 4.225 4.98 5.38 4.637 4.543 4.552 4.503 4.492 4.483 4.483 4.472 4.41 4.335 4.34 4.312 4.323 4.338 4.338 4.318 4.303 4.29 4.287 4.283 4.26 4.258 4.238 4.188 4.16 4.13 4.245 4.3 4.259
4.9 4.932 4.9 4.908 4.918 4.92 4.923 4.918 4.91 4.9 4.892 4.885 4.885 4.887 4.89 4.88 4.868 4.843 4.823 4.802 4.78 4.773 4.76 4.75 4.745 4.727 4.707 4.673 4.653 4.633 4.628 4.615 4.653 4.648 4.642 4.637 4.657 4.653 4.61 4.677 4.68 4.662 4.662 4.615 4.215 4.118 4.472 5.42 5.235 4.67 4.54 4.545 4.517 4.513 4.497 4.495 4.51 4.472 4.372 4.338 4.347 4.325 4.295 4.323 4.318 4.312 4.305 4.283 4.273 4.273 4.26 4.237 4.185 4.18 4.202 4.148 4.148 4.193 4.194
4.892 4.93 4.9 4.898 4.905 4.923 4.918 4.91 4.887 4.875 4.868 4.863 4.87 4.868 4.872 4.872 4.86 4.843 4.825 4.795 4.788 4.762 4.755 4.75 4.742 4.712 4.69 4.662 4.66 4.635 4.615 4.613 4.615 4.613 4.62 4.633 4.637 4.615 4.655 4.693 4.69 4.738 4.602 4.485 4.517 4.368 5.368 6.227 4.852 4.588 4.553 4.515 4.52 4.53 4.54 4.538 4.503 4.45 4.41 4.398 4.378 4.345 4.307 4.307 4.307 4.31 4.295 4.298 4.262 4.255 4.233 4.205 4.22 4.222 4.238 4.193 4.128 4.153 4.173
