Matlab/Roost_data/braunton/dsm/ss4635_DSM_2M.asc
ncols 500
nrows 500
xllcorner    246000
yllcorner    135000
cellsize     2
NODATA_value -9999
[rows 385 to 419 of 500, columns 316 to 394 of 500]
4.82 4.685 4.615 4.608 4.535 4.545 4.588 4.58 4.605 4.597 4.608 4.565 4.57 4.565 4.543 4.54 4.528 4.52 4.523 4.492 4.505 4.49 4.49 4.452 4.435 4.448 4.422 4.432 4.407 4.39 4.395 4.372 4.372 4.367 4.383 4.372 4.365 4.355 4.365 4.363 4.363 4.347 4.328 4.335 4.332 4.33 4.305 4.303 4.32 4.358 4.145 4.153 4.39 4.323 4.3 4.27 4.265 4.265 4.265 4.263 4.273 4.27 4.26 4.25 4.262 4.273 4.255 4.133 4.097 4.148 4.22 4.175 4.2 4.213 4.222 4.177 4.14 4.137 4.162
4.557 4.548 4.58 4.59 4.552 4.545 4.575 4.557 4.573 4.573 4.562 4.575 4.56 4.555 4.533 4.528 4.49 4.5 4.5 4.487 4.483 4.48 4.45 4.432 4.432 4.43 4.42 4.392 4.387 4.37 4.387 4.368 4.365 4.372 4.375 4.37 4.378 4.358 4.343 4.335 4.34 4.33 4.32 4.3 4.303 4.31 4.28 4.278 4.273 4.32 4.175 4.065 4.385 4.312 4.26 4.253 4.253 4.242 4.247 4.247 4.255 4.25 4.25 4.235 4.265 4.267 4.148 4.097 4.153 4.207 4.21 4.175 4.182 4.198 4.197 4.168 4.14 4.12 4.135
4.548 4.545 4.56 4.575 4.55 4.565 4.553 4.555 4.545 4.53 4.548 4.557 4.555 4.543 4.52 4.503 4.5 4.485 4.46 4.465 4.47 4.457 4.452 4.438 4.423 4.41 4.395 4.387 4.37 4.358 4.345 4.347 4.352 4.35 4.335 4.342 4.378 4.342 4.31 4.307 4.31 4.305 4.283 4.29 4.273 4.288 4.295 4.273 4.27 4.275 4.177 4.048 4.347 4.307 4.255 4.253 4.247 4.247 4.255 4.26 4.247 4.247 4.245 4.253 4.242 4.16 4.113 4.16 4.19 4.195 4.217 4.165 4.175 4.172 4.198 4.17 4.155 4.122 4.105
4.53 4.523 4.515 4.513 4.528 4.517 4.523 4.517 4.523 4.51 4.528 4.523 4.523 4.523 4.492 4.485 4.497 4.477 4.463 4.472 4.457 4.438 4.438 4.438 4.418 4.398 4.363 4.363 4.365 4.342 4.328 4.342 4.335 4.327 4.33 4.342 4.358 4.33 4.325 4.318 4.303 4.302 4.3 4.285 4.278 4.29 4.262 4.265 4.255 4.283 4.305 4.02 4.32 4.318 4.267 4.247 4.25 4.247 4.235 4.227 4.23 4.213 4.238 4.247 4.128 4.092 4.21 4.19 4.185 4.175 4.182 4.16 4.177 4.188 4.16 4.135 4.137 4.128 4.108
4.505 4.507 4.497 4.508 4.497 4.505 4.487 4.47 4.495 4.485 4.48 4.49 4.483 4.49 4.477 4.47 4.46 4.445 4.447 4.432 4.42 4.403 4.39 4.395 4.383 4.345 4.345 4.35 4.315 4.318 4.307 4.305 4.305 4.3 4.32 4.312 4.293 4.32 4.312 4.31 4.3 4.293 4.303 4.298 4.283 4.265 4.245 4.22 4.245 4.267 4.345 4.01 4.36 4.305 4.245 4.227 4.23 4.238 4.242 4.222 4.217 4.245 4.222 4.113 4.128 4.19 4.233 4.18 4.153 4.148 4.128 4.113 4.148 4.145 4.142 4.102 4.115 4.125 4.115
4.47 4.477 4.483 4.475 4.483 4.463 4.462 4.44 4.447 4.452 4.452 4.457 4.435 4.44 4.44 4.45 4.425 4.418 4.41 4.395 4.418 4.398 4.375 4.368 4.372 4.345 4.327 4.307 4.298 4.305 4.3 4.31 4.31 4.323 4.307 4.307 4.302 4.295 4.31 4.32 4.3 4.298 4.298 4.28 4.275 4.267 4.25 4.225 4.233 4.222 4.352 3.977 4.25 4.278 4.24 4.23 4.227 4.215 4.235 4.227 4.245 4.24 4.128 4.118 4.193 4.207 4.188 4.155 4.153 4.15 4.125 4.11 4.162 4.125 4.108 4.1 4.118 4.125 4.11
4.435 4.443 4.43 4.412 4.44 4.422 4.427 4.408 4.418 4.423 4.425 4.422 4.41 4.445 4.418 4.415 4.408 4.418 4.405 4.412 4.398 4.4 4.372 4.37 4.358 4.335 4.33 4.312 4.307 4.325 4.318 4.31 4.323 4.307 4.288 4.305 4.298 4.3 4.298 4.293 4.298 4.283 4.275 4.283 4.265 4.265 4.255 4.242 4.217 4.202 4.318 3.985 4.175 4.283 4.238 4.227 4.215 4.217 4.225 4.242 4.247 4.14 4.148 4.215 4.19 4.168 4.15 4.153 4.162 4.177 4.122 4.113 4.142 4.13 4.097 4.102 4.125 4.11 4.115
4.398 4.387 4.403 4.408 4.41 4.395 4.392 4.395 4.398 4.4 4.407 4.418 4.408 4.418 4.407 4.412 4.41 4.418 4.407 4.415 4.405 4.39 4.36 4.378 4.347 4.32 4.315 4.312 4.29 4.303 4.305 4.31 4.32 4.3 4.305 4.312 4.295 4.278 4.283 4.29 4.267 4.255 4.275 4.26 4.25 4.245 4.242 4.267 4.238 4.215 4.283 4.073 4.097 4.278 4.25 4.2 4.21 4.197 4.23 4.22 4.125 4.113 4.215 4.188 4.137 4.165 4.153 4.148 4.165 4.157 4.122 4.108 4.118 4.113 4.097 4.09 4.102 4.115 4.125
4.403 4.387 4.38 4.38 4.378 4.37 4.387 4.39 4.43 4.438 4.443 4.443 4.418 4.407 4.378 4.38 4.365 4.37 4.347 4.355 4.347 4.352 4.335 4.31 4.295 4.293 4.283 4.293 4.295 4.287 4.293 4.3 4.287 4.273 4.283 4.273 4.27 4.295 4.28 4.28 4.273 4.238 4.238 4.25 4.235 4.253 4.253 4.247 4.233 4.222 4.307 4.145 4.06 4.21 4.243 4.19 4.207 4.23 4.213 4.062 4.1 4.202 4.215 4.162 4.135 4.16 4.165 4.135 4.14 4.142 4.105 4.115 4.11 4.13 4.093 4.088 4.085 4.097 4.092
4.387 4.378 4.363 4.368 4.378 4.403 4.423 4.415 4.422 4.412 4.372 4.363 4.33 4.29 4.26 4.23 4.22 4.205 4.215 4.217 4.213 4.22 4.197 4.19 4.188 4.19 4.19 4.185 4.19 4.188 4.162 4.172 4.182 4.17 4.168 4.168 4.195 4.193 4.155 4.18 4.175 4.153 4.148 4.14 4.125 4.14 4.142 4.145 4.14 4.145 4.207 4.093 3.938 4.207 4.217 4.195 4.235 4.21 4.073 4.093 4.217 4.202 4.193 4.18 4.145 4.17 4.145 4.125 4.157 4.088 4.092 4.102 4.12 4.093 4.088 4.11 4.08 4.125 4.065
4.368 4.37 4.375 4.36 4.385 4.36 4.307 4.24 4.24 4.265 4.273 4.278 4.312 4.298 4.3 4.288 4.298 4.298 4.305 4.307 4.31 4.305 4.29 4.283 4.273 4.253 4.257 4.238 4.24 4.227 4.245 4.235 4.227 4.213 4.217 4.193 4.172 4.202 4.165 4.2 4.177 4.158 4.165 4.135 4.13 4.115 4.1 4.075 4.068 4.065 4.025 3.953 3.903 4.137 4.222 4.175 4.128 4.057 4.113 4.21 4.22 4.185 4.16 4.142 4.132 4.15 4.13 4.11 4.118 4.093 4.09 4.105 4.095 4.08 4.068 4.073 4.08 4.085 4.077
4.338 4.35 4.34 4.258 4.23 4.197 4.23 4.265 4.303 4.33 4.355 4.34 4.32 4.302 4.305 4.305 4.293 4.285 4.302 4.3 4.31 4.302 4.28 4.278 4.265 4.27 4.283 4.267 4.27 4.253 4.255 4.25 4.245 4.242 4.245 4.212 4.205 4.22 4.205 4.213 4.21 4.193 4.205 4.175 4.197 4.217 4.207 4.173 4.177 4.207 4.222 4.217 3.838 4.085 4.153 4.06 4.012 4.03 4.16 4.193 4.157 4.148 4.115 4.1 4.097 4.135 4.11 4.088 4.097 4.128 4.075 4.097 4.097 4.115 4.075 4.073 4.085 4.07 4.078
4.293 4.227 4.188 4.215 4.258 4.293 4.312 4.298 4.288 4.31 4.307 4.3 4.31 4.288 4.298 4.29 4.285 4.29 4.285 4.293 4.293 4.263 4.258 4.275 4.273 4.267 4.253 4.24 4.235 4.225 4.243 4.217 4.235 4.235 4.243 4.222 4.215 4.202 4.205 4.205 4.195 4.188 4.18 4.168 4.165 4.197 4.198 4.168 4.162 4.182 4.19 4.24 3.953 4.12 3.985 3.955 3.983 4.085 4.102 4.135 4.13 4.13 4.12 4.09 4.078 4.102 4.088 4.082 4.088 4.093 4.048 4.088 4.1 4.118 4.095 4.068 4.082 4.057 4.097
4.193 4.225 4.258 4.285 4.278 4.283 4.275 4.3 4.283 4.28 4.273 4.307 4.298 4.285 4.273 4.253 4.26 4.275 4.285 4.255 4.265 4.253 4.25 4.253 4.233 4.247 4.227 4.215 4.222 4.227 4.233 4.22 4.21 4.198 4.215 4.205 4.205 4.195 4.207 4.19 4.197 4.195 4.177 4.173 4.17 4.182 4.175 4.157 4.15 4.18 4.157 4.207 3.947 3.895 3.883 3.9 4.008 4.045 4.078 4.077 4.117 4.095 4.11 4.108 4.075 4.085 4.1 4.065 4.077 4.065 4.03 4.088 4.097 4.097 4.078 4.065 4.055 4.055 4.052
4.255 4.295 4.28 4.267 4.28 4.273 4.275 4.26 4.265 4.26 4.27 4.267 4.27 4.245 4.262 4.245 4.255 4.263 4.265 4.24 4.227 4.247 4.212 4.215 4.212 4.222 4.205 4.205 4.215 4.215 4.22 4.22 4.207 4.202 4.207 4.202 4.195 4.193 4.18 4.19 4.193 4.188 4.14 4.153 4.145 4.188 4.135 4.137 4.14 4.165 4.118 4.142 3.85 3.817 3.878 3.938 4.165 4.173 4.137 4.062 4.057 4.105 4.118 4.117 4.075 4.082 4.073 4.06 4.052 4.04 4.01 4.068 4.053 4.068 4.07 4.085 4.088 4.09 4.055
4.255 4.288 4.255 4.242 4.225 4.247 4.24 4.242 4.242 4.25 4.243 4.245 4.245 4.222 4.23 4.235 4.24 4.253 4.237 4.235 4.215 4.233 4.205 4.23 4.233 4.247 4.253 4.205 4.205 4.195 4.217 4.207 4.207 4.202 4.197 4.205 4.182 4.175 4.148 4.148 4.15 4.162 4.13 4.142 4.148 4.157 4.135 4.133 4.137 4.15 4.113 4.11 3.81 3.883 4.068 3.993 4.145 4.15 4.145 4.118 4.078 4.05 4.09 4.088 4.073 4.082 4.07 4.045 4.057 4.055 4.005 4.073 4.08 4.055 4.073 4.08 4.102 4.115 4.088
4.262 4.26 4.253 4.233 4.207 4.237 4.222 4.222 4.24 4.247 4.235 4.245 4.238 4.202 4.207 4.222 4.225 4.23 4.213 4.207 4.195 4.215 4.19 4.195 4.222 4.27 4.325 4.253 4.177 4.17 4.188 4.19 4.17 4.173 4.18 4.18 4.177 4.17 4.158 4.155 4.14 4.15 4.137 4.14 4.16 4.13 4.122 4.118 4.125 4.122 4.12 4.065 3.867 4.568 4.117 4.13 4.132 4.125 4.14 4.12 4.105 4.068 4.015 4.023 4.068 4.07 4.053 4.037 4.07 4.075 4.02 4.082 4.085 4.07 4.078 4.1 4.108 4.113 4.095
4.24 4.222 4.227 4.222 4.212 4.202 4.2 4.185 4.195 4.197 4.213 4.225 4.23 4.193 4.193 4.195 4.21 4.253 4.242 4.238 4.25 4.205 4.168 4.188 4.193 4.255 4.295 4.23 4.185 4.15 4.162 4.193 4.16 4.162 4.175 4.175 4.168 4.185 4.173 4.155 4.15 4.168 4.165 4.148 4.135 4.148 4.13 4.12 4.128 4.128 4.105 3.842 4.568 4.557 4.18 4.12 4.115 4.075 4.115 4.13 4.09 4.068 4.065 4 3.983 4.037 4.035 4.062 4.078 4.075 4.017 4.085 4.06 4.073 4.078 4.105 4.09 4.088 4.045
4.235 4.225 4.212 4.22 4.2 4.207 4.2 4.18 4.175 4.19 4.195 4.185 4.193 4.175 4.177 4.195 4.205 4.24 4.235 4.212 4.238 4.193 4.165 4.197 4.182 4.195 4.207 4.185 4.162 4.145 4.172 4.158 4.135 4.157 4.168 4.165 4.16 4.162 4.155 4.15 4.137 4.157 4.15 4.128 4.148 4.117 4.108 4.125 4.125 4.153 3.965 4.247 4.92 4.19 4.142 4.13 4.12 4.08 4.07 4.082 4.073 4.06 4.025 4.048 4.017 3.975 4.023 4.07 4.09 4.055 4.003 4.068 4.055 4.07 4.075 4.088 4.057 4.045 3.947
4.227 4.222 4.217 4.215 4.205 4.195 4.195 4.182 4.16 4.162 4.18 4.17 4.18 4.182 4.17 4.17 4.205 4.215 4.213 4.19 4.202 4.19 4.155 4.182 4.185 4.172 4.168 4.157 4.148 4.148 4.162 4.158 4.122 4.15 4.177 4.155 4.128 4.15 4.125 4.13 4.135 4.13 4.137 4.128 4.11 4.11 4.1 4.12 4.148 4.055 3.862 4.89 4.3 4.118 4.095 4.09 4.08 4.075 4.048 4.048 4.065 4.075 4.043 4.077 4.097 4.052 3.988 3.997 4.062 4.05 4.003 4.048 4.028 4.07 4.068 4.045 4.01 3.99 3.923
4.247 4.22 4.215 4.225 4.21 4.202 4.2 4.18 4.165 4.16 4.16 4.155 4.15 4.142 4.148 4.162 4.193 4.198 4.177 4.197 4.202 4.162 4.16 4.165 4.162 4.153 4.137 4.142 4.15 4.145 4.145 4.118 4.09 4.135 4.195 4.15 4.105 4.115 4.137 4.137 4.122 4.148 4.13 4.088 4.097 4.118 4.11 4.105 4.108 3.903 3.878 4.235 4.108 4.065 4.082 4.073 4.08 4.075 4.057 4.048 4.05 4.057 4.05 4.048 4.08 4.078 4.052 4 3.988 4.028 3.993 4.03 4.023 4.04 4.055 4.035 3.96 3.913 3.933
4.24 4.238 4.23 4.237 4.22 4.207 4.222 4.172 4.168 4.16 4.16 4.15 4.15 4.153 4.142 4.168 4.17 4.185 4.165 4.182 4.182 4.17 4.16 4.15 4.137 4.145 4.12 4.13 4.132 4.125 4.117 4.085 4.115 4.14 4.153 4.128 4.108 4.118 4.122 4.128 4.128 4.113 4.125 4.088 4.102 4.117 4.102 4.093 3.92 4.142 4.435 4.168 4.095 4.082 4.075 4.077 4.062 4.055 4.053 4.043 4.045 4.038 4.043 4.045 4.048 4.075 4.03 4.023 4.03 3.957 3.948 4.015 4.01 4.01 4.037 3.967 3.933 3.993 3.955
4.227 4.24 4.243 4.247 4.245 4.222 4.22 4.188 4.177 4.162 4.177 4.145 4.145 4.15 4.14 4.148 4.17 4.157 4.155 4.153 4.157 4.162 4.133 4.13 4.12 4.133 4.115 4.13 4.11 4.108 4.055 4.095 4.132 4.137 4.133 4.14 4.113 4.13 4.132 4.137 4.157 4.117 4.097 4.095 4.108 4.1 4.115 3.967 4.102 5.04 4.198 4.125 4.077 4.078 4.08 4.097 4.075 4.057 4.05 4.062 4.03 4.023 4.025 4.033 4.015 4.033 4.008 3.997 4.013 3.977 3.925 3.943 3.977 4.015 3.99 3.91 3.988 4.068 3.997
4.207 4.202 4.213 4.235 4.235 4.215 4.205 4.222 4.2 4.18 4.172 4.162 4.155 4.15 4.14 4.142 4.165 4.16 4.153 4.162 4.165 4.162 4.108 4.113 4.128 4.125 4.122 4.122 4.115 4.092 4.052 4.11 4.122 4.128 4.11 4.128 4.117 4.11 4.122 4.12 4.145 4.11 4.113 4.108 4.093 4.097 4.055 3.793 5.012 4.645 4.142 4.095 4.07 4.06 4.055 4.068 4.06 4.05 4.045 4.04 4.057 4.035 4.015 4.02 4.008 3.973 3.957 3.983 4.033 4.025 4.015 3.945 3.91 3.943 3.903 3.988 4.048 4.045 4.03
4.2 4.197 4.202 4.217 4.202 4.2 4.202 4.23 4.19 4.177 4.185 4.168 4.168 4.168 4.145 4.153 4.108 4.137 4.148 4.165 4.168 4.128 4.113 4.113 4.115 4.115 4.118 4.12 4.102 4.06 4.092 4.125 4.11 4.115 4.09 4.1 4.11 4.093 4.097 4.105 4.117 4.115 4.105 4.09 4.085 4.082 3.803 4.55 5.202 4.16 4.097 4.082 4.082 4.057 4.053 4.043 4.025 4.045 4.055 4.04 4.057 4.035 4.02 4.017 4.017 4 3.963 3.953 3.995 4.003 4.035 4.052 3.923 3.872 3.913 4.025 4.035 4.023 4.017
4.2 4.207 4.195 4.205 4.2 4.202 4.172 4.22 4.202 4.197 4.195 4.175 4.18 4.19 4.16 4.14 4.117 4.157 4.15 4.168 4.157 4.125 4.102 4.108 4.145 4.12 4.113 4.115 4.092 4.068 4.09 4.12 4.12 4.108 4.105 4.115 4.1 4.095 4.09 4.082 4.115 4.105 4.095 4.082 4.1 3.945 4.295 5.177 4.34 4.11 4.075 4.078 4.08 4.062 4.055 4.052 4.057 4.043 4.04 4.045 4.008 4.045 4.025 4.035 4.025 4.008 4.015 3.953 3.895 3.953 4.045 3.983 3.893 3.92 3.913 3.925 3.998 4.008 4.015
4.205 4.213 4.19 4.193 4.195 4.185 4.168 4.205 4.217 4.207 4.188 4.177 4.193 4.182 4.16 4.11 4.158 4.135 4.133 4.158 4.14 4.128 4.088 4.095 4.122 4.128 4.102 4.108 4.055 4.115 4.12 4.153 4.113 4.115 4.1 4.115 4.093 4.08 4.082 4.08 4.108 4.088 4.097 4.122 3.997 3.872 4.97 4.585 4.1 4.085 4.082 4.06 4.068 4.068 4.045 4.033 4.033 4.028 4.02 4.035 4.033 4.003 4.023 4.02 4 4.017 4.053 3.983 3.895 3.928 3.918 3.882 3.948 4.028 4.03 3.96 3.935 3.985 4.02
4.21 4.195 4.188 4.2 4.182 4.182 4.158 4.177 4.217 4.205 4.172 4.177 4.188 4.175 4.133 4.132 4.177 4.162 4.15 4.17 4.14 4.13 4.088 4.092 4.108 4.1 4.082 4.035 4.095 4.125 4.108 4.122 4.108 4.102 4.093 4.113 4.092 4.09 4.1 4.082 4.108 4.1 4.115 4.13 3.928 4.94 5.052 4.125 4.07 4.095 4.085 4.05 4.05 4.055 4.037 4.05 4.025 4.025 4.045 4.037 4.045 4.033 4.025 4.017 3.987 4.01 4.03 4.028 3.928 3.878 3.865 3.923 4.003 4.02 4.035 4.012 3.99 3.928 3.967
4.195 4.182 4.175 4.18 4.188 4.168 4.145 4.157 4.175 4.18 4.155 4.188 4.168 4.168 4.12 4.18 4.195 4.193 4.155 4.132 4.122 4.125 4.095 4.078 4.097 4.09 4.048 4.05 4.115 4.102 4.115 4.133 4.097 4.09 4.088 4.085 4.09 4.075 4.08 4.065 4.097 4.105 4.148 3.918 4.17 5.345 4.245 4.085 4.073 4.065 4.068 4.035 4.055 4.03 4.043 4.043 4.03 4.033 4.057 4.055 4.06 4.062 4.04 4.015 4.005 3.97 4.033 4.025 3.915 3.86 3.878 3.993 3.97 4.005 4.025 4.017 4.04 4.005 3.93
4.18 4.193 4.18 4.18 4.19 4.18 4.153 4.14 4.17 4.165 4.168 4.17 4.172 4.122 4.157 4.193 4.197 4.185 4.162 4.117 4.118 4.115 4.1 4.08 4.078 4.088 4.045 4.073 4.113 4.097 4.118 4.117 4.078 4.078 4.09 4.108 4.085 4.065 4.082 4.075 4.097 4.148 4.043 3.785 4.907 4.44 4.13 4.085 4.075 4.082 4.065 4.043 4.095 4.03 4.048 4.043 4.003 4.01 4.048 4.052 4.048 4.06 4.045 4.06 4.028 3.973 4.045 3.973 3.862 3.882 3.95 4.02 4.025 4.01 3.965 4 4.01 4.01 4.005
4.162 4.193 4.202 4.177 4.185 4.177 4.165 4.132 4.16 4.15 4.175 4.177 4.132 4.128 4.185 4.193 4.205 4.193 4.142 4.125 4.105 4.122 4.09 4.092 4.095 4.043 4.085 4.115 4.11 4.092 4.097 4.09 4.055 4.057 4.065 4.088 4.093 4.065 4.095 4.062 4.095 4.095 3.975 4.69 4.323 4.18 4.095 4.073 4.082 4.088 4.065 4.05 4.057 4.035 4.05 4.04 4.04 4.015 4.01 4.04 4.055 4.033 4.025 4.065 4.05 3.963 3.957 3.862 3.865 3.933 3.998 4.012 4.025 4.012 3.977 3.99 4.005 4.028 4.048
4.095 4.095 4.135 4.182 4.177 4.175 4.165 4.128 4.158 4.158 4.145 4.137 4.102 4.15 4.188 4.19 4.195 4.165 4.145 4.115 4.108 4.12 4.082 4.082 4.052 4.03 4.102 4.082 4.092 4.093 4.08 4.07 4.062 4.06 4.073 4.062 4.062 4.075 4.075 4.075 4.13 4.015 4.325 5.003 4.13 4.128 4.088 4.09 4.088 4.068 4.057 4.06 4.043 4.043 4.037 4.03 4.045 4.023 4.013 4.03 4.037 4.02 4.025 4.043 4.055 3.9 3.862 3.862 3.933 4.003 4.008 4.008 4.028 4.008 3.998 4.005 4.003 4.005 4.05
4.158 4.125 4.108 4.078 4.08 4.12 4.162 4.14 4.153 4.177 4.162 4.1 4.142 4.155 4.193 4.175 4.168 4.135 4.115 4.125 4.128 4.115 4.095 4.095 4.01 4.1 4.12 4.085 4.07 4.043 4.04 4.057 4.08 4.08 4.068 4.065 4.057 4.035 4.057 4.073 4.01 3.872 4.945 4.23 4.08 4.06 4.065 4.057 4.07 4.06 4.062 4.033 4.025 4.028 4.035 4.045 4.023 4.043 4.048 4.008 4.038 4.053 4.03 4 3.95 3.847 3.852 3.92 3.975 4.01 4.005 4.01 4 4.005 3.997 3.993 4.003 4.008 4.02
4.17 4.14 4.137 4.17 4.128 4.073 4.03 4.068 4.105 4.142 4.108 4.082 4.155 4.148 4.19 4.14 4.125 4.11 4.095 4.125 4.115 4.105 4.108 4.05 4.062 4.137 4.125 4.092 4.062 4.043 4.053 4.078 4.085 4.05 4.075 4.075 4.062 4.03 4.025 3.99 3.805 5 4.793 4.108 4.052 4.068 4.068 4.062 4.043 4.055 4.078 4.035 4.017 4.055 4.043 4.065 4.03 4.05 4.05 3.993 4.03 4.05 4.04 3.96 3.865 3.837 3.933 3.993 4.008 4.013 4.005 3.993 4.003 4.02 3.997 3.975 4 4.01 4.005
4.175 4.168 4.165 4.14 4.17 4.175 4.137 4.093 4.085 4.043 4.02 4.1 4.148 4.133 4.148 4.115 4.105 4.1 4.117 4.137 4.137 4.145 4.085 4.025 4.115 4.128 4.11 4.068 4.06 4.068 4.043 4.075 4.088 4.06 4.055 4.075 4.075 4.048 4.05 3.84 4.043 5.015 4.19 4.077 4.062 4.075 4.073 4.045 4.015 4.05 4.057 4.03 4.003 3.995 4.03 4.033 4.068 4.043 4.068 4.057 3.997 4.02 3.953 3.84 3.822 3.865 3.91 3.97 4.02 4.003 3.95 3.98 3.988 3.98 3.993 3.985 3.963 3.98 4.01
