Matlab/Roost_data/braunton/dsm/ss4636_DSM_2M.asc
ncols 500
nrows 500
xllcorner    246000
yllcorner    136000
cellsize     2
NODATA_value -9999
[rows 68 to 101 of 500, columns 308 to 384 of 500]
9.587 9.565 9.535 9.54 9.547 9.552 9.562 9.585 9.6 9.625 9.628 9.622 9.597 9.583 9.565 9.56 9.565 9.548 9.55 9.538 9.513 9.53 9.552 9.597 9.605 9.653 9.7 9.698 9.655 9.55 9.467 9.407 9.37 9.335 9.302 9.288 9.255 9.225 9.208 9.2 9.198 9.202 9.192 9.167 9.138 9.14 9.165 9.175 9.1 9.048 9.012 9.1 8.507 10.005 9.993 9.083 9.02 9.432 8.838 8.59 8.618 8.62 8.608 8.585 8.557 8.538 8.53 8.523 8.503 8.483 8.455 8.405 8.345 8.288 8.248 8.215 8.182
9.583 9.56 9.535 9.533 9.55 9.552 9.56 9.587 9.608 9.615 9.615 9.612 9.597 9.577 9.555 9.557 9.56 9.535 9.542 9.545 9.525 9.545 9.587 9.635 9.635 9.68 9.715 9.702 9.66 9.557 9.46 9.407 9.36 9.325 9.29 9.262 9.233 9.21 9.188 9.182 9.19 9.202 9.188 9.163 9.132 9.12 9.145 9.153 9.095 9.033 8.995 9.038 8.57 9.798 9.962 9.085 8.99 9.405 8.945 8.587 8.63 8.64 8.61 8.587 8.568 8.542 8.517 8.51 8.483 8.45 8.425 8.38 8.328 8.28 8.24 8.22 8.177
9.58 9.558 9.525 9.52 9.542 9.535 9.55 9.565 9.587 9.605 9.612 9.615 9.597 9.573 9.555 9.562 9.573 9.542 9.542 9.545 9.542 9.565 9.618 9.667 9.672 9.71 9.73 9.71 9.66 9.55 9.467 9.405 9.355 9.325 9.278 9.25 9.222 9.185 9.177 9.172 9.175 9.195 9.18 9.16 9.14 9.115 9.155 9.137 9.075 9.015 8.983 9.003 8.592 9.767 9.925 9.102 8.962 9.392 9.167 8.592 8.628 8.637 8.597 8.568 8.555 8.533 8.507 8.487 8.46 8.438 8.405 8.368 8.323 8.288 8.243 8.22 8.193
9.56 9.535 9.507 9.52 9.528 9.528 9.535 9.557 9.58 9.602 9.608 9.605 9.587 9.573 9.562 9.56 9.565 9.542 9.555 9.557 9.552 9.592 9.66 9.705 9.717 9.755 9.747 9.73 9.655 9.545 9.467 9.405 9.345 9.315 9.273 9.243 9.215 9.188 9.15 9.14 9.163 9.175 9.175 9.16 9.127 9.12 9.165 9.14 9.078 9.023 8.967 8.962 8.597 9.778 9.98 9.097 8.945 9.332 9.033 8.59 8.62 8.64 8.587 8.548 8.543 8.512 8.49 8.462 8.44 8.405 8.372 8.333 8.312 8.288 8.255 8.235 8.208
9.548 9.528 9.52 9.523 9.523 9.523 9.54 9.548 9.573 9.6 9.6 9.597 9.587 9.577 9.552 9.552 9.555 9.542 9.557 9.565 9.565 9.618 9.71 9.755 9.775 9.788 9.76 9.727 9.653 9.545 9.47 9.415 9.342 9.312 9.267 9.218 9.2 9.157 9.138 9.132 9.15 9.165 9.165 9.15 9.11 9.108 9.132 9.14 9.06 8.998 8.943 8.935 8.64 9.653 10.073 9.113 8.932 9.33 9.1 8.592 8.62 8.63 8.59 8.555 8.535 8.51 8.48 8.45 8.417 8.39 8.36 8.333 8.295 8.288 8.27 8.255 8.23
9.54 9.512 9.517 9.525 9.525 9.53 9.552 9.56 9.585 9.605 9.61 9.59 9.583 9.562 9.56 9.555 9.558 9.535 9.573 9.565 9.575 9.645 9.743 9.785 9.802 9.798 9.76 9.725 9.642 9.55 9.485 9.425 9.36 9.307 9.257 9.222 9.2 9.158 9.135 9.128 9.15 9.155 9.153 9.135 9.11 9.113 9.108 9.12 9.07 9 8.938 8.923 8.628 9.733 10 9.163 8.943 9.297 9.028 8.587 8.627 8.63 8.59 8.55 8.533 8.5 8.465 8.432 8.398 8.37 8.345 8.318 8.3 8.295 8.288 8.273 8.25
9.542 9.513 9.523 9.557 9.54 9.54 9.55 9.562 9.577 9.61 9.605 9.593 9.585 9.565 9.55 9.552 9.555 9.548 9.58 9.573 9.578 9.653 9.757 9.805 9.812 9.788 9.745 9.7 9.618 9.535 9.467 9.415 9.36 9.307 9.262 9.24 9.198 9.163 9.132 9.135 9.14 9.15 9.145 9.128 9.1 9.108 9.128 9.11 9.068 9.003 8.935 8.887 8.64 9.363 10.073 9.198 8.962 9.318 9.012 8.58 8.623 8.628 8.592 8.543 8.515 8.493 8.465 8.435 8.398 8.368 8.337 8.325 8.31 8.315 8.295 8.275 8.253
9.545 9.517 9.538 9.59 9.577 9.562 9.568 9.57 9.568 9.612 9.6 9.6 9.585 9.562 9.557 9.55 9.56 9.55 9.575 9.57 9.577 9.64 9.74 9.795 9.798 9.753 9.705 9.653 9.583 9.497 9.44 9.405 9.363 9.328 9.275 9.245 9.185 9.163 9.135 9.118 9.132 9.142 9.14 9.132 9.12 9.135 9.165 9.132 9.062 8.993 8.917 8.84 8.72 9.08 10.01 9.205 8.96 9.203 9.122 8.595 8.62 8.62 8.562 8.523 8.503 8.485 8.452 8.42 8.388 8.36 8.335 8.318 8.302 8.305 8.28 8.262 8.243
9.565 9.54 9.552 9.602 9.597 9.587 9.583 9.577 9.59 9.612 9.605 9.61 9.59 9.57 9.562 9.565 9.557 9.562 9.578 9.58 9.573 9.623 9.715 9.76 9.763 9.705 9.67 9.608 9.545 9.467 9.423 9.392 9.358 9.337 9.292 9.245 9.202 9.163 9.145 9.125 9.132 9.142 9.142 9.145 9.15 9.15 9.193 9.145 9.045 8.967 8.905 8.83 8.615 9.39 10.195 9.22 8.97 9.198 9.062 8.583 8.615 8.61 8.555 8.513 8.497 8.477 8.45 8.43 8.4 8.37 8.352 8.337 8.32 8.298 8.278 8.26 8.227
9.583 9.557 9.565 9.6 9.613 9.595 9.597 9.593 9.605 9.618 9.612 9.608 9.602 9.583 9.573 9.565 9.57 9.575 9.575 9.577 9.585 9.615 9.675 9.712 9.712 9.68 9.635 9.573 9.512 9.443 9.403 9.382 9.358 9.35 9.3 9.267 9.212 9.167 9.17 9.14 9.142 9.148 9.153 9.16 9.157 9.145 9.182 9.128 9 8.93 8.88 8.825 8.49 9.243 10.165 9.22 8.972 9.142 9.073 8.552 8.595 8.595 8.535 8.497 8.483 8.462 8.445 8.415 8.392 8.372 8.352 8.323 8.31 8.28 8.267 8.23 8.212
9.585 9.575 9.568 9.587 9.62 9.602 9.595 9.61 9.605 9.62 9.622 9.62 9.61 9.597 9.59 9.577 9.583 9.583 9.583 9.583 9.587 9.602 9.645 9.667 9.655 9.623 9.597 9.53 9.467 9.43 9.395 9.38 9.36 9.347 9.305 9.267 9.222 9.18 9.173 9.155 9.158 9.167 9.167 9.173 9.167 9.132 9.155 9.087 8.96 8.935 8.94 8.903 8.577 9.305 10.305 9.368 8.97 9.155 9.115 8.52 8.575 8.583 8.547 8.488 8.477 8.458 8.435 8.415 8.392 8.38 8.358 8.33 8.297 8.275 8.257 8.23 8.202
9.578 9.585 9.583 9.587 9.615 9.62 9.605 9.62 9.622 9.612 9.628 9.635 9.608 9.595 9.595 9.587 9.595 9.595 9.587 9.583 9.568 9.585 9.602 9.618 9.61 9.565 9.54 9.487 9.443 9.42 9.38 9.37 9.355 9.343 9.31 9.275 9.23 9.205 9.182 9.177 9.177 9.18 9.177 9.16 9.132 9.083 9.092 9.057 8.99 8.99 8.962 8.925 8.645 9.21 10.312 9.333 8.972 9.132 9.14 8.557 8.562 8.57 8.535 8.493 8.462 8.443 8.425 8.405 8.395 8.382 8.36 8.328 8.293 8.278 8.265 8.24 8.21
9.575 9.587 9.6 9.61 9.618 9.625 9.622 9.61 9.618 9.62 9.632 9.635 9.612 9.608 9.608 9.583 9.59 9.595 9.58 9.577 9.568 9.565 9.575 9.58 9.562 9.523 9.495 9.458 9.415 9.39 9.37 9.36 9.35 9.327 9.315 9.265 9.24 9.21 9.192 9.182 9.19 9.185 9.177 9.155 9.105 9.052 9.048 9.038 9.033 9.02 8.993 8.927 8.673 9.105 10.32 9.325 8.977 9.12 9.205 8.525 8.538 8.542 8.528 8.477 8.458 8.44 8.423 8.413 8.403 8.382 8.347 8.318 8.295 8.278 8.255 8.243 8.22
9.58 9.595 9.613 9.618 9.62 9.63 9.63 9.608 9.618 9.635 9.632 9.635 9.62 9.618 9.622 9.583 9.593 9.595 9.575 9.573 9.552 9.545 9.538 9.54 9.515 9.487 9.47 9.442 9.403 9.382 9.358 9.335 9.323 9.32 9.308 9.27 9.253 9.215 9.2 9.185 9.185 9.195 9.173 9.128 9.073 9.045 9.035 9.057 9.073 9.05 9.007 8.943 8.695 8.977 10.172 9.328 8.975 9.075 9.215 8.485 8.512 8.533 8.515 8.48 8.465 8.443 8.425 8.413 8.392 8.363 8.333 8.31 8.285 8.267 8.267 8.243 8.222
9.595 9.605 9.618 9.615 9.62 9.625 9.618 9.625 9.622 9.635 9.632 9.635 9.632 9.63 9.632 9.587 9.6 9.605 9.568 9.568 9.542 9.53 9.525 9.52 9.48 9.468 9.453 9.435 9.407 9.382 9.358 9.333 9.327 9.32 9.307 9.275 9.25 9.21 9.2 9.19 9.198 9.188 9.153 9.105 9.045 9.028 9.05 9.093 9.1 9.057 9.017 8.983 8.773 8.847 10.118 9.325 8.975 9.048 9.41 8.523 8.507 8.515 8.493 8.465 8.458 8.44 8.415 8.407 8.385 8.352 8.328 8.3 8.288 8.27 8.265 8.245 8.217
9.605 9.615 9.63 9.618 9.62 9.625 9.615 9.622 9.618 9.637 9.637 9.64 9.645 9.648 9.64 9.593 9.608 9.61 9.558 9.565 9.538 9.545 9.528 9.505 9.48 9.47 9.438 9.423 9.395 9.375 9.343 9.335 9.325 9.315 9.295 9.265 9.235 9.212 9.185 9.182 9.195 9.17 9.125 9.075 9.02 9.025 9.095 9.13 9.105 9.057 9.025 9.003 8.91 8.677 10.142 9.328 8.983 8.977 9.38 8.642 8.507 8.505 8.483 8.452 8.442 8.44 8.427 8.413 8.378 8.358 8.337 8.31 8.285 8.282 8.263 8.238 8.222
9.59 9.625 9.637 9.622 9.622 9.63 9.615 9.622 9.62 9.64 9.66 9.657 9.665 9.667 9.64 9.595 9.61 9.6 9.562 9.56 9.53 9.56 9.515 9.485 9.47 9.462 9.445 9.415 9.392 9.375 9.333 9.34 9.323 9.31 9.298 9.273 9.24 9.205 9.177 9.173 9.172 9.15 9.115 9.062 9.02 9.025 9.115 9.17 9.115 9.062 9.035 8.988 8.965 8.475 10.135 9.39 8.988 8.943 9.405 8.632 8.515 8.515 8.505 8.465 8.452 8.44 8.425 8.415 8.395 8.365 8.337 8.302 8.292 8.27 8.25 8.238 8.208
9.612 9.635 9.635 9.628 9.635 9.63 9.628 9.628 9.637 9.657 9.665 9.67 9.675 9.672 9.648 9.605 9.62 9.597 9.56 9.555 9.528 9.54 9.493 9.462 9.458 9.465 9.443 9.427 9.398 9.382 9.355 9.343 9.337 9.315 9.28 9.26 9.23 9.2 9.165 9.163 9.148 9.12 9.083 9.042 9.023 9.02 9.087 9.158 9.115 9.07 9.038 8.983 9.07 8.498 10.078 9.53 8.98 8.938 9.335 8.58 8.505 8.535 8.517 8.475 8.475 8.468 8.453 8.43 8.423 8.387 8.333 8.29 8.273 8.263 8.24 8.222 8.19
9.62 9.64 9.642 9.635 9.64 9.637 9.625 9.632 9.64 9.673 9.677 9.675 9.69 9.682 9.665 9.615 9.62 9.597 9.565 9.545 9.51 9.485 9.477 9.44 9.44 9.45 9.445 9.425 9.4 9.388 9.358 9.343 9.327 9.302 9.265 9.235 9.217 9.198 9.165 9.153 9.128 9.108 9.06 9.028 9.01 9.015 9.065 9.13 9.105 9.08 9.032 9.002 9.105 8.44 10.013 9.41 8.988 8.945 9.45 8.583 8.512 8.56 8.53 8.505 8.487 8.495 8.465 8.435 8.405 8.373 8.333 8.307 8.292 8.262 8.233 8.202 8.17
9.608 9.637 9.645 9.628 9.637 9.642 9.63 9.645 9.648 9.685 9.698 9.69 9.733 9.708 9.682 9.623 9.622 9.602 9.557 9.525 9.497 9.472 9.458 9.427 9.423 9.43 9.42 9.413 9.387 9.368 9.35 9.34 9.323 9.295 9.263 9.227 9.215 9.192 9.16 9.128 9.11 9.102 9.06 9.025 9.015 9.013 9.045 9.12 9.115 9.093 9.048 9.017 9.127 8.477 9.958 9.523 9.007 8.96 9.4 8.548 8.512 8.558 8.54 8.507 8.487 8.49 8.48 8.462 8.42 8.372 8.328 8.3 8.275 8.238 8.205 8.17 8.132
9.625 9.653 9.658 9.642 9.638 9.637 9.64 9.657 9.675 9.712 9.725 9.73 9.745 9.708 9.69 9.648 9.63 9.602 9.552 9.517 9.488 9.472 9.445 9.407 9.415 9.41 9.395 9.39 9.368 9.34 9.335 9.323 9.312 9.283 9.26 9.225 9.21 9.185 9.155 9.13 9.093 9.093 9.06 9.03 9.03 9.04 9.062 9.13 9.128 9.102 9.062 9.033 9.118 8.54 9.85 9.635 9.028 8.945 9.51 8.602 8.523 8.578 8.548 8.53 8.51 8.507 8.472 8.44 8.405 8.358 8.307 8.273 8.24 8.195 8.142 8.118 8.1
9.63 9.653 9.655 9.645 9.645 9.64 9.64 9.663 9.693 9.74 9.75 9.733 9.73 9.715 9.705 9.66 9.625 9.595 9.548 9.515 9.48 9.462 9.43 9.407 9.405 9.398 9.378 9.375 9.347 9.323 9.32 9.31 9.295 9.278 9.26 9.245 9.222 9.198 9.165 9.127 9.095 9.087 9.068 9.052 9.052 9.05 9.062 9.145 9.148 9.108 9.07 9.045 9.113 8.568 9.71 9.835 9.038 8.948 9.448 8.762 8.54 8.605 8.55 8.528 8.51 8.483 8.445 8.378 8.347 8.32 8.265 8.243 8.225 8.32 8.365 8.345 8.188
9.65 9.66 9.648 9.655 9.645 9.653 9.655 9.682 9.717 9.767 9.753 9.755 9.745 9.725 9.712 9.675 9.632 9.6 9.552 9.52 9.475 9.458 9.422 9.395 9.4 9.385 9.372 9.36 9.333 9.315 9.305 9.302 9.288 9.265 9.257 9.243 9.233 9.21 9.177 9.137 9.105 9.097 9.093 9.08 9.073 9.062 9.085 9.148 9.145 9.122 9.09 9.057 9.073 8.66 9.547 9.948 9.042 8.97 9.76 8.855 8.58 8.615 8.557 8.505 8.46 8.435 8.398 8.39 8.405 8.4 8.328 8.25 8.182 8.122 8.102 8.177 8.245
9.65 9.657 9.663 9.655 9.657 9.673 9.682 9.693 9.733 9.78 9.767 9.767 9.757 9.74 9.727 9.682 9.637 9.605 9.542 9.523 9.477 9.448 9.42 9.4 9.395 9.378 9.365 9.352 9.33 9.32 9.307 9.29 9.29 9.267 9.247 9.25 9.247 9.218 9.188 9.153 9.105 9.102 9.105 9.083 9.068 9.077 9.087 9.15 9.157 9.145 9.095 9.055 9.025 8.72 9.288 9.865 9.038 8.962 9.805 9.062 8.825 8.705 8.602 8.493 8.443 8.465 8.57 8.415 8.327 8.288 8.318 8.345 8.355 8.35 8.358 8.352 8.327
9.645 9.665 9.665 9.67 9.665 9.688 9.705 9.72 9.757 9.798 9.783 9.778 9.783 9.765 9.738 9.698 9.642 9.597 9.545 9.523 9.477 9.45 9.417 9.392 9.403 9.388 9.362 9.355 9.345 9.315 9.3 9.292 9.28 9.26 9.263 9.257 9.247 9.22 9.207 9.165 9.113 9.112 9.115 9.095 9.073 9.083 9.102 9.17 9.177 9.157 9.113 9.055 9.005 8.85 9.167 9.938 9.047 8.948 9.738 10.017 9.46 9.148 8.967 8.797 8.85 8.782 8.71 8.528 8.47 8.41 8.39 8.378 8.39 8.395 8.415 8.408 8.347
9.648 9.665 9.67 9.677 9.677 9.692 9.722 9.747 9.773 9.8 9.798 9.788 9.79 9.773 9.737 9.702 9.665 9.605 9.545 9.523 9.48 9.448 9.403 9.395 9.39 9.372 9.358 9.365 9.345 9.315 9.298 9.29 9.267 9.26 9.265 9.28 9.255 9.23 9.212 9.175 9.142 9.122 9.113 9.108 9.097 9.093 9.11 9.185 9.188 9.155 9.12 9.05 8.993 8.917 9.065 9.785 9.062 8.953 9.593 9.915 9.725 9.395 9.637 9.507 9.17 8.86 8.658 8.515 8.443 8.41 8.4 8.403 8.405 8.432 8.442 8.417 8.38
9.653 9.673 9.67 9.695 9.69 9.705 9.73 9.76 9.77 9.798 9.802 9.792 9.798 9.765 9.725 9.698 9.66 9.597 9.545 9.503 9.477 9.45 9.407 9.38 9.388 9.37 9.347 9.358 9.335 9.312 9.298 9.28 9.27 9.267 9.257 9.285 9.26 9.235 9.21 9.19 9.172 9.138 9.11 9.102 9.105 9.102 9.12 9.182 9.188 9.155 9.11 9.057 8.977 9.025 9.005 9.938 9.078 8.945 9.49 9.775 9.2 8.945 8.805 8.88 8.653 8.648 8.625 8.533 8.502 8.472 8.44 8.43 8.44 8.46 8.455 8.438 8.413
9.677 9.682 9.698 9.715 9.7 9.712 9.735 9.76 9.77 9.798 9.795 9.79 9.788 9.76 9.727 9.693 9.637 9.585 9.542 9.505 9.477 9.435 9.41 9.385 9.388 9.387 9.372 9.36 9.325 9.312 9.298 9.285 9.273 9.265 9.265 9.29 9.267 9.23 9.2 9.185 9.167 9.142 9.118 9.102 9.112 9.135 9.135 9.198 9.207 9.155 9.115 9.06 8.977 9.023 9.017 9.913 9.115 8.945 9.41 9.898 8.823 8.62 8.557 8.542 8.523 8.59 8.628 8.568 8.54 8.515 8.477 8.46 8.467 8.475 8.472 8.462 8.435
9.69 9.705 9.718 9.722 9.712 9.72 9.745 9.753 9.765 9.783 9.788 9.778 9.77 9.74 9.712 9.667 9.618 9.573 9.53 9.483 9.468 9.435 9.42 9.398 9.387 9.387 9.365 9.35 9.318 9.318 9.297 9.29 9.278 9.265 9.262 9.28 9.267 9.237 9.198 9.193 9.158 9.132 9.115 9.09 9.113 9.125 9.135 9.2 9.208 9.142 9.105 9.05 8.975 8.997 8.868 10.193 9.137 8.962 9.413 10.06 9.198 8.59 8.545 8.52 8.517 8.56 8.63 8.59 8.557 8.532 8.51 8.48 8.483 8.48 8.48 8.472 8.438
9.702 9.71 9.712 9.72 9.71 9.722 9.735 9.743 9.757 9.765 9.77 9.765 9.747 9.708 9.693 9.642 9.583 9.557 9.512 9.47 9.468 9.427 9.41 9.4 9.395 9.382 9.36 9.36 9.323 9.308 9.312 9.282 9.267 9.265 9.263 9.26 9.27 9.247 9.218 9.203 9.15 9.138 9.132 9.102 9.108 9.097 9.13 9.203 9.217 9.153 9.108 9.055 8.977 8.945 8.908 10.23 9.17 8.99 9.188 9.913 8.988 8.592 8.573 8.557 8.548 8.578 8.628 8.6 8.573 8.558 8.542 8.513 8.5 8.48 8.49 8.495 8.465
9.717 9.712 9.712 9.715 9.712 9.722 9.73 9.733 9.74 9.753 9.755 9.747 9.733 9.68 9.665 9.608 9.56 9.533 9.497 9.465 9.46 9.425 9.403 9.398 9.382 9.372 9.358 9.35 9.33 9.312 9.305 9.282 9.285 9.265 9.263 9.263 9.265 9.233 9.198 9.18 9.155 9.138 9.118 9.097 9.097 9.097 9.128 9.212 9.205 9.145 9.097 9.045 8.977 8.887 8.903 10.215 9.208 9.007 9.158 9.948 9.168 8.61 8.585 8.587 8.58 8.605 8.648 8.623 8.587 8.577 8.555 8.542 8.525 8.517 8.523 8.517 8.493
9.718 9.722 9.725 9.705 9.708 9.722 9.72 9.717 9.73 9.727 9.73 9.727 9.712 9.653 9.635 9.585 9.535 9.505 9.477 9.45 9.45 9.41 9.4 9.39 9.38 9.368 9.352 9.345 9.333 9.312 9.308 9.295 9.278 9.26 9.255 9.26 9.247 9.22 9.208 9.19 9.155 9.135 9.113 9.093 9.09 9.093 9.118 9.182 9.203 9.135 9.085 9.055 8.988 8.89 8.865 10.245 9.25 9.025 9.108 10.212 9.387 8.632 8.613 8.61 8.605 8.608 8.655 8.637 8.61 8.597 8.585 8.555 8.552 8.542 8.54 8.538 8.51
9.722 9.73 9.73 9.708 9.71 9.72 9.705 9.703 9.712 9.7 9.702 9.712 9.685 9.63 9.61 9.555 9.51 9.497 9.458 9.44 9.435 9.4 9.395 9.38 9.365 9.355 9.352 9.343 9.327 9.307 9.312 9.295 9.27 9.253 9.26 9.26 9.235 9.227 9.212 9.188 9.15 9.14 9.11 9.087 9.097 9.11 9.125 9.167 9.212 9.13 9.08 9.045 8.975 8.885 8.82 10.1 9.3 9.057 9.092 10.01 9.595 8.66 8.635 8.63 8.632 8.618 8.66 8.665 8.637 8.62 8.605 8.578 8.575 8.57 8.545 8.557 8.542
9.725 9.727 9.722 9.71 9.695 9.698 9.695 9.688 9.688 9.672 9.682 9.692 9.645 9.608 9.58 9.53 9.495 9.485 9.445 9.435 9.423 9.395 9.385 9.375 9.358 9.352 9.342 9.34 9.337 9.31 9.31 9.288 9.265 9.245 9.265 9.26 9.237 9.222 9.193 9.165 9.14 9.128 9.105 9.1 9.11 9.122 9.118 9.14 9.21 9.17 9.087 9.04 8.967 8.927 8.752 10.222 9.315 9.062 9.087 10.297 9.898 8.7 8.655 8.663 8.655 8.645 8.688 8.69 8.653 8.642 8.635 8.605 8.608 8.595 8.57 8.57 8.56
