Matlab/Roost_data/braunton/dsm/ss4637_DSM_2M.asc
ncols 500
nrows 500
xllcorner    246000
yllcorner    137000
cellsize     2
NODATA_value -9999
[rows 320 to 351 of 500, columns 146 to 218 of 500]
12.292 12.33 12.415 12.455 12.457 12.505 12.565 12.645 12.66 12.568 12.53 12.525 12.493 11.54 10.337 11.845 11.972 11.935 11.932 11.975 12.038 12.08 12.083 12.083 12.097 12.142 12.193 12.235 12.295 12.343 12.395 12.507 12.63 12.735 12.798 12.847 12.892 12.915 12.905 12.877 12.842 12.795 12.778 12.76 12.693 12.613 12.55 12.483 12.377 12.3 12.208 12.118 12.085 12.04 11.997 11.93 11.908 11.882 11.85 11.818 11.802 11.792 11.767 11.745 11.693 11.688 11.523 10.63 11.238 11.227 11.255 11.308 11.342
12.298 12.32 12.385 12.417 12.45 12.47 12.497 12.552 12.642 12.62 12.53 12.52 12.512 12.315 10.523 10.76 11.957 11.925 11.895 11.915 11.988 12.04 12.055 12.065 12.075 12.142 12.185 12.23 12.275 12.32 12.363 12.448 12.565 12.7 12.783 12.798 12.837 12.86 12.863 12.84 12.82 12.765 12.73 12.727 12.675 12.6 12.525 12.462 12.39 12.3 12.212 12.1 12.068 12.003 11.983 11.93 11.895 11.858 11.83 11.812 11.795 11.782 11.753 11.72 11.673 11.663 11.602 10.672 11.207 11.202 11.21 11.255 11.307
12.288 12.318 12.34 12.365 12.403 12.43 12.445 12.533 12.62 12.648 12.597 12.525 12.505 12.457 11.327 10.273 11.778 11.892 11.875 11.88 11.935 12.013 12.038 12.052 12.048 12.12 12.2 12.25 12.253 12.29 12.35 12.398 12.505 12.63 12.72 12.788 12.81 12.818 12.828 12.818 12.792 12.762 12.722 12.707 12.665 12.583 12.5 12.45 12.372 12.305 12.2 12.065 12.045 11.988 11.97 11.92 11.878 11.845 11.818 11.823 11.81 11.78 11.74 11.7 11.657 11.632 11.67 10.76 11.06 11.182 11.205 11.237 11.27
12.28 12.307 12.32 12.35 12.36 12.392 12.415 12.51 12.61 12.657 12.632 12.525 12.488 12.46 12.038 10.51 10.915 11.863 11.865 11.865 11.898 11.97 12.015 12.05 12.033 12.08 12.16 12.217 12.245 12.265 12.323 12.382 12.458 12.557 12.67 12.76 12.79 12.802 12.805 12.805 12.802 12.775 12.705 12.67 12.658 12.575 12.51 12.44 12.37 12.295 12.208 12.073 12.028 11.962 11.948 11.905 11.852 11.835 11.815 11.8 11.765 11.753 11.735 11.693 11.653 11.61 11.615 11.052 10.835 11.163 11.17 11.212 11.235
12.295 12.312 12.333 12.327 12.335 12.378 12.382 12.48 12.585 12.615 12.637 12.54 12.462 12.438 12.31 11.373 10.315 11.477 11.852 11.827 11.835 11.915 11.998 12.028 12.04 12.042 12.093 12.165 12.243 12.257 12.295 12.35 12.435 12.528 12.618 12.695 12.763 12.8 12.785 12.798 12.795 12.76 12.717 12.667 12.642 12.573 12.497 12.425 12.36 12.293 12.222 12.085 12.013 11.96 11.922 11.892 11.845 11.815 11.798 11.795 11.77 11.753 11.71 11.68 11.635 11.585 11.592 11.335 10.635 11.163 11.14 11.18 11.212
12.282 12.295 12.312 12.307 12.31 12.335 12.373 12.417 12.52 12.585 12.622 12.577 12.465 12.405 12.375 12.248 10.483 10.698 11.798 11.843 11.82 11.868 11.955 12.012 12.045 12.045 12.085 12.135 12.202 12.255 12.298 12.34 12.41 12.49 12.578 12.66 12.738 12.78 12.79 12.785 12.785 12.78 12.71 12.653 12.61 12.562 12.505 12.42 12.35 12.275 12.198 12.102 11.997 11.957 11.915 11.885 11.833 11.81 11.788 11.77 11.743 11.708 11.69 11.665 11.64 11.58 11.555 11.46 10.605 11.118 11.113 11.13 11.19
12.265 12.265 12.295 12.315 12.288 12.29 12.333 12.36 12.41 12.515 12.557 12.562 12.46 12.385 12.368 12.288 11.102 10.257 11.395 11.84 11.833 11.83 11.887 11.97 12.017 12.05 12.078 12.14 12.175 12.233 12.285 12.352 12.403 12.472 12.555 12.642 12.698 12.747 12.788 12.788 12.798 12.773 12.717 12.667 12.613 12.568 12.49 12.405 12.352 12.262 12.19 12.102 11.99 11.945 11.895 11.885 11.823 11.785 11.765 11.748 11.712 11.7 11.682 11.648 11.63 11.565 11.528 11.545 10.597 11.052 11.075 11.11 11.157
12.253 12.245 12.245 12.283 12.28 12.267 12.283 12.288 12.318 12.39 12.46 12.525 12.46 12.358 12.337 12.3 11.78 10.325 10.64 11.86 11.835 11.827 11.847 11.91 11.993 12.033 12.062 12.13 12.175 12.198 12.245 12.345 12.42 12.48 12.55 12.618 12.68 12.727 12.755 12.78 12.782 12.767 12.733 12.682 12.613 12.54 12.49 12.398 12.335 12.267 12.188 12.092 12.01 11.943 11.88 11.865 11.815 11.76 11.743 11.73 11.705 11.672 11.655 11.63 11.612 11.562 11.517 11.528 10.885 10.89 11.055 11.087 11.115
12.235 12.22 12.217 12.233 12.255 12.238 12.22 12.23 12.262 12.28 12.363 12.483 12.498 12.403 12.323 12.308 12.235 11.245 10.19 11.295 11.842 11.82 11.855 11.873 11.932 11.99 12.06 12.09 12.163 12.243 12.267 12.327 12.422 12.472 12.542 12.613 12.67 12.715 12.743 12.762 12.765 12.763 12.715 12.665 12.615 12.543 12.48 12.407 12.33 12.26 12.193 12.113 12.012 11.943 11.87 11.842 11.81 11.765 11.733 11.71 11.685 11.653 11.632 11.62 11.597 11.555 11.493 11.507 11.193 10.637 11.062 11.048 11.078
12.215 12.205 12.205 12.198 12.217 12.215 12.208 12.198 12.217 12.24 12.298 12.385 12.495 12.44 12.33 12.265 12.25 12.158 10.705 10.55 11.863 11.833 11.842 11.915 11.932 11.962 12.007 12.075 12.145 12.257 12.32 12.343 12.403 12.483 12.548 12.597 12.645 12.708 12.74 12.747 12.747 12.738 12.703 12.635 12.6 12.552 12.472 12.395 12.32 12.26 12.19 12.112 12.033 11.948 11.873 11.833 11.805 11.75 11.72 11.688 11.665 11.637 11.602 11.6 11.57 11.547 11.483 11.48 11.37 10.425 11.042 11.03 11.052
12.198 12.195 12.193 12.182 12.18 12.182 12.177 12.153 12.155 12.2 12.238 12.302 12.42 12.427 12.38 12.273 12.222 12.175 11.795 10.193 11.693 11.86 11.842 11.88 11.917 11.943 11.983 12.062 12.13 12.233 12.342 12.392 12.4 12.465 12.52 12.577 12.635 12.682 12.72 12.747 12.72 12.695 12.693 12.645 12.565 12.545 12.47 12.392 12.312 12.257 12.182 12.115 12.038 11.965 11.865 11.815 11.802 11.727 11.708 11.672 11.637 11.622 11.58 11.578 11.54 11.525 11.457 11.443 11.448 10.405 10.977 11.003 11.028
12.173 12.182 12.182 12.18 12.16 12.145 12.148 12.132 12.122 12.163 12.198 12.247 12.315 12.385 12.343 12.29 12.193 12.157 12.102 11.028 10.452 11.868 11.882 11.89 11.9 11.943 11.988 12.04 12.13 12.215 12.318 12.38 12.408 12.44 12.502 12.552 12.602 12.65 12.7 12.717 12.712 12.68 12.66 12.625 12.57 12.535 12.483 12.387 12.307 12.248 12.182 12.108 11.99 11.922 11.87 11.807 11.79 11.717 11.682 11.665 11.63 11.61 11.57 11.545 11.528 11.507 11.46 11.423 11.455 10.613 10.778 10.98 11.005
12.172 12.163 12.163 12.157 12.142 12.123 12.12 12.125 12.112 12.15 12.182 12.212 12.24 12.315 12.325 12.297 12.182 12.153 12.097 11.903 10.3 11.585 11.903 11.915 11.922 11.92 11.998 12.057 12.12 12.182 12.273 12.365 12.417 12.44 12.48 12.517 12.575 12.628 12.665 12.7 12.725 12.693 12.66 12.625 12.565 12.515 12.467 12.392 12.318 12.243 12.17 12.09 11.98 11.905 11.85 11.778 11.767 11.705 11.655 11.648 11.613 11.587 11.542 11.525 11.52 11.495 11.452 11.395 11.403 10.967 10.54 10.99 10.977
12.142 12.145 12.142 12.13 12.128 12.12 12.105 12.105 12.105 12.123 12.137 12.15 12.205 12.235 12.288 12.278 12.205 12.132 12.105 12.033 11.083 10.69 11.91 11.935 11.95 11.96 11.98 12.038 12.092 12.16 12.243 12.337 12.4 12.443 12.477 12.51 12.545 12.592 12.627 12.68 12.708 12.695 12.667 12.6 12.57 12.512 12.465 12.392 12.318 12.215 12.148 12.083 11.985 11.88 11.805 11.767 11.745 11.705 11.65 11.628 11.595 11.575 11.53 11.505 11.49 11.455 11.443 11.4 11.387 11.253 10.347 10.95 10.927
12.12 12.13 12.125 12.122 12.113 12.108 12.102 12.113 12.085 12.073 12.08 12.11 12.157 12.208 12.217 12.208 12.208 12.118 12.093 12.047 11.828 10.455 11.458 11.967 11.97 11.983 11.99 12.03 12.08 12.153 12.208 12.28 12.37 12.432 12.458 12.497 12.52 12.57 12.602 12.64 12.675 12.685 12.665 12.6 12.545 12.485 12.432 12.368 12.285 12.18 12.123 12.055 11.98 11.882 11.783 11.755 11.708 11.688 11.625 11.608 11.583 11.562 11.512 11.485 11.483 11.443 11.432 11.38 11.343 11.335 10.42 10.91 10.913
12.113 12.108 12.108 12.115 12.11 12.1 12.09 12.08 12.083 12.062 12.06 12.083 12.105 12.155 12.18 12.205 12.2 12.155 12.055 12.045 11.972 11.153 10.885 12.01 12.005 12.017 12.04 12.055 12.09 12.113 12.182 12.253 12.335 12.398 12.44 12.483 12.51 12.533 12.568 12.6 12.653 12.657 12.665 12.625 12.525 12.475 12.405 12.35 12.265 12.153 12.085 12.03 11.97 11.877 11.79 11.727 11.693 11.675 11.628 11.595 11.552 11.523 11.503 11.485 11.458 11.42 11.415 11.352 11.318 11.36 10.503 10.807 10.87
12.102 12.092 12.102 12.093 12.087 12.083 12.065 12.085 12.085 12.065 12.042 12.057 12.1 12.102 12.15 12.17 12.137 12.14 12.08 12.03 11.983 11.78 10.165 11.632 12.062 12.05 12.052 12.057 12.1 12.128 12.137 12.208 12.292 12.37 12.415 12.448 12.487 12.502 12.543 12.587 12.622 12.642 12.645 12.612 12.548 12.475 12.417 12.335 12.262 12.155 12.077 12.023 11.95 11.862 11.8 11.715 11.67 11.655 11.605 11.585 11.54 11.507 11.49 11.452 11.427 11.403 11.395 11.347 11.29 11.333 10.812 10.523 10.86
12.097 12.085 12.085 12.083 12.09 12.07 12.068 12.05 12.057 12.065 12.045 12.025 12.055 12.083 12.115 12.135 12.125 12.097 12.102 12.007 11.977 11.94 11.05 10.705 12.113 12.092 12.068 12.077 12.087 12.13 12.128 12.195 12.27 12.335 12.382 12.415 12.453 12.483 12.515 12.562 12.595 12.632 12.642 12.625 12.578 12.5 12.435 12.32 12.243 12.155 12.048 11.987 11.935 11.855 11.778 11.707 11.642 11.632 11.597 11.568 11.528 11.495 11.47 11.442 11.417 11.387 11.365 11.323 11.273 11.278 11.078 10.305 10.86
12.062 12.077 12.07 12.073 12.077 12.068 12.06 12.048 12.04 12.06 12.033 12 12.015 12.048 12.045 12.108 12.115 12.092 12.087 12.015 11.99 11.935 11.72 10.29 11.847 12.142 12.097 12.1 12.073 12.118 12.135 12.172 12.233 12.31 12.373 12.41 12.432 12.448 12.48 12.528 12.585 12.6 12.645 12.632 12.577 12.53 12.45 12.342 12.235 12.142 12.045 11.967 11.903 11.837 11.762 11.682 11.635 11.61 11.6 11.535 11.507 11.467 11.455 11.425 11.387 11.365 11.337 11.325 11.257 11.248 11.19 10.265 10.805
12.07 12.077 12.057 12.058 12.052 12.068 12.057 12.038 12.017 12.025 12.03 12.003 11.997 12 12.02 12.055 12.083 12.097 12.077 12.05 11.99 11.948 11.895 10.82 10.93 12.125 12.115 12.112 12.125 12.108 12.128 12.165 12.217 12.278 12.337 12.375 12.413 12.422 12.443 12.488 12.54 12.58 12.618 12.602 12.568 12.51 12.427 12.345 12.245 12.137 12.04 11.955 11.895 11.83 11.753 11.663 11.613 11.568 11.592 11.515 11.475 11.445 11.413 11.4 11.372 11.37 11.318 11.3 11.233 11.21 11.22 10.375 10.73
12.065 12.062 12.052 12.052 12.055 12.04 12.03 12.025 12.02 12.013 12.02 11.997 11.97 11.972 12.013 12.02 12.07 12.077 12.065 12.05 12.028 11.948 11.9 11.557 10.153 11.788 12.125 12.085 12.083 12.132 12.142 12.182 12.208 12.255 12.288 12.345 12.38 12.382 12.407 12.452 12.502 12.55 12.58 12.578 12.552 12.507 12.438 12.342 12.257 12.153 12.045 11.965 11.882 11.828 11.755 11.655 11.595 11.562 11.545 11.503 11.42 11.43 11.41 11.403 11.365 11.337 11.302 11.28 11.233 11.177 11.208 10.528 10.465
12.073 12.062 12.05 12.02 12.038 12.032 12.023 12.02 12.028 12.003 11.997 12.005 11.983 11.95 11.945 11.99 12.04 12.055 12.052 12.02 11.99 11.925 11.932 11.847 10.608 10.79 12.13 12.085 12.065 12.113 12.125 12.165 12.163 12.215 12.253 12.285 12.33 12.36 12.375 12.42 12.458 12.502 12.545 12.555 12.53 12.477 12.403 12.347 12.273 12.157 12.045 11.962 11.882 11.807 11.753 11.7 11.602 11.545 11.515 11.493 11.415 11.405 11.382 11.372 11.352 11.323 11.288 11.26 11.212 11.155 11.16 10.802 10.28
12.07 12.055 12.05 12.025 12.033 12.045 12.033 12.01 12.015 12.003 11.987 11.995 11.98 11.952 11.948 11.96 12.005 12.02 12.028 12.02 11.967 11.92 11.898 11.847 11.507 10.1 11.568 12.102 12.045 12.1 12.097 12.148 12.13 12.165 12.207 12.225 12.283 12.315 12.333 12.382 12.417 12.465 12.495 12.52 12.507 12.455 12.415 12.347 12.257 12.163 12.065 11.977 11.895 11.812 11.74 11.682 11.608 11.557 11.505 11.477 11.415 11.382 11.37 11.358 11.335 11.318 11.292 11.252 11.21 11.153 11.135 11.007 10.188
12.07 12.057 12.035 12.05 12.02 12.02 12.02 12.007 12.01 12.01 11.983 11.975 11.985 11.96 11.932 11.917 11.957 12.005 12.015 12.005 11.96 11.915 11.87 11.833 11.755 10.615 10.745 12.12 12.02 12.07 12.068 12.087 12.108 12.12 12.17 12.177 12.22 12.263 12.3 12.337 12.375 12.408 12.443 12.475 12.485 12.443 12.392 12.335 12.257 12.185 12.075 11.962 11.89 11.8 11.74 11.67 11.552 11.528 11.477 11.465 11.395 11.363 11.342 11.333 11.315 11.3 11.288 11.23 11.2 11.14 11.13 11.1 10.162
12.112 12.092 12.03 12.03 12.023 12.007 12.01 12.01 12.003 12.003 11.993 11.965 11.967 11.95 11.93 11.92 11.908 11.952 11.995 11.995 11.993 11.938 11.868 11.837 11.767 11.398 10.003 11.83 12.068 12.025 12.045 12.017 12.055 12.068 12.095 12.132 12.163 12.225 12.255 12.295 12.337 12.382 12.425 12.443 12.43 12.43 12.368 12.33 12.265 12.17 12.083 11.967 11.895 11.833 11.747 11.685 11.565 11.533 11.48 11.462 11.392 11.36 11.333 11.31 11.302 11.285 11.257 11.225 11.19 11.12 11.115 11.122 10.29
12.127 12.11 12.062 12.028 12.028 12.01 12.003 12.02 12.01 11.985 11.98 11.975 11.958 11.955 11.938 11.915 11.91 11.93 11.983 11.983 12.012 11.995 11.9 11.842 11.807 11.715 10.337 10.847 12.042 11.993 11.993 11.983 11.993 12.025 12.045 12.09 12.125 12.16 12.212 12.257 12.29 12.33 12.355 12.398 12.41 12.4 12.37 12.305 12.262 12.185 12.115 12.005 11.915 11.843 11.757 11.69 11.578 11.538 11.475 11.457 11.387 11.345 11.312 11.283 11.28 11.267 11.24 11.21 11.18 11.122 11.087 11.122 10.578
12.15 12.118 12.095 12.028 12.007 12.015 11.995 11.997 11.987 11.977 11.958 11.95 11.945 11.945 11.935 11.915 11.938 11.95 11.952 11.975 12 12.005 11.948 11.882 11.842 11.807 11.38 10.03 11.632 11.998 11.945 11.953 11.96 11.955 11.965 12.017 12.085 12.132 12.172 12.205 12.24 12.275 12.295 12.345 12.365 12.355 12.34 12.288 12.257 12.217 12.105 12.03 11.922 11.845 11.778 11.705 11.587 11.523 11.477 11.44 11.395 11.337 11.295 11.265 11.255 11.237 11.222 11.202 11.163 11.13 11.077 11.102 10.885
12.145 12.105 12.09 12.048 11.997 12.012 11.99 11.985 11.98 11.993 11.958 11.932 11.92 11.932 11.92 11.91 11.915 11.93 11.938 11.95 11.955 12.013 11.98 11.922 11.872 11.85 11.765 10.632 10.36 11.97 11.92 11.9 11.895 11.908 11.917 11.975 12.025 12.075 12.13 12.17 12.208 12.233 12.263 12.283 12.312 12.335 12.315 12.295 12.238 12.21 12.118 12.042 11.95 11.86 11.795 11.725 11.622 11.542 11.495 11.43 11.4 11.333 11.298 11.262 11.24 11.222 11.185 11.18 11.138 11.14 11.068 11.073 11.06
12.148 12.127 12.078 12.042 12.005 12.003 11.995 11.98 11.975 11.952 11.945 11.92 11.91 11.905 11.898 11.89 11.87 11.892 11.91 11.89 11.93 11.98 12.01 11.995 11.93 11.875 11.828 11.51 10.012 11.297 11.92 11.85 11.847 11.887 11.875 11.903 11.952 12.023 12.085 12.148 12.153 12.195 12.205 12.24 12.293 12.3 12.28 12.267 12.227 12.195 12.148 12.045 11.958 11.882 11.805 11.743 11.642 11.542 11.51 11.43 11.405 11.345 11.288 11.253 11.222 11.212 11.182 11.16 11.112 11.12 11.052 11.042 11.102
12.41 12.578 12.44 12.472 12.057 11.983 11.975 11.96 11.948 11.943 11.93 11.91 11.898 11.88 11.88 11.87 11.865 11.852 11.86 11.875 11.905 11.94 12.028 12.033 11.99 11.938 11.88 11.805 10.773 10.498 11.78 11.842 11.823 11.818 11.833 11.87 11.903 11.965 12.023 12.108 12.132 12.145 12.153 12.2 12.243 12.285 12.278 12.26 12.225 12.175 12.153 12.065 11.967 11.905 11.823 11.753 11.675 11.545 11.52 11.435 11.395 11.352 11.29 11.255 11.222 11.21 11.182 11.145 11.105 11.102 11.052 11.02 11.07
12.98 13 12.81 12.837 12.312 11.958 11.95 11.943 11.938 11.92 11.905 11.91 11.887 11.872 11.858 11.852 11.858 11.833 11.82 11.823 11.855 11.915 11.995 12.038 11.995 11.952 11.903 11.845 11.577 10.115 11.2 11.852 11.8 11.798 11.818 11.83 11.833 11.892 11.927 12.055 12.137 12.145 12.115 12.14 12.198 12.245 12.245 12.227 12.21 12.167 12.135 12.065 11.972 11.908 11.837 11.778 11.703 11.568 11.485 11.427 11.4 11.355 11.298 11.255 11.217 11.203 11.167 11.13 11.102 11.087 11.045 11.003 11.033
12.632 12.722 12.45 12.503 12.13 11.967 11.945 11.927 11.923 11.915 11.895 11.875 11.86 11.845 11.845 11.837 11.818 11.823 11.798 11.788 11.815 11.892 11.938 12.023 12.035 11.997 11.93 11.903 11.802 11.04 10.1 11.735 11.807 11.792 11.798 11.792 11.788 11.828 11.84 11.92 12.042 12.11 12.118 12.155 12.19 12.215 12.225 12.215 12.193 12.17 12.105 12.057 11.98 11.9 11.858 11.79 11.715 11.615 11.493 11.455 11.403 11.37 11.302 11.262 11.238 11.22 11.17 11.12 11.093 11.085 11.057 10.983 11.003
