Matlab/Roost_data/braunton/dsm/ss4635_DSM_2M.asc
ncols 500
nrows 500
xllcorner    246000
yllcorner    135000
cellsize     2
NODATA_value -9999
[rows 455 to 489 of 500, columns 0 to 78 of 500]
9.99 10.06 9.977 9.972 9.953 9.972 9.985 10.02 10.07 10.065 9.735 9.785 9.657 9.67 9.95 9.682 9.675 9.573 9.625 9.737 9.632 9.693 9.823 9.798 9.815 9.962 9.67 9.618 9.677 9.653 9.675 9.715 9.863 9.925 9.727 9.797 9.852 9.8 9.755 9.722 9.405 9.667 9.885 9.613 9.677 9.695 10.245 10.118 9.785 9.993 10.395 9.535 9.797 9.995 10.27 9.788 9.58 10.557 11.975 10.248 9.93 9.615 9.312 9.34 9.265 9.51 9.432 9.398 14.762 13.2 11.575 9.167 9.975 9.42 8.735 8.735 8.795 8.645 9.327
10.095 10.095 10.048 10.003 10.02 10.012 9.97 9.917 9.905 9.958 9.82 9.672 9.753 9.738 9.907 9.722 9.708 9.743 9.805 9.85 9.783 9.802 9.892 10.04 9.915 9.828 9.69 9.615 9.75 9.765 9.688 9.663 9.77 9.86 9.825 9.86 9.925 9.727 9.773 9.84 9.422 10.128 10.722 9.648 10.415 9.677 9.735 9.73 9.725 9.72 9.847 11.205 10.417 10.105 9.72 9.725 9.765 9.65 10.555 9.485 9.41 9.595 9.33 10.37 9.63 9.618 9.363 11.165 9.257 10.142 8.908 8.88 10.05 12.722 9.17 8.645 8.642 8.523 8.81
10.12 10.08 10.028 10.085 10.145 10.12 9.965 9.81 9.792 9.842 9.865 9.81 9.705 9.787 9.807 9.823 9.85 9.833 10.007 9.917 9.917 9.923 9.865 9.94 9.805 9.818 9.775 9.81 9.97 9.918 9.82 9.64 9.76 9.807 9.788 9.807 9.74 9.802 10.18 9.81 9.525 9.83 10.398 10.363 10.333 9.63 9.61 9.805 9.85 9.613 9.71 10.01 10.26 9.773 9.635 9.702 9.555 9.605 9.377 9.212 9.347 9.14 8.923 9.102 8.975 9.023 9.818 10.212 9.08 10.355 8.92 8.925 9.46 11.333 10.15 8.837 8.667 8.528 8.53
9.96 9.935 10.09 10.245 10.253 10.163 10.015 9.842 9.788 9.705 9.68 9.72 9.805 9.747 9.802 9.815 9.88 9.872 9.915 9.898 9.82 9.945 9.78 9.842 9.74 9.705 9.675 9.835 9.905 9.965 9.835 9.792 9.698 9.77 9.717 9.722 9.675 9.58 10.007 10.153 9.635 10.05 10.453 9.94 9.677 9.6 9.535 9.578 9.625 9.71 9.983 9.95 10.012 9.682 9.597 9.59 9.43 9.33 9.335 9.24 9.177 9.377 9.568 9.743 9.42 9.255 9.153 9.438 10.328 10.23 9.54 9.11 9.355 9.8 10.31 8.858 8.788 8.665 8.622
9.872 9.9 10.118 10.312 10.352 10.302 10.113 10.007 9.913 9.845 9.78 9.645 9.63 9.685 9.788 9.86 9.785 9.828 9.827 9.845 9.775 9.75 9.762 9.795 9.66 9.575 9.77 9.837 9.87 9.89 9.783 9.792 9.657 9.823 9.715 9.77 9.648 9.735 11.15 10.307 9.69 9.91 9.892 9.74 9.667 9.507 9.443 9.557 9.685 9.983 9.97 10.007 9.667 9.767 9.64 9.762 9.943 9.7 9.745 9.565 9.398 9.475 9.552 9.663 10.247 9.79 9.475 9.18 11.327 10.085 9.09 9.17 9.61 10.485 11.843 10.493 8.858 8.85 8.89
9.882 9.847 10.17 10.34 10.385 10.337 10.185 10.083 9.975 9.8 9.752 9.68 9.65 9.72 9.745 9.802 9.72 9.705 9.672 9.702 9.715 9.733 9.738 9.7 9.597 9.568 9.695 9.765 9.81 9.76 9.702 9.698 9.655 9.675 9.743 9.773 9.67 9.873 10.52 10.37 9.842 9.93 9.965 9.995 9.87 9.727 9.755 9.823 10.227 9.887 9.762 9.727 9.675 9.748 9.85 10.4 10.05 9.585 9.685 9.682 9.715 9.693 9.48 9.403 9.517 9.525 9.608 9.73 11.725 11.94 9.542 9.048 9.99 9.262 9.045 10.702 10 8.783 8.812
10.01 9.91 10.14 10.32 10.225 10.253 10.222 10.163 10.002 9.82 9.665 9.658 9.71 9.743 9.788 9.79 9.74 9.79 9.775 9.75 9.83 9.83 9.755 9.712 9.66 9.688 9.688 9.79 9.735 9.625 9.613 9.653 9.788 9.717 9.722 10.275 9.975 10.205 11.358 10.217 9.995 10.073 10.21 10.337 9.98 10.158 9.948 9.795 9.693 9.67 9.738 9.722 9.833 9.795 10.017 9.99 9.8 9.39 9.577 9.608 9.585 9.622 11.255 9.815 9.72 9.44 9.31 9.798 10.222 10.967 9.233 9.185 9.625 9.493 9.788 9.462 8.89 8.907 8.807
10.108 10.023 9.95 10.07 10.255 10.23 10.227 10.128 9.905 9.76 9.735 9.712 9.715 9.77 9.79 9.778 9.785 9.882 9.86 9.84 9.873 9.835 9.755 9.75 9.762 9.778 9.825 9.892 9.89 9.835 9.66 9.703 9.738 9.81 9.79 9.765 9.945 10.26 10.305 10.222 10.045 10.105 10.222 10.17 9.998 10.118 9.778 9.898 9.655 9.733 10.115 10.21 11 10.84 9.708 9.827 10.42 9.46 9.658 9.9 9.66 11.16 10.637 10.347 9.745 9.48 9.432 9.257 9.27 9.205 9.093 9.34 9.285 9.64 9.538 9.235 9.073 9.337 9.22
10.01 9.985 9.987 10.033 10.04 10.16 10.142 10.042 9.997 9.8 9.815 9.828 9.778 9.9 9.88 9.818 9.788 9.845 9.85 9.905 9.908 9.872 9.812 9.833 9.807 9.878 9.923 9.83 9.83 9.778 9.788 9.878 10.102 10.075 9.932 9.87 9.905 9.932 9.97 10.052 10.023 10.048 10.075 9.995 10.023 9.852 10.285 9.945 9.865 9.75 10.137 10.185 11.052 12.262 9.747 9.49 9.83 10.438 9.503 11.725 10.385 11.372 10.67 9.455 9.62 9.33 9.648 9.34 9.215 9.182 9.12 9.18 9.12 9.077 9.245 9.12 9.085 9.01 9.923
10.13 10.137 10.12 10.06 10.055 10.045 10.122 10.132 9.995 9.85 9.825 9.8 9.833 9.977 9.913 9.903 9.815 9.86 9.995 9.932 9.887 9.842 9.967 10.085 10.128 10.017 9.895 9.762 9.742 9.745 9.762 9.873 10.038 9.872 9.923 9.93 9.97 9.99 9.988 10.175 10.215 10.078 10.102 10.065 9.945 9.82 9.752 9.648 9.655 9.77 9.865 10.08 10.54 11.253 9.955 9.568 9.562 9.658 10.432 10.25 9.995 12.08 9.938 9.425 9.372 9.392 9.552 9.405 9.363 9.188 9.227 9.53 9.09 9.073 9.158 9.05 9.115 9.17 8.955
10.073 10.102 10.177 10.16 10.038 10.01 10.043 10.003 9.927 9.943 9.935 9.875 9.948 9.985 9.907 9.875 9.82 9.773 9.905 9.995 10.057 9.917 9.915 10.065 10.188 10.163 9.797 9.795 9.913 9.93 9.842 9.792 9.852 9.898 9.828 9.835 9.98 10.095 10.023 10.102 10.208 10.11 10.113 10.128 10.038 9.852 9.82 9.753 9.642 9.682 9.745 9.79 9.75 9.835 9.765 10.27 9.823 9.485 9.475 9.887 9.398 9.37 9.318 9.253 9.413 9.44 10.945 10.885 9.275 9.222 9.188 9.417 9.288 9.077 9.092 9.055 9.028 9.307 9.108
10.158 10.165 10.033 9.96 9.988 9.99 9.878 9.877 9.875 9.995 9.95 9.93 9.935 9.965 9.918 9.975 9.932 9.815 9.83 9.847 9.88 9.818 9.873 9.925 9.895 9.807 9.738 9.86 9.905 9.847 9.858 9.78 9.8 9.913 9.845 9.77 9.765 9.828 9.975 10.247 10.175 10.068 10.075 10.078 10.005 9.882 9.78 9.608 9.702 9.877 9.838 9.847 9.685 9.632 9.648 9.602 9.608 9.58 9.57 10.39 9.488 9.602 9.753 9.26 9.198 9.458 11.432 9.217 9.547 9.43 10.318 9.405 9.108 9.14 9.1 9.035 9.068 9.087 9.125
9.95 10.163 9.998 9.847 9.835 9.823 9.828 10.012 9.98 9.93 9.938 9.962 9.975 10.038 9.945 10.01 9.825 9.8 9.795 9.773 9.773 9.783 9.81 9.932 9.86 9.785 9.71 9.77 9.743 9.715 9.73 9.73 9.743 9.75 9.76 9.74 9.773 9.845 9.955 10.11 10.075 9.97 9.988 9.887 9.783 9.773 9.628 9.767 9.757 9.84 9.77 9.837 9.702 9.73 9.812 9.658 9.672 9.47 9.618 9.92 10.47 9.677 10.307 9.278 9.23 9.69 9.438 10.955 10.06 9.677 9.93 9.23 9.125 9.185 9.085 9.26 9.108 9.123 9.243
10.032 10.122 9.877 9.875 9.9 9.858 9.913 10.073 10.097 10.085 9.985 9.977 10 9.955 9.97 9.91 9.745 9.73 9.717 9.778 9.83 9.87 9.895 10.08 10.115 10.042 9.87 9.863 9.997 9.892 9.865 9.828 9.743 9.805 9.785 9.823 9.91 9.977 10.028 10.1 10.062 10.028 10.005 9.918 9.672 9.6 9.657 9.79 9.823 9.775 9.738 9.762 9.767 9.727 9.615 9.637 9.778 9.708 9.497 9.472 9.65 9.622 9.472 9.35 9.245 9.45 9.657 9.255 9.667 9.177 9.535 9.302 9.207 9.177 9.438 9.222 9.085 9.208 9.288
10.003 9.882 9.847 9.885 9.935 9.877 9.957 10.227 10.17 10.065 9.935 9.953 9.932 9.88 9.8 9.835 9.807 9.792 9.765 9.745 9.802 9.91 9.988 9.915 10.038 10.038 9.968 9.94 10.057 9.975 9.927 9.85 9.863 9.923 9.855 9.922 9.962 9.922 9.96 10.017 10.028 10.033 9.905 9.795 9.65 9.655 9.792 9.762 9.72 9.76 9.77 9.79 9.815 9.71 9.635 9.63 9.658 9.727 9.632 9.493 9.512 9.533 9.56 9.342 9.64 9.355 9.373 9.312 9.535 9.685 10.33 9.602 9.188 9.347 9.77 9.693 9.23 9.173 9.26
9.91 9.89 9.943 9.905 9.995 10.118 9.875 10.01 10.032 9.987 9.93 9.837 9.802 9.798 9.837 9.865 9.903 9.75 9.81 9.707 9.682 9.752 10.01 10.03 10.08 10.122 10.095 9.988 10.115 9.967 10.03 10.02 10.065 10.06 10.023 10.01 9.938 9.965 9.917 10.028 9.977 9.943 9.815 9.632 9.575 9.71 9.898 9.767 9.785 9.81 9.86 9.81 9.815 9.85 9.755 9.783 9.703 9.712 9.632 9.515 9.44 9.408 9.59 9.448 9.738 9.41 9.425 9.34 9.255 9.61 9.065 9.142 9.257 9.41 9.243 9.523 9.535 9.157 9.065
10.075 10.04 9.913 9.972 9.955 10.032 9.855 9.925 10.012 9.908 9.773 9.75 9.855 9.807 9.818 9.615 9.585 9.715 9.663 9.608 9.608 9.613 9.773 9.967 10.095 9.99 10.02 9.948 9.985 9.965 9.948 10.028 10.087 10.02 10.05 10.05 10.09 10.052 9.917 10.078 9.887 9.96 9.865 9.715 9.698 9.837 9.908 9.847 9.83 9.863 9.86 9.79 9.675 9.738 9.745 9.61 9.698 9.755 9.672 9.533 9.495 9.412 9.43 9.552 9.467 9.387 9.398 9.355 9.307 9.18 9.505 9.167 9.445 9.432 9.273 9.12 9.432 9.275 8.977
9.968 10.04 9.935 10.023 10.02 9.805 9.698 9.745 9.85 9.898 9.773 9.83 9.752 9.802 9.552 9.788 9.435 9.39 9.435 9.505 9.502 9.555 9.698 9.815 9.892 10.238 10.078 9.91 9.85 9.915 9.97 10.055 10.028 10.057 10.097 10.065 10.06 10.055 9.925 9.932 9.887 9.942 9.812 9.8 9.828 10.03 10.01 9.938 9.932 9.92 9.922 9.755 9.615 9.605 9.648 9.618 9.653 9.693 9.712 9.52 9.523 9.355 9.612 9.55 9.542 9.548 9.443 9.385 9.29 9.202 9.235 9.145 9.363 9.198 9.19 9.175 9.455 9.052 8.967
9.913 9.98 9.988 9.847 9.7 9.605 9.565 9.618 9.642 9.62 9.67 9.71 9.835 9.485 9.592 9.323 9.305 9.28 9.658 9.387 9.435 9.882 9.565 9.78 9.722 9.965 10 10.04 9.868 9.93 9.975 10.02 10.04 10.06 10.185 10.132 10.1 10.087 10.148 10.15 9.88 9.807 9.802 9.988 10.045 10.095 10.077 10.113 10.033 10.062 9.945 9.878 9.673 9.648 9.637 9.657 9.705 9.608 9.632 9.608 9.597 9.605 9.592 9.635 9.517 9.58 9.562 9.43 9.453 9.325 9.295 9.22 9.188 9.198 9.253 9.403 9.583 9.328 9.352
9.86 9.783 9.705 9.653 9.625 9.573 9.517 9.583 9.573 9.545 9.467 9.627 9.552 9.677 9.337 9.333 9.295 9.352 9.36 9.37 9.398 9.535 9.525 9.532 9.72 9.708 9.898 9.875 9.818 9.9 10.09 9.92 9.842 9.908 9.97 10.012 9.945 10.055 11.75 10.135 9.837 9.725 9.905 10.207 10.285 10.26 10.22 10.212 10.09 9.977 9.905 9.825 9.725 9.705 9.672 9.69 9.635 9.505 9.608 9.672 9.718 9.703 9.63 9.64 9.573 9.533 9.472 9.385 9.312 9.27 9.415 9.18 9.18 9.595 9.255 9.205 9.39 9.868 9.62
9.9 9.94 9.825 9.757 9.602 9.503 9.468 9.605 9.705 9.452 9.472 9.423 9.568 9.495 9.355 9.347 9.497 9.458 9.475 9.365 9.42 9.46 9.425 9.465 9.557 9.61 9.663 9.74 9.715 9.67 9.702 9.655 9.78 9.757 9.795 9.823 9.908 9.972 10.265 9.81 9.608 9.793 10.208 10.395 10.347 10.29 10.22 10.14 9.91 9.79 9.748 9.702 9.807 9.73 9.642 9.62 9.727 9.608 9.63 9.685 9.675 9.612 9.593 9.63 9.632 9.667 9.465 9.413 9.368 9.342 9.312 9.323 9.305 9.257 9.13 9.11 9.15 9.39 9.145
9.923 9.913 9.827 9.725 9.575 9.448 9.392 9.645 9.575 9.483 9.54 9.5 9.375 9.372 9.403 9.403 9.517 9.435 9.543 9.39 9.365 9.455 9.538 9.358 9.85 9.577 9.548 9.64 9.83 9.573 9.663 9.578 9.583 9.595 9.592 9.613 9.795 10.743 9.997 9.75 9.703 10.128 10.415 10.493 10.462 10.307 10.045 9.93 9.515 9.503 9.535 9.735 9.738 9.667 9.618 9.665 9.725 9.608 9.575 9.648 9.623 9.635 9.555 9.515 9.545 9.587 9.528 9.385 9.373 9.345 9.395 9.25 9.26 9.233 9.198 9.175 9.115 9.378 9.417
9.77 9.7 9.702 9.738 9.568 9.417 9.368 9.685 9.525 9.503 9.58 9.53 9.53 9.528 9.43 9.51 9.368 9.327 9.375 9.385 9.425 9.392 9.432 9.36 9.355 9.292 9.41 9.575 9.74 9.645 9.49 9.52 9.503 9.448 9.45 9.422 9.48 9.888 9.83 9.8 9.855 10.375 10.58 10.577 10.503 10.375 9.988 9.705 9.5 9.458 9.61 9.648 9.597 9.67 9.688 9.733 9.698 9.59 9.528 9.56 9.627 9.752 9.605 9.645 9.658 9.585 9.663 9.45 9.417 9.427 9.345 9.365 9.137 9.148 9.168 9.073 9.153 9.165 9.14
9.62 9.645 9.72 9.75 9.602 9.445 9.355 9.715 9.578 9.57 9.61 9.632 9.59 9.495 9.403 9.385 9.337 9.302 9.323 9.32 9.352 9.395 9.328 9.35 9.388 9.352 9.45 9.535 9.515 9.67 9.51 9.547 9.51 9.475 9.42 9.417 9.46 9.635 9.682 9.875 9.855 10.408 10.688 10.657 10.61 10.55 10.175 9.83 9.655 9.653 9.743 9.812 9.745 9.757 9.747 9.773 9.658 9.727 9.552 9.608 9.597 9.645 9.653 9.555 9.69 9.602 9.593 9.452 9.385 9.36 9.3 9.288 9.227 9.247 9.12 9.155 9.11 9.135 9.087
9.557 9.6 9.712 9.75 9.685 9.462 9.358 9.445 9.467 9.495 9.56 9.507 9.42 9.35 9.318 9.302 9.423 9.372 9.35 9.422 9.358 9.325 9.305 9.297 9.355 9.465 9.54 9.528 9.575 9.587 9.743 9.54 9.57 9.547 9.555 9.523 9.483 9.578 9.865 9.93 9.847 10.45 10.703 10.915 10.79 10.778 10.382 10.04 9.93 9.84 9.838 9.938 9.833 9.753 9.793 9.702 9.59 9.595 9.627 9.655 9.605 9.427 9.517 9.625 9.59 9.485 9.54 9.445 9.297 9.35 9.295 9.262 9.237 9.23 9.175 9.142 9.158 9.055 9.01
9.58 9.602 9.783 9.76 9.765 9.472 9.358 9.398 9.385 9.458 9.538 9.51 9.333 9.398 9.4 9.355 9.347 9.377 9.405 9.385 9.47 9.547 9.36 9.35 9.34 9.512 9.635 9.657 9.775 9.605 9.59 9.615 9.745 9.65 9.675 9.59 9.785 9.597 9.705 10.025 9.932 10.413 10.64 10.872 10.94 10.68 10.538 10.24 10.148 10.118 10.052 10.06 9.892 9.847 9.843 9.775 9.615 9.575 9.605 9.645 9.568 9.455 9.677 9.665 9.61 9.425 9.54 9.358 9.31 9.382 9.315 9.372 9.23 9.193 9.165 9.115 9.5 9.07 9.045
9.587 9.622 9.76 9.845 9.752 9.497 9.35 9.395 9.432 9.467 9.585 9.497 9.372 9.52 9.45 9.488 9.438 9.49 9.477 9.467 9.515 9.71 9.54 9.488 9.455 9.5 9.625 9.735 9.693 9.72 9.665 9.64 9.655 9.695 9.635 9.68 9.68 9.655 9.73 10.055 9.887 10.382 10.655 10.722 10.852 10.847 10.68 10.525 10.3 10.257 10.23 10.18 10.035 9.91 9.93 9.847 9.722 9.658 9.635 9.57 9.56 9.533 9.515 9.54 9.503 9.512 9.448 9.337 9.3 9.222 9.333 9.295 9.29 9.217 9.295 9.225 9.943 9.557 9.738
9.565 9.595 9.69 9.805 9.755 9.53 9.363 9.382 9.465 9.422 9.432 9.547 9.583 9.552 9.512 9.477 9.465 9.47 9.525 9.48 9.552 9.637 9.688 9.552 9.54 9.577 9.618 9.717 9.81 9.82 10.005 9.727 9.778 9.682 9.725 9.62 9.54 9.668 9.815 9.957 9.812 10.19 10.458 10.608 10.712 10.625 10.628 10.528 10.45 10.39 10.288 10.24 10.22 10.075 9.96 9.945 9.828 9.722 9.628 9.58 9.538 9.56 9.552 9.66 9.663 9.597 9.557 9.535 9.408 9.295 9.347 9.142 9.19 9.122 9.337 9.43 9.312 9.927 9.08
9.59 9.545 9.595 9.72 9.708 9.61 9.438 9.382 9.48 9.427 9.47 9.507 9.6 9.602 9.642 9.593 9.635 9.512 9.5 9.495 9.493 9.495 9.472 9.477 9.533 9.635 9.693 9.733 9.77 9.807 9.715 9.64 9.605 9.618 9.645 9.557 9.477 9.458 9.677 9.79 9.658 10.11 10.363 10.542 10.637 10.495 10.602 10.597 10.52 10.408 10.36 10.377 10.323 10.222 10.068 10.057 9.927 9.783 9.677 9.592 9.583 9.555 9.568 9.58 9.773 9.573 9.585 9.618 9.422 9.385 9.288 9.23 9.215 9.298 9.125 9.283 9.743 10.44 9.363
9.618 9.568 9.573 9.545 9.635 9.76 9.555 9.515 9.605 9.613 9.552 9.545 9.738 9.83 9.685 9.7 9.745 9.552 9.568 9.587 9.568 9.575 9.548 9.58 9.637 9.743 9.78 9.773 9.675 9.693 9.682 9.615 9.583 9.56 9.573 9.56 9.477 9.365 9.427 9.602 9.605 9.903 10.12 10.345 10.45 10.395 10.475 10.528 10.54 10.45 10.48 10.39 10.342 10.302 10.23 10.17 10.015 9.92 9.807 9.55 9.498 9.448 9.488 9.583 9.56 9.585 9.542 9.485 9.485 9.43 9.26 9.28 9.408 9.295 9.055 9.045 9.708 9.45 9.188
9.568 9.52 9.46 9.49 9.542 9.625 9.62 9.568 9.663 9.695 9.663 9.583 9.745 9.792 9.788 9.788 9.653 9.58 9.62 9.562 9.528 9.61 9.79 10.01 10.07 9.785 9.753 9.703 9.602 9.573 9.568 9.597 9.62 9.533 9.557 9.565 9.5 9.452 9.52 9.512 9.528 9.77 9.903 10.038 10.203 10.27 10.417 10.525 10.52 10.517 10.5 10.44 10.352 10.273 10.26 10.21 10.11 9.988 9.878 9.79 9.743 9.583 9.608 9.602 9.6 9.658 9.635 9.58 9.512 9.43 9.417 9.368 9.29 9.325 9.22 9.45 9.16 9.128 9.087
9.587 9.538 9.51 9.49 9.49 9.51 9.565 9.547 9.523 9.568 9.573 9.628 9.648 9.752 9.745 9.69 9.62 9.597 9.605 9.552 9.535 9.67 9.797 9.86 9.872 9.755 9.657 9.655 9.59 9.608 9.59 9.573 9.56 9.608 9.577 9.552 9.568 9.485 9.622 9.38 9.318 9.548 9.675 9.885 10.045 10.158 10.27 10.295 10.53 10.58 10.565 10.54 10.445 10.312 10.217 10.188 10.08 10.042 9.898 9.748 9.708 9.65 9.613 9.597 9.637 9.71 9.717 9.76 9.693 9.552 9.408 9.49 9.38 9.278 9.36 9.39 9.19 9.128 9.285
9.628 9.568 9.542 9.53 9.483 9.462 9.505 9.548 9.568 9.507 9.597 9.62 9.65 9.64 9.648 9.655 9.658 9.62 9.608 9.533 9.49 9.57 9.677 9.693 9.658 9.637 9.632 9.622 9.573 9.55 9.542 9.557 9.565 9.597 9.58 9.523 9.5 9.477 9.453 9.28 9.15 9.285 9.35 9.807 9.948 10.057 10.193 10.273 10.47 10.552 10.515 10.507 10.373 10.245 10.225 10.175 10.095 9.985 9.84 9.75 9.698 9.608 9.56 9.58 9.625 9.632 9.618 9.625 9.587 9.583 9.535 9.465 9.455 9.363 9.235 9.233 9.177 9.17 9.245
9.665 9.608 9.57 9.557 9.545 9.51 9.528 9.573 9.632 9.565 9.54 9.608 9.565 9.552 9.56 9.56 9.562 9.585 9.632 9.568 9.528 9.472 9.515 9.53 9.578 9.63 9.585 9.548 9.543 9.54 9.57 9.635 9.505 9.552 9.5 9.523 9.56 9.565 9.43 9.26 9.142 9.16 9.34 9.69 9.915 9.95 10.092 10.27 10.295 10.493 10.608 10.493 10.29 10.095 9.977 10.038 9.975 9.885 9.88 9.8 9.727 9.587 9.54 9.53 9.525 9.59 9.673 9.6 9.597 9.483 9.398 9.285 9.325 9.225 9.155 9.125 9.132 9.09 9.113
9.705 9.653 9.627 9.618 9.59 9.613 9.595 9.592 9.583 9.615 9.525 9.568 9.573 9.56 9.6 9.6 9.578 9.577 9.605 9.608 9.58 9.51 9.427 9.443 9.48 9.6 9.562 9.55 9.565 9.61 9.53 9.545 9.512 9.602 9.548 9.55 9.483 9.395 9.38 9.245 9.15 9.193 9.167 9.413 9.685 9.837 10.007 10.22 10.315 10.47 10.61 10.483 10.227 10.057 9.993 10.015 10.095 10.1 10.113 10.075 9.84 9.602 9.535 9.57 9.52 9.507 9.54 9.538 9.485 9.378 9.39 9.347 9.365 9.26 9.158 9.205 9.195 9.085 9.073
