Matlab/Roost_data/braunton/dsm/ss4637_DSM_2M.asc
ncols 500
nrows 500
xllcorner    246000
yllcorner    137000
cellsize     2
NODATA_value -9999
[rows 96 to 127 of 500, columns 0 to 72 of 500]
27.403 27.35 27.288 27.218 27.135 27.06 27.003 26.952 26.9 26.833 26.772 26.708 26.653 26.6 26.538 26.487 26.438 26.39 26.342 26.308 26.27 26.228 26.192 26.138 26.097 26.05 26.007 25.958 25.917 25.87 25.825 25.77 25.72 25.682 25.638 25.593 25.573 25.54 25.52 25.517 25.49 25.488 25.462 25.45 25.435 25.41 25.385 25.365 25.335 25.292 25.257 25.218 25.175 25.112 25.083 25.243 25.71 25.878 25.913 25.378 24.852 24.663 24.63 24.61 24.625 24.638 24.612 24.555 24.515 24.465 24.432 24.382 24.352
27.233 27.177 27.12 27.052 26.97 26.895 26.837 26.792 26.74 26.675 26.615 26.558 26.507 26.46 26.39 26.34 26.282 26.235 26.19 26.155 26.115 26.075 26.04 25.987 25.938 25.892 25.845 25.802 25.75 25.715 25.673 25.625 25.57 25.535 25.487 25.442 25.415 25.388 25.36 25.36 25.345 25.342 25.318 25.295 25.278 25.26 25.245 25.225 25.188 25.135 25.085 25.045 24.993 25.06 25.823 26.442 26.188 25.195 24.965 24.575 24.555 24.56 24.567 24.565 24.535 24.495 24.46 24.403 24.355 24.312 24.282 24.245 24.228
27.068 27.01 26.952 26.885 26.82 26.745 26.682 26.632 26.585 26.53 26.465 26.415 26.36 26.305 26.243 26.19 26.14 26.083 26.048 26.003 25.965 25.92 25.882 25.823 25.785 25.747 25.695 25.642 25.61 25.565 25.513 25.475 25.427 25.385 25.35 25.302 25.267 25.247 25.23 25.218 25.212 25.18 25.177 25.16 25.153 25.118 25.105 25.062 25.005 24.943 24.928 25.038 25.445 25.653 26.272 25.625 24.57 24.485 24.483 24.48 24.49 24.487 24.45 24.415 24.372 24.337 24.3 24.25 24.212 24.175 24.153 24.125 24.105
26.903 26.842 26.788 26.733 26.665 26.593 26.522 26.465 26.425 26.38 26.308 26.263 26.208 26.16 26.115 26.058 26 25.95 25.897 25.845 25.81 25.77 25.72 25.68 25.625 25.587 25.545 25.5 25.455 25.413 25.378 25.335 25.298 25.245 25.208 25.173 25.142 25.118 25.092 25.088 25.09 25.045 25.04 25.028 24.995 24.96 24.907 24.855 24.845 24.998 25.315 25.495 25.397 25.09 24.85 24.403 24.375 24.403 24.417 24.413 24.375 24.345 24.305 24.26 24.222 24.185 24.14 24.125 24.087 24.055 24.025 23.993 23.978
26.745 26.685 26.628 26.573 26.507 26.438 26.372 26.308 26.27 26.225 26.18 26.118 26.068 26.01 25.983 25.917 25.862 25.795 25.748 25.708 25.658 25.628 25.575 25.535 25.478 25.448 25.405 25.36 25.325 25.275 25.237 25.202 25.165 25.125 25.087 25.048 25.002 24.972 24.952 24.945 24.96 24.938 24.903 24.858 24.795 24.76 24.753 25.075 25.555 25.355 25.028 24.64 24.355 24.315 24.315 24.318 24.327 24.33 24.31 24.27 24.233 24.192 24.158 24.11 24.095 24.048 24.017 24.003 23.965 23.93 23.892 23.865 23.825
26.595 26.53 26.48 26.42 26.358 26.292 26.222 26.167 26.128 26.08 26.04 25.98 25.923 25.872 25.818 25.77 25.712 25.66 25.61 25.562 25.522 25.472 25.432 25.4 25.342 25.308 25.275 25.23 25.182 25.148 25.108 25.073 25.045 25.013 24.965 24.92 24.862 24.83 24.792 24.775 24.795 24.815 24.735 24.693 24.89 25.057 25.34 25.452 24.675 24.375 24.19 24.205 24.21 24.25 24.247 24.235 24.208 24.175 24.132 24.12 24.09 24.058 24.02 23.983 23.942 23.917 23.892 23.872 23.835 23.805 23.757 23.722 23.685
26.442 26.368 26.32 26.27 26.205 26.153 26.09 26.03 25.985 25.94 25.9 25.833 25.775 25.728 25.675 25.632 25.573 25.515 25.468 25.415 25.378 25.337 25.31 25.27 25.225 25.182 25.14 25.112 25.06 25.022 24.983 24.965 24.923 24.875 24.83 24.77 24.715 24.685 24.648 24.635 24.817 24.78 25.005 25.467 25.087 25.142 25.05 25.215 24.285 24.05 24.06 24.09 24.135 24.15 24.128 24.095 24.042 24.01 23.99 23.968 23.97 23.93 23.892 23.862 23.825 23.792 23.76 23.73 23.698 23.663 23.62 23.565 23.532
26.282 26.218 26.17 26.12 26.07 26.003 25.942 25.888 25.833 25.788 25.745 25.698 25.628 25.587 25.532 25.5 25.44 25.382 25.333 25.282 25.245 25.208 25.172 25.128 25.097 25.058 25.017 24.985 24.95 24.9 24.87 24.827 24.78 24.725 24.67 24.63 24.597 24.585 24.61 24.97 25.11 25.605 25.42 24.84 24.11 23.9 24.64 25.092 24.55 23.97 23.91 23.95 23.985 23.993 23.972 23.945 23.905 23.862 23.862 23.83 23.835 23.802 23.778 23.743 23.698 23.663 23.638 23.585 23.555 23.513 23.47 23.425 23.382
26.138 26.075 26.01 25.96 25.913 25.865 25.808 25.748 25.68 25.638 25.597 25.562 25.493 25.45 25.392 25.352 25.302 25.248 25.2 25.153 25.12 25.085 25.038 25.01 24.968 24.952 24.908 24.875 24.827 24.78 24.722 24.667 24.628 24.593 24.542 24.535 24.65 24.888 24.997 25.825 25.347 24.647 24.155 23.868 23.788 23.682 23.603 24.263 24.73 24.005 23.788 23.81 23.845 23.84 23.835 23.812 23.763 23.747 23.74 23.715 23.695 23.685 23.66 23.62 23.57 23.522 23.495 23.448 23.41 23.37 23.327 23.278 23.23
25.985 25.93 25.872 25.815 25.76 25.712 25.66 25.6 25.538 25.49 25.445 25.413 25.368 25.312 25.27 25.218 25.182 25.132 25.083 25.04 25 24.962 24.925 24.892 24.865 24.823 24.778 24.735 24.675 24.63 24.573 24.542 24.548 24.653 24.757 25.16 25.255 25.09 25.135 24.318 23.92 23.862 23.837 23.778 23.712 23.622 23.522 24.022 24.467 24.243 24.44 23.67 23.702 23.705 23.702 23.688 23.648 23.625 23.612 23.608 23.545 23.545 23.53 23.487 23.438 23.39 23.347 23.315 23.27 23.228 23.175 23.13 23.077
25.837 25.788 25.72 25.67 25.622 25.565 25.517 25.468 25.41 25.358 25.32 25.278 25.24 25.192 25.148 25.095 25.06 25.017 24.972 24.932 24.89 24.847 24.815 24.763 24.712 24.66 24.61 24.565 24.53 24.52 24.6 24.765 24.94 25.21 25.358 24.712 24.292 23.987 23.868 23.865 23.84 23.817 23.792 23.735 23.648 23.562 23.455 23.54 24.042 24.355 23.99 23.52 23.538 23.552 23.552 23.56 23.528 23.5 23.478 23.47 23.425 23.395 23.38 23.345 23.305 23.247 23.198 23.167 23.112 23.085 23.038 22.978 22.932
25.692 25.64 25.59 25.525 25.47 25.425 25.385 25.333 25.282 25.217 25.167 25.148 25.108 25.065 25.015 24.985 24.945 24.905 24.862 24.818 24.77 24.737 24.677 24.605 24.56 24.52 24.48 24.487 24.587 24.858 25.038 25.715 25.065 24.305 23.938 23.843 23.835 23.837 23.84 23.82 23.778 23.733 23.685 23.632 23.568 23.465 23.403 23.295 23.695 24.36 25.093 23.88 23.378 23.388 23.42 23.417 23.405 23.372 23.34 23.323 23.308 23.243 23.233 23.205 23.158 23.11 23.058 23.015 22.972 22.93 22.888 22.833 22.78
25.54 25.485 25.435 25.38 25.335 25.28 25.24 25.198 25.16 25.095 25.058 25.017 24.995 24.96 24.913 24.88 24.835 24.8 24.748 24.685 24.625 24.555 24.51 24.48 24.475 24.565 24.73 24.892 25.093 24.89 24.892 24.278 23.882 23.83 23.812 23.807 23.792 23.767 23.733 23.692 23.65 23.602 23.573 23.52 23.458 23.368 23.315 23.208 23.108 24.702 23.927 23.85 23.218 23.23 23.257 23.27 23.27 23.243 23.208 23.175 23.153 23.105 23.077 23.055 23.01 22.968 22.897 22.86 22.823 22.778 22.735 22.677 22.632
25.385 25.333 25.292 25.23 25.188 25.142 25.097 25.055 25.02 24.98 24.935 24.895 24.872 24.83 24.8 24.76 24.712 24.658 24.59 24.525 24.48 24.465 24.667 24.788 25.017 25.118 24.945 24.67 24.575 23.837 23.82 23.82 23.8 23.778 23.753 23.718 23.695 23.653 23.615 23.57 23.53 23.478 23.435 23.397 23.342 23.255 23.198 23.125 23.01 23.608 23.978 25.487 23.083 23.062 23.112 23.14 23.13 23.1 23.058 23.025 23 22.98 22.913 22.913 22.87 22.827 22.76 22.71 22.677 22.625 22.583 22.538 22.505
25.237 25.188 25.138 25.09 25.05 24.997 24.952 24.927 24.885 24.858 24.812 24.782 24.755 24.708 24.65 24.612 24.56 24.513 24.468 24.458 24.615 24.975 25.135 25.093 24.6 24.395 23.877 23.798 23.788 23.79 23.775 23.763 23.728 23.673 23.635 23.603 23.573 23.535 23.495 23.44 23.392 23.353 23.305 23.28 23.21 23.14 23.068 23.01 22.923 22.835 24.095 25.755 23.632 22.905 22.938 22.972 22.98 22.948 22.913 22.878 22.847 22.828 22.77 22.745 22.72 22.673 22.615 22.552 22.532 22.49 22.445 22.417 22.372
25.075 25.032 24.995 24.952 24.91 24.868 24.823 24.788 24.76 24.728 24.702 24.658 24.608 24.55 24.513 24.493 24.487 24.688 24.82 24.932 25.155 25.12 24.88 24.403 23.815 23.78 23.763 23.767 23.743 23.718 23.677 23.655 23.6 23.558 23.51 23.48 23.442 23.405 23.36 23.312 23.272 23.228 23.185 23.145 23.095 23.025 22.965 22.905 22.84 22.718 23.017 23.83 23.462 22.778 22.767 22.8 22.815 22.808 22.775 22.735 22.695 22.663 22.65 22.575 22.57 22.532 22.483 22.427 22.39 22.372 22.31 22.25 22.205
24.93 24.895 24.858 24.825 24.785 24.747 24.708 24.67 24.647 24.61 24.56 24.507 24.47 24.44 24.465 24.658 24.888 25.048 24.727 24.307 24.417 23.948 23.75 23.745 23.747 23.727 23.715 23.68 23.628 23.583 23.552 23.517 23.478 23.44 23.388 23.355 23.315 23.28 23.233 23.19 23.145 23.097 23.058 23.015 22.968 22.907 22.855 22.792 22.73 22.635 22.56 24.673 23.353 23.895 22.602 22.618 22.645 22.65 22.64 22.592 22.545 22.517 22.493 22.432 22.41 22.392 22.355 22.305 22.24 22.2 22.142 22.095 22.062
24.788 24.763 24.735 24.702 24.665 24.622 24.583 24.532 24.502 24.47 24.432 24.41 24.495 24.69 25.487 25.315 24.958 24.25 23.785 23.698 23.7 23.7 23.705 23.7 23.677 23.622 23.592 23.562 23.51 23.458 23.415 23.37 23.347 23.308 23.267 23.225 23.185 23.15 23.108 23.073 23.02 22.983 22.94 22.895 22.852 22.805 22.75 22.682 22.608 22.545 22.42 23.218 24.09 23.62 22.49 22.455 22.485 22.493 22.483 22.445 22.4 22.362 22.35 22.32 22.265 22.26 22.208 22.142 22.077 22.035 21.997 21.955 21.915
24.663 24.63 24.61 24.585 24.542 24.48 24.43 24.405 24.397 24.503 24.845 25.185 25.49 25.897 25.353 24.37 23.717 23.67 23.67 23.667 23.667 23.64 23.608 23.587 23.542 23.497 23.458 23.425 23.372 23.31 23.263 23.228 23.192 23.17 23.138 23.1 23.058 23.01 22.97 22.938 22.888 22.847 22.805 22.755 22.725 22.677 22.625 22.575 22.498 22.445 22.333 22.23 23.362 23.98 23.403 22.3 22.302 22.323 22.337 22.302 22.267 22.235 22.21 22.177 22.11 22.085 22.052 22.005 21.942 21.88 21.858 21.818 21.78
24.56 24.53 24.485 24.435 24.388 24.355 24.378 24.657 24.978 25.225 24.623 25.237 24.81 24.503 23.695 23.638 23.637 23.64 23.628 23.585 23.55 23.513 23.478 23.435 23.4 23.358 23.32 23.263 23.228 23.173 23.12 23.073 23.048 23.032 23.003 22.958 22.923 22.88 22.847 22.8 22.765 22.717 22.673 22.635 22.597 22.568 22.507 22.455 22.39 22.32 22.247 22.12 22.952 24.378 23.767 22.167 22.142 22.16 22.18 22.18 22.138 22.087 22.04 22 21.962 21.903 21.903 21.868 21.808 21.745 21.712 21.682 21.638
24.413 24.372 24.34 24.417 24.438 24.685 24.792 25.37 25.365 24.235 24.375 23.665 23.593 23.608 23.603 23.577 23.555 23.52 23.493 23.462 23.427 23.38 23.337 23.282 23.243 23.208 23.173 23.128 23.085 23.032 22.978 22.935 22.91 22.885 22.855 22.833 22.78 22.763 22.71 22.66 22.638 22.59 22.55 22.513 22.485 22.438 22.39 22.337 22.272 22.198 22.138 22.035 21.943 23.057 22.743 22.215 21.975 21.99 22.025 22.025 21.97 21.913 21.88 21.852 21.823 21.76 21.748 21.718 21.667 21.612 21.57 21.538 21.505
24.282 24.323 24.95 24.85 25.295 25.033 25.01 24.225 23.818 23.573 23.54 23.542 23.542 23.525 23.48 23.45 23.413 23.392 23.36 23.327 23.282 23.228 23.173 23.138 23.09 23.058 23.02 22.972 22.94 22.895 22.842 22.802 22.763 22.738 22.722 22.688 22.65 22.615 22.58 22.538 22.51 22.462 22.413 22.39 22.353 22.315 22.27 22.225 22.16 22.108 22.022 21.94 21.802 22.335 23.003 22.467 21.83 21.8 21.835 21.842 21.81 21.77 21.722 21.7 21.677 21.635 21.585 21.58 21.538 21.495 21.438 21.41 21.378
24.465 24.752 24.99 24.78 24.45 23.927 23.532 23.497 23.495 23.487 23.472 23.445 23.4 23.37 23.34 23.308 23.27 23.23 23.198 23.17 23.13 23.075 23.02 22.983 22.945 22.907 22.87 22.835 22.808 22.75 22.708 22.67 22.64 22.605 22.585 22.555 22.52 22.493 22.45 22.41 22.378 22.33 22.292 22.265 22.228 22.188 22.138 22.095 22.055 21.995 21.91 21.827 21.708 21.745 22.615 22.533 22.395 21.625 21.645 21.67 21.667 21.638 21.585 21.555 21.538 21.505 21.438 21.432 21.408 21.37 21.31 21.27 21.245
24.878 24.83 24.077 23.655 23.465 23.45 23.448 23.438 23.425 23.378 23.337 23.285 23.255 23.215 23.198 23.158 23.122 23.087 23.035 23.01 22.98 22.923 22.875 22.827 22.795 22.775 22.735 22.695 22.663 22.628 22.595 22.545 22.505 22.468 22.442 22.417 22.388 22.355 22.327 22.282 22.25 22.21 22.173 22.138 22.097 22.055 22.02 21.972 21.925 21.87 21.79 21.715 21.62 21.493 22.202 22.465 22.683 21.467 21.462 21.5 21.507 21.488 21.448 21.413 21.39 21.362 21.327 21.275 21.278 21.237 21.182 21.128 21.105
23.917 23.448 23.425 23.415 23.405 23.388 23.362 23.333 23.288 23.237 23.185 23.14 23.11 23.077 23.045 23.005 22.97 22.93 22.885 22.847 22.827 22.788 22.73 22.68 22.66 22.625 22.603 22.558 22.53 22.505 22.458 22.42 22.378 22.337 22.31 22.29 22.263 22.237 22.2 22.16 22.112 22.092 22.065 22.01 21.962 21.925 21.885 21.84 21.792 21.743 21.673 21.577 21.507 21.407 21.515 22.265 22.18 21.765 21.292 21.315 21.352 21.347 21.315 21.278 21.243 21.222 21.19 21.138 21.122 21.103 21.06 20.995 20.962
23.382 23.347 23.358 23.335 23.302 23.285 23.243 23.202 23.163 23.108 23.062 23.007 22.975 22.932 22.905 22.87 22.835 22.79 22.747 22.702 22.68 22.655 22.615 22.565 22.52 22.487 22.45 22.423 22.39 22.368 22.335 22.282 22.245 22.218 22.182 22.155 22.14 22.11 22.085 22.035 21.998 21.962 21.92 21.89 21.84 21.795 21.755 21.712 21.673 21.618 21.555 21.483 21.39 21.29 21.17 21.978 22.195 21.62 21.145 21.14 21.185 21.192 21.18 21.132 21.097 21.073 21.048 21.013 20.965 20.962 20.923 20.878 20.823
23.323 23.298 23.25 23.21 23.175 23.158 23.125 23.083 23.03 22.978 22.94 22.878 22.833 22.79 22.757 22.725 22.682 22.642 22.61 22.568 22.538 22.51 22.472 22.432 22.392 22.358 22.325 22.288 22.265 22.228 22.195 22.16 22.125 22.085 22.05 22.017 22.013 21.985 21.955 21.923 21.885 21.835 21.792 21.752 21.708 21.67 21.63 21.575 21.535 21.483 21.43 21.362 21.265 21.19 21.07 21.3 22.847 22.718 21.315 20.978 21.007 21.035 21.032 20.993 20.95 20.93 20.915 20.882 20.818 20.815 20.788 20.75 20.688
23.205 23.155 23.112 23.078 23.05 23.022 22.985 22.955 22.897 22.85 22.788 22.737 22.692 22.648 22.61 22.577 22.542 22.515 22.472 22.442 22.408 22.372 22.337 22.305 22.27 22.222 22.185 22.15 22.132 22.097 22.065 22.03 21.995 21.96 21.917 21.885 21.86 21.85 21.825 21.788 21.767 21.71 21.655 21.61 21.577 21.538 21.483 21.445 21.388 21.358 21.308 21.237 21.155 21.065 20.97 20.847 21.58 22.622 21.623 20.82 20.833 20.87 20.878 20.853 20.815 20.775 20.765 20.75 20.702 20.653 20.65 20.625 20.56
23.058 23.015 22.965 22.932 22.903 22.878 22.855 22.815 22.78 22.722 22.673 22.618 22.558 22.503 22.462 22.432 22.403 22.372 22.33 22.305 22.267 22.233 22.2 22.173 22.142 22.097 22.06 22.022 21.995 21.968 21.938 21.905 21.878 21.83 21.79 21.755 21.725 21.71 21.68 21.655 21.615 21.593 21.535 21.487 21.438 21.397 21.355 21.315 21.265 21.22 21.173 21.115 21.038 20.94 20.868 20.747 20.847 22.645 21.688 21.09 20.658 20.688 20.725 20.712 20.675 20.635 20.612 20.608 20.573 20.498 20.497 20.468 20.43
22.905 22.862 22.827 22.788 22.753 22.728 22.695 22.67 22.635 22.593 22.532 22.483 22.425 22.365 22.323 22.29 22.255 22.222 22.2 22.155 22.12 22.087 22.068 22.048 22.013 21.958 21.923 21.882 21.868 21.845 21.812 21.778 21.745 21.715 21.67 21.632 21.6 21.568 21.558 21.525 21.495 21.455 21.403 21.355 21.318 21.27 21.225 21.18 21.12 21.075 21.028 20.98 20.92 20.83 20.757 20.663 20.515 21.278 21.747 21.635 20.51 20.505 20.562 20.56 20.54 20.495 20.465 20.458 20.438 20.372 20.315 20.312 20.29
22.76 22.712 22.685 22.647 22.603 22.573 22.542 22.522 22.497 22.45 22.405 22.36 22.305 22.25 22.182 22.14 22.112 22.087 22.05 22.022 21.99 21.958 21.927 21.91 21.885 21.847 21.802 21.757 21.735 21.708 21.685 21.658 21.628 21.592 21.548 21.51 21.472 21.44 21.425 21.392 21.355 21.315 21.272 21.228 21.19 21.14 21.103 21.052 20.987 20.945 20.897 20.855 20.795 20.71 20.628 20.557 20.44 20.497 21.99 21.035 20.785 20.352 20.372 20.41 20.403 20.36 20.323 20.3 20.272 20.23 20.17 20.195 20.182
22.61 22.575 22.532 22.497 22.46 22.432 22.405 22.38 22.355 22.32 22.263 22.22 22.173 22.132 22.06 22.01 21.97 21.948 21.927 21.89 21.85 21.825 21.792 21.77 21.76 21.725 21.68 21.642 21.608 21.585 21.548 21.512 21.487 21.46 21.438 21.395 21.343 21.302 21.28 21.265 21.228 21.19 21.142 21.103 21.055 21.003 20.958 20.92 20.865 20.81 20.77 20.72 20.655 20.605 20.53 20.452 20.343 20.212 20.833 21.135 20.917 20.202 20.19 20.24 20.25 20.212 20.163 20.125 20.112 20.105 20.077 20.048 20.055
