Matlab/Roost_data/braunton/dsm/ss4638_DSM_2M.asc
ncols 500
nrows 500
xllcorner    246000
yllcorner    138000
cellsize     2
NODATA_value -9999
[rows 270 to 299 of 500, columns 276 to 344 of 500]
121.948 121.78 121.607 121.42 121.2 120.995 120.765 120.51 120.24 119.988 119.72 119.465 119.183 118.902 118.632 118.372 118.088 117.807 117.558 117.295 117.05 116.827 116.598 116.363 116.137 115.928 115.71 115.5 115.292 115.088 114.893 114.702 114.528 114.333 114.143 113.965 113.795 113.63 113.455 113.3 113.14 113.003 112.853 112.717 112.573 112.435 112.298 112.155 112.028 111.895 111.768 111.647 111.493 111.342 111.185 111.033 110.872 110.728 110.585 110.45 110.292 110.15 109.997 109.86 109.717 109.567 109.435 109.28 109.143
121.55 121.378 121.17 120.982 120.768 120.548 120.292 120.042 119.777 119.503 119.228 118.96 118.712 118.442 118.177 117.917 117.647 117.382 117.12 116.875 116.618 116.393 116.158 115.925 115.702 115.505 115.3 115.1 114.895 114.693 114.507 114.315 114.143 113.97 113.78 113.605 113.432 113.262 113.088 112.932 112.795 112.632 112.493 112.35 112.208 112.085 111.95 111.802 111.67 111.54 111.41 111.29 111.16 111.015 110.86 110.708 110.565 110.408 110.262 110.13 109.985 109.84 109.69 109.552 109.412 109.26 109.122 108.98 108.825
121.128 120.948 120.747 120.545 120.308 120.073 119.84 119.575 119.3 119.025 118.753 118.505 118.232 117.97 117.723 117.46 117.193 116.938 116.693 116.44 116.195 115.97 115.74 115.518 115.305 115.083 114.882 114.685 114.488 114.295 114.113 113.933 113.77 113.598 113.423 113.247 113.077 112.905 112.745 112.577 112.442 112.287 112.14 112 111.868 111.75 111.62 111.482 111.345 111.208 111.08 110.957 110.823 110.69 110.543 110.387 110.243 110.098 109.95 109.812 109.665 109.533 109.385 109.24 109.092 108.94 108.78 108.643 108.51
120.717 120.515 120.298 120.083 119.842 119.598 119.36 119.103 118.84 118.58 118.315 118.048 117.787 117.535 117.272 117.012 116.75 116.493 116.25 116.015 115.77 115.545 115.32 115.095 114.885 114.682 114.485 114.287 114.103 113.912 113.735 113.558 113.378 113.202 113.045 112.887 112.725 112.565 112.397 112.245 112.098 111.948 111.808 111.66 111.527 111.408 111.283 111.165 111.04 110.908 110.76 110.628 110.5 110.355 110.23 110.08 109.918 109.768 109.625 109.495 109.34 109.208 109.062 108.915 108.76 108.6 108.44 108.287 108.135
120.292 120.062 119.842 119.618 119.393 119.137 118.893 118.65 118.4 118.14 117.875 117.615 117.342 117.075 116.812 116.55 116.305 116.065 115.812 115.583 115.35 115.128 114.915 114.692 114.475 114.283 114.075 113.887 113.7 113.525 113.342 113.177 113.007 112.842 112.675 112.518 112.37 112.22 112.055 111.91 111.765 111.622 111.478 111.35 111.217 111.09 110.963 110.848 110.717 110.59 110.45 110.32 110.175 110.025 109.885 109.738 109.592 109.44 109.29 109.145 109.003 108.855 108.717 108.57 108.408 108.247 108.092 107.928 107.77
119.842 119.64 119.412 119.17 118.942 118.702 118.458 118.202 117.948 117.693 117.432 117.17 116.902 116.625 116.365 116.113 115.86 115.615 115.387 115.143 114.927 114.725 114.5 114.287 114.088 113.872 113.683 113.488 113.298 113.122 112.958 112.787 112.63 112.482 112.318 112.168 112.022 111.865 111.728 111.583 111.44 111.308 111.16 111.03 110.9 110.777 110.647 110.527 110.42 110.287 110.155 110.01 109.855 109.705 109.548 109.408 109.255 109.105 108.955 108.805 108.645 108.5 108.342 108.195 108.045 107.895 107.73 107.552 107.36
119.338 119.173 118.96 118.747 118.49 118.257 118.018 117.757 117.5 117.238 116.978 116.708 116.457 116.202 115.94 115.68 115.43 115.19 114.958 114.732 114.505 114.295 114.098 113.893 113.688 113.482 113.29 113.1 112.925 112.753 112.585 112.435 112.268 112.12 111.96 111.808 111.668 111.528 111.397 111.265 111.118 110.988 110.855 110.728 110.588 110.467 110.338 110.223 110.09 109.975 109.848 109.71 109.557 109.402 109.23 109.07 108.915 108.765 108.61 108.455 108.298 108.147 107.99 107.835 107.68 107.518 107.345 107.152 106.955
118.835 118.698 118.488 118.268 118.07 117.827 117.567 117.31 117.05 116.8 116.537 116.27 116.01 115.753 115.507 115.257 115.005 114.775 114.54 114.315 114.107 113.895 113.685 113.485 113.298 113.098 112.91 112.728 112.548 112.38 112.222 112.062 111.908 111.753 111.605 111.463 111.322 111.2 111.068 110.933 110.81 110.673 110.53 110.408 110.27 110.152 110.022 109.887 109.77 109.647 109.518 109.39 109.253 109.09 108.93 108.76 108.592 108.443 108.293 108.135 107.985 107.83 107.665 107.495 107.32 107.143 106.965 106.768 106.55
118.287 118.155 118.015 117.805 117.605 117.368 117.125 116.857 116.605 116.35 116.095 115.835 115.575 115.318 115.077 114.835 114.603 114.368 114.128 113.91 113.685 113.478 113.272 113.085 112.9 112.707 112.525 112.345 112.167 112.003 111.848 111.702 111.548 111.4 111.272 111.135 110.99 110.86 110.738 110.598 110.48 110.353 110.228 110.092 109.967 109.84 109.708 109.575 109.452 109.32 109.185 109.062 108.933 108.79 108.622 108.452 108.295 108.122 107.973 107.825 107.66 107.473 107.293 107.137 106.96 106.757 106.565 106.375 106.132
117.775 117.622 117.465 117.317 117.135 116.9 116.643 116.423 116.18 115.903 115.65 115.39 115.143 114.895 114.652 114.42 114.19 113.965 113.73 113.5 113.28 113.068 112.88 112.688 112.5 112.312 112.143 111.967 111.805 111.647 111.493 111.348 111.205 111.052 110.918 110.795 110.67 110.53 110.397 110.272 110.152 110.025 109.905 109.775 109.647 109.515 109.387 109.253 109.122 108.988 108.865 108.72 108.592 108.458 108.307 108.152 107.99 107.815 107.64 107.462 107.31 107.132 106.942 106.775 106.598 106.397 106.135 105.893 105.655
117.295 117.073 116.915 116.743 116.595 116.415 116.185 115.948 115.738 115.473 115.207 114.948 114.713 114.473 114.228 113.993 113.765 113.537 113.323 113.095 112.878 112.675 112.48 112.3 112.12 111.932 111.772 111.615 111.46 111.303 111.152 110.995 110.855 110.717 110.6 110.458 110.333 110.205 110.077 109.945 109.815 109.695 109.573 109.448 109.325 109.192 109.052 108.923 108.8 108.658 108.527 108.402 108.277 108.152 107.997 107.82 107.64 107.463 107.285 107.095 106.923 106.743 106.595 106.4 106.132 105.878 105.645 105.375 105.075
116.85 116.61 116.375 116.182 116.012 115.895 115.695 115.473 115.238 114.993 114.73 114.512 114.293 114.04 113.798 113.568 113.333 113.122 112.923 112.72 112.51 112.308 112.11 111.93 111.745 111.575 111.415 111.26 111.11 110.967 110.82 110.668 110.533 110.393 110.247 110.13 109.993 109.87 109.743 109.613 109.48 109.345 109.228 109.088 108.98 108.855 108.728 108.598 108.467 108.332 108.21 108.077 107.93 107.783 107.615 107.455 107.268 107.082 106.905 106.725 106.522 106.298 106.077 105.863 105.632 105.325 105.06 104.75 104.423
116.375 116.16 115.927 115.665 115.427 115.32 115.137 114.923 114.728 114.42 114.115 114.062 113.848 113.61 113.378 113.15 112.927 112.717 112.515 112.327 112.13 111.943 111.747 111.575 111.393 111.223 111.045 110.895 110.755 110.622 110.48 110.332 110.192 110.048 109.91 109.778 109.647 109.533 109.402 109.27 109.137 108.99 108.86 108.743 108.622 108.505 108.38 108.265 108.132 107.978 107.848 107.685 107.497 107.31 107.165 107.015 106.863 106.673 106.435 106.183 105.978 105.75 105.507 105.253 104.942 104.655 104.355 104.033 103.708
115.895 115.682 115.458 115.228 114.993 114.787 114.628 114.413 114.16 113.95 113.808 113.647 113.42 113.182 112.952 112.75 112.525 112.32 112.13 111.935 111.75 111.573 111.385 111.21 111.025 110.865 110.693 110.55 110.412 110.27 110.14 110.003 109.863 109.713 109.57 109.44 109.312 109.17 109.04 108.908 108.78 108.647 108.53 108.397 108.27 108.143 108.012 107.893 107.743 107.598 107.43 107.253 106.97 106.735 106.598 106.542 106.335 106.085 105.833 105.6 105.34 105.113 104.805 104.525 104.183 103.9 103.573 103.268 102.93
115.38 115.2 114.982 114.793 114.583 114.335 114.13 113.92 113.708 113.452 113.34 113.215 113 112.8 112.56 112.327 112.11 111.92 111.735 111.543 111.365 111.2 111.04 110.863 110.69 110.522 110.357 110.202 110.052 109.905 109.77 109.643 109.512 109.355 109.217 109.082 108.95 108.808 108.68 108.56 108.42 108.285 108.16 108.025 107.872 107.753 107.592 107.452 107.317 107.18 107.018 106.817 106.503 106.232 106.113 105.965 105.693 105.458 105.19 104.912 104.613 104.333 104.037 103.722 103.38 103.077 102.747 102.378 102
114.905 114.715 114.522 114.333 114.13 113.915 113.69 113.442 113.272 113.118 112.985 112.848 112.64 112.423 112.198 111.955 111.717 111.522 111.345 111.167 110.99 110.827 110.667 110.515 110.348 110.183 110.022 109.863 109.698 109.552 109.412 109.277 109.128 108.993 108.85 108.717 108.575 108.44 108.312 108.177 108.045 107.88 107.73 107.577 107.45 107.298 107.16 107.033 106.845 106.695 106.485 106.265 106.05 105.865 105.643 105.317 105.003 104.732 104.43 104.125 103.795 103.52 103.198 102.86 102.505 102.135 101.738 101.418 101.045
114.408 114.223 114.05 113.868 113.68 113.478 113.27 113.04 112.848 112.71 112.6 112.432 112.223 112.027 111.81 111.622 111.363 111.132 110.975 110.79 110.622 110.46 110.305 110.16 109.993 109.83 109.668 109.51 109.353 109.185 109.04 108.887 108.757 108.618 108.482 108.35 108.202 108.053 107.897 107.747 107.6 107.427 107.262 107.085 106.932 106.778 106.637 106.495 106.308 106.095 105.912 105.643 105.418 105.183 104.92 104.6 104.268 103.943 103.622 103.298 102.938 102.592 102.235 101.89 101.533 101.132 100.747 100.387 100.012
113.93 113.75 113.575 113.395 113.225 113.035 112.835 112.65 112.46 112.285 112.147 111.947 111.762 111.615 111.458 111.275 111.073 110.795 110.585 110.423 110.243 110.083 109.927 109.777 109.622 109.465 109.302 109.137 108.98 108.823 108.67 108.52 108.382 108.247 108.1 107.952 107.777 107.618 107.442 107.27 107.103 106.915 106.743 106.577 106.435 106.265 106.07 105.872 105.67 105.482 105.228 104.927 104.628 104.412 104.128 103.772 103.428 103.087 102.738 102.385 102.022 101.62 101.25 100.92 100.558 100.175 99.795 99.455 99.215
113.475 113.302 113.132 112.957 112.785 112.605 112.438 112.262 112.058 111.88 111.688 111.55 111.393 111.22 111.088 110.917 110.725 110.51 110.26 110.035 109.863 109.71 109.555 109.405 109.235 109.082 108.928 108.777 108.615 108.448 108.305 108.162 107.995 107.835 107.673 107.495 107.353 107.132 106.97 106.77 106.595 106.4 106.215 106.02 105.798 105.582 105.355 105.115 104.9 104.702 104.43 104.145 103.792 103.572 103.32 102.955 102.615 102.262 101.895 101.545 101.163 100.768 100.39 100.065 99.702 99.412 99.037 98.708 98.41
113.035 112.88 112.705 112.535 112.37 112.198 112.027 111.848 111.688 111.505 111.305 111.122 110.982 110.838 110.692 110.51 110.378 110.19 109.995 109.743 109.505 109.338 109.2 109.048 108.88 108.715 108.552 108.412 108.257 108.075 107.897 107.738 107.583 107.43 107.257 107.042 106.872 106.692 106.5 106.28 106.007 105.757 105.533 105.303 105.053 104.772 104.558 104.315 104.07 103.853 103.572 103.322 102.952 102.673 102.452 102.107 101.735 101.43 101.065 100.747 100.387 100.033 99.702 99.365 99.018 98.72 98.335 97.972 97.613
112.647 112.482 112.305 112.13 111.975 111.808 111.632 111.463 111.3 111.13 110.912 110.715 110.537 110.378 110.283 110.113 109.98 109.823 109.645 109.46 109.212 109 108.832 108.695 108.535 108.372 108.198 108.02 107.848 107.675 107.49 107.302 107.13 106.942 106.783 106.63 106.405 106.182 105.923 105.575 105.225 104.982 104.783 104.55 104.26 103.995 103.743 103.47 103.215 102.967 102.702 102.445 102.122 101.795 101.512 101.177 100.77 100.452 100.128 99.8 99.5 99.202 98.895 98.572 98.217 97.912 97.522 97.147 96.79
112.245 112.08 111.925 111.753 111.595 111.423 111.26 111.072 110.9 110.7 110.522 110.33 110.155 109.99 109.838 109.688 109.543 109.412 109.253 109.09 108.923 108.708 108.51 108.327 108.15 107.965 107.78 107.595 107.405 107.207 106.997 106.783 106.6 106.44 106.247 106.012 105.753 105.457 105.147 104.735 104.357 104.075 103.952 103.775 103.47 103.213 102.965 102.668 102.425 102.16 101.865 101.6 101.25 100.93 100.59 100.222 99.81 99.435 99.13 98.832 98.545 98.315 97.98 97.72 97.287 96.997 96.647 96.298 95.92
111.84 111.683 111.52 111.355 111.2 111.027 110.85 110.665 110.488 110.305 110.13 109.967 109.792 109.61 109.423 109.255 109.083 108.915 108.757 108.632 108.503 108.315 108.128 107.947 107.77 107.583 107.353 107.088 106.878 106.658 106.408 106.158 105.928 105.73 105.485 105.245 104.952 104.645 104.372 104 103.542 103.287 103.382 102.917 102.658 102.39 102.132 101.835 101.58 101.312 100.973 100.697 100.365 100.03 99.677 99.262 98.82 98.438 98.17 97.845 97.573 97.35 97.048 97.238 96.522 96.077 95.753 95.403 95.065
111.41 111.25 111.092 110.935 110.762 110.6 110.438 110.257 110.06 109.882 109.723 109.56 109.397 109.185 108.98 108.777 108.575 108.357 108.177 108.075 107.993 107.807 107.615 107.375 107.15 106.927 106.685 106.418 106.188 105.935 105.668 105.38 105.158 104.902 104.68 104.415 104.135 103.853 103.622 103.277 102.85 102.478 102.265 102.085 101.855 101.58 101.273 100.965 100.66 100.363 100.03 99.732 99.445 99.132 98.815 98.387 97.887 97.482 97.177 96.848 96.61 96.397 96.125 95.79 95.49 95.143 94.818 94.625 94.957
110.942 110.765 110.6 110.435 110.302 110.147 109.995 109.827 109.632 109.458 109.262 109.075 108.902 108.667 108.458 108.232 108.007 107.772 107.595 107.438 107.33 107.205 106.952 106.68 106.423 106.14 105.86 105.605 105.375 105.1 104.89 104.63 104.395 104.15 103.928 103.662 103.382 103.158 102.857 102.552 102.158 101.77 101.467 101.27 101.015 100.75 100.448 100.125 99.815 99.515 99.15 98.808 98.522 98.232 97.86 97.44 97.005 96.64 96.333 96.038 95.723 95.457 95.15 94.875 94.57 94.255 93.885 94.25 93.475
110.45 110.298 110.145 109.967 109.825 109.7 109.528 109.37 109.177 108.932 108.728 108.507 108.268 108.052 107.848 107.625 107.425 107.223 107.022 106.837 106.662 106.45 106.147 105.885 105.64 105.368 105.055 104.808 104.59 104.342 104.147 103.935 103.717 103.497 103.265 102.947 102.68 102.415 102.103 101.753 101.445 101.042 100.677 100.393 100.14 99.863 99.575 99.232 98.93 98.62 98.302 97.95 97.702 97.795 97.208 96.613 96.188 95.863 95.55 95.205 94.875 94.592 94.603 94.158 93.63 93.275 92.952 92.62 92.253
109.978 109.835 109.673 109.507 109.368 109.207 108.99 108.802 108.575 108.322 108.128 107.902 107.73 107.542 107.353 107.137 106.935 106.723 106.488 106.232 105.978 105.738 105.365 105.07 104.808 104.572 104.302 104.27 104.128 103.675 103.497 103.293 103.098 102.915 102.643 102.268 101.973 101.688 101.355 101 100.717 100.312 99.923 99.562 99.26 98.967 98.673 98.355 98.055 97.738 97.42 97.335 97.695 97.185 97.408 96.188 95.353 95.005 94.693 94.378 94.075 93.905 93.9 93.747 92.708 92.368 92.068 91.762 91.463
109.5 109.365 109.21 109.055 108.848 108.67 108.47 108.265 108.03 107.833 107.645 107.442 107.24 107.033 106.848 106.605 106.342 106.098 105.868 105.6 105.305 105.075 104.713 104.368 104.107 103.908 103.685 103.415 103.198 103.08 102.895 102.635 102.41 102.19 101.9 101.56 101.26 100.973 100.647 100.283 99.973 99.625 99.18 98.83 98.522 98.208 97.882 97.548 97.255 96.925 96.573 97.26 96.935 96.52 95.655 94.897 94.535 94.152 93.81 93.49 93.205 93.188 93.743 92.188 91.995 91.467 91.158 90.882 90.522
109.035 108.86 108.688 108.515 108.325 108.143 107.945 107.738 107.522 107.325 107.113 106.902 106.705 106.482 106.262 105.958 105.7 105.46 105.208 104.935 104.69 104.455 104.145 103.812 103.53 103.34 103.08 102.802 102.555 102.368 102.128 101.855 101.568 101.31 101.02 100.69 100.408 100.158 99.887 99.538 99.22 98.923 98.49 98.115 97.73 97.482 97.188 96.823 96.512 96.168 95.818 95.52 95.283 95.32 94.53 94.098 93.738 93.37 93 92.69 92.835 92.8 92.112 92.262 91.542 90.933 90.32 90.05 89.73
108.52 108.35 108.167 107.988 107.793 107.607 107.412 107.205 106.995 106.772 106.59 106.338 106.115 105.882 105.6 105.327 105.075 104.833 104.598 104.368 104.137 103.865 103.51 103.202 102.88 102.613 102.317 102.055 101.732 101.45 101.165 100.935 100.643 100.372 100.04 99.75 99.452 99.268 99.01 98.705 98.41 98.12 97.75 97.39 96.975 96.67 96.412 96.045 95.71 95.372 95.048 94.732 94.812 94.735 93.68 93.363 92.965 92.603 92.245 91.895 91.702 91.21 91.17 90.757 90.592 89.845 89.533 89.243 88.91
