Matlab/Roost_data/braunton/dsm/ss4640_DSM_2M.asc
ncols 500
nrows 500
xllcorner    246000
yllcorner    140000
cellsize     2
NODATA_value -9999
[rows 90 to 119 of 500, columns 138 to 206 of 500]
141.017 141.097 141.179 141.384 142.679 141.902 141.679 141.809 141.964 142.094 142.212 142.302 142.409 142.529 142.652 142.762 142.952 143.112 143.262 143.457 143.612 143.769 143.949 144.119 144.257 144.407 144.604 144.769 144.894 145.064 145.227 145.364 145.524 145.697 145.857 146.024 146.184 146.357 146.507 146.664 146.827 146.979 147.117 147.304 147.427 147.594 147.784 147.927 148.072 148.289 148.429 148.622 148.779 148.944 149.129 149.307 149.464 149.637 149.812 149.992 150.164 150.357 150.504 150.687 150.844 150.982 151.159 151.322 151.447
140.834 140.879 140.987 141.727 142.117 141.502 141.544 141.657 141.782 141.887 141.999 142.097 142.182 142.317 142.464 142.567 142.739 142.894 143.074 143.217 143.387 143.547 143.704 143.869 144.019 144.182 144.344 144.484 144.652 144.802 144.969 145.122 145.254 145.429 145.597 145.772 145.942 146.072 146.232 146.389 146.539 146.699 146.842 147.019 147.179 147.319 147.507 147.662 147.834 148.007 148.182 148.357 148.519 148.684 148.862 149.027 149.209 149.389 149.589 149.747 149.917 150.097 150.274 150.459 150.627 150.779 150.929 151.042 151.167
140.607 140.687 140.892 142.197 141.559 141.327 141.444 141.497 141.587 141.662 141.787 141.899 142.004 142.134 142.264 142.387 142.549 142.707 142.842 143.012 143.147 143.302 143.449 143.632 143.762 143.944 144.082 144.222 144.397 144.539 144.697 144.847 145.007 145.159 145.297 145.484 145.637 145.799 145.957 146.102 146.282 146.422 146.584 146.744 146.892 147.042 147.222 147.389 147.557 147.729 147.907 148.077 148.249 148.457 148.652 148.792 148.962 149.154 149.329 149.512 149.694 149.869 150.047 150.212 150.344 150.502 150.622 150.739 150.829
140.397 140.474 141.307 141.807 141.134 141.207 141.317 141.344 141.397 141.482 141.587 141.689 141.844 141.947 142.094 142.204 142.362 142.519 142.652 142.804 142.932 143.087 143.252 143.377 143.542 143.709 143.844 143.992 144.149 144.294 144.424 144.589 144.737 144.889 145.042 145.214 145.359 145.527 145.672 145.832 145.967 146.137 146.322 146.442 146.627 146.777 146.952 147.127 147.312 147.479 147.662 147.829 148.009 148.209 148.379 148.557 148.747 148.934 149.114 149.282 149.469 149.624 149.812 149.952 150.079 150.199 150.279 150.369 150.474
140.182 140.417 141.702 141.002 141.004 141.109 141.132 141.167 141.227 141.294 141.409 141.539 141.669 141.814 141.942 142.057 142.172 142.342 142.477 142.612 142.749 142.879 143.049 143.182 143.329 143.484 143.594 143.752 143.887 144.042 144.174 144.324 144.484 144.634 144.787 144.944 145.114 145.247 145.424 145.572 145.747 145.872 146.037 146.192 146.367 146.547 146.722 146.894 147.042 147.227 147.412 147.579 147.782 147.949 148.144 148.309 148.497 148.669 148.849 149.004 149.192 149.339 149.482 149.589 149.729 149.824 149.962 150.232 151.187
139.977 140.977 141.384 140.829 140.892 140.989 140.982 140.997 141.037 141.144 141.244 141.354 141.487 141.614 141.739 141.867 142.009 142.139 142.257 142.407 142.522 142.669 142.814 142.957 143.107 143.242 143.369 143.484 143.647 143.769 143.902 144.054 144.204 144.349 144.509 144.679 144.829 144.994 145.137 145.287 145.442 145.622 145.762 145.947 146.114 146.289 146.467 146.647 146.804 146.979 147.157 147.332 147.497 147.679 147.867 148.012 148.199 148.377 148.537 148.699 148.819 148.969 149.099 149.219 149.417 149.699 150.534 151.414 152.067
139.907 141.202 140.777 140.744 140.789 140.827 140.829 140.834 140.882 140.947 141.044 141.149 141.282 141.397 141.547 141.679 141.809 141.942 142.044 142.179 142.294 142.434 142.602 142.704 142.842 142.974 143.109 143.222 143.362 143.502 143.629 143.792 143.947 144.089 144.237 144.389 144.549 144.712 144.862 145.007 145.189 145.337 145.527 145.692 145.862 146.014 146.197 146.379 146.532 146.702 146.849 147.039 147.207 147.382 147.539 147.689 147.869 148.014 148.177 148.334 148.507 148.827 149.152 149.602 150.232 150.957 151.549 150.764 150.072
140.529 141.189 140.572 140.594 140.672 140.717 140.717 140.699 140.734 140.804 140.859 140.964 141.059 141.182 141.299 141.439 141.562 141.684 141.809 141.929 142.044 142.177 142.314 142.437 142.549 142.679 142.817 142.919 143.062 143.204 143.322 143.472 143.632 143.792 143.934 144.087 144.259 144.394 144.559 144.712 144.884 145.049 145.222 145.377 145.552 145.727 145.889 146.059 146.219 146.389 146.554 146.714 146.859 147.004 147.164 147.324 147.557 147.949 148.459 148.944 149.397 150.034 150.394 150.392 150.442 149.877 149.159 149.324 149.529
140.862 141.227 141.249 141.469 141.414 141.459 141.227 140.869 140.777 140.772 140.807 140.864 140.957 141.067 141.174 141.374 141.367 141.477 141.619 141.762 141.884 142.004 142.129 142.254 142.342 142.447 142.562 142.749 142.934 142.954 143.062 143.194 143.339 143.427 143.599 143.789 143.939 144.127 144.274 144.419 144.587 144.797 144.997 145.162 145.322 145.517 145.667 145.797 145.917 146.057 146.199 146.454 146.782 147.212 147.784 148.212 148.669 149.057 149.449 149.452 149.327 149.232 148.607 148.489 148.654 148.822 148.977 149.137 149.284
140.967 141.377 141.922 141.794 141.739 142.144 142.054 142.087 141.962 141.679 141.919 142.022 142.029 141.989 142.002 142.252 142.064 142.092 142.194 142.467 142.699 142.639 142.904 143.007 143.052 143.277 143.382 143.569 143.867 143.934 143.944 144.032 144.142 144.212 144.247 144.459 144.482 144.519 144.649 144.784 144.814 144.904 145.067 145.234 145.337 145.499 145.827 145.992 146.287 146.577 147.129 147.739 148.044 148.182 148.244 148.244 147.912 148.134 147.609 147.642 147.819 148.032 148.204 148.339 148.479 148.607 148.757 148.897 149.009
140.964 139.679 139.909 140.154 139.707 140.164 140.672 141.249 141.339 141.609 141.767 142.069 142.519 142.549 142.637 142.552 142.479 142.534 143.067 143.192 142.444 142.972 143.024 142.947 143.349 143.662 143.574 143.474 143.427 143.384 143.872 144.597 144.364 144.369 144.309 144.877 145.109 144.912 145.329 145.794 145.889 145.827 146.004 146.217 146.409 146.607 146.727 146.804 147.249 147.227 147.187 146.924 146.644 146.557 146.669 146.784 146.984 147.172 147.352 147.534 147.704 147.839 147.984 148.107 148.284 148.382 148.489 148.612 148.739
139.719 139.242 139.312 139.394 139.412 139.477 139.609 139.679 139.804 139.902 140.097 140.262 140.584 140.547 140.489 140.817 141.337 140.922 140.997 141.089 141.242 141.392 141.499 141.589 141.669 141.972 142.057 142.054 142.167 142.279 142.444 142.582 142.692 142.807 142.929 143.042 143.182 143.274 143.559 144.049 144.302 144.244 144.554 144.934 145.039 145.397 145.267 145.397 145.422 145.519 145.704 145.867 146.072 146.259 146.454 146.644 146.829 147.009 147.139 147.294 147.479 147.594 147.719 147.847 147.952 148.077 148.227 148.329 148.514
138.952 139.084 139.189 139.317 139.342 139.439 139.559 139.634 139.817 139.977 140.032 140.209 140.337 140.397 140.507 140.659 140.759 140.832 140.974 141.069 141.212 141.349 141.504 141.609 141.712 141.797 141.882 142.007 142.114 142.264 142.364 142.482 142.564 142.674 142.814 142.932 143.057 143.159 143.319 143.462 143.634 143.814 143.977 144.157 144.369 144.542 144.759 144.964 145.134 145.334 145.512 145.697 145.892 146.072 146.247 146.427 146.617 146.764 146.899 147.049 147.187 147.312 147.464 147.609 147.697 147.814 147.992 148.097 148.217
138.802 138.949 139.062 139.187 139.264 139.387 139.484 139.494 139.629 139.784 140.054 140.139 140.312 140.414 140.504 140.662 140.794 140.922 141.037 141.079 141.182 141.319 141.454 141.547 141.609 141.739 141.839 141.994 142.077 142.179 142.257 142.387 142.454 142.574 142.704 142.817 142.944 143.064 143.199 143.359 143.502 143.667 143.842 144.027 144.234 144.414 144.589 144.779 144.952 145.139 145.319 145.477 145.652 145.812 145.972 146.144 146.327 146.459 146.614 146.779 146.889 147.029 147.169 147.319 147.434 147.582 147.697 147.797 147.954
138.639 138.787 138.894 138.984 139.117 139.302 139.394 139.467 139.559 139.674 139.857 140.029 140.169 140.259 140.339 140.459 140.577 140.762 140.859 140.954 141.069 141.194 141.299 141.364 141.502 141.584 141.647 141.794 141.922 142.064 142.109 142.219 142.287 142.369 142.502 142.624 142.762 142.894 143.034 143.162 143.307 143.472 143.637 143.817 143.999 144.182 144.339 144.539 144.717 144.877 145.037 145.192 145.344 145.492 145.662 145.829 146.007 146.177 146.337 146.474 146.622 146.757 146.939 147.027 147.262 147.289 147.412 147.587 147.729
138.507 138.627 138.694 138.767 138.952 139.089 139.217 139.314 139.462 139.519 139.679 139.799 139.977 140.062 140.139 140.242 140.384 140.514 140.642 140.754 140.859 140.954 141.064 141.192 141.284 141.337 141.502 141.554 141.699 141.837 141.927 141.984 142.079 142.152 142.269 142.384 142.507 142.664 142.794 142.917 143.067 143.217 143.384 143.554 143.739 143.899 144.089 144.254 144.412 144.582 144.739 144.907 145.062 145.219 145.372 145.547 145.702 145.869 146.039 146.184 146.334 146.462 146.597 146.739 146.884 147.059 147.189 147.312 147.442
138.364 138.427 138.527 138.619 138.749 138.867 138.969 139.062 139.257 139.342 139.444 139.629 139.752 139.899 140.012 140.102 140.199 140.332 140.472 140.547 140.602 140.739 140.807 140.952 141.034 141.224 141.307 141.382 141.502 141.644 141.724 141.792 141.877 141.947 142.072 142.182 142.319 142.439 142.569 142.702 142.852 142.977 143.157 143.339 143.502 143.669 143.837 144.004 144.167 144.314 144.462 144.602 144.749 144.907 145.054 145.234 145.397 145.607 145.739 145.942 146.092 146.194 146.412 146.474 146.622 146.769 146.912 147.037 147.187
138.207 138.254 138.347 138.467 138.564 138.672 138.782 138.897 139.067 139.184 139.334 139.467 139.602 139.704 139.762 139.917 140.029 140.107 140.222 140.309 140.404 140.537 140.592 140.709 140.809 140.949 141.064 141.209 141.307 141.407 141.534 141.629 141.662 141.762 141.879 141.974 142.112 142.247 142.377 142.512 142.647 142.767 142.929 143.057 143.242 143.414 143.572 143.734 143.874 144.007 144.149 144.309 144.439 144.599 144.752 144.924 145.119 145.249 145.404 145.594 145.739 145.892 146.082 146.204 146.339 146.497 146.652 146.804 146.939
138.032 138.072 138.147 138.307 138.417 138.499 138.697 138.789 138.884 139.057 139.199 139.257 139.384 139.457 139.552 139.692 139.849 139.897 140.014 140.099 140.234 140.347 140.429 140.489 140.597 140.714 140.852 141.049 141.142 141.242 141.324 141.432 141.434 141.549 141.677 141.787 141.897 142.027 142.142 142.264 142.387 142.542 142.707 142.857 142.999 143.134 143.294 143.437 143.577 143.719 143.862 144.004 144.137 144.289 144.437 144.597 144.792 144.949 145.107 145.259 145.419 145.597 145.784 145.954 146.099 146.254 146.387 146.552 146.702
137.837 137.874 137.992 138.174 138.297 138.364 138.484 138.602 138.714 138.837 138.952 139.044 139.194 139.292 139.347 139.447 139.572 139.704 139.809 139.844 140.004 140.114 140.219 140.344 140.447 140.552 140.694 140.822 140.944 141.029 141.149 141.214 141.244 141.357 141.452 141.577 141.667 141.797 141.924 142.067 142.199 142.327 142.464 142.594 142.752 142.879 143.024 143.172 143.284 143.414 143.554 143.699 143.872 144.007 144.152 144.304 144.479 144.634 144.852 144.989 145.154 145.322 145.504 145.674 145.844 146.002 146.142 146.314 146.462
137.632 137.737 137.814 138.007 138.074 138.197 138.332 138.377 138.519 138.634 138.749 138.887 138.937 139.084 139.154 139.289 139.402 139.494 139.522 139.657 139.827 139.857 139.984 140.142 140.269 140.367 140.464 140.642 140.722 140.834 140.967 141.019 141.047 141.174 141.274 141.377 141.487 141.599 141.739 141.859 141.997 142.102 142.229 142.354 142.487 142.614 142.754 142.879 143.017 143.139 143.262 143.417 143.554 143.739 143.869 144.014 144.192 144.352 144.524 144.687 144.889 145.042 145.224 145.412 145.577 145.747 145.909 146.057 146.232
137.404 137.507 137.679 137.862 137.919 137.984 138.074 138.202 138.344 138.449 138.589 138.654 138.744 138.839 138.994 139.079 139.182 139.262 139.379 139.464 139.634 139.664 139.829 139.954 140.059 140.159 140.327 140.414 140.527 140.644 140.684 140.789 140.857 140.982 141.069 141.169 141.282 141.412 141.514 141.629 141.737 141.869 141.982 142.112 142.247 142.367 142.492 142.627 142.737 142.857 142.989 143.142 143.279 143.414 143.559 143.739 143.877 144.077 144.249 144.432 144.589 144.789 144.979 145.167 145.322 145.504 145.674 145.847 146.037
137.244 137.322 137.474 137.607 137.704 137.797 137.867 138.029 138.147 138.269 138.309 138.449 138.562 138.634 138.799 138.887 138.974 139.077 139.192 139.307 139.417 139.504 139.614 139.752 139.859 139.994 140.164 140.262 140.344 140.434 140.524 140.562 140.659 140.777 140.884 140.972 141.082 141.207 141.307 141.419 141.544 141.659 141.762 141.892 141.992 142.112 142.252 142.357 142.472 142.597 142.722 142.869 143.017 143.152 143.309 143.472 143.637 143.799 143.964 144.144 144.349 144.544 144.742 144.944 145.117 145.284 145.452 145.632 145.827
137.027 137.202 137.329 137.364 137.534 137.617 137.709 137.814 137.942 138.019 138.129 138.227 138.349 138.442 138.552 138.672 138.784 138.817 138.994 139.152 139.269 139.364 139.442 139.547 139.677 139.814 139.939 140.044 140.139 140.244 140.329 140.362 140.479 140.564 140.669 140.787 140.874 140.994 141.084 141.189 141.317 141.432 141.542 141.659 141.759 141.879 141.989 142.097 142.219 142.327 142.469 142.609 142.752 142.887 143.039 143.192 143.377 143.547 143.724 143.909 144.112 144.319 144.522 144.719 144.899 145.089 145.259 145.434 145.642
136.857 137.009 137.109 137.232 137.364 137.409 137.514 137.629 137.732 137.834 137.944 138.019 138.139 138.244 138.394 138.472 138.552 138.677 138.782 138.922 139.037 139.159 139.267 139.354 139.474 139.624 139.717 139.837 139.944 140.039 140.087 140.159 140.269 140.362 140.472 140.569 140.682 140.762 140.862 140.977 141.107 141.204 141.317 141.417 141.519 141.624 141.732 141.862 141.974 142.094 142.214 142.364 142.507 142.654 142.787 142.962 143.134 143.322 143.489 143.687 143.897 144.077 144.267 144.494 144.679 144.864 145.039 145.234 145.432
136.659 136.809 136.924 136.994 137.184 137.237 137.357 137.467 137.572 137.692 137.722 137.927 138.034 138.112 138.177 138.287 138.377 138.514 138.634 138.682 138.814 138.957 139.082 139.217 139.287 139.422 139.544 139.617 139.744 139.819 139.869 139.952 140.047 140.154 140.274 140.374 140.444 140.559 140.649 140.779 140.882 140.964 141.057 141.199 141.272 141.387 141.497 141.589 141.727 141.854 141.977 142.102 142.262 142.404 142.557 142.712 142.882 143.069 143.254 143.444 143.659 143.869 144.094 144.269 144.457 144.654 144.844 145.042 145.244
136.519 136.677 136.732 136.819 136.979 137.042 137.194 137.289 137.397 137.477 137.537 137.719 137.832 137.922 137.959 138.094 138.194 138.269 138.367 138.507 138.622 138.749 138.872 138.979 139.092 139.184 139.342 139.452 139.509 139.587 139.619 139.759 139.869 139.959 140.059 140.154 140.247 140.352 140.429 140.544 140.667 140.757 140.859 140.959 141.047 141.134 141.264 141.372 141.482 141.602 141.739 141.872 142.017 142.167 142.319 142.497 142.654 142.832 143.042 143.247 143.427 143.642 143.859 144.037 144.269 144.442 144.657 144.849 145.039
136.324 136.417 136.597 136.667 136.707 136.832 136.949 137.104 137.154 137.292 137.392 137.532 137.597 137.672 137.819 137.889 137.997 138.142 138.207 138.357 138.442 138.537 138.649 138.774 138.902 139.004 139.119 139.212 139.279 139.379 139.429 139.554 139.657 139.749 139.854 139.957 140.039 140.124 140.229 140.314 140.417 140.519 140.614 140.719 140.809 140.924 141.022 141.134 141.237 141.377 141.517 141.644 141.787 141.952 142.099 142.257 142.439 142.624 142.829 143.037 143.247 143.444 143.634 143.837 144.024 144.237 144.437 144.642 144.852
136.149 136.282 136.337 136.484 136.524 136.644 136.807 136.877 136.974 137.109 137.197 137.332 137.427 137.527 137.609 137.689 137.804 137.952 137.962 138.134 138.214 138.329 138.472 138.532 138.704 138.812 138.917 138.999 139.089 139.149 139.227 139.324 139.449 139.544 139.659 139.729 139.834 139.912 140.014 140.094 140.194 140.314 140.397 140.499 140.594 140.689 140.787 140.907 141.017 141.137 141.287 141.429 141.564 141.724 141.887 142.062 142.237 142.404 142.614 142.822 143.029 143.232 143.424 143.614 143.809 144.042 144.234 144.452 144.652
135.967 136.109 136.167 136.282 136.354 136.472 136.592 136.704 136.814 136.919 137.024 137.129 137.202 137.294 137.402 137.519 137.567 137.744 137.809 137.909 138.077 138.174 138.229 138.374 138.497 138.647 138.699 138.789 138.869 138.899 139.052 139.147 139.247 139.342 139.447 139.532 139.614 139.704 139.812 139.902 139.992 140.089 140.174 140.259 140.369 140.469 140.564 140.689 140.814 140.929 141.067 141.207 141.349 141.492 141.674 141.837 142.024 142.204 142.382 142.597 142.797 143.009 143.209 143.399 143.612 143.809 144.034 144.229 144.424
