Matlab/Roost_data/braunton/dsm/ss4636_DSM_2M.asc
ncols 500
nrows 500
xllcorner    246000
yllcorner    136000
cellsize     2
NODATA_value -9999
[rows 442 to 475 of 500, columns 385 to 461 of 500]
7.965 7.95 7.943 7.932 7.918 7.907 7.9 7.88 7.875 7.863 7.847 7.83 7.818 7.815 7.807 7.798 7.795 7.8 7.793 7.795 7.798 7.783 7.773 7.74 7.725 7.698 7.677 7.66 7.662 7.688 7.67 7.698 7.715 7.707 7.653 8.247 7.615 7.27 7.262 7.28 7.3 7.285 7.157 7.182 7.148 7.13 7.102 7.095 7.097 7.08 7.057 7.033 7 6.992 6.957 6.955 6.943 6.935 6.925 6.9 6.885 6.858 6.845 6.827 6.803 6.78 6.753 6.73 6.712 6.7 6.69 6.673 6.66 6.655 6.63 6.628 6.622
7.963 7.95 7.935 7.92 7.915 7.895 7.89 7.875 7.865 7.855 7.842 7.828 7.82 7.802 7.805 7.79 7.79 7.785 7.773 7.778 7.778 7.767 7.767 7.747 7.725 7.698 7.682 7.675 7.682 7.69 7.705 7.705 7.705 7.68 7.855 8.15 7.385 7.275 7.267 7.3 7.298 7.258 7.162 7.175 7.137 7.122 7.125 7.088 7.09 7.057 7.053 7.033 7.025 6.992 6.96 6.938 6.922 6.92 6.91 6.898 6.885 6.87 6.832 6.82 6.793 6.787 6.753 6.73 6.707 6.695 6.668 6.658 6.645 6.645 6.637 6.62 6.613
7.945 7.938 7.927 7.915 7.91 7.887 7.878 7.865 7.845 7.845 7.83 7.83 7.82 7.812 7.807 7.795 7.783 7.778 7.77 7.765 7.753 7.747 7.735 7.727 7.712 7.685 7.677 7.668 7.69 7.702 7.717 7.715 7.705 7.642 8.105 7.815 7.275 7.262 7.273 7.305 7.3 7.21 7.2 7.205 7.158 7.135 7.125 7.108 7.095 7.077 7.04 7.03 6.997 6.975 6.96 6.95 6.927 6.895 6.887 6.882 6.867 6.86 6.85 6.825 6.8 6.762 6.745 6.715 6.71 6.7 6.68 6.67 6.645 6.628 6.628 6.615 6.602
7.947 7.93 7.915 7.907 7.892 7.883 7.875 7.858 7.84 7.83 7.815 7.803 7.81 7.798 7.802 7.795 7.79 7.79 7.78 7.763 7.755 7.753 7.727 7.693 7.677 7.655 7.65 7.665 7.677 7.695 7.707 7.713 7.68 7.713 8.198 7.47 7.247 7.262 7.287 7.315 7.307 7.205 7.238 7.182 7.162 7.135 7.12 7.102 7.082 7.07 7.048 7.028 7.003 6.965 6.97 6.948 6.923 6.912 6.887 6.878 6.842 6.827 6.825 6.81 6.8 6.793 6.753 6.733 6.715 6.695 6.675 6.67 6.662 6.653 6.628 6.617 6.602
8.132 7.952 7.94 7.905 7.892 7.875 7.87 7.852 7.847 7.832 7.818 7.81 7.798 7.793 7.783 7.788 7.778 7.793 7.783 7.773 7.758 7.742 7.702 7.677 7.662 7.648 7.622 7.648 7.662 7.702 7.707 7.715 7.64 7.99 7.957 7.34 7.247 7.255 7.288 7.285 7.257 7.205 7.247 7.207 7.17 7.148 7.115 7.097 7.082 7.06 7.035 7.04 7.01 6.993 6.957 6.962 6.922 6.908 6.88 6.865 6.845 6.84 6.8 6.78 6.773 6.755 6.745 6.73 6.722 6.7 6.662 6.66 6.642 6.645 6.64 6.637 6.63
8.885 8.695 8.318 8.075 7.915 7.898 7.87 7.863 7.835 7.823 7.815 7.805 7.795 7.788 7.778 7.767 7.767 7.77 7.775 7.76 7.755 7.737 7.707 7.67 7.637 7.602 7.605 7.635 7.637 7.688 7.697 7.695 7.637 8.2 7.673 7.288 7.258 7.258 7.275 7.26 7.213 7.243 7.233 7.182 7.17 7.148 7.148 7.113 7.082 7.06 7.048 7.023 6.997 6.98 6.972 6.935 6.93 6.91 6.892 6.858 6.845 6.828 6.805 6.785 6.765 6.733 6.725 6.712 6.688 6.68 6.68 6.672 6.658 6.642 6.63 6.617 6.617
8.725 8.675 8.943 8.927 8.75 8.343 8.052 7.865 7.84 7.812 7.795 7.793 7.788 7.783 7.778 7.773 7.775 7.765 7.765 7.75 7.73 7.715 7.693 7.665 7.635 7.608 7.625 7.653 7.655 7.697 7.693 7.67 7.855 8.137 7.372 7.255 7.255 7.27 7.3 7.255 7.19 7.238 7.227 7.205 7.17 7.158 7.13 7.113 7.078 7.065 7.037 7.013 7.015 6.988 6.97 6.943 6.927 6.9 6.882 6.87 6.842 6.84 6.805 6.79 6.77 6.74 6.725 6.702 6.69 6.688 6.657 6.662 6.648 6.66 6.657 6.64 6.608
7.94 7.967 8.068 8.297 8.828 8.972 8.865 8.602 8.245 7.988 7.81 7.803 7.785 7.775 7.757 7.755 7.755 7.755 7.758 7.75 7.72 7.702 7.668 7.633 7.622 7.585 7.617 7.655 7.668 7.685 7.695 7.637 8.172 7.855 7.267 7.242 7.25 7.283 7.267 7.235 7.213 7.247 7.202 7.197 7.172 7.15 7.135 7.115 7.075 7.053 7.043 7.003 7.003 7 6.965 6.935 6.92 6.903 6.872 6.863 6.838 6.838 6.815 6.778 6.775 6.733 6.715 6.685 6.688 6.665 6.657 6.668 6.653 6.637 6.615 6.622 6.622
7.938 7.935 7.957 7.912 7.943 8.06 8.608 8.602 9.052 8.792 8.533 8.292 7.972 7.79 7.775 7.763 7.753 7.742 7.742 7.727 7.725 7.698 7.662 7.628 7.602 7.578 7.625 7.66 7.685 7.693 7.68 7.73 8.195 7.49 7.255 7.242 7.26 7.258 7.247 7.19 7.258 7.24 7.198 7.193 7.165 7.14 7.135 7.113 7.082 7.06 7.048 7.02 6.985 6.985 6.965 6.943 6.912 6.885 6.875 6.847 6.835 6.818 6.793 6.78 6.747 6.738 6.725 6.707 6.662 6.67 6.645 6.658 6.637 6.625 6.625 6.61 6.602
7.96 7.957 7.925 7.895 7.912 7.938 7.89 7.868 7.975 8.355 8.875 9.08 8.59 8.51 8.202 7.977 7.775 7.765 7.745 7.73 7.71 7.685 7.66 7.635 7.613 7.608 7.658 7.67 7.688 7.688 7.65 7.99 7.963 7.295 7.26 7.262 7.26 7.26 7.233 7.207 7.25 7.23 7.19 7.182 7.16 7.132 7.105 7.108 7.077 7.06 7.037 7.025 6.983 6.995 6.927 6.927 6.908 6.878 6.88 6.86 6.843 6.807 6.805 6.78 6.747 6.733 6.717 6.7 6.695 6.677 6.655 6.633 6.64 6.618 6.62 6.6 6.595
7.952 7.945 7.945 7.912 7.93 7.867 7.885 7.887 7.878 7.87 7.885 7.965 8.302 9.015 8.79 8.955 9.198 8.555 8.265 7.767 7.727 7.695 7.658 7.62 7.588 7.602 7.648 7.67 7.693 7.69 7.713 8.202 7.58 7.312 7.29 7.288 7.283 7.255 7.18 7.217 7.217 7.193 7.212 7.177 7.16 7.135 7.102 7.082 7.057 7.048 7.028 7.015 6.985 6.975 6.972 6.92 6.92 6.887 6.865 6.86 6.832 6.823 6.798 6.77 6.755 6.76 6.705 6.7 6.682 6.68 6.658 6.65 6.648 6.64 6.62 6.585 6.597
7.918 7.91 7.905 7.903 7.92 7.912 7.878 7.88 7.863 7.847 7.845 7.818 7.823 7.82 7.825 8.142 8.67 8.86 8.993 9.158 8.68 8.327 7.73 7.628 7.582 7.578 7.592 7.635 7.688 7.735 7.843 8.097 7.332 7.32 7.33 7.312 7.285 7.262 7.18 7.233 7.2 7.177 7.173 7.16 7.135 7.125 7.097 7.085 7.057 7.045 7.015 6.992 6.97 6.965 6.95 6.932 6.91 6.892 6.847 6.87 6.838 6.82 6.787 6.787 6.762 6.74 6.733 6.688 6.698 6.685 6.657 6.66 6.648 6.63 6.622 6.61 6.622
7.923 7.905 7.895 7.892 7.882 7.882 7.885 7.882 7.872 7.843 7.847 7.83 7.783 7.81 7.76 7.743 7.767 7.753 7.923 8.328 9.43 9.085 9.02 8.587 8.135 7.68 7.608 7.6 7.64 7.745 7.677 7.63 7.358 7.375 7.355 7.327 7.307 7.247 7.205 7.217 7.17 7.155 7.153 7.137 7.122 7.115 7.088 7.085 7.045 7.05 7.017 7.003 6.965 6.957 6.943 6.91 6.898 6.89 6.86 6.838 6.838 6.81 6.798 6.783 6.762 6.753 6.733 6.717 6.7 6.685 6.668 6.66 6.633 6.622 6.608 6.61 6.593
7.887 7.88 7.875 7.885 7.87 7.86 7.855 7.852 7.845 7.835 7.828 7.823 7.802 7.802 7.783 7.727 7.727 7.727 7.7 7.673 7.673 7.912 8.08 8.462 8.69 8.835 8.297 7.883 7.695 7.7 7.642 7.535 7.488 7.39 7.358 7.318 7.29 7.243 7.242 7.2 7.172 7.155 7.135 7.12 7.102 7.09 7.07 7.068 7.05 7.02 7.008 6.988 6.972 6.945 6.935 6.925 6.89 6.892 6.858 6.843 6.82 6.81 6.793 6.775 6.75 6.755 6.727 6.727 6.71 6.7 6.677 6.658 6.65 6.62 6.615 6.61 6.57
7.88 7.87 7.855 7.852 7.855 7.85 7.842 7.83 7.82 7.807 7.807 7.785 7.793 7.773 7.76 7.755 7.73 7.713 7.71 7.677 7.668 7.657 7.63 7.642 7.805 8.233 8.517 8.99 8.583 8.552 8.29 7.785 7.592 7.477 7.38 7.365 7.25 7.2 7.225 7.207 7.168 7.142 7.115 7.11 7.082 7.068 7.052 7.04 7.023 6.997 6.987 6.975 6.955 6.948 6.943 6.91 6.898 6.87 6.85 6.842 6.825 6.802 6.78 6.78 6.77 6.727 6.735 6.717 6.715 6.688 6.69 6.675 6.648 6.63 6.615 6.622 6.548
7.9 7.872 7.87 7.85 7.847 7.818 7.823 7.81 7.795 7.798 7.79 7.77 7.747 7.733 7.72 7.72 7.705 7.7 7.682 7.668 7.68 7.63 7.645 7.63 7.63 7.59 7.56 7.838 8.217 8.47 9.135 9.085 8.405 8.743 7.88 7.515 7.202 7.173 7.19 7.18 7.148 7.125 7.125 7.11 7.077 7.055 7.035 7.02 7.005 6.988 6.98 6.96 6.918 6.91 6.91 6.892 6.88 6.865 6.863 6.835 6.83 6.798 6.783 6.778 6.765 6.742 6.733 6.727 6.707 6.693 6.677 6.662 6.655 6.635 6.625 6.6 6.523
7.883 7.88 7.872 7.858 7.835 7.825 7.8 7.785 7.775 7.758 7.755 7.747 7.74 7.725 7.715 7.693 7.677 7.662 7.668 7.662 7.657 7.632 7.63 7.635 7.593 7.96 8.002 7.595 7.548 7.512 7.615 7.907 8.337 9.05 9.565 9.238 9.052 8.137 7.278 7.1 7.068 7.102 7.097 7.097 7.068 7.075 7.03 7.012 7.005 6.983 6.975 6.955 6.91 6.9 6.883 6.87 6.865 6.852 6.82 6.825 6.812 6.81 6.803 6.77 6.722 6.735 6.725 6.717 6.702 6.688 6.69 6.67 6.645 6.658 6.64 6.573 6.593
7.852 7.812 7.825 7.835 7.847 7.835 7.82 7.793 7.775 7.747 7.743 7.727 7.705 7.705 7.688 7.688 7.677 7.66 7.65 7.635 7.618 7.613 7.605 7.615 7.608 7.892 8.57 8.08 7.575 7.54 7.533 7.528 7.475 7.58 7.765 8.08 8.275 8.668 9.66 9.057 7.968 7.42 7.057 6.995 7.053 7.062 7.04 7.023 7.015 6.992 6.975 6.972 6.912 6.905 6.88 6.863 6.852 6.845 6.82 6.77 6.795 6.785 6.76 6.77 6.755 6.74 6.725 6.705 6.702 6.69 6.677 6.662 6.655 6.668 6.637 6.58 6.613
7.83 7.825 7.802 7.807 7.783 7.79 7.787 7.785 7.793 7.775 7.738 7.72 7.697 7.675 7.675 7.653 7.657 7.622 7.632 7.635 7.637 7.618 7.593 7.59 7.588 7.58 7.582 7.577 7.582 7.573 7.55 7.55 7.51 7.485 7.45 7.438 7.573 7.633 8.148 8.485 8.637 9.257 8.415 8.14 7.562 7.028 6.952 6.98 7.015 6.995 6.977 6.96 6.935 6.903 6.875 6.842 6.84 6.793 6.798 6.807 6.785 6.762 6.753 6.755 6.74 6.717 6.715 6.705 6.7 6.688 6.668 6.67 6.653 6.668 6.637 6.597 6.628
7.832 7.825 7.842 7.805 7.765 7.775 7.742 7.738 7.733 7.747 7.74 7.737 7.712 7.688 7.665 7.642 7.63 7.618 7.6 7.593 7.58 7.593 7.59 7.592 7.575 7.58 7.55 7.565 7.535 7.55 7.543 7.528 7.533 7.52 7.485 7.435 7.438 7.427 7.39 7.593 7.645 8.39 8.505 9.55 8.997 9.17 8.377 7.483 6.985 6.92 6.932 6.927 6.938 6.912 6.892 6.858 6.835 6.775 6.778 6.785 6.78 6.775 6.773 6.75 6.725 6.715 6.702 6.688 6.682 6.665 6.675 6.662 6.675 6.67 6.597 6.635 6.69
7.823 7.847 7.83 7.81 7.81 7.767 7.763 7.713 7.733 7.72 7.705 7.69 7.688 7.68 7.675 7.645 7.63 7.613 7.605 7.59 7.57 7.573 7.565 7.562 7.562 7.57 7.57 7.545 7.545 7.525 7.523 7.503 7.503 7.495 7.477 7.477 7.46 7.438 7.427 7.372 7.385 7.375 7.405 7.628 7.855 8.41 9.253 9.092 9.248 7.803 7.29 6.95 6.88 6.883 6.852 6.868 6.838 6.812 6.785 6.778 6.758 6.76 6.758 6.747 6.72 6.722 6.695 6.685 6.665 6.675 6.668 6.66 6.665 6.63 6.59 6.668 6.688
7.725 7.707 7.713 7.79 7.805 7.795 7.763 7.762 7.722 7.707 7.697 7.653 7.662 7.637 7.642 7.635 7.628 7.63 7.628 7.602 7.573 7.585 7.565 7.562 7.55 7.55 7.53 7.535 7.53 7.525 7.5 7.485 7.475 7.452 7.447 7.45 7.427 7.43 7.427 7.422 7.385 7.37 7.365 7.352 7.287 7.338 7.615 7.908 8.458 8.82 8.477 9.358 8.023 7.597 6.898 6.795 6.81 6.828 6.818 6.788 6.775 6.753 6.743 6.713 6.707 6.712 6.702 6.68 6.677 6.66 6.668 6.665 6.68 6.645 6.632 6.668 6.69
7.733 7.715 7.707 7.69 7.657 7.648 7.72 7.758 7.75 7.712 7.7 7.697 7.642 7.653 7.608 7.608 7.59 7.582 7.59 7.6 7.602 7.585 7.582 7.562 7.56 7.545 7.533 7.528 7.525 7.5 7.503 7.465 7.472 7.457 7.435 7.43 7.42 7.412 7.403 7.39 7.395 7.387 7.385 7.375 7.347 7.302 7.293 7.293 7.31 7.435 8.105 8.733 8.585 8.24 8.972 7.592 7.413 6.9 6.738 6.73 6.762 6.77 6.742 6.722 6.712 6.7 6.7 6.69 6.682 6.672 6.662 6.662 6.655 6.608 6.625 6.662 6.662
7.953 7.948 7.815 7.695 7.682 7.68 7.645 7.615 7.622 7.655 7.693 7.693 7.675 7.655 7.63 7.617 7.59 7.557 7.582 7.557 7.562 7.582 7.568 7.573 7.573 7.555 7.535 7.533 7.513 7.503 7.488 7.48 7.457 7.455 7.422 7.42 7.41 7.4 7.38 7.37 7.378 7.37 7.352 7.365 7.365 7.358 7.338 7.285 7.298 7.258 7.203 7.307 7.342 7.823 8.157 8.395 8.18 8.278 8.243 7.423 6.843 6.698 6.677 6.698 6.715 6.702 6.705 6.685 6.662 6.655 6.665 6.677 6.665 6.635 6.653 6.655 6.637
7.883 7.96 7.91 7.952 7.858 7.83 7.64 7.62 7.613 7.578 7.54 7.565 7.615 7.637 7.64 7.615 7.605 7.575 7.565 7.568 7.555 7.543 7.528 7.545 7.54 7.552 7.55 7.545 7.53 7.508 7.49 7.472 7.47 7.445 7.438 7.432 7.405 7.398 7.387 7.347 7.37 7.345 7.358 7.33 7.34 7.335 7.332 7.315 7.298 7.275 7.253 7.207 7.182 7.22 7.185 7.265 7.51 8.118 8.247 8.205 8.257 7.89 7.238 6.773 6.65 6.66 6.68 6.7 6.662 6.69 6.67 6.675 6.685 6.64 6.65 6.648 6.61
7.925 7.93 7.885 7.903 7.895 7.93 7.882 7.757 7.782 7.633 7.557 7.555 7.55 7.53 7.497 7.573 7.588 7.602 7.59 7.57 7.557 7.553 7.533 7.517 7.54 7.52 7.5 7.533 7.523 7.528 7.505 7.495 7.457 7.457 7.412 7.423 7.392 7.383 7.38 7.352 7.34 7.358 7.34 7.34 7.325 7.32 7.3 7.3 7.278 7.278 7.255 7.243 7.22 7.195 7.175 7.15 7.108 7.155 7.195 7.585 7.878 8.347 8.093 8.382 7.503 7.1 6.705 6.648 6.655 6.682 6.677 6.642 6.645 6.66 6.653 6.617 6.613
7.885 7.842 7.898 7.887 7.915 7.807 7.878 7.918 7.86 7.888 7.775 7.743 7.582 7.537 7.515 7.53 7.485 7.495 7.497 7.56 7.585 7.578 7.548 7.555 7.537 7.545 7.525 7.48 7.475 7.475 7.488 7.475 7.467 7.462 7.45 7.432 7.4 7.375 7.378 7.347 7.358 7.338 7.328 7.312 7.332 7.318 7.3 7.283 7.273 7.245 7.245 7.217 7.222 7.202 7.185 7.182 7.14 7.092 7.113 7.057 7.06 7.097 7.47 7.818 7.923 8.153 8.078 7.613 7.01 6.685 6.592 6.595 6.6 6.628 6.605 6.61 6.6
7.867 7.878 7.915 7.8 7.85 7.805 7.838 7.782 7.787 7.755 7.818 7.783 7.757 7.767 7.622 7.573 7.53 7.517 7.483 7.46 7.465 7.477 7.517 7.56 7.552 7.525 7.528 7.508 7.477 7.467 7.452 7.447 7.425 7.408 7.422 7.43 7.418 7.403 7.363 7.36 7.332 7.35 7.323 7.32 7.3 7.278 7.283 7.265 7.267 7.245 7.212 7.205 7.19 7.193 7.168 7.165 7.137 7.132 7.102 7.095 7.088 7.038 7.003 6.965 7.03 7.225 7.608 8.587 7.767 7.972 7.227 7.135 6.633 6.535 6.582 6.617 6.628
7.758 7.863 7.892 7.82 7.875 7.98 7.778 7.788 7.795 7.733 7.8 7.743 7.738 7.77 7.73 7.693 7.75 7.63 7.545 7.49 7.455 7.465 7.447 7.445 7.47 7.495 7.533 7.533 7.503 7.485 7.465 7.44 7.44 7.407 7.398 7.398 7.372 7.378 7.38 7.372 7.358 7.345 7.318 7.31 7.305 7.283 7.275 7.26 7.242 7.222 7.205 7.195 7.177 7.165 7.155 7.133 7.122 7.108 7.095 7.085 7.075 7.043 7.01 6.975 6.988 6.977 6.93 7.11 7.032 8.16 7.997 8.392 8.122 6.977 6.642 6.633 6.655
7.762 7.775 7.793 7.745 7.797 7.85 7.76 7.727 7.812 7.765 7.75 7.733 7.73 7.702 7.753 7.76 7.735 7.767 7.71 7.75 7.7 7.507 7.492 7.45 7.452 7.427 7.392 7.422 7.445 7.485 7.475 7.45 7.43 7.423 7.412 7.372 7.36 7.355 7.347 7.363 7.35 7.338 7.33 7.31 7.307 7.273 7.262 7.243 7.247 7.225 7.205 7.18 7.175 7.15 7.15 7.13 7.125 7.097 7.095 7.06 7.055 7.025 7.023 7.01 7.01 6.99 6.972 6.927 6.912 6.925 6.96 7.137 7.23 7.005 6.81 6.747 6.722
7.847 7.753 7.778 7.755 7.7 7.677 7.75 7.688 7.755 7.765 7.725 7.847 7.762 7.74 7.713 7.7 7.75 7.698 7.688 7.677 7.722 7.733 7.707 7.61 7.577 7.443 7.425 7.407 7.355 7.347 7.363 7.37 7.46 7.44 7.427 7.387 7.395 7.332 7.347 7.338 7.342 7.32 7.31 7.3 7.305 7.295 7.275 7.263 7.222 7.227 7.182 7.193 7.168 7.155 7.125 7.108 7.1 7.108 7.082 7.073 7.038 7.02 7.005 6.995 6.983 6.985 6.965 6.945 6.94 6.907 6.938 6.935 6.925 6.903 6.882 6.798 6.747
7.807 7.787 7.76 7.702 7.693 7.715 7.665 7.658 7.71 7.622 7.662 7.802 7.663 7.802 7.668 7.65 7.655 7.762 7.698 7.67 7.727 7.727 7.707 7.695 7.755 7.702 7.64 7.517 7.415 7.36 7.347 7.32 7.312 7.3 7.37 7.418 7.4 7.387 7.372 7.345 7.315 7.315 7.278 7.258 7.275 7.27 7.25 7.238 7.247 7.235 7.213 7.185 7.17 7.145 7.133 7.115 7.097 7.08 7.062 7.043 7.043 7.033 7 6.983 6.96 6.96 6.947 6.938 6.923 6.93 6.923 6.955 6.945 6.9 6.838 6.79 6.673
7.785 7.775 7.805 7.787 7.738 7.733 7.702 7.61 7.648 7.648 7.657 7.58 7.622 7.635 7.73 7.738 7.705 7.648 7.713 7.75 7.74 7.642 7.655 7.685 7.688 7.702 7.673 7.685 7.673 7.625 7.508 7.35 7.34 7.325 7.298 7.293 7.25 7.312 7.358 7.36 7.35 7.323 7.298 7.28 7.24 7.245 7.242 7.215 7.207 7.193 7.197 7.19 7.193 7.17 7.145 7.118 7.1 7.08 7.07 7.037 7.025 6.992 6.992 6.972 6.965 6.935 6.922 6.89 6.905 6.885 6.91 6.92 6.932 6.878 6.798 6.775 6.275
7.688 7.722 7.775 7.735 7.745 7.702 7.677 7.71 7.65 7.662 7.677 7.578 7.553 7.562 7.605 7.592 7.69 7.63 7.673 7.6 7.62 7.58 7.59 7.615 7.68 7.615 7.608 7.547 7.635 7.62 7.608 7.625 7.53 7.472 7.35 7.328 7.27 7.27 7.243 7.25 7.245 7.275 7.307 7.288 7.245 7.22 7.25 7.195 7.175 7.182 7.165 7.15 7.153 7.155 7.148 7.132 7.105 7.093 7.062 7.045 7.012 6.992 6.965 6.96 6.932 6.932 6.905 6.898 6.887 6.865 6.88 6.903 6.882 6.872 6.795 6.71 5.938
