Matlab/Roost_data/braunton/dsm/ss4639_DSM_2M.asc
ncols 500
nrows 500
xllcorner    246000
yllcorner    139000
cellsize     2
NODATA_value -9999
[rows 217 to 247 of 500, columns 210 to 279 of 500]
99.93 100.03 100.115 100.213 100.3 100.393 100.495 100.568 100.66 100.78 100.885 100.993 101.077 101.185 101.318 101.433 101.573 101.705 101.835 101.963 102.075 102.2 102.3 102.408 102.52 102.64 102.747 102.853 102.948 103.018 103.105 103.205 103.29 103.408 103.505 103.637 103.732 103.838 103.945 104.035 104.137 104.217 104.318 104.442 104.55 104.658 104.755 104.832 104.908 104.982 105.048 105.11 105.21 105.277 105.342 105.378 105.433 105.515 107.132 106.793 105.528 105.562 105.57 105.577 105.58 105.535 105.548 105.53 105.522 105.503
100.09 100.19 100.272 100.368 100.44 100.5 100.588 100.685 100.783 100.895 100.982 101.087 101.195 101.29 101.402 101.51 101.658 101.772 101.92 102.018 102.147 102.255 102.355 102.473 102.598 102.717 102.802 102.893 102.99 103.092 103.165 103.265 103.363 103.46 103.58 103.695 103.812 103.92 104.02 104.115 104.208 104.287 104.382 104.482 104.58 104.717 104.81 104.885 104.963 105.042 105.115 105.18 105.287 105.333 105.395 105.435 105.473 105.585 106.935 106.685 105.618 105.66 105.673 105.685 105.677 105.637 105.665 105.658 105.645 105.643
100.21 100.307 100.405 100.47 100.542 100.615 100.705 100.792 100.86 100.973 101.08 101.183 101.283 101.385 101.465 101.613 101.747 101.878 101.995 102.11 102.223 102.325 102.423 102.548 102.65 102.768 102.855 102.96 103.055 103.125 103.207 103.327 103.452 103.53 103.66 103.755 103.868 103.973 104.073 104.19 104.27 104.35 104.438 104.55 104.66 104.76 104.848 104.925 105.005 105.08 105.155 105.22 105.315 105.382 105.43 105.473 105.518 105.618 106.66 106.415 105.717 105.738 105.743 105.762 105.747 105.735 105.757 105.743 105.755 105.762
100.35 100.435 100.51 100.588 100.67 100.735 100.812 100.885 100.985 101.09 101.165 101.247 101.34 101.448 101.565 101.682 101.825 101.975 102.092 102.195 102.32 102.41 102.515 102.615 102.71 102.823 102.938 103.007 103.105 103.18 103.285 103.375 103.49 103.592 103.707 103.802 103.918 104.027 104.13 104.223 104.308 104.405 104.493 104.603 104.693 104.795 104.91 104.975 105.04 105.115 105.188 105.257 105.335 105.402 105.46 105.505 105.54 105.683 106.605 106.46 105.77 105.772 105.795 105.827 105.823 105.787 105.825 105.83 105.837 105.86
100.497 100.572 100.662 100.743 100.8 100.86 100.917 101.02 101.09 101.183 101.272 101.353 101.46 101.54 101.66 101.785 101.935 102.052 102.173 102.29 102.393 102.48 102.57 102.685 102.795 102.882 102.967 103.087 103.17 103.25 103.353 103.42 103.533 103.628 103.735 103.855 103.967 104.07 104.155 104.247 104.37 104.435 104.525 104.622 104.725 104.85 104.938 105.005 105.082 105.158 105.225 105.27 105.35 105.415 105.46 105.5 105.573 105.7 106.962 106.588 105.825 105.805 105.82 105.865 105.87 105.835 105.872 105.913 105.952 105.96
100.625 100.697 100.787 100.842 100.9 100.975 101.042 101.11 101.188 101.295 101.38 101.463 101.552 101.64 101.755 101.885 102.025 102.158 102.275 102.368 102.465 102.565 102.66 102.747 102.832 102.945 103.042 103.132 103.207 103.323 103.41 103.478 103.59 103.685 103.807 103.915 104.003 104.125 104.202 104.307 104.395 104.485 104.573 104.675 104.768 104.868 104.958 105.027 105.103 105.18 105.255 105.287 105.342 105.41 105.467 105.515 105.592 105.683 106.923 106.67 105.827 105.84 105.857 105.9 105.908 105.88 105.927 105.978 106.007 106.027
100.735 100.82 100.887 100.97 101.033 101.088 101.125 101.188 101.28 101.387 101.478 101.565 101.635 101.725 101.842 101.978 102.118 102.23 102.322 102.443 102.545 102.635 102.695 102.808 102.905 103.007 103.077 103.185 103.275 103.365 103.452 103.552 103.662 103.765 103.86 103.978 104.092 104.165 104.255 104.34 104.412 104.51 104.592 104.683 104.787 104.893 104.963 105.03 105.107 105.17 105.228 105.287 105.36 105.412 105.475 105.52 105.605 105.69 106.95 106.088 105.835 105.853 105.878 105.942 105.963 105.918 105.963 106.025 106.068 106.08
100.848 100.942 101.022 101.092 101.147 101.2 101.245 101.32 101.397 101.497 101.583 101.652 101.73 101.818 101.958 102.073 102.2 102.317 102.44 102.53 102.592 102.675 102.783 102.893 102.97 103.075 103.168 103.243 103.323 103.42 103.507 103.622 103.708 103.812 103.942 104.048 104.13 104.215 104.298 104.372 104.452 104.558 104.62 104.708 104.795 104.915 105.005 105.048 105.107 105.168 105.238 105.283 105.342 105.415 105.467 105.535 105.618 105.698 106.943 107.143 105.842 105.87 105.905 105.948 105.973 105.952 106.003 106.057 106.105 106.13
101.015 101.085 101.152 101.213 101.257 101.32 101.365 101.442 101.507 101.57 101.662 101.757 101.863 101.94 102.037 102.162 102.298 102.427 102.51 102.6 102.685 102.783 102.865 102.97 103.068 103.15 103.223 103.32 103.412 103.48 103.545 103.658 103.772 103.863 103.97 104.072 104.173 104.25 104.342 104.423 104.505 104.58 104.667 104.753 104.87 104.93 104.993 105.055 105.137 105.178 105.238 105.272 105.338 105.42 105.473 105.558 105.62 105.69 107.007 106.86 105.845 105.863 105.918 105.973 105.988 105.98 106.04 106.092 106.15 106.195
101.152 101.223 101.283 101.33 101.397 101.448 101.505 101.558 101.62 101.713 101.812 101.863 101.935 102.033 102.15 102.253 102.378 102.5 102.613 102.698 102.783 102.885 102.967 103.043 103.135 103.217 103.31 103.382 103.445 103.543 103.637 103.7 103.81 103.913 104.018 104.12 104.23 104.33 104.405 104.46 104.533 104.635 104.698 104.78 104.88 104.97 105.025 105.09 105.16 105.197 105.225 105.268 105.36 105.42 105.478 105.552 105.635 105.735 107.062 107.182 105.81 105.857 105.915 105.988 106.01 105.99 106.06 106.14 106.188 106.228
101.277 101.335 101.408 101.46 101.53 101.573 101.618 101.685 101.76 101.84 101.917 101.978 102.077 102.168 102.247 102.353 102.473 102.6 102.695 102.785 102.868 102.938 103.033 103.135 103.225 103.302 103.368 103.45 103.548 103.605 103.682 103.762 103.86 103.988 104.082 104.185 104.287 104.357 104.448 104.537 104.603 104.66 104.743 104.827 104.918 105.007 105.062 105.105 105.175 105.207 105.245 105.283 105.353 105.402 105.47 105.557 105.643 105.728 107.05 107.512 105.827 105.872 105.935 105.985 106.015 106.005 106.087 106.165 106.22 106.272
101.397 101.463 101.548 101.595 101.625 101.698 101.768 101.802 101.86 101.952 102.03 102.105 102.16 102.245 102.36 102.463 102.592 102.725 102.827 102.902 102.982 103.06 103.147 103.223 103.285 103.372 103.455 103.505 103.582 103.665 103.743 103.842 103.95 104.062 104.152 104.24 104.345 104.418 104.482 104.558 104.63 104.697 104.783 104.863 104.932 105.02 105.07 105.132 105.195 105.247 105.26 105.285 105.365 105.428 105.505 105.562 105.637 105.755 107.105 106.213 105.842 105.893 105.952 106 106.012 106.007 106.103 106.185 106.255 106.325
101.537 101.61 101.67 101.738 101.783 101.832 101.87 101.923 102.012 102.08 102.15 102.2 102.27 102.363 102.478 102.6 102.713 102.818 102.912 103.007 103.08 103.145 103.217 103.305 103.38 103.455 103.533 103.598 103.655 103.753 103.838 103.928 104.012 104.118 104.215 104.32 104.397 104.463 104.53 104.59 104.658 104.75 104.82 104.895 104.955 105.042 105.097 105.125 105.192 105.243 105.27 105.3 105.368 105.44 105.515 105.577 105.647 105.73 107.107 106.568 105.82 105.893 105.955 106.005 106.01 106.018 106.13 106.21 106.262 106.345
101.682 101.77 101.833 101.868 101.902 101.95 102.007 102.065 102.118 102.198 102.255 102.325 102.397 102.497 102.605 102.682 102.812 102.927 103.003 103.077 103.162 103.238 103.302 103.4 103.49 103.537 103.603 103.682 103.76 103.827 103.902 103.978 104.075 104.16 104.283 104.355 104.423 104.49 104.567 104.637 104.702 104.768 104.837 104.923 104.98 105.037 105.092 105.147 105.19 105.238 105.262 105.3 105.363 105.438 105.53 105.585 105.655 105.76 107.033 106.408 105.805 105.902 105.947 105.997 106.022 106.033 106.147 106.228 106.283 106.36
101.848 101.895 101.943 102 102.03 102.07 102.135 102.2 102.245 102.315 102.382 102.448 102.52 102.587 102.717 102.827 102.92 103.003 103.09 103.175 103.257 103.345 103.415 103.49 103.548 103.643 103.713 103.768 103.812 103.87 103.958 104.052 104.167 104.243 104.317 104.41 104.497 104.545 104.605 104.652 104.735 104.785 104.85 104.927 105 105.055 105.107 105.162 105.217 105.24 105.277 105.305 105.368 105.433 105.53 105.592 105.662 105.838 107.11 105.95 105.78 105.9 105.955 106.003 106.012 106.04 106.16 106.245 106.31 106.382
101.963 102.022 102.077 102.13 102.18 102.23 102.257 102.333 102.413 102.465 102.493 102.56 102.637 102.723 102.812 102.925 103.02 103.12 103.202 103.29 103.355 103.405 103.495 103.583 103.64 103.71 103.777 103.82 103.875 103.955 104.057 104.12 104.208 104.312 104.397 104.465 104.518 104.592 104.635 104.683 104.757 104.82 104.895 104.97 105.035 105.085 105.13 105.178 105.243 105.272 105.295 105.327 105.385 105.445 105.525 105.603 105.678 105.85 107.148 105.89 105.792 105.893 105.952 105.997 106.01 106.057 106.162 106.253 106.312 106.4
102.13 102.18 102.235 102.283 102.302 102.368 102.425 102.467 102.522 102.592 102.645 102.717 102.775 102.865 102.925 103.025 103.125 103.238 103.302 103.355 103.433 103.505 103.573 103.635 103.713 103.775 103.827 103.893 103.967 104.033 104.11 104.202 104.27 104.355 104.452 104.512 104.573 104.635 104.707 104.75 104.793 104.85 104.925 104.985 105.042 105.095 105.153 105.2 105.255 105.28 105.295 105.325 105.393 105.46 105.533 105.605 105.675 105.885 107.012 105.868 105.787 105.89 105.952 106 106.007 106.073 106.17 106.253 106.325 106.405
102.268 102.312 102.365 102.438 102.49 102.535 102.558 102.62 102.69 102.735 102.795 102.845 102.895 102.973 103.065 103.167 103.238 103.32 103.4 103.463 103.527 103.603 103.658 103.72 103.798 103.885 103.915 103.955 104.027 104.077 104.158 104.253 104.325 104.405 104.488 104.57 104.647 104.695 104.73 104.792 104.84 104.905 104.945 105.018 105.073 105.125 105.177 105.225 105.262 105.307 105.32 105.353 105.397 105.458 105.533 105.622 105.69 106.062 107.125 105.853 105.812 105.89 105.95 105.988 106.003 106.088 106.18 106.27 106.327 106.415
102.393 102.463 102.515 102.555 102.605 102.647 102.705 102.775 102.838 102.875 102.908 102.982 103.033 103.098 103.165 103.247 103.33 103.43 103.518 103.575 103.63 103.68 103.757 103.818 103.868 103.935 103.99 104.042 104.105 104.16 104.24 104.305 104.395 104.478 104.558 104.605 104.683 104.725 104.765 104.84 104.865 104.918 105 105.072 105.13 105.18 105.205 105.26 105.295 105.33 105.33 105.355 105.42 105.478 105.555 105.625 105.682 106.167 106.965 105.823 105.807 105.888 105.948 105.978 106 106.098 106.217 106.277 106.34 106.425
102.538 102.588 102.65 102.685 102.738 102.802 102.857 102.9 102.95 103.007 103.057 103.1 103.147 103.207 103.287 103.39 103.49 103.56 103.615 103.683 103.732 103.792 103.827 103.893 103.958 104.007 104.075 104.137 104.19 104.235 104.318 104.393 104.455 104.522 104.62 104.677 104.738 104.79 104.833 104.88 104.94 105 105.048 105.09 105.158 105.21 105.253 105.287 105.318 105.342 105.345 105.398 105.46 105.518 105.56 105.635 105.69 106.333 107.385 105.808 105.812 105.878 105.945 105.975 105.99 106.1 106.21 106.287 106.34 106.425
102.69 102.738 102.803 102.855 102.895 102.933 102.993 103.057 103.105 103.143 103.185 103.21 103.28 103.368 103.44 103.497 103.588 103.675 103.725 103.783 103.827 103.887 103.94 104 104.065 104.105 104.145 104.213 104.265 104.312 104.372 104.44 104.52 104.595 104.683 104.738 104.783 104.84 104.89 104.928 104.97 105.052 105.098 105.15 105.19 105.26 105.292 105.308 105.327 105.37 105.368 105.395 105.448 105.512 105.587 105.645 105.68 106.545 107.62 105.775 105.812 105.88 105.955 105.978 106.02 106.12 106.215 106.29 106.342 106.425
102.853 102.9 102.948 102.993 103.03 103.087 103.128 103.183 103.24 103.272 103.315 103.37 103.402 103.448 103.537 103.618 103.698 103.787 103.83 103.872 103.92 103.972 104.033 104.082 104.14 104.205 104.253 104.293 104.35 104.405 104.47 104.518 104.607 104.652 104.725 104.792 104.837 104.882 104.927 104.96 105.005 105.07 105.135 105.195 105.245 105.295 105.338 105.372 105.382 105.385 105.38 105.418 105.473 105.53 105.595 105.655 105.702 106.747 107.022 105.823 105.823 105.902 105.96 105.982 106.018 106.128 106.225 106.3 106.363 106.44
102.96 103.033 103.087 103.14 103.188 103.232 103.262 103.325 103.393 103.44 103.46 103.488 103.533 103.603 103.662 103.747 103.81 103.882 103.938 103.97 104.012 104.052 104.113 104.182 104.238 104.283 104.34 104.368 104.427 104.503 104.565 104.625 104.675 104.738 104.8 104.847 104.89 104.94 104.975 105.01 105.055 105.11 105.173 105.21 105.29 105.33 105.342 105.395 105.413 105.427 105.427 105.467 105.507 105.575 105.607 105.68 105.76 106.622 106.26 105.805 105.848 105.92 105.96 105.995 106.037 106.14 106.247 106.32 106.38 106.457
103.113 103.178 103.243 103.272 103.325 103.385 103.44 103.497 103.525 103.555 103.59 103.645 103.685 103.753 103.808 103.885 103.96 104.027 104.048 104.085 104.122 104.162 104.225 104.285 104.32 104.353 104.41 104.47 104.513 104.548 104.618 104.68 104.74 104.8 104.853 104.923 104.945 105.005 105.052 105.075 105.12 105.178 105.253 105.268 105.342 105.363 105.37 105.41 105.445 105.445 105.445 105.495 105.53 105.592 105.632 105.7 105.795 106.815 106.533 105.787 105.875 105.938 105.99 106.012 106.052 106.16 106.25 106.33 106.397 106.465
103.28 103.325 103.375 103.433 103.463 103.518 103.577 103.625 103.665 103.698 103.738 103.76 103.8 103.863 103.938 104.02 104.073 104.12 104.16 104.19 104.228 104.28 104.317 104.357 104.425 104.465 104.505 104.535 104.583 104.62 104.665 104.757 104.8 104.865 104.917 104.965 105.018 105.045 105.088 105.12 105.205 105.232 105.277 105.33 105.378 105.408 105.418 105.45 105.463 105.458 105.482 105.533 105.555 105.615 105.668 105.735 105.818 107.098 106.58 105.798 105.9 105.96 106.018 106.045 106.08 106.175 106.28 106.363 106.42 106.463
103.42 103.465 103.518 103.572 103.61 103.65 103.72 103.778 103.8 103.82 103.86 103.9 103.94 103.993 104.05 104.128 104.182 104.24 104.287 104.317 104.335 104.382 104.44 104.49 104.528 104.545 104.588 104.637 104.688 104.735 104.763 104.808 104.89 104.947 105 105.035 105.07 105.115 105.137 105.188 105.247 105.277 105.325 105.372 105.423 105.44 105.46 105.51 105.522 105.52 105.535 105.575 105.6 105.65 105.692 105.753 105.875 107.22 106.31 105.825 105.935 105.993 106.03 106.07 106.095 106.215 106.3 106.372 106.445 106.49
103.565 103.607 103.643 103.692 103.76 103.817 103.865 103.917 103.94 103.96 103.997 104.04 104.073 104.113 104.162 104.255 104.32 104.363 104.393 104.44 104.45 104.488 104.533 104.577 104.618 104.65 104.698 104.738 104.757 104.8 104.86 104.902 104.963 105.018 105.062 105.125 105.147 105.173 105.19 105.223 105.292 105.342 105.397 105.438 105.473 105.48 105.51 105.542 105.565 105.545 105.565 105.62 105.64 105.685 105.728 105.777 105.97 107.182 106.56 105.845 105.963 106.02 106.06 106.077 106.12 106.238 106.33 106.403 106.452 106.518
103.685 103.732 103.787 103.857 103.882 103.938 103.988 104.037 104.077 104.092 104.11 104.128 104.18 104.253 104.312 104.363 104.42 104.48 104.507 104.535 104.55 104.585 104.618 104.67 104.73 104.755 104.768 104.815 104.86 104.897 104.93 104.993 105.048 105.103 105.152 105.195 105.225 105.238 105.26 105.308 105.338 105.393 105.452 105.503 105.537 105.537 105.545 105.585 105.595 105.573 105.598 105.64 105.695 105.738 105.78 105.842 106.155 107.195 106.393 105.897 105.993 106.045 106.082 106.115 106.158 106.275 106.363 106.423 106.482 106.537
103.833 103.89 103.92 103.978 104.003 104.07 104.132 104.178 104.2 104.208 104.245 104.27 104.302 104.34 104.41 104.485 104.542 104.582 104.628 104.64 104.67 104.698 104.74 104.762 104.805 104.847 104.878 104.91 104.94 104.97 105.015 105.073 105.125 105.188 105.225 105.25 105.302 105.312 105.332 105.375 105.412 105.45 105.505 105.557 105.58 105.588 105.628 105.635 105.655 105.622 105.647 105.683 105.738 105.78 105.815 105.875 106.308 107.073 106.128 105.948 106.022 106.08 106.113 106.155 106.2 106.302 106.395 106.438 106.51 106.583
103.963 104.012 104.05 104.12 104.168 104.21 104.253 104.302 104.33 104.345 104.363 104.378 104.4 104.458 104.533 104.6 104.655 104.692 104.713 104.735 104.772 104.772 104.833 104.855 104.908 104.945 104.96 104.985 105.015 105.07 105.107 105.145 105.213 105.255 105.315 105.345 105.355 105.378 105.405 105.435 105.49 105.527 105.565 105.607 105.65 105.65 105.668 105.692 105.69 105.66 105.713 105.735 105.77 105.827 105.878 105.935 106.598 107.165 106.048 105.997 106.06 106.115 106.155 106.19 106.232 106.335 106.418 106.463 106.53 106.595
104.098 104.147 104.188 104.238 104.28 104.342 104.41 104.425 104.44 104.46 104.475 104.475 104.52 104.56 104.628 104.7 104.762 104.823 104.823 104.85 104.872 104.908 104.93 104.965 105.005 105.042 105.055 105.09 105.125 105.158 105.18 105.243 105.302 105.348 105.38 105.418 105.448 105.46 105.467 105.512 105.548 105.603 105.645 105.683 105.72 105.717 105.735 105.755 105.755 105.73 105.785 105.815 105.853 105.893 105.948 105.973 106.855 107.442 106.167 106.048 106.1 106.135 106.198 106.223 106.287 106.38 106.47 106.507 106.56 106.613
