Matlab/Roost_data/braunton/dsm/ss4635_DSM_2M.asc
ncols 500
nrows 500
xllcorner    246000
yllcorner    135000
cellsize     2
NODATA_value -9999
[rows 175 to 209 of 500, columns 79 to 157 of 500]
9.86 9.91 9.102 8.84 9.153 9.035 9.42 9.01 8.925 8.778 8.645 8.852 8.788 9.01 8.682 8.642 9.193 9.57 9.698 9.472 8.915 8.7 8.88 9.182 9.917 9.905 9.257 9.007 9.065 9.102 9.13 8.998 8.823 8.682 8.632 8.895 9.165 9.115 8.962 9 8.98 9.038 9.385 9.605 9.062 8.36 8.337 8.318 8.233 8.195 8.243 8.247 8.235 8.21 8.193 8.158 8.142 8.105 8.087 8.06 8.038 8.033 8.007 7.972 7.948 7.945 7.927 7.905 7.885 7.89 7.892 7.878 7.865 7.84 7.85 7.828 7.76 7.672 7.895
9.03 9.318 9.262 8.892 9.065 8.95 8.975 8.913 8.86 8.725 8.635 8.68 8.95 8.875 8.68 8.792 9.39 9.858 9.783 9.49 8.95 8.757 9.007 9.523 9.835 9.283 9.123 9.007 9.07 9.09 8.898 8.76 8.665 8.602 8.755 9.042 9.255 9.1 9.062 9.005 9.028 9.445 9.842 9.175 8.365 8.34 8.34 8.26 8.205 8.247 8.245 8.235 8.208 8.18 8.208 8.148 8.115 8.095 8.093 8.05 8.023 8.007 7.997 7.99 7.97 7.95 7.92 7.91 7.905 7.9 7.88 7.868 7.86 7.845 7.845 7.832 7.83 7.8 7.765
8.917 8.94 8.88 8.932 8.975 9.007 9 8.972 8.85 8.743 8.825 8.707 8.753 8.745 8.655 8.837 9.49 9.898 9.842 9.455 9.04 9.085 9.16 9.495 9.562 9.247 9.163 9.028 8.98 8.835 8.648 8.622 8.61 8.702 8.96 9.185 9.15 8.927 8.942 9.007 9.148 9.602 9.302 8.427 8.35 8.35 8.292 8.22 8.253 8.263 8.225 8.193 8.18 8.163 8.167 8.118 8.097 8.09 8.062 8.068 8.045 8.005 7.975 7.965 7.962 7.955 7.94 7.915 7.9 7.887 7.882 7.868 7.852 7.83 7.83 7.835 7.807 7.845 7.807
9.028 8.955 8.91 8.965 9.07 9.083 9.05 8.98 8.84 8.747 8.92 9.068 9.093 8.875 8.705 8.92 9.453 9.727 9.55 9.38 9.15 9.185 9.153 9.25 9.35 9.302 9.083 9.007 8.81 8.695 8.565 8.622 8.665 8.823 8.903 9.013 9.128 8.945 8.977 9.123 9.695 9.305 8.445 8.37 8.375 8.347 8.245 8.275 8.273 8.245 8.227 8.198 8.173 8.142 8.108 8.085 8.065 8.062 8.062 8.055 8.028 8.017 8 7.957 7.923 7.915 7.927 7.91 7.895 7.872 7.875 7.86 7.858 7.835 7.832 7.825 7.818 7.823 7.812
8.938 8.955 9.198 9.562 9.172 9.108 9.062 9.025 8.92 8.695 8.988 9.245 9.318 8.852 8.733 9.057 9.417 9.47 9.337 9.202 9.193 9.323 9.245 9.292 9.325 9.637 9.005 8.845 8.712 8.595 8.615 8.71 8.743 8.83 8.83 8.845 8.825 8.943 9.137 9.472 9.51 8.505 8.405 8.403 8.35 8.255 8.285 8.302 8.278 8.245 8.2 8.177 8.158 8.13 8.102 8.118 8.035 8.01 8.007 8.023 8.017 8.015 7.995 7.985 7.97 7.92 7.898 7.907 7.908 7.898 7.87 7.852 7.86 7.847 7.835 7.823 7.83 7.818 7.805
8.895 8.785 8.852 9.18 9.443 9.042 9.185 9.08 8.983 8.858 8.932 8.953 9.017 8.85 8.882 9.315 9.583 9.462 9.25 9.205 9.28 9.285 9.31 9.328 9.25 9.278 8.905 8.722 8.64 8.587 8.708 8.757 8.788 8.78 8.795 8.778 8.84 8.935 9.31 9.648 8.613 8.43 8.392 8.368 8.27 8.315 8.318 8.3 8.247 8.207 8.193 8.18 8.163 8.1 8.075 8.057 8.028 8.015 7.983 7.983 7.995 7.993 7.987 7.967 7.96 7.96 7.94 7.912 7.887 7.892 7.885 7.875 7.858 7.852 7.82 7.825 7.81 7.807 7.8
8.917 8.703 8.695 8.815 8.96 8.855 9.065 9.557 9.408 8.995 9.312 9.068 8.892 8.895 8.97 9.233 9.512 9.555 9.29 9.19 9.267 9.295 9.298 9.238 9.073 8.967 8.77 8.675 8.61 8.76 8.798 8.798 8.743 8.725 8.74 8.83 8.948 9.337 9.675 8.703 8.432 8.405 8.385 8.283 8.3 8.32 8.302 8.262 8.222 8.205 8.19 8.182 8.153 8.12 8.078 8.033 8.015 8.005 8 7.977 7.96 7.957 7.955 7.965 7.957 7.945 7.943 7.935 7.918 7.885 7.872 7.87 7.863 7.843 7.842 7.83 7.823 7.815 7.803
9.097 8.807 8.908 8.783 8.8 8.863 9.038 9.625 9.695 9.333 9.265 8.83 8.747 8.89 8.958 9.04 9.237 9.432 9.208 9.15 9.208 9.21 9.255 9.207 8.955 8.715 8.677 8.618 8.663 8.767 8.823 8.8 8.755 8.802 8.865 9.025 9.395 9.915 8.915 8.457 8.42 8.4 8.29 8.31 8.33 8.312 8.29 8.25 8.215 8.2 8.177 8.155 8.135 8.113 8.09 8.06 8.038 7.983 7.97 7.985 7.98 7.955 7.927 7.923 7.92 7.927 7.932 7.918 7.915 7.89 7.875 7.867 7.858 7.863 7.85 7.838 7.818 7.82 7.812
8.863 9.01 8.775 8.905 8.89 9.083 9.385 10.038 9.253 9.56 9.302 8.903 8.65 9.202 9.335 9.023 9.048 9.085 9.155 9.182 9.14 9.227 9.215 9.177 8.855 8.722 8.635 8.648 8.795 8.865 8.872 8.77 8.75 8.84 8.83 9.155 9.773 9.175 8.475 8.44 8.417 8.305 8.293 8.333 8.333 8.315 8.288 8.247 8.215 8.19 8.158 8.148 8.13 8.1 8.09 8.068 8.04 8.02 7.988 7.955 7.967 7.948 7.93 7.912 7.898 7.905 7.91 7.92 7.905 7.91 7.9 7.88 7.875 7.85 7.852 7.838 7.838 7.818 7.807
9 8.865 8.792 8.79 8.95 9.195 9.005 9.488 9.08 9.158 9.01 8.693 8.878 9.703 9.735 9.122 8.998 9.12 9.115 9.06 8.977 9.105 9.122 8.95 8.71 8.653 8.63 8.685 8.79 8.825 8.72 8.745 8.75 8.88 8.953 9.597 9.16 8.485 8.47 8.435 8.333 8.298 8.34 8.345 8.323 8.292 8.26 8.243 8.225 8.182 8.155 8.14 8.108 8.097 8.09 8.068 8.057 8.04 8.013 7.983 7.952 7.952 7.938 7.927 7.898 7.89 7.885 7.892 7.88 7.892 7.885 7.887 7.89 7.872 7.865 7.858 7.832 7.832 7.827
9.005 8.868 8.81 8.865 8.97 9.102 9.233 9.305 9.125 9.025 8.92 8.698 8.922 9.458 8.997 8.847 9.01 9.047 9.087 8.985 8.922 9.052 9.015 8.872 8.685 8.785 8.83 8.913 8.885 8.825 8.77 8.788 8.887 8.88 9.208 9.298 8.535 8.45 8.445 8.385 8.307 8.345 8.345 8.323 8.305 8.275 8.255 8.233 8.2 8.18 8.15 8.12 8.105 8.122 8.083 8.075 8.07 8.038 8.033 8.04 8.025 7.965 7.91 7.9 7.915 7.9 7.872 7.875 7.87 7.863 7.883 7.887 7.885 7.88 7.882 7.863 7.847 7.847 7.832
8.935 8.898 8.86 8.89 9.02 9.28 9.085 9.267 8.938 8.898 8.91 8.65 8.892 8.995 8.648 8.84 8.962 9.055 9.113 8.977 8.957 9.01 9 8.785 8.695 8.82 8.952 9.06 8.967 8.85 8.842 8.94 9.09 9.132 9.46 8.63 8.453 8.45 8.4 8.298 8.352 8.35 8.33 8.302 8.295 8.267 8.24 8.207 8.188 8.17 8.128 8.118 8.118 8.102 8.06 8.055 8.055 8.052 8.03 8.01 7.99 7.997 7.957 7.932 7.932 7.895 7.88 7.855 7.847 7.863 7.878 7.88 7.887 7.882 7.88 7.892 7.895 7.865 7.83
8.94 8.88 8.855 8.943 9.257 9.075 9.09 9.185 8.922 8.977 8.783 8.602 8.965 8.783 8.715 8.85 9 9.05 9.132 9.095 9.045 9.052 8.927 8.73 8.74 8.885 9.148 9.023 8.975 8.997 8.96 9.09 9.153 9.733 8.855 8.448 8.443 8.398 8.32 8.358 8.365 8.347 8.307 8.288 8.283 8.25 8.225 8.202 8.188 8.165 8.142 8.12 8.093 8.09 8.093 8.068 8.045 8.025 8.033 8.01 7.983 7.967 7.957 7.945 7.93 7.925 7.892 7.903 7.89 7.858 7.84 7.863 7.875 7.87 7.867 7.865 7.87 7.885 7.925
8.948 8.917 8.892 8.985 9.557 9.18 8.98 8.913 9.038 8.93 8.775 8.682 9.113 8.917 8.82 8.855 8.903 8.927 8.99 9.04 9.085 9.02 8.842 8.747 8.877 9.122 9.09 8.977 8.892 8.913 9.012 9.09 9.55 9.202 8.435 8.445 8.427 8.327 8.355 8.372 8.363 8.325 8.288 8.28 8.273 8.25 8.225 8.203 8.17 8.153 8.145 8.115 8.12 8.083 8.068 8.07 8.057 8.04 8.035 8.02 8.007 7.983 7.952 7.943 7.935 7.918 7.907 7.9 7.887 7.872 7.855 7.855 7.847 7.86 7.858 7.858 7.867 7.865 7.885
8.927 9.08 8.94 8.96 8.952 9.102 9.012 9.01 9.592 9.29 8.64 8.815 9.173 8.94 8.903 8.905 8.877 8.93 8.935 8.985 8.965 8.93 8.852 8.925 9.127 9.188 9.04 8.887 8.847 8.885 9.042 9.642 9.5 8.462 8.445 8.438 8.347 8.38 8.403 8.373 8.318 8.295 8.28 8.27 8.247 8.215 8.217 8.17 8.167 8.163 8.158 8.13 8.095 8.12 8.087 8.057 8.045 8.045 8.03 8.045 8 7.99 7.98 7.97 7.943 7.938 7.927 7.903 7.91 7.883 7.875 7.863 7.852 7.832 7.835 7.838 7.84 7.85 7.858
8.83 8.938 8.892 8.975 8.962 8.89 8.97 9.845 9.802 8.967 8.667 8.948 9.405 9.045 8.94 8.855 8.812 8.917 9 8.905 8.918 8.995 9.01 9.118 9.188 9.083 8.972 8.868 8.86 9.12 10.142 9.788 8.467 8.475 8.448 8.342 8.342 8.403 8.387 8.342 8.31 8.29 8.29 8.278 8.227 8.22 8.172 8.153 8.148 8.132 8.13 8.115 8.097 8.075 8.07 8.055 8.045 8.03 8.028 8.02 8.005 7.992 7.972 7.965 7.972 7.943 7.927 7.923 7.903 7.895 7.865 7.868 7.865 7.847 7.832 7.823 7.818 7.838 7.843
8.835 8.812 9.21 9.31 9.125 9.265 8.977 9.483 9.352 9.023 8.702 9.22 11.05 9.673 9.078 8.955 8.842 8.858 8.875 8.955 8.997 9.155 9.19 9.165 9.168 9.08 8.935 8.943 9.14 10.085 9.773 8.523 8.488 8.475 8.403 8.355 8.405 8.418 8.365 8.323 8.302 8.295 8.262 8.243 8.238 8.218 8.188 8.163 8.135 8.128 8.118 8.115 8.113 8.102 8.07 8.058 8.055 8.038 8.035 8.01 8.005 7.99 7.98 7.97 7.97 7.972 7.955 7.92 7.912 7.903 7.892 7.878 7.858 7.845 7.838 7.83 7.827 7.812 7.812
8.757 8.765 9.483 9.4 9.425 9.378 9.05 9.967 9.57 8.712 8.73 9.235 11.028 9.61 9.615 9.625 8.965 8.915 8.952 8.993 9.1 9.245 9.3 9.19 9.15 9.083 9.055 9.29 9.863 9.855 8.55 8.477 8.495 8.44 8.358 8.413 8.432 8.417 8.355 8.312 8.298 8.288 8.265 8.24 8.22 8.22 8.2 8.173 8.158 8.127 8.113 8.11 8.087 8.087 8.09 8.073 8.057 8.048 8.042 8.02 8.005 7.988 7.98 7.975 7.965 7.945 7.945 7.95 7.938 7.915 7.882 7.878 7.868 7.85 7.852 7.83 7.838 7.828 7.803
9.017 8.858 8.903 9.355 9.493 9.168 9.448 8.935 9.28 8.625 8.733 9.083 9.135 8.82 8.972 9 8.985 8.95 9.005 9.07 9.245 9.212 9.195 9.07 9.055 9.062 9.155 9.665 10.05 8.655 8.485 8.5 8.47 8.38 8.438 8.452 8.432 8.38 8.352 8.315 8.3 8.253 8.245 8.235 8.205 8.198 8.182 8.188 8.167 8.145 8.132 8.115 8.097 8.075 8.057 8.068 8.06 8.035 8.015 8.017 7.997 7.99 7.997 7.97 7.967 7.963 7.945 7.927 7.925 7.925 7.9 7.892 7.88 7.875 7.86 7.83 7.82 7.84 7.84
9.7 9.425 8.805 8.868 9.142 8.985 9.073 9.403 8.66 8.547 8.717 8.987 8.977 8.833 8.825 8.82 8.94 8.925 9.04 9.182 9.247 9.1 9.06 9.005 9.015 9.185 9.315 9.833 8.875 8.485 8.493 8.507 8.398 8.443 8.465 8.455 8.417 8.38 8.358 8.328 8.292 8.26 8.225 8.222 8.217 8.208 8.18 8.17 8.155 8.148 8.125 8.113 8.108 8.083 8.062 8.038 8.05 8.045 8.042 8.015 8 7.988 7.977 7.975 7.963 7.955 7.938 7.932 7.92 7.918 7.92 7.908 7.885 7.875 7.868 7.86 7.843 7.828 7.82
9.42 8.915 8.847 8.825 8.855 8.932 9.675 8.975 8.597 8.627 8.8 9.245 9.358 8.903 8.775 8.745 8.875 8.975 9.08 9.26 9.26 9.188 9.047 9.073 9.168 9.385 9.74 9.285 8.487 8.507 8.515 8.425 8.448 8.472 8.467 8.46 8.423 8.39 8.37 8.323 8.29 8.267 8.23 8.215 8.212 8.19 8.173 8.165 8.15 8.153 8.142 8.128 8.097 8.095 8.085 8.075 8.033 8.005 8.007 8.012 8.015 7.985 7.975 7.96 7.952 7.935 7.938 7.94 7.927 7.91 7.903 7.892 7.898 7.887 7.88 7.88 7.852 7.855 7.843
9.745 9.073 8.812 8.833 9.34 9.33 9.188 8.65 8.61 8.8 9.23 9.142 9.493 9.142 8.955 8.903 8.88 9.062 9.238 9.325 9.315 9.215 9.065 9.217 9.347 9.815 9.592 8.52 8.515 8.528 8.438 8.442 8.487 8.495 8.472 8.43 8.405 8.39 8.355 8.33 8.305 8.285 8.255 8.227 8.202 8.205 8.195 8.18 8.155 8.14 8.128 8.137 8.115 8.1 8.09 8.068 8.048 8.035 8.01 7.995 8 7.99 7.977 7.993 7.965 7.943 7.945 7.935 7.918 7.91 7.918 7.912 7.895 7.883 7.89 7.88 7.878 7.852 7.86
9.925 9.038 8.84 8.825 9.965 9.623 8.81 8.665 8.77 8.94 9.145 9.67 9.188 8.96 8.87 8.91 9.073 9.658 9.545 9.46 9.257 9.19 9.295 9.45 9.892 9.74 8.56 8.515 8.515 8.467 8.452 8.493 8.477 8.46 8.438 8.42 8.403 8.382 8.358 8.333 8.3 8.295 8.275 8.255 8.217 8.21 8.175 8.17 8.157 8.148 8.148 8.13 8.11 8.097 8.083 8.08 8.057 8.032 8.025 8 7.963 7.97 7.977 7.983 7.962 7.955 7.943 7.943 7.927 7.907 7.925 7.9 7.905 7.89 7.885 7.887 7.895 7.88 7.85
9.39 8.965 8.885 8.892 9.752 9.243 8.7 8.72 9.135 9.057 8.975 9.218 9.288 9.273 8.89 8.988 9.505 10.14 10.222 9.767 9.34 9.38 9.475 9.882 9.593 8.615 8.51 8.532 8.493 8.448 8.495 8.485 8.45 8.422 8.427 8.413 8.39 8.37 8.347 8.323 8.295 8.283 8.288 8.265 8.23 8.208 8.19 8.182 8.16 8.148 8.148 8.148 8.13 8.108 8.108 8.09 8.073 8.045 8.028 8.01 8.003 7.983 7.957 7.955 7.972 7.988 7.962 7.95 7.932 7.918 7.905 7.898 7.905 7.91 7.887 7.882 7.878 7.872 7.887
9.03 8.882 8.83 9.4 9.415 8.792 8.73 9.055 9.72 9.227 8.85 9.042 9.33 9.17 8.975 8.913 9.087 9.775 9.967 9.802 9.54 9.423 9.775 9.675 8.685 8.52 8.545 8.517 8.458 8.488 8.48 8.458 8.438 8.43 8.423 8.392 8.37 8.363 8.337 8.315 8.315 8.29 8.255 8.25 8.265 8.24 8.215 8.193 8.19 8.17 8.14 8.127 8.15 8.128 8.1 8.06 8.065 8.057 8.04 8.015 8 8.003 7.988 7.96 7.957 7.96 7.96 7.94 7.935 7.927 7.912 7.935 7.895 7.892 7.885 7.887 7.89 7.872 7.85
8.842 8.882 8.962 8.983 8.833 8.702 8.835 9.193 9.4 8.878 8.762 9.372 9.078 9.085 8.673 8.677 8.882 9.663 9.677 9.57 9.327 9.538 9.943 8.788 8.58 8.565 8.525 8.453 8.495 8.505 8.475 8.427 8.41 8.407 8.38 8.36 8.343 8.352 8.337 8.298 8.293 8.295 8.28 8.255 8.22 8.23 8.215 8.193 8.193 8.198 8.175 8.122 8.097 8.12 8.12 8.093 8.055 8.035 8.023 8.01 8.005 7.997 7.99 7.98 7.967 7.948 7.948 7.967 7.952 7.923 7.912 7.912 7.91 7.895 7.887 7.882 7.88 7.875 7.863
8.967 10.262 10.102 9.562 8.727 8.738 9.015 9.355 9.065 8.748 8.675 8.84 9.01 9.298 9.007 8.665 8.738 8.99 9.132 9.325 10.017 10.34 9.14 8.57 8.568 8.552 8.45 8.495 8.512 8.49 8.452 8.41 8.422 8.413 8.375 8.337 8.318 8.297 8.278 8.293 8.28 8.267 8.253 8.245 8.235 8.227 8.212 8.212 8.185 8.18 8.16 8.167 8.115 8.083 8.087 8.087 8.085 8.06 8.04 8.023 8.005 8.003 7.992 7.995 7.975 7.967 7.945 7.935 7.94 7.943 7.922 7.903 7.898 7.885 7.883 7.867 7.872 7.87 7.875
9.045 9.233 9.352 8.993 8.722 8.905 9.175 9.173 9.378 8.863 8.82 9.33 9.175 9.32 8.858 8.602 8.645 8.79 9.105 9.597 10.582 9.12 8.585 8.568 8.57 8.477 8.505 8.52 8.497 8.472 8.448 8.43 8.422 8.398 8.365 8.333 8.31 8.302 8.29 8.27 8.247 8.233 8.245 8.23 8.225 8.21 8.21 8.19 8.182 8.177 8.175 8.17 8.148 8.118 8.085 8.078 8.062 8.068 8.045 8.023 8.007 8.005 7.997 7.995 7.967 7.947 7.96 7.955 7.927 7.92 7.925 7.923 7.903 7.878 7.892 7.895 7.898 7.872 7.852
8.993 8.993 9.065 8.735 8.8 9.03 8.913 9.052 8.885 8.685 8.948 9.165 8.752 8.858 8.632 8.608 8.718 9.102 9.483 9.948 9.395 8.595 8.6 8.61 8.493 8.477 8.517 8.507 8.495 8.45 8.432 8.423 8.398 8.36 8.36 8.333 8.295 8.278 8.275 8.255 8.247 8.235 8.23 8.207 8.2 8.198 8.2 8.195 8.185 8.167 8.17 8.165 8.15 8.125 8.113 8.087 8.06 8.03 8.03 8.043 8.03 8.003 7.972 7.975 7.972 7.96 7.95 7.95 7.935 7.91 7.907 7.908 7.92 7.905 7.898 7.882 7.882 7.887 7.882
8.977 9.052 8.872 8.76 8.833 9.262 8.953 8.805 8.698 8.972 9.188 8.988 8.642 8.67 8.677 8.693 8.983 9.54 10.1 9.33 8.645 8.61 8.595 8.512 8.47 8.497 8.5 8.49 8.462 8.42 8.403 8.408 8.382 8.358 8.333 8.318 8.3 8.26 8.248 8.25 8.24 8.22 8.202 8.212 8.208 8.195 8.193 8.185 8.175 8.167 8.15 8.148 8.15 8.12 8.095 8.085 8.083 8.055 8.028 8.013 8.007 7.995 7.987 7.99 7.967 7.965 7.95 7.943 7.94 7.927 7.93 7.915 7.895 7.885 7.905 7.91 7.885 7.86 7.858
9.005 8.983 8.722 8.73 8.868 8.828 8.913 8.87 8.727 8.738 8.953 8.79 8.67 8.727 8.718 8.993 9.56 9.943 9.977 8.642 8.597 8.593 8.528 8.455 8.517 8.515 8.488 8.448 8.432 8.427 8.41 8.38 8.35 8.33 8.31 8.292 8.298 8.3 8.275 8.24 8.235 8.24 8.227 8.192 8.18 8.182 8.185 8.163 8.148 8.155 8.155 8.122 8.11 8.118 8.108 8.095 8.073 8.07 8.06 8.035 8.025 8.025 8.01 7.98 7.975 7.967 7.948 7.943 7.95 7.943 7.925 7.927 7.94 7.918 7.895 7.895 7.89 7.885 7.86
8.965 8.733 8.635 8.693 8.85 8.932 8.958 8.89 8.773 8.738 8.855 8.798 8.833 8.847 9.065 9.462 9.87 10.403 8.85 8.592 8.597 8.585 8.47 8.515 8.505 8.495 8.47 8.445 8.435 8.405 8.387 8.37 8.328 8.318 8.325 8.292 8.273 8.263 8.278 8.257 8.235 8.215 8.2 8.19 8.17 8.17 8.18 8.175 8.155 8.14 8.132 8.13 8.102 8.095 8.087 8.085 8.09 8.095 8.065 8.075 8.057 8.033 8.013 8 7.997 7.972 7.95 7.947 7.943 7.94 7.925 7.905 7.91 7.907 7.9 7.887 7.883 7.872 7.865
8.89 8.618 8.632 8.788 9.13 9.443 9.475 9.37 8.858 8.833 8.965 8.985 8.875 9.055 9.387 9.65 9.99 9.003 8.605 8.612 8.587 8.48 8.498 8.525 8.505 8.477 8.452 8.435 8.42 8.378 8.35 8.342 8.333 8.312 8.3 8.275 8.263 8.257 8.26 8.253 8.245 8.218 8.215 8.198 8.182 8.167 8.153 8.145 8.145 8.14 8.122 8.11 8.1 8.095 8.078 8.08 8.085 8.087 8.078 8.065 8.05 8.062 8.043 8.01 7.983 7.975 7.945 7.938 7.938 7.922 7.925 7.925 7.91 7.9 7.9 7.9 7.885 7.863 7.843
8.648 8.573 8.757 9.173 9.878 10.432 10.542 10.405 9.355 9.118 8.913 8.873 9.137 9.33 9.503 9.965 9.247 8.615 8.612 8.602 8.495 8.493 8.533 8.53 8.495 8.443 8.432 8.42 8.4 8.368 8.343 8.323 8.295 8.292 8.288 8.278 8.273 8.265 8.235 8.227 8.225 8.215 8.207 8.193 8.18 8.167 8.17 8.163 8.142 8.122 8.12 8.113 8.093 8.077 8.083 8.065 8.055 8.052 8.083 8.08 8.06 8.025 8.028 8.017 8.003 7.972 7.96 7.948 7.947 7.938 7.92 7.907 7.908 7.918 7.903 7.882 7.887 7.89 7.865
8.585 8.663 8.977 9.83 10.753 11.21 11.235 10.837 9.945 9.823 9.368 8.913 9.227 9.562 9.938 9.375 8.615 8.608 8.61 8.533 8.505 8.54 8.525 8.505 8.472 8.442 8.422 8.4 8.365 8.337 8.325 8.315 8.307 8.298 8.278 8.278 8.257 8.253 8.263 8.24 8.215 8.193 8.198 8.205 8.19 8.167 8.153 8.142 8.122 8.11 8.095 8.1 8.085 8.07 8.058 8.055 8.057 8.04 8.042 8.038 8.033 8.032 8.025 8.012 8.012 7.997 7.983 7.945 7.932 7.95 7.938 7.922 7.898 7.907 7.905 7.885 7.882 7.858 7.858
