Matlab/Roost_data/braunton/dsm/ss4640_DSM_2M.asc
ncols 500
nrows 500
xllcorner    246000
yllcorner    140000
cellsize     2
NODATA_value -9999
[rows 450 to 479 of 500, columns 414 to 482 of 500]
102.533 102.64 102.73 102.845 102.965 103.09 103.195 103.277 103.348 103.43 103.522 103.607 103.647 103.693 103.768 103.923 104.12 105.525 104.253 104.283 104.412 104.52 104.64 104.76 104.875 104.965 105.06 105.132 105.21 105.323 105.443 105.513 105.56 105.615 105.723 105.86 105.973 106.057 106.188 106.31 106.427 106.575 106.7 106.802 106.935 107.075 107.217 107.348 107.44 107.537 107.625 107.698 107.785 107.893 107.973 108.022 108.092 108.192 108.285 108.36 108.43 108.507 108.615 108.735 108.897 109.018 109.122 109.228 109.305
102.465 102.575 102.662 102.785 102.908 103.015 103.113 103.188 103.277 103.368 103.447 103.52 103.567 103.625 103.705 103.848 104.143 105.493 104.385 104.243 104.345 104.463 104.58 104.713 104.832 104.913 104.997 105.057 105.14 105.265 105.37 105.445 105.48 105.542 105.662 105.795 105.893 105.987 106.103 106.24 106.37 106.505 106.63 106.743 106.885 107.018 107.162 107.29 107.368 107.45 107.522 107.6 107.69 107.785 107.868 107.91 107.995 108.098 108.18 108.268 108.33 108.415 108.518 108.632 108.798 108.918 109.025 109.113 109.195
102.42 102.525 102.635 102.753 102.875 102.982 103.06 103.14 103.215 103.3 103.397 103.465 103.5 103.542 103.637 103.792 104.295 105.198 104.077 104.18 104.285 104.4 104.53 104.658 104.77 104.835 104.915 104.985 105.082 105.205 105.3 105.372 105.403 105.48 105.59 105.707 105.805 105.9 106.015 106.147 106.27 106.402 106.53 106.647 106.785 106.918 107.06 107.18 107.268 107.348 107.423 107.507 107.595 107.68 107.747 107.8 107.875 107.975 108.06 108.14 108.22 108.295 108.4 108.543 108.698 108.82 108.915 109.003 109.09
102.382 102.478 102.583 102.705 102.83 102.938 103.018 103.097 103.167 103.257 103.353 103.402 103.435 103.48 103.57 103.725 104.473 104.81 103.995 104.113 104.235 104.345 104.48 104.62 104.698 104.777 104.85 104.917 105.02 105.137 105.228 105.28 105.323 105.405 105.488 105.605 105.71 105.808 105.92 106.05 106.168 106.317 106.417 106.53 106.675 106.812 106.945 107.055 107.14 107.235 107.302 107.4 107.49 107.577 107.632 107.685 107.765 107.868 107.942 108.01 108.085 108.17 108.287 108.42 108.573 108.695 108.787 108.88 108.967
102.338 102.438 102.537 102.66 102.777 102.882 102.97 103.042 103.11 103.198 103.28 103.327 103.355 103.397 103.52 103.688 104.658 104.63 103.887 104.03 104.167 104.295 104.433 104.545 104.64 104.71 104.783 104.853 104.945 105.082 105.158 105.205 105.25 105.307 105.4 105.512 105.6 105.705 105.83 105.938 106.062 106.195 106.295 106.417 106.558 106.697 106.835 106.935 107.007 107.105 107.17 107.262 107.348 107.42 107.495 107.555 107.643 107.75 107.82 107.902 107.97 108.058 108.16 108.315 108.435 108.533 108.625 108.725 108.812
102.275 102.37 102.48 102.598 102.717 102.833 102.913 102.993 103.062 103.155 103.232 103.253 103.275 103.312 103.485 103.643 104.948 104.213 103.8 103.942 104.1 104.223 104.363 104.472 104.567 104.63 104.713 104.785 104.882 105.003 105.088 105.128 105.177 105.232 105.332 105.438 105.525 105.63 105.75 105.865 105.975 106.095 106.188 106.303 106.455 106.595 106.71 106.812 106.882 106.975 107.05 107.122 107.215 107.29 107.35 107.425 107.512 107.622 107.688 107.765 107.84 107.93 108.043 108.188 108.312 108.402 108.49 108.588 108.658
102.217 102.31 102.415 102.542 102.667 102.777 102.857 102.917 102.993 103.098 103.153 103.178 103.195 103.257 103.44 103.587 105.083 104.387 103.74 103.882 104.048 104.162 104.305 104.402 104.495 104.565 104.635 104.713 104.805 104.935 105.027 105.052 105.097 105.16 105.268 105.368 105.473 105.588 105.702 105.818 105.923 106.033 106.12 106.24 106.387 106.515 106.632 106.72 106.783 106.857 106.94 107.007 107.11 107.178 107.245 107.317 107.405 107.5 107.57 107.63 107.708 107.81 107.925 108.062 108.183 108.275 108.36 108.45 108.533
102.19 102.277 102.385 102.505 102.63 102.717 102.8 102.872 102.94 103.025 103.075 103.112 103.135 103.23 103.382 103.53 105.13 104.317 103.71 103.86 103.978 104.095 104.223 104.333 104.442 104.497 104.56 104.632 104.74 104.857 104.938 104.958 105 105.072 105.185 105.285 105.387 105.51 105.618 105.735 105.842 105.955 106.048 106.178 106.322 106.45 106.558 106.647 106.707 106.785 106.85 106.925 107.01 107.07 107.14 107.21 107.312 107.41 107.485 107.55 107.615 107.71 107.827 107.96 108.09 108.175 108.253 108.327 108.402
102.137 102.228 102.345 102.458 102.577 102.665 102.75 102.817 102.893 102.965 103.018 103.048 103.073 103.162 103.325 103.83 104.753 104.198 103.688 103.827 103.938 104.048 104.152 104.262 104.357 104.412 104.482 104.555 104.67 104.762 104.85 104.868 104.897 104.995 105.113 105.213 105.317 105.432 105.548 105.667 105.765 105.863 105.952 106.067 106.22 106.35 106.463 106.542 106.613 106.69 106.762 106.83 106.92 106.978 107.04 107.107 107.215 107.315 107.382 107.45 107.525 107.628 107.747 107.875 108.003 108.085 108.155 108.232 108.292
102.065 102.16 102.265 102.395 102.507 102.583 102.683 102.762 102.847 102.915 102.97 102.997 103.037 103.128 103.28 103.783 104.698 103.84 103.647 103.772 103.882 103.99 104.09 104.188 104.272 104.35 104.418 104.493 104.603 104.7 104.762 104.78 104.812 104.915 105.027 105.125 105.223 105.337 105.46 105.577 105.678 105.783 105.86 105.978 106.115 106.235 106.348 106.417 106.488 106.562 106.658 106.735 106.808 106.87 106.933 107.003 107.12 107.195 107.272 107.335 107.415 107.503 107.62 107.76 107.872 107.95 108.027 108.107 108.183
102.018 102.118 102.223 102.345 102.455 102.527 102.637 102.715 102.8 102.855 102.897 102.94 102.985 103.067 103.198 103.895 104.363 103.798 103.605 103.713 103.818 103.935 104.033 104.125 104.215 104.285 104.355 104.448 104.52 104.597 104.67 104.69 104.745 104.838 104.94 105.04 105.14 105.24 105.34 105.463 105.562 105.658 105.75 105.865 106.007 106.113 106.223 106.312 106.365 106.44 106.515 106.6 106.683 106.753 106.82 106.885 106.99 107.075 107.135 107.22 107.292 107.385 107.488 107.618 107.715 107.785 107.88 107.98 108.035
101.997 102.09 102.22 102.315 102.425 102.505 102.59 102.662 102.75 102.803 102.845 102.872 102.908 102.985 103.147 103.777 104.442 103.455 103.542 103.655 103.76 103.868 103.978 104.083 104.158 104.22 104.28 104.37 104.455 104.522 104.577 104.625 104.673 104.763 104.86 104.963 105.058 105.16 105.265 105.372 105.455 105.545 105.635 105.762 105.893 106.003 106.11 106.192 106.257 106.333 106.405 106.5 106.572 106.637 106.695 106.77 106.863 106.93 106.995 107.07 107.147 107.253 107.363 107.475 107.577 107.647 107.73 107.812 107.89
101.938 102.045 102.165 102.283 102.395 102.445 102.54 102.62 102.705 102.757 102.798 102.82 102.875 102.94 103.082 103.785 104.275 103.363 103.48 103.598 103.695 103.81 103.925 104.027 104.08 104.137 104.198 104.285 104.38 104.465 104.51 104.545 104.588 104.675 104.78 104.875 104.975 105.088 105.19 105.295 105.375 105.465 105.565 105.688 105.812 105.92 106.02 106.075 106.143 106.228 106.298 106.39 106.455 106.525 106.6 106.68 106.777 106.83 106.887 106.952 107.025 107.13 107.228 107.348 107.442 107.507 107.615 107.688 107.757
101.893 101.988 102.11 102.222 102.308 102.385 102.467 102.558 102.645 102.7 102.747 102.768 102.825 102.92 103.027 103.93 104.618 103.305 103.427 103.555 103.653 103.762 103.882 103.97 104.027 104.062 104.122 104.205 104.3 104.387 104.433 104.46 104.507 104.615 104.717 104.802 104.908 105 105.103 105.208 105.29 105.39 105.497 105.618 105.74 105.86 105.945 106 106.057 106.145 106.21 106.298 106.37 106.427 106.51 106.597 106.68 106.738 106.8 106.865 106.938 107.045 107.158 107.255 107.342 107.41 107.495 107.56 107.618
101.838 101.938 102.062 102.177 102.255 102.315 102.385 102.493 102.565 102.632 102.675 102.708 102.762 102.863 102.98 104.235 104.257 103.255 103.363 103.49 103.598 103.715 103.825 103.902 103.952 104.003 104.058 104.132 104.228 104.32 104.37 104.397 104.452 104.548 104.647 104.738 104.83 104.925 105.03 105.13 105.205 105.302 105.415 105.545 105.647 105.755 105.85 105.917 105.993 106.073 106.14 106.225 106.29 106.363 106.44 106.525 106.6 106.652 106.708 106.775 106.855 106.952 107.045 107.158 107.245 107.32 107.4 107.465 107.503
101.805 101.917 102.035 102.147 102.232 102.29 102.362 102.452 102.535 102.59 102.628 102.655 102.71 102.827 102.94 104.165 103.833 103.198 103.325 103.438 103.545 103.662 103.755 103.825 103.895 103.938 103.99 104.072 104.178 104.25 104.302 104.35 104.38 104.482 104.573 104.66 104.76 104.865 104.963 105.048 105.125 105.225 105.34 105.46 105.562 105.668 105.755 105.817 105.887 105.982 106.05 106.128 106.195 106.285 106.36 106.445 106.52 106.57 106.618 106.685 106.77 106.865 106.96 107.052 107.128 107.2 107.275 107.345 107.39
101.775 101.897 102.018 102.128 102.213 102.27 102.325 102.43 102.515 102.562 102.6 102.628 102.677 102.833 102.917 104.198 103.875 103.15 103.295 103.393 103.488 103.613 103.708 103.78 103.835 103.882 103.94 104.018 104.11 104.19 104.24 104.277 104.315 104.408 104.495 104.58 104.675 104.787 104.875 104.957 105.035 105.125 105.235 105.36 105.462 105.56 105.647 105.72 105.79 105.87 105.95 106.03 106.095 106.177 106.26 106.353 106.415 106.463 106.51 106.582 106.673 106.777 106.87 106.965 107.035 107.103 107.173 107.223 107.28
101.72 101.84 101.973 102.082 102.16 102.23 102.307 102.415 102.495 102.525 102.562 102.605 102.688 102.815 102.908 104.162 103.707 103.08 103.26 103.36 103.45 103.56 103.66 103.717 103.775 103.82 103.885 103.963 104.06 104.15 104.18 104.22 104.268 104.355 104.448 104.54 104.628 104.728 104.818 104.905 104.982 105.065 105.167 105.298 105.385 105.488 105.567 105.632 105.715 105.802 105.872 105.95 106.018 106.088 106.165 106.247 106.305 106.35 106.408 106.473 106.575 106.665 106.77 106.863 106.943 107 107.06 107.113 107.16
101.725 101.827 101.938 102.042 102.105 102.18 102.272 102.37 102.452 102.488 102.533 102.59 102.66 102.775 102.845 104.162 103.448 103.012 103.2 103.315 103.408 103.525 103.603 103.682 103.73 103.757 103.83 103.923 104.01 104.113 104.132 104.175 104.245 104.33 104.41 104.51 104.603 104.695 104.787 104.863 104.935 105.025 105.14 105.257 105.36 105.457 105.522 105.585 105.67 105.75 105.83 105.918 105.955 105.985 106.033 106.17 106.235 106.27 106.32 106.41 106.5 106.598 106.677 106.78 106.838 106.9 106.952 107.003 107.045
101.745 101.83 101.938 102.022 102.085 102.147 102.247 102.355 102.428 102.46 102.507 102.55 102.635 102.685 102.853 104.22 103.178 102.975 103.162 103.272 103.36 103.467 103.568 103.613 103.647 103.698 103.783 103.88 103.97 104.07 104.102 104.152 104.2 104.287 104.375 104.463 104.557 104.643 104.735 104.795 104.87 104.957 105.062 105.195 105.295 105.405 105.463 105.537 105.625 105.695 105.775 105.865 105.908 105.95 106.01 106.122 106.185 106.21 106.262 106.347 106.44 106.533 106.613 106.705 106.768 106.817 106.875 106.92 106.955
101.812 101.857 101.9 101.97 102.015 102.09 102.2 102.295 102.387 102.417 102.46 102.525 102.595 102.647 103.28 104.772 103.943 102.955 103.143 103.238 103.31 103.417 103.518 103.555 103.6 103.643 103.725 103.815 103.93 104.03 104.062 104.118 104.158 104.257 104.342 104.433 104.527 104.605 104.693 104.75 104.832 104.91 105.02 105.14 105.225 105.323 105.387 105.475 105.57 105.655 105.732 105.812 105.872 105.95 106.015 106.088 106.128 106.162 106.22 106.295 106.385 106.47 106.55 106.637 106.695 106.762 106.817 106.853 106.88
101.838 101.918 101.908 101.92 101.952 102.035 102.137 102.23 102.305 102.357 102.405 102.48 102.55 102.603 103.25 104.615 103.738 102.933 103.113 103.195 103.28 103.39 103.478 103.525 103.55 103.597 103.698 103.768 103.878 103.97 104.012 104.062 104.128 104.215 104.3 104.385 104.478 104.565 104.637 104.708 104.783 104.87 104.988 105.1 105.198 105.275 105.345 105.435 105.512 105.595 105.66 105.74 105.802 105.885 105.952 106.01 106.057 106.107 106.175 106.255 106.335 106.417 106.507 106.583 106.647 106.705 106.753 106.78 106.827
101.583 101.838 101.925 101.92 101.918 101.995 102.092 102.185 102.243 102.302 102.348 102.412 102.495 102.527 103.095 104.55 103.958 102.878 103.075 103.2 103.283 103.38 103.458 103.49 103.525 103.58 103.66 103.74 103.838 103.912 103.96 104.025 104.095 104.2 104.272 104.338 104.42 104.52 104.592 104.673 104.745 104.83 104.935 105.042 105.147 105.255 105.315 105.378 105.46 105.548 105.61 105.68 105.732 105.812 105.885 105.945 105.988 106.035 106.1 106.177 106.268 106.347 106.427 106.51 106.585 106.64 106.677 106.702 106.743
101.473 101.685 101.9 101.933 101.95 102.027 102.11 102.183 102.213 102.262 102.305 102.353 102.375 102.345 103.298 104.155 103.79 102.833 103.077 103.235 103.298 103.37 103.445 103.465 103.525 103.588 103.637 103.7 103.772 103.855 103.925 103.997 104.07 104.173 104.238 104.312 104.402 104.503 104.565 104.65 104.725 104.815 104.92 105.01 105.113 105.217 105.265 105.33 105.423 105.505 105.562 105.625 105.68 105.77 105.848 105.893 105.935 105.99 106.05 106.132 106.2 106.285 106.355 106.425 106.503 106.555 106.592 106.618 106.665
101.49 101.64 101.807 101.855 101.895 101.95 101.98 102.04 102.085 102.16 102.18 102.213 102.238 102.245 102.908 104.378 103.585 102.783 102.995 103.137 103.265 103.338 103.423 103.467 103.507 103.562 103.607 103.663 103.717 103.835 103.908 103.978 104.072 104.16 104.222 104.312 104.393 104.493 104.562 104.643 104.723 104.815 104.917 104.995 105.105 105.217 105.268 105.33 105.423 105.485 105.525 105.592 105.65 105.75 105.81 105.86 105.91 105.95 106.007 106.1 106.158 106.238 106.308 106.385 106.457 106.5 106.53 106.548 106.605
101.53 101.562 101.69 101.768 101.915 102.06 102.192 102.503 102.757 102.81 102.793 102.888 103.488 103.098 103.842 103.96 102.64 102.738 102.912 103.04 103.192 103.27 103.382 103.463 103.5 103.568 103.613 103.668 103.73 103.82 103.91 103.972 104.042 104.128 104.202 104.287 104.375 104.465 104.538 104.607 104.705 104.81 104.89 104.98 105.077 105.183 105.25 105.327 105.41 105.473 105.527 105.58 105.66 105.747 105.805 105.857 105.905 105.945 106.007 106.077 106.147 106.21 106.285 106.357 106.423 106.467 106.493 106.52 106.562
101.54 101.7 102.76 103.055 104.28 104.272 103.783 103.64 103.783 105.973 105.445 103.085 103.155 102.957 103.875 104.02 102.552 102.73 102.853 103.007 103.125 103.228 103.31 103.42 103.495 103.555 103.605 103.67 103.753 103.84 103.927 103.975 104.042 104.13 104.2 104.28 104.368 104.445 104.495 104.58 104.685 104.775 104.868 104.948 105.04 105.143 105.213 105.292 105.382 105.44 105.495 105.568 105.645 105.738 105.795 105.838 105.885 105.935 106 106.067 106.132 106.188 106.257 106.33 106.385 106.433 106.44 106.46 106.503
101.548 102.088 103.848 101.94 102.03 103.208 102.32 102.07 102.217 102.325 102.24 102.332 102.405 102.463 102.49 102.562 102.675 102.777 102.842 103.018 103.11 103.178 103.275 103.37 103.448 103.525 103.588 103.668 103.755 103.853 103.935 103.975 104.04 104.122 104.18 104.253 104.338 104.415 104.478 104.562 104.662 104.765 104.857 104.927 105.027 105.113 105.177 105.257 105.34 105.397 105.442 105.522 105.607 105.702 105.743 105.802 105.848 105.9 105.978 106.033 106.085 106.13 106.207 106.29 106.34 106.372 106.387 106.388 106.433
101.52 101.978 102.85 101.958 101.825 101.92 101.997 102.07 102.173 102.247 102.312 102.408 102.503 102.542 102.565 102.637 102.732 102.792 102.865 102.995 103.077 103.15 103.235 103.315 103.393 103.455 103.515 103.592 103.698 103.812 103.893 103.927 103.988 104.052 104.122 104.185 104.27 104.338 104.405 104.493 104.607 104.698 104.793 104.868 104.958 105.048 105.122 105.205 105.293 105.353 105.408 105.482 105.567 105.65 105.695 105.757 105.815 105.875 105.94 105.99 106.055 106.09 106.177 106.26 106.308 106.338 106.342 106.345 106.385
101.482 102.01 102.805 101.86 101.9 101.997 102.06 102.12 102.185 102.253 102.32 102.412 102.527 102.595 102.603 102.682 102.765 102.808 102.89 102.978 103.06 103.125 103.198 103.287 103.355 103.395 103.465 103.545 103.647 103.755 103.84 103.875 103.927 103.982 104.05 104.128 104.198 104.26 104.323 104.423 104.54 104.613 104.695 104.78 104.868 104.95 105.018 105.11 105.193 105.275 105.335 105.412 105.493 105.58 105.637 105.693 105.762 105.83 105.9 105.928 106.003 106.055 106.137 106.22 106.262 106.287 106.3 106.305 106.353
