Matlab/Roost_data/braunton/dsm/ss4639_DSM_2M.asc
ncols 500
nrows 500
xllcorner    246000
yllcorner    139000
cellsize     2
NODATA_value -9999
[rows 186 to 216 of 500, columns 210 to 279 of 500]
93.803 92.993 94.592 93.438 94.438 93.06 93.655 96.412 94.033 100.062 100.42 100.698 100.887 100.427 96.06 96.062 96.38 96.382 96.438 96.417 96.432 96.765 96.255 96.158 96.5 96.003 96.253 95.572 95.522 95.57 95.665 97.853 97.96 98.188 98.448 98.232 98.33 100.743 103.052 102.222 102.053 99.565 99.113 99.125 98.675 98.25 99.518 99.28 98.735 98.783 98.848 98.882 98.912 98.948 98.98 99.022 99.075 99.115 99.122 99.145 99.158 99.173 99.17 99.185 99.21 99.208 99.228 99.237 99.235 99.257
95.995 98.118 98.345 98.558 98.855 94.048 93.645 96.507 94.5 97.827 100.792 100.515 100.137 99.737 96.182 96.338 96.45 96.577 96.65 96.598 97.122 98.083 96.548 97.32 96.315 96.757 96.17 95.848 95.76 95.812 96.785 100.618 98.54 98.47 98.545 98.605 98.8 98.432 98.23 99.24 100.177 99.16 99.125 99.19 99.053 98.44 99.792 99.342 98.923 98.957 99.018 99.083 99.107 99.135 99.165 99.202 99.247 99.307 99.285 99.302 99.335 99.32 99.335 99.35 99.368 99.38 99.393 99.375 99.375 99.403
97.065 99.188 99.385 99.677 99.988 95.107 92.967 96.618 95.132 96.878 99.768 99.323 98.025 97.307 96.478 97.22 96.942 96.815 96.823 96.905 96.665 96.908 98.92 101.603 99.688 97.9 96.253 96.122 96.065 97.32 97.042 99.435 98.923 98.717 99.257 99.363 98.903 99.075 99.637 99.397 99.13 99.188 99.158 99.265 99.287 98.64 99.62 99.573 99.137 99.147 99.22 99.272 99.298 99.333 99.363 99.408 99.435 99.458 99.467 99.48 99.49 99.488 99.485 99.512 99.51 99.518 99.545 99.55 99.542 99.557
94.945 100.022 100 99.8 98.615 96.66 93.35 95.775 95.97 96.957 97.277 96.575 96.372 96.512 96.768 96.928 97.12 98.49 98.228 97.092 96.625 98.32 103.528 102.952 102.3 101.975 99.753 96.257 96.283 97.14 96.713 98.54 100.32 102.34 102.435 100.16 100.473 100.805 99.74 99.93 99.368 99.327 99.25 99.35 99.732 98.838 100.473 100.738 99.363 99.363 99.39 99.463 99.503 99.537 99.588 99.61 99.613 99.65 99.655 99.655 99.67 99.678 99.682 99.675 99.68 99.675 99.685 99.69 99.695 99.705
93.952 98.41 98.965 98.673 98.213 97.192 95.802 95.857 96.54 96.247 96.24 96.312 96.455 96.923 96.86 96.933 97.18 98.257 99.298 98.32 99.308 101.98 103.253 103.645 103.223 102.705 100.58 97.333 97.325 102.518 102.667 102.807 102.935 103.09 103.275 101.39 100.67 99.327 99.68 99.568 99.415 99.577 99.723 99.47 100.865 99.255 99.97 100.045 99.553 99.562 99.615 99.67 99.73 99.75 99.785 99.802 99.817 99.84 99.853 99.845 99.85 99.85 99.865 99.853 99.868 99.87 99.857 99.878 99.887 99.863
95.128 97.137 97.042 95.845 95.443 95.473 95.995 96.015 96.735 96.285 96.255 96.31 96.58 96.92 97.05 97.338 97.452 98.005 99.04 98.475 98.68 100.275 102.26 102.957 103.522 102.603 98.823 98.923 98.845 104.505 104.665 104.678 104.8 104.887 104.815 102.558 100.7 99.442 99.825 99.667 99.585 99.628 100.012 100.372 101.47 99.378 100.175 100.622 99.775 99.775 99.84 99.88 99.938 99.958 99.993 100.025 100.05 100.042 100.052 100.065 100.062 100.062 100.06 100.052 100.045 100.053 100.042 100.04 100.06 100.072
95.512 95.757 95.47 95.463 95.668 95.823 96.077 96.132 97.485 97.147 96.405 96.632 97.02 97.728 97.637 98.27 97.948 98.19 98.98 99.04 98.807 98.948 99.1 101.493 102.7 99.533 99.527 99.89 99.667 102.792 104.885 104.787 104.747 104.692 104.507 102.325 101.52 100.198 99.855 99.787 99.743 99.855 101.725 100.993 101.595 99.6 100.655 101.565 100.018 100.003 100.085 100.122 100.162 100.183 100.183 100.205 100.243 100.232 100.243 100.25 100.25 100.275 100.272 100.26 100.235 100.25 100.247 100.238 100.24 100.255
95.592 95.927 95.878 95.965 96.075 96.113 96.147 96.287 97.812 97.448 97.012 97.895 98.488 98.632 98.815 98.675 98.553 98.55 98.725 99.348 98.848 98.975 99.062 99.887 101.49 98.72 99.173 99.19 98.985 102.103 104.747 101.412 100.51 103.6 104.33 100.76 99.488 99.455 99.838 99.967 100.015 100.02 100.057 100.217 101.848 99.89 100.378 101.762 100.257 100.228 100.302 100.35 100.393 100.41 100.395 100.402 100.418 100.433 100.443 100.45 100.455 100.438 100.445 100.458 100.443 100.428 100.438 100.425 100.435 100.452
97.548 96.452 96.088 96.2 96.357 96.445 96.643 96.688 97.113 97.113 97.003 97.99 98.555 97.97 98.603 98.702 98.685 98.717 98.702 100.217 98.952 98.975 99 100.083 101.245 99.312 99.238 99.235 99.037 100.11 101.9 100.605 99.147 99.24 99.59 99.64 100.208 100.537 100.202 100.202 100.452 100.22 100.615 101.223 102.03 100 100.465 101.827 100.537 100.442 100.535 100.545 100.582 100.588 100.577 100.59 100.628 100.628 100.618 100.615 100.613 100.62 100.64 100.653 100.632 100.618 100.632 100.62 100.607 100.607
97.217 97.493 96.518 96.628 96.677 96.682 96.68 96.723 97.397 98.348 97.93 98.72 99.592 98.598 98.548 98.603 98.595 98.795 99.28 99.793 99.69 99.022 99.055 99.26 99.995 101.548 99.862 99.45 99.988 100.145 100.128 99.967 99.985 99.995 100.512 100.568 100.565 100.75 101.24 100.342 100.393 100.827 102.787 102.663 102.293 100.285 100.605 102.42 100.787 100.615 100.66 100.652 100.682 100.74 100.777 100.808 100.832 100.835 100.812 100.795 100.805 100.8 100.802 100.807 100.82 100.822 100.812 100.827 100.825 100.805
97.027 97.878 96.635 96.972 97.092 97.48 97.827 98.312 98.38 98.95 99.06 99.728 99.497 99.535 99.628 99.662 99.74 99.857 100.19 100.223 101.062 100.603 100.338 100.433 101.452 101.98 101.173 101.318 102.168 102.553 101.132 101.053 100.948 100.995 101.183 100.765 102.217 100.618 100.512 100.908 100.688 101.785 101.738 101.448 102.84 101.022 100.88 101.863 100.943 100.79 100.79 100.805 100.84 100.893 100.97 101.003 101.005 101.018 101.027 101.01 101 100.997 100.99 100.985 100.995 101.012 101.022 100.985 101.007 101.013
96.887 98.475 97.525 98.065 98.312 98.88 98.805 99.408 99.868 99.158 99.033 99.25 99.535 99.105 99.708 99.74 99.425 99.65 99.65 100.442 100.598 100.723 100.757 100.938 101.265 101.47 101.2 101.695 102.113 102.662 102.035 102.545 101.99 101.495 102.272 102.053 101.927 101.613 101.167 101.25 100.92 101.315 102.65 101.037 102.272 101.202 101.015 101.09 100.975 100.933 100.993 101.1 101.137 101.162 101.165 101.188 101.21 101.238 101.245 101.24 101.232 101.225 101.232 101.217 101.205 101.188 101.17 101.167 101.152 101.178
98.048 98.955 98.81 99.567 99.132 99.167 98.713 98.555 98.53 98.717 98.887 99.145 99.173 99.307 99.448 99.595 99.685 99.717 99.792 99.945 100.037 100.245 100.44 100.635 100.812 101.048 101.132 101.478 101.382 101.417 101.455 101.57 101.463 101.012 101.217 101.805 102.285 102.208 102.312 102.257 102.315 102.855 103.917 102.677 102.723 101.702 101.173 101.192 101.173 101.283 101.345 101.432 101.49 101.497 101.512 101.512 101.48 101.472 101.423 101.42 101.45 101.465 101.445 101.435 101.435 101.42 101.387 101.365 101.36 101.342
98.247 98.175 98.05 98.08 98.228 98.378 98.495 98.605 98.702 98.818 98.938 99.067 99.217 99.36 99.478 99.553 99.652 99.768 99.86 99.995 100.11 100.195 100.31 100.412 100.497 100.587 100.685 100.75 100.808 100.89 100.952 101.003 101.095 101.145 101.287 101.41 101.845 102.007 102.165 102.44 102.915 102.167 102.31 102.24 102.33 101.71 101.3 101.345 101.81 102.592 102.62 102.06 101.775 101.717 101.735 101.735 101.757 101.87 101.785 101.73 101.667 101.643 101.632 101.63 101.643 101.635 101.63 101.592 101.55 101.555
97.787 97.902 98.012 98.12 98.25 98.365 98.487 98.607 98.71 98.835 98.985 99.135 99.262 99.418 99.542 99.645 99.772 99.9 100.003 100.122 100.228 100.335 100.442 100.553 100.645 100.7 100.785 100.875 100.952 101.01 101.075 101.122 101.162 101.26 101.345 101.402 101.475 101.528 101.61 101.745 101.88 102.185 101.887 101.868 101.635 101.643 101.507 101.53 101.988 102.81 103.158 103.077 102.73 102.812 102.432 102.113 101.99 101.935 101.95 101.97 101.97 101.957 101.9 101.84 101.805 101.812 101.817 101.81 101.795 101.772
97.753 97.89 98.015 98.143 98.292 98.43 98.57 98.695 98.827 98.958 99.13 99.285 99.397 99.537 99.677 99.812 99.93 100.05 100.158 100.255 100.39 100.51 100.598 100.715 100.802 100.865 100.945 101.055 101.13 101.177 101.238 101.3 101.34 101.4 101.5 101.55 101.607 101.68 101.787 101.88 101.95 102.007 102.015 101.932 101.865 101.772 101.76 101.83 102.13 102.18 102.21 102.287 102.228 102.43 102.673 102.99 103.128 102.81 102.515 102.458 102.175 102.15 103.382 102.118 102.083 102.03 101.997 101.988 101.982 101.967
97.818 97.955 98.118 98.265 98.42 98.55 98.675 98.818 98.967 99.107 99.213 99.368 99.52 99.66 99.8 99.95 100.077 100.175 100.298 100.423 100.512 100.63 100.73 100.832 100.943 101.03 101.11 101.2 101.28 101.342 101.412 101.488 101.562 101.61 101.65 101.743 101.827 101.895 101.943 102.007 102.073 102.135 102.168 102.167 102.122 102.075 102.1 102.178 102.247 102.308 102.395 102.467 102.52 102.527 102.56 102.55 102.607 103.92 103.217 103.75 102.68 102.567 103.05 102.355 102.272 102.287 102.287 102.245 102.173 102.125
97.982 98.1 98.24 98.375 98.515 98.673 98.812 98.933 99.08 99.232 99.363 99.507 99.673 99.802 99.91 100.048 100.2 100.305 100.425 100.56 100.665 100.755 100.878 101.015 101.1 101.192 101.283 101.36 101.44 101.552 101.622 101.683 101.732 101.808 101.868 101.917 101.99 102.073 102.145 102.213 102.272 102.325 102.342 102.355 102.37 102.37 102.397 102.435 102.49 102.567 102.665 102.753 102.827 102.868 102.872 102.855 102.895 103.495 102.92 102.85 103.003 103.52 103.198 103.04 103.045 104.025 105.09 104.13 102.47 102.408
98.132 98.26 98.38 98.537 98.662 98.81 98.933 99.055 99.185 99.348 99.482 99.637 99.777 99.92 100.065 100.18 100.335 100.458 100.567 100.685 100.827 100.927 101.027 101.14 101.255 101.34 101.455 101.562 101.65 101.73 101.787 101.853 101.93 101.975 102.03 102.11 102.17 102.265 102.345 102.423 102.473 102.512 102.555 102.603 102.628 102.625 102.645 102.675 102.723 102.793 102.857 102.927 102.982 103.033 103.065 103.098 103.085 103.095 103.07 103.105 103.167 103.228 103.243 103.295 103.798 103.533 103.512 104.88 104.545 103.318
98.275 98.405 98.512 98.655 98.81 98.928 99.035 99.182 99.312 99.448 99.588 99.765 99.895 100.055 100.213 100.34 100.433 100.56 100.695 100.835 100.948 101.065 101.182 101.292 101.408 101.535 101.637 101.707 101.812 101.905 101.963 102.018 102.092 102.17 102.228 102.298 102.397 102.473 102.53 102.59 102.65 102.72 102.77 102.81 102.857 102.88 102.895 102.913 102.96 103.027 103.07 103.122 103.183 103.24 103.262 103.29 103.253 103.26 103.253 103.348 103.44 103.49 103.478 103.427 103.382 103.378 103.41 103.583 104.088 104.54
98.387 98.55 98.68 98.798 98.942 99.07 99.19 99.325 99.467 99.598 99.715 99.893 100.073 100.192 100.308 100.438 100.548 100.685 100.832 100.97 101.082 101.195 101.345 101.45 101.558 101.673 101.787 101.872 101.98 102.067 102.162 102.22 102.283 102.342 102.433 102.518 102.577 102.652 102.723 102.8 102.865 102.878 102.935 102.982 103.027 103.065 103.107 103.16 103.19 103.228 103.277 103.355 103.42 103.463 103.493 103.527 103.738 104.32 103.637 103.58 103.628 103.66 103.67 103.667 103.632 103.588 103.567 103.577 103.565 103.62
98.57 98.69 98.838 98.95 99.107 99.202 99.35 99.46 99.565 99.717 99.878 100.02 100.162 100.298 100.428 100.533 100.665 100.82 100.965 101.075 101.213 101.348 101.463 101.573 101.673 101.79 101.915 102.012 102.132 102.217 102.283 102.357 102.452 102.52 102.598 102.67 102.747 102.863 102.923 102.995 103.045 103.103 103.165 103.22 103.285 103.323 103.332 103.353 103.387 103.41 103.432 103.515 103.603 103.677 103.725 103.768 104.027 105.41 104.035 103.802 103.84 103.838 103.83 103.827 103.817 103.8 103.783 103.747 103.69 103.645
98.735 98.845 98.963 99.103 99.238 99.332 99.452 99.59 99.69 99.815 99.957 100.103 100.243 100.397 100.525 100.68 100.777 100.917 101.057 101.217 101.342 101.442 101.542 101.662 101.79 101.908 102.03 102.155 102.238 102.32 102.412 102.49 102.567 102.64 102.725 102.827 102.917 103 103.085 103.155 103.21 103.272 103.35 103.438 103.49 103.507 103.562 103.607 103.615 103.635 103.658 103.74 103.815 103.863 103.943 104.027 104.173 105.41 104.338 103.943 103.993 104.05 104.04 104.033 104.003 103.973 103.95 103.93 103.89 103.85
98.887 98.988 99.113 99.235 99.35 99.467 99.585 99.685 99.812 99.933 100.052 100.205 100.34 100.495 100.628 100.745 100.885 101.055 101.168 101.283 101.41 101.548 101.65 101.785 101.933 102.04 102.14 102.243 102.36 102.448 102.527 102.58 102.655 102.753 102.84 102.928 103.02 103.12 103.205 103.283 103.365 103.455 103.527 103.585 103.665 103.735 103.785 103.825 103.842 103.872 103.882 103.955 104.027 104.092 104.16 104.24 104.357 105.295 104.768 104.118 104.185 104.223 104.253 104.25 104.217 104.188 104.155 104.115 104.082 104.05
99.025 99.122 99.232 99.36 99.49 99.595 99.702 99.807 99.927 100.062 100.205 100.33 100.45 100.573 100.717 100.86 100.993 101.107 101.243 101.378 101.507 101.62 101.76 101.9 102.003 102.12 102.24 102.35 102.44 102.525 102.605 102.7 102.785 102.853 102.952 103.052 103.145 103.235 103.34 103.43 103.505 103.58 103.655 103.76 103.835 103.887 103.94 104.003 104.04 104.077 104.072 104.147 104.235 104.302 104.365 104.443 104.537 105.333 105.048 104.34 104.382 104.408 104.43 104.43 104.423 104.402 104.357 104.327 104.292 104.268
99.145 99.255 99.38 99.49 99.603 99.725 99.812 99.927 100.052 100.188 100.31 100.405 100.53 100.693 100.812 100.94 101.065 101.202 101.33 101.458 101.595 101.735 101.832 101.947 102.07 102.21 102.33 102.423 102.512 102.61 102.695 102.775 102.87 102.952 103.045 103.132 103.25 103.36 103.46 103.548 103.632 103.723 103.795 103.875 103.952 104.042 104.103 104.158 104.21 104.24 104.27 104.327 104.417 104.478 104.56 104.62 104.705 105.555 105.868 104.54 104.575 104.588 104.6 104.613 104.61 104.605 104.56 104.518 104.482 104.46
99.275 99.39 99.5 99.628 99.723 99.82 99.94 100.037 100.17 100.27 100.393 100.522 100.64 100.77 100.9 101.037 101.143 101.28 101.438 101.577 101.678 101.785 101.905 102.052 102.165 102.277 102.395 102.5 102.582 102.665 102.77 102.857 102.935 103.02 103.115 103.24 103.35 103.448 103.55 103.673 103.755 103.83 103.918 104 104.08 104.178 104.232 104.302 104.357 104.402 104.43 104.52 104.598 104.66 104.725 104.787 104.86 105.333 106.43 104.82 104.762 104.792 104.798 104.802 104.802 104.79 104.762 104.728 104.683 104.668
99.43 99.522 99.618 99.732 99.863 99.962 100.052 100.135 100.257 100.385 100.512 100.637 100.735 100.848 100.98 101.107 101.235 101.38 101.512 101.637 101.757 101.9 102.01 102.135 102.253 102.36 102.465 102.567 102.677 102.77 102.86 102.92 103.022 103.12 103.22 103.3 103.412 103.545 103.662 103.768 103.845 103.932 104.025 104.118 104.183 104.298 104.372 104.433 104.49 104.555 104.58 104.655 104.747 104.805 104.9 104.963 105.035 105.333 106.705 105.893 104.95 104.985 104.997 104.995 104.975 104.938 104.925 104.93 104.902 104.85
99.565 99.63 99.74 99.865 99.985 100.062 100.145 100.255 100.368 100.49 100.595 100.728 100.82 100.938 101.065 101.205 101.33 101.458 101.585 101.743 101.872 101.975 102.08 102.197 102.312 102.438 102.548 102.66 102.747 102.827 102.917 103.007 103.103 103.208 103.283 103.39 103.518 103.643 103.745 103.838 103.93 104.02 104.125 104.217 104.305 104.408 104.488 104.557 104.628 104.698 104.738 104.783 104.897 104.97 105.04 105.09 105.155 105.405 106.857 105.467 105.09 105.128 105.17 105.17 105.143 105.103 105.088 105.08 105.07 105.04
99.685 99.793 99.89 99.993 100.075 100.185 100.293 100.372 100.488 100.6 100.708 100.812 100.923 101.03 101.15 101.268 101.39 101.542 101.685 101.812 101.923 102.022 102.15 102.26 102.357 102.485 102.6 102.695 102.798 102.9 102.985 103.077 103.16 103.25 103.372 103.48 103.607 103.708 103.817 103.917 104.01 104.077 104.193 104.302 104.397 104.503 104.597 104.685 104.732 104.792 104.865 104.912 105.015 105.098 105.155 105.215 105.28 105.4 107.042 105.947 105.247 105.292 105.307 105.327 105.315 105.275 105.255 105.243 105.217 105.2
99.83 99.912 100.005 100.085 100.19 100.29 100.372 100.463 100.555 100.665 100.778 100.905 101.015 101.095 101.2 101.36 101.503 101.625 101.775 101.893 102.01 102.115 102.217 102.33 102.448 102.558 102.662 102.775 102.887 102.967 103.05 103.125 103.225 103.335 103.445 103.552 103.655 103.783 103.905 103.993 104.085 104.18 104.265 104.368 104.485 104.598 104.688 104.76 104.817 104.908 104.965 105.01 105.115 105.19 105.265 105.318 105.368 105.495 107.128 106.728 105.39 105.425 105.46 105.473 105.452 105.43 105.417 105.4 105.372 105.325
