Matlab/Roost_data/braunton/dsm/ss4636_DSM_2M.asc
ncols 500
nrows 500
xllcorner    246000
yllcorner    136000
cellsize     2
NODATA_value -9999
[rows 102 to 135 of 500, columns 154 to 230 of 500]
11.198 11.065 11.03 10.955 11.055 11.083 11.083 11 10.92 11 11.12 11.12 11.042 11.06 11.062 10.995 11.095 11.055 11.017 10.983 11.003 11.062 11.097 11.167 11.233 11.165 11.105 11.108 10.977 10.818 10.84 11.06 11.052 11.073 11.11 11.13 11.068 10.985 11.042 11.132 11.1 11.105 11.078 11.007 10.985 11.017 11.065 11.073 11.065 11.062 11.042 11.028 11.023 10.98 10.93 10.938 10.962 11.065 11.292 11.525 11.7 11.5 10.995 11.405 11.318 10.935 10.81 10.708 10.417 10.445 10.458 10.448 10.417 10.4 10.365 10.335 10.333
11.175 11.052 11.097 11.062 11.03 11.06 11.033 10.913 10.898 11.083 11.028 11.105 11.1 11.14 11.01 11.002 11.04 10.975 11.015 11.017 11.035 11.05 11.065 11.135 11.253 11.32 11.278 11.23 11.135 11.028 10.958 11.003 10.975 11.055 11.08 11.15 11.205 11.115 11.048 11.07 11.113 11.155 11.14 11.073 11.035 11.068 11.065 11.05 11.03 10.997 11.01 11.015 11.04 11.017 10.99 10.985 11.028 11.108 11.38 11.548 11.663 11.43 10.868 11.495 11.247 10.887 10.7 10.882 10.462 10.398 10.417 10.42 10.408 10.387 10.35 10.328 10.307
11.19 11.085 11.073 11.068 11.01 11.017 10.948 10.93 10.957 10.957 11.017 11.095 11.062 10.952 11.012 11.04 10.98 10.95 11.05 11.057 11.07 11.052 11.042 11.075 11.248 11.355 11.333 11.333 11.275 11.18 11.113 11.045 10.975 11.087 11.11 11.193 11.255 11.118 11.025 11.023 11.105 11.145 11.115 11.055 11.017 11.042 11.073 11.033 11.003 11.012 11.005 10.995 10.98 10.943 10.952 10.962 11.04 11.25 11.387 11.512 11.597 11.44 10.878 11.565 11.193 10.767 10.672 10.703 10.74 10.387 10.373 10.385 10.382 10.36 10.347 10.305 10.3
11.198 11.078 11.045 10.97 10.943 11.023 11.028 11 10.997 10.923 11.017 11.075 11.032 10.99 10.967 11 10.927 10.938 11.028 11.065 11.05 11.045 11.09 11.085 11.195 11.24 11.243 11.345 11.3 11.222 11.132 11.097 11.038 11.125 11.125 11.14 11.18 11.123 11.06 11.013 11.062 11.062 11.038 11.012 11 11 11.043 11.012 11 11.02 10.972 10.938 10.908 10.885 10.917 10.94 11.068 11.155 11.285 11.445 11.583 11.385 10.83 11.48 10.958 10.628 10.68 10.655 10.682 10.542 10.327 10.358 10.372 10.36 10.342 10.302 10.275
11.24 11.177 11.078 10.972 11.032 11.075 11.028 11.005 10.917 10.91 10.912 10.998 11.02 11.023 11.015 11.033 10.972 10.96 11.005 11.083 11.11 11.142 11.16 11.167 11.13 11.085 11.12 11.24 11.3 11.24 11.205 11.148 11.123 11.163 11.193 11.212 11.205 11.175 11.113 11.033 11.01 10.995 11.023 10.975 10.955 10.932 10.957 10.967 10.967 10.998 10.948 10.885 10.825 10.842 10.872 10.885 10.985 11.062 11.208 11.415 11.517 11.337 10.805 11.35 10.84 10.61 10.608 10.648 10.688 10.823 10.445 10.305 10.335 10.352 10.328 10.302 10.275
11.222 11.155 11.035 10.977 10.962 11.028 10.993 10.925 10.882 10.892 10.805 10.892 10.958 10.977 11.01 10.922 10.965 11.062 11.042 11.045 11.073 11.163 11.225 11.217 11.08 10.99 11.025 11.113 11.177 11.227 11.225 11.158 11.182 11.217 11.253 11.225 11.212 11.193 11.122 11.068 11.038 11.035 11.02 10.948 10.905 10.855 10.855 10.87 10.898 10.948 10.935 10.878 10.84 10.847 10.828 10.868 10.995 10.967 11.055 11.265 11.455 11.3 10.818 11.32 10.762 10.597 10.555 10.618 10.625 10.585 10.65 10.315 10.295 10.337 10.33 10.283 10.26
11.193 11.17 11.04 11.04 11.033 11.062 11.02 11.003 10.96 10.972 10.887 10.88 10.895 10.92 10.913 10.86 10.927 11.057 11.052 11.005 11.01 11.065 11.16 11.108 11.035 11.023 11.05 11.087 11.142 11.195 11.182 11.135 11.243 11.27 11.233 11.208 11.235 11.182 11.123 11.05 11.017 11.007 10.988 10.925 10.887 10.86 10.812 10.833 10.87 10.898 10.908 10.865 10.852 10.815 10.79 11.017 10.993 10.872 10.997 11.173 11.382 11.273 10.757 11.305 10.7 10.538 10.578 10.63 10.6 10.562 10.52 10.525 10.273 10.302 10.33 10.28 10.238
11.14 11.198 11.148 11.15 10.995 11.153 11.163 11.108 11.028 10.99 10.958 11.012 10.958 10.983 10.92 10.927 11.047 11.045 11.08 11.073 11.04 11.043 11.092 11.062 11.038 11.052 11.03 11.085 11.118 11.155 11.118 11.155 11.298 11.32 11.28 11.273 11.227 11.128 11.083 11.047 11.015 10.96 10.932 10.863 10.855 10.875 10.852 10.83 10.858 10.905 10.905 10.83 10.81 10.795 10.77 10.795 11.01 10.818 10.953 11.095 11.34 11.195 10.8 11.255 10.683 10.488 10.57 10.642 10.625 10.57 10.523 10.538 10.422 10.26 10.295 10.283 10.253
11.135 11.182 11.158 11.2 11.15 11.185 11.142 11.102 11.01 11.06 11.083 11.02 10.965 10.948 10.877 10.938 11.025 11.052 11.052 11.06 11.025 11.045 11.07 11.055 11.057 11.012 11.003 11.075 11.14 11.2 11.13 11.2 11.347 11.34 11.323 11.32 11.25 11.163 11.083 11.057 11.012 10.972 10.92 10.875 10.882 10.89 10.872 10.83 10.865 10.875 10.865 10.775 10.753 10.767 10.76 10.765 10.773 10.765 10.898 11.01 11.05 11.02 10.73 11.295 10.708 10.493 10.562 10.597 10.562 10.55 10.48 10.472 10.59 10.302 10.26 10.29 10.285
11.092 11.182 11.162 11.148 11.135 11.16 11.127 11.115 11.118 11.095 11.09 11.005 11.028 11.045 10.958 11.005 11.04 11.065 11.108 11.065 11.028 11.03 11.045 11.08 11.068 11.043 11.062 11.127 11.14 11.222 11.193 11.262 11.4 11.33 11.392 11.365 11.217 11.132 11.052 11.017 10.985 10.96 10.943 10.915 10.878 10.858 10.855 10.858 10.877 10.885 10.823 10.745 10.715 10.743 10.755 10.88 10.89 10.91 10.892 10.85 10.715 10.852 10.715 11.17 10.69 10.472 10.475 10.525 10.45 10.512 10.477 10.45 10.467 10.545 10.25 10.25 10.285
11.087 11.217 11.185 11.145 11.102 11.115 11.11 11.1 11.153 11.188 11.155 11.118 11.092 11.013 11.038 11.087 11.075 11.042 11.055 11.065 11.068 11.097 11.105 11.105 11.135 11.11 11.158 11.182 11.175 11.238 11.195 11.295 11.255 11.262 11.233 11.217 11.205 11.142 11.033 10.983 10.932 10.92 10.92 10.943 10.913 10.917 10.917 10.935 10.91 10.913 10.85 10.757 10.71 10.73 10.755 10.795 10.81 10.815 10.823 10.688 10.542 10.795 10.665 11.11 10.608 10.423 10.417 10.438 10.392 10.385 10.375 10.387 10.377 10.618 10.512 10.225 10.247
11.2 11.265 11.267 11.22 11.145 11.18 11.102 11.137 11.292 11.392 11.315 11.235 11.2 11.137 11.087 11.1 11.08 11.05 11.035 11.025 11.045 11.097 11.158 11.21 11.205 11.17 11.16 11.225 11.288 11.267 11.193 11.25 11.27 11.235 11.23 11.193 11.175 11.16 11.042 10.97 10.913 10.895 10.92 10.955 10.945 10.948 11.007 11.007 10.955 10.943 10.868 10.735 10.655 10.665 10.693 10.745 10.757 10.872 10.812 10.767 10.562 10.69 10.618 11.108 10.57 10.387 10.405 10.4 10.395 10.36 10.35 10.36 10.37 10.398 10.675 10.28 10.19
11.323 11.257 11.288 11.295 11.26 11.325 11.233 11.307 11.415 11.445 11.36 11.245 11.222 11.188 11.132 11.155 11.1 11.04 11.042 11.045 11.06 11.057 11.115 11.202 11.195 11.182 11.17 11.252 11.253 11.165 11.203 11.295 11.372 11.26 11.198 11.2 11.237 11.212 11.06 10.967 10.905 10.903 10.938 10.995 10.965 11 11.042 11.012 10.952 10.95 10.895 10.727 10.66 10.648 10.675 10.72 10.805 10.967 10.823 10.632 10.785 10.783 10.712 11.06 10.51 10.415 10.467 10.448 10.412 10.358 10.392 10.333 10.35 10.395 10.46 10.63 10.13
11.363 11.278 11.31 11.323 11.253 11.392 11.377 11.405 11.448 11.452 11.35 11.222 11.19 11.198 11.19 11.195 11.148 11.153 11.15 11.145 11.118 11.075 11.07 11.122 11.185 11.173 11.13 11.19 11.193 11.122 11.243 11.315 11.352 11.262 11.203 11.173 11.177 11.11 11.04 10.977 10.943 10.96 11 11.012 11.03 11.057 11.045 11.033 10.997 10.99 10.93 10.828 10.727 10.675 10.69 10.725 10.747 11.04 10.757 10.587 10.597 10.878 10.908 11.065 10.495 10.422 10.42 10.465 10.528 10.438 10.372 10.387 10.347 10.34 10.375 10.53 10.255
11.405 11.33 11.323 11.38 11.455 11.41 11.465 11.42 11.39 11.425 11.352 11.235 11.18 11.24 11.215 11.202 11.243 11.247 11.182 11.2 11.165 11.115 11.083 11.087 11.137 11.2 11.095 11.12 11.13 11.167 11.252 11.26 11.22 11.182 11.087 11.04 11.073 11.142 11.153 11.113 11.035 11.06 11.05 11.052 11.077 11.068 11.023 11.028 10.96 10.93 10.913 10.93 10.788 10.702 10.707 10.725 10.802 11.048 10.665 10.6 10.725 10.71 10.818 11.035 10.475 10.445 10.408 10.515 10.528 10.555 10.505 10.413 10.325 10.278 10.342 10.413 10.642
11.432 11.355 11.35 11.477 11.56 11.52 11.575 11.517 11.443 11.415 11.407 11.273 11.23 11.233 11.288 11.31 11.285 11.245 11.222 11.2 11.193 11.182 11.17 11.09 11.075 11.132 11.097 11.028 11.02 11.19 11.252 11.21 11.097 11.07 11.093 11.113 11.102 11.185 11.207 11.188 11.167 11.12 11.085 11.09 11.087 11.042 10.99 11.01 10.967 10.955 10.91 10.833 10.75 10.7 10.708 10.708 10.695 10.898 10.635 10.578 10.717 10.575 10.743 10.967 10.448 10.43 10.443 10.495 10.548 10.597 10.53 10.487 10.373 10.3 10.312 10.355 10.36
11.472 11.485 11.395 11.52 11.602 11.63 11.507 11.48 11.38 11.323 11.372 11.265 11.235 11.298 11.365 11.373 11.237 11.247 11.302 11.262 11.195 11.215 11.215 11.15 11.128 11.12 11.108 10.975 11 11.145 11.157 11.15 11.142 11.123 11.18 11.168 11.118 11.142 11.172 11.135 11.177 11.182 11.145 11.115 11.068 11.003 10.97 10.967 10.96 10.915 10.87 10.807 10.762 10.727 10.708 10.708 10.717 10.73 10.635 10.565 10.72 10.91 11.073 10.96 10.443 10.42 10.457 10.498 10.523 10.57 10.597 10.5 10.465 10.347 10.345 10.35 10.375
11.525 11.573 11.58 11.552 11.642 11.592 11.57 11.395 11.205 11.332 11.372 11.295 11.248 11.288 11.358 11.283 11.257 11.257 11.208 11.142 11.155 11.212 11.215 11.153 11.1 11.083 10.993 10.908 10.958 11.03 11.11 11.19 11.205 11.2 11.278 11.175 11.102 11.083 11.07 11.073 11.113 11.12 11.13 11.128 11.055 10.988 10.952 10.943 10.91 10.878 10.84 10.818 10.767 10.71 10.673 10.685 10.715 10.775 10.583 10.565 10.755 10.868 10.907 10.852 10.425 10.44 10.455 10.452 10.472 10.495 10.525 10.528 10.575 10.477 10.472 10.48 10.422
11.54 11.622 11.552 11.632 11.708 11.543 11.555 11.445 11.18 11.46 11.45 11.41 11.355 11.315 11.27 11.297 11.273 11.198 11.14 11.132 11.18 11.21 11.233 11.167 11.09 11.028 10.868 10.837 10.875 10.983 11.087 11.1 11.137 11.167 11.19 11.142 11.097 11.065 11.01 11.007 11.045 11.398 11.18 11.093 11.068 11.01 10.977 10.913 10.815 10.82 10.805 10.74 10.74 10.703 10.757 10.685 10.695 10.68 10.655 10.575 10.847 10.745 10.753 10.773 10.368 10.438 10.438 10.445 10.422 10.422 10.443 10.505 10.495 10.54 10.55 10.475 10.425
11.573 11.587 11.64 11.747 11.868 11.675 11.53 11.465 11.305 11.485 11.467 11.488 11.46 11.39 11.31 11.307 11.265 11.238 11.205 11.153 11.188 11.185 11.198 11.16 11.16 11.042 10.94 10.898 10.91 10.945 11.012 11.05 11.073 11.095 11.013 10.952 10.967 10.943 10.932 10.988 10.98 11.225 11.132 11.057 11.02 10.98 10.958 10.88 10.82 10.783 10.802 10.738 10.753 10.707 10.887 10.722 10.65 10.565 10.618 10.57 10.677 10.642 10.66 10.63 10.363 10.435 10.417 10.425 10.395 10.405 10.44 10.398 10.46 10.523 10.552 10.507 10.423
11.56 11.545 11.712 11.795 11.805 11.68 11.42 11.337 11.408 11.548 11.542 11.507 11.477 11.422 11.43 11.392 11.28 11.177 11.175 11.172 11.202 11.195 11.148 11.035 10.977 11.02 10.99 10.962 10.972 10.922 10.957 11.012 11.052 11.073 11 10.94 10.917 10.9 10.882 10.855 10.858 10.94 10.917 10.983 11.007 10.94 10.925 10.855 10.773 10.737 10.755 10.79 10.823 10.753 10.868 10.715 10.677 10.597 10.555 10.63 10.868 10.807 10.523 10.657 10.37 10.475 10.448 10.445 10.38 10.39 10.408 10.34 10.392 10.467 10.523 10.52 10.5
11.493 11.57 11.76 11.75 11.798 11.68 11.415 11.523 11.625 11.628 11.59 11.56 11.505 11.34 11.312 11.395 11.342 11.185 11.198 11.16 11.195 11.145 11.045 10.913 10.878 10.985 10.898 10.895 10.915 10.94 10.977 11.023 11.045 11.073 11.062 11.025 10.987 10.962 10.952 10.895 10.873 10.855 10.863 10.882 10.975 11 10.87 10.845 10.705 10.66 10.722 10.783 10.775 10.722 10.885 10.695 10.688 10.667 10.595 10.545 10.765 10.85 10.587 10.555 10.39 10.483 10.495 10.445 10.38 10.36 10.372 10.31 10.32 10.405 10.485 10.493 10.505
11.467 11.63 11.738 11.712 11.698 11.545 11.39 11.438 11.548 11.595 11.717 11.682 11.525 11.485 11.392 11.295 11.25 11.122 11.068 11.137 11.193 11.127 10.945 10.863 10.833 10.922 10.882 10.995 11.065 11.028 11.017 10.997 11.382 11.795 11.44 10.985 10.948 10.96 10.945 10.977 10.977 10.953 10.88 10.858 10.842 10.852 10.895 10.815 10.727 10.628 10.627 10.685 10.693 10.71 10.747 10.712 10.717 10.727 10.618 10.557 10.525 10.59 10.642 10.505 10.435 10.525 10.548 10.49 10.425 10.363 10.36 10.323 10.262 10.295 10.413 10.44 10.495
11.517 11.733 11.705 11.688 11.595 11.333 11.4 11.637 11.56 11.587 11.667 11.625 11.595 11.512 11.438 11.323 11.145 11.038 11.04 11.075 11.033 10.98 10.958 10.868 11.08 11.677 11.215 11.257 11.35 11.31 10.955 11.202 11.953 12.007 12.06 11.265 10.913 10.985 10.99 11.012 11.05 11.025 10.95 10.958 10.847 10.802 10.788 10.807 10.722 10.605 10.625 10.682 10.675 10.743 10.807 10.82 10.81 10.717 10.735 10.65 10.5 10.455 10.51 10.443 10.42 10.523 10.525 10.507 10.483 10.403 10.385 10.32 10.267 10.275 10.28 10.33 10.435
11.56 11.727 11.74 11.613 11.555 11.38 11.417 11.622 11.655 11.517 11.382 11.377 11.392 11.382 11.292 11.175 11.182 11.093 11.023 11.045 10.997 10.985 10.97 10.807 10.962 11.355 11.715 11.455 10.885 10.965 10.898 11.365 12.02 12.32 12.335 12.045 11.02 10.887 10.94 10.965 11.007 11.075 10.988 11.137 11.193 10.915 10.765 10.738 10.708 10.608 10.608 10.653 10.72 10.738 10.755 10.77 10.837 10.688 10.708 10.63 10.587 10.45 10.427 10.432 10.425 10.493 10.53 10.552 10.467 10.405 10.375 10.318 10.283 10.273 10.243 10.205 10.305
11.552 11.648 11.675 11.605 11.485 11.392 11.443 11.52 11.575 11.462 11.273 11.215 11.182 11.225 11.153 11.11 11.087 11.09 11.102 11.163 11.145 11.105 10.885 10.653 10.93 11.392 11.53 11.542 10.915 11.163 11.45 11.302 11.39 11.88 12.465 12.485 11.998 11.413 11.01 10.815 11.165 11.307 10.923 11.325 11.47 10.903 10.843 10.752 10.752 10.632 10.613 10.69 10.762 10.795 10.795 10.765 10.767 10.725 10.76 10.655 10.618 10.562 10.413 10.39 10.423 10.48 10.495 10.488 10.42 10.392 10.333 10.288 10.278 10.235 10.193 10.163 10.202
11.435 11.525 11.515 11.483 11.403 11.335 11.438 11.515 11.49 11.382 11.26 11.198 11.118 11.105 11.142 11.16 11.153 11.135 11.182 11.18 11.175 11.17 10.938 10.73 10.8 10.923 11.17 10.898 10.858 12.007 10.917 11.59 11.915 12.408 11.97 12.43 11.562 11.472 10.663 10.542 10.882 11.195 11.3 11.587 10.938 10.92 10.833 10.77 10.738 10.65 10.637 10.755 10.785 10.805 10.79 10.773 10.792 10.788 10.73 10.658 10.587 10.665 10.523 10.372 10.382 10.505 10.475 10.47 10.415 10.365 10.312 10.273 10.233 10.227 10.185 10.148 10.195
11.35 11.438 11.46 11.48 11.355 11.205 11.33 11.415 11.42 11.33 11.182 11.102 11.062 11.172 11.288 11.328 11.21 11.17 11.157 11.188 11.175 11.06 10.917 10.823 10.84 10.872 10.965 10.89 10.82 10.815 10.83 11.25 12.075 12.177 11.458 11.6 10.837 10.538 10.663 11.113 11.14 10.892 11.36 11.045 10.94 10.965 10.872 10.802 10.743 10.653 10.79 10.753 10.783 10.798 10.79 10.773 10.712 10.762 10.682 10.635 10.705 10.63 10.677 10.488 10.31 10.407 10.445 10.425 10.375 10.312 10.283 10.167 10.097 10.145 10.157 10.212 10.238
11.352 11.435 11.483 11.507 11.318 11.177 11.382 11.422 11.35 11.235 11.095 11.057 11.08 11.235 11.315 11.315 11.26 11.17 11.087 11.012 11.005 10.957 10.932 10.87 10.79 10.785 10.835 10.852 10.767 10.717 10.69 10.733 10.81 10.59 10.87 10.84 10.745 10.753 10.752 10.757 10.847 11.245 11.297 10.88 10.895 10.898 10.81 10.74 10.715 10.637 10.605 10.67 10.76 10.773 10.735 10.648 10.8 10.712 10.627 10.65 10.71 10.67 10.592 10.533 10.458 10.233 10.347 10.442 10.4 10.323 10.265 10.077 10.04 10.105 10.122 10.193 10.26
11.35 11.37 11.432 11.438 11.245 11.22 11.333 11.295 11.255 11.165 11.073 11.017 11 10.952 10.97 11.04 11.06 11.062 11.007 10.915 10.89 10.895 10.88 10.922 10.895 10.823 10.812 10.798 10.74 10.71 10.705 10.628 10.458 10.733 10.898 10.89 10.898 10.88 10.847 10.833 10.81 10.83 10.885 10.845 10.847 10.785 10.722 10.67 10.65 10.613 10.577 10.59 10.693 10.658 10.648 10.6 10.72 10.645 10.632 10.67 10.642 10.605 10.618 10.578 10.592 10.435 10.215 10.347 10.372 10.295 10.175 10.233 10.12 10.06 10.08 10.09 10.188
11.375 11.4 11.39 11.312 11.245 11.215 11.22 11.163 11.125 11.09 11.043 10.975 10.965 10.93 10.887 10.925 10.935 10.913 10.93 10.855 10.832 10.833 10.852 10.895 10.917 10.858 10.828 10.812 10.82 10.812 10.795 10.615 10.602 10.885 10.887 10.863 10.885 10.863 10.807 10.78 10.78 10.807 10.815 10.812 10.783 10.702 10.663 10.61 10.592 10.577 10.583 10.568 10.587 10.608 10.632 10.605 10.615 10.66 10.65 10.648 10.663 10.74 10.688 10.693 10.548 10.54 10.35 10.142 10.247 10.177 10.235 10.158 10.148 10.118 10.095 10.05 10.217
11.358 11.35 11.31 11.243 11.205 11.24 11.13 11.1 11.087 11.095 11.047 10.962 10.945 10.927 10.888 10.9 10.882 10.875 10.922 10.907 10.852 10.793 10.757 10.788 10.85 10.833 10.807 10.855 10.87 10.87 10.847 10.755 10.76 10.855 10.835 10.812 10.85 10.835 10.775 10.75 10.76 10.8 10.828 10.812 10.762 10.708 10.693 10.637 10.597 10.568 10.552 10.557 10.585 10.608 10.575 10.507 10.555 10.68 10.707 10.74 10.67 10.71 10.685 10.648 10.585 10.578 10.403 10.213 10.102 10.18 10.11 10.078 10.105 10.155 10.15 10.04 10.052
11.29 11.275 11.227 11.17 11.16 11.142 11.065 11.06 11.052 11.052 11.033 10.99 10.935 10.895 10.89 10.875 10.868 10.87 10.892 10.903 10.818 10.745 10.725 10.765 10.83 10.81 10.802 10.847 10.862 10.825 10.795 10.812 10.792 10.835 10.837 10.788 10.802 10.812 10.778 10.747 10.763 10.76 10.767 10.767 10.765 10.722 10.675 10.648 10.637 10.6 10.557 10.552 10.565 10.575 10.56 10.573 10.587 10.597 10.707 10.747 10.805 10.747 10.66 10.61 10.57 10.477 10.395 10.273 10.097 10.1 10.19 10.052 10.025 10.212 10.195 10.167 10.13
11.212 11.185 11.125 11.108 11.11 11.092 11.02 11.007 11.02 11.012 10.977 10.945 10.925 10.85 10.847 10.863 10.882 10.887 10.865 10.833 10.775 10.753 10.73 10.74 10.775 10.818 10.837 10.915 10.917 10.852 10.752 10.788 10.795 10.82 10.837 10.842 10.823 10.785 10.745 10.717 10.755 10.77 10.77 10.745 10.717 10.672 10.632 10.653 10.627 10.585 10.575 10.573 10.555 10.557 10.557 10.62 10.613 10.593 10.613 10.7 10.71 10.665 10.698 10.63 10.523 10.472 10.363 10.247 10.182 10.042 10.165 10.055 9.917 10.102 10.155 10.16 10.225
