Matlab/Roost_data/braunton/dsm/ss4634_DSM_2M.asc
ncols 500
nrows 500
xllcorner    246000
yllcorner    134000
cellsize     2
NODATA_value -9999
[rows 385 to 419 of 500, columns 158 to 236 of 500]
11.497 11.28 11.085 10.87 10.695 10.347 9.995 9.705 9.45 9.49 9.52 9.493 9.512 9.618 9.773 9.858 9.96 10.11 10.26 10.36 10.475 10.512 10.408 10.04 9.84 9.632 9.487 9.595 9.61 9.257 9.025 8.967 8.935 8.93 8.943 8.923 9.217 9.325 9.368 9.365 9.398 9.49 9.215 9.02 8.958 8.97 8.967 9.468 8.908 8.712 8.61 8.628 8.667 8.635 8.785 8.807 9.938 10.108 9.92 9.685 9.012 8.705 8.445 8.37 8.343 8.288 8.148 8.115 8.427 8.278 8.265 8.347 8.227 8.13 8.073 8.048 8.6 9.295 9.195
11.42 11.193 10.995 10.875 10.65 10.285 10.012 9.625 9.372 9.378 9.38 9.39 9.438 9.528 9.715 9.837 9.915 10.003 10.11 10.165 10.212 10.227 10.175 10.125 10.005 10.245 10.172 10.075 9.475 9.04 8.875 8.93 8.905 8.845 8.792 8.783 9.11 10.06 9.385 9.382 9.743 9.18 9.12 9.097 8.977 9.163 9.51 8.99 9.055 10.278 8.852 8.94 8.852 8.583 8.632 8.872 10.083 9.802 9.625 9.448 9.157 8.972 8.637 8.292 8.14 8.14 8.115 8.062 8.467 8.43 8.265 8.253 8.157 8.105 8.182 8.12 8.26 8.725 9.095
11.34 11.115 10.885 10.788 10.755 10.5 10.355 10.007 9.44 9.403 9.335 9.32 9.497 9.597 9.7 9.818 9.91 9.943 10.003 10.033 10.03 10.047 10.105 10.137 10.042 10.552 10.285 9.948 9.57 9.037 8.778 8.69 8.673 8.667 8.675 8.807 9.175 9.69 9.4 9.398 9.8 10.562 9.693 10.025 9.533 9.465 9.292 9.208 9.047 9.025 8.985 8.998 9.1 8.715 9.017 9.61 10.307 10.003 9.762 9.23 9.312 9.247 9.17 8.83 8.22 8.1 8.102 8.123 8.222 8.298 8.323 8.23 8.24 8.205 8.163 8.265 8.127 8.562 8.773
11.262 11.105 10.917 10.815 10.888 10.78 10.385 9.958 9.608 9.458 9.345 9.335 9.738 9.818 9.717 9.792 9.895 9.908 9.993 10.028 10.092 10.097 10.005 9.877 9.993 10.345 9.855 9.25 8.852 8.648 8.62 8.578 8.555 8.587 8.585 8.863 9.455 9.698 9.41 9.41 9.552 9.455 9.392 10.74 9.76 9.403 9.323 9.203 9.195 9.155 9.132 9.035 9.15 9.212 8.948 9.59 9.712 10.215 9.25 9.095 9.278 9.427 9.767 9.265 8.632 8.222 8.092 8.2 8.352 8.347 8.425 8.233 8.21 8.26 8.118 8.225 8.09 8.235 8.755
11.185 11.08 11.062 11.01 10.908 10.953 10.642 10.172 9.865 9.58 9.472 9.555 10.773 11.185 10.545 9.855 9.845 9.9 9.993 10.083 10.142 10.09 10.003 9.953 9.83 9.78 9.445 8.89 8.677 8.54 8.503 8.507 8.507 8.605 8.68 8.93 9.535 9.44 9.4 9.41 9.59 11.235 9.618 9.525 9.562 9.68 9.278 9.205 9.295 9.295 9.23 9.135 9.045 9.44 9.34 9.108 9.312 9.238 9.07 8.96 9.163 9.475 9.715 9.66 9.3 8.81 8.452 8.505 8.575 8.382 8.472 8.337 8.157 8.163 8.155 8.083 8.12 8.035 8.568
11.395 11.08 11.095 11.033 11.003 10.94 10.775 10.48 10.087 9.767 9.645 9.667 10.233 10.977 10.872 9.795 9.863 9.95 10.042 10.188 10.087 10.3 10.105 9.595 9.4 9.4 9.122 8.73 8.565 8.513 8.5 8.54 8.615 8.665 8.852 9.04 9.278 9.297 9.392 9.413 9.523 10.648 9.89 9.815 9.413 9.578 9.417 9.32 9.28 9.283 9.257 9.085 9.028 9.023 8.922 8.845 8.895 9.007 9.075 9.03 9.113 9.538 9.597 9.578 9.682 9.302 9.115 9.012 8.75 8.46 8.53 8.403 8.193 8.102 8.175 8.182 8.153 8.083 8.135
12.155 11.13 10.847 10.855 10.967 10.88 10.778 10.648 10.42 10.092 9.83 9.852 9.92 10.118 10.3 9.828 9.827 9.917 10.462 10.71 10.137 10.495 10.05 9.102 8.792 8.85 8.852 8.66 8.61 8.64 8.733 9.44 9.177 9.382 9.52 9.417 9.27 9.495 9.412 9.427 9.403 11.238 10.513 9.865 9.37 9.372 9.4 9.337 9.35 9.895 9.458 9.102 9.13 9.153 9.182 9.092 9.07 9.15 9.18 9.18 9.325 10.115 10.135 9.67 9.842 9.485 9.415 8.887 8.515 8.712 8.528 8.445 8.262 8.198 8.05 8.045 8.132 8.087 8.132
11.343 10.363 10.422 10.695 10.858 10.913 10.79 10.695 10.512 10.28 9.997 9.98 10.02 10 9.948 9.887 9.75 9.825 10.257 10.347 10.427 10.312 9.495 8.868 8.738 8.658 8.712 8.715 8.792 9.115 9.238 9.665 10.24 10.542 10.575 10.765 9.477 9.525 9.41 9.432 9.38 9.792 10.378 10.12 9.31 9.37 9.398 9.533 9.557 10.95 9.855 9.378 9.32 9.435 9.387 9.325 9.235 9.26 9.295 9.195 9.528 10.085 10.105 9.57 9.27 9.15 9.11 8.648 8.443 8.403 8.583 8.945 8.873 8.755 8.368 8.19 8.073 8.113 8.13
9.948 9.975 10.153 10.552 10.878 10.993 10.752 10.595 10.512 10.31 10.077 9.983 10.007 10.05 10.042 9.958 9.783 9.767 10.18 10.525 9.87 9.25 8.975 8.94 8.835 9.767 8.79 8.858 9.14 9.637 9.855 10.778 10.655 10.625 10.575 10.993 9.715 9.625 9.425 9.42 9.385 9.465 9.583 9.51 9.327 9.398 9.448 9.595 10.842 10.63 10.03 9.715 9.535 9.762 9.938 9.695 9.47 9.35 9.342 9.295 9.32 9.833 9.875 9.762 9.5 9.212 9.587 8.71 8.493 8.483 8.828 9.525 9.462 9.345 9.007 8.845 8.425 8.163 8.222
10.462 10.425 10.48 10.672 10.847 10.775 10.577 10.378 10.295 10.202 10.052 9.975 9.958 9.997 10.095 10.057 9.895 9.875 10.6 10.748 9.96 9.125 8.91 9.165 8.962 9.095 9.128 9.142 9.96 10.403 11.2 10.797 10.507 10.388 11.825 10.703 9.868 9.595 9.36 9.435 9.37 9.485 9.475 9.587 9.475 9.49 9.413 9.635 11.01 10.365 10.32 10.24 10.267 9.66 10 10.015 9.88 9.708 9.585 9.427 9.37 9.677 9.945 10.113 10.045 9.858 9.977 9.113 8.677 8.655 8.975 9.68 9.727 9.773 9.653 9.94 9.665 8.597 8.48
11.07 10.79 10.705 10.502 10.51 10.395 10.342 10.205 10.365 10.167 9.945 9.913 9.898 9.917 10.038 10.08 10.003 9.958 10.555 10.41 9.403 9.055 9.045 9.1 9.158 9.585 9.847 9.868 10.3 10.58 10.705 10.217 9.927 9.523 9.898 10.09 9.672 9.898 9.407 9.438 9.37 9.435 9.54 9.762 9.74 9.625 9.387 9.422 9.815 10.42 10.108 10.755 10.422 10.472 9.913 10.215 10.285 10.238 10.165 10.212 9.467 9.618 9.828 9.99 10.155 10.145 10.345 9.575 8.81 8.845 9.078 9.145 9.583 9.99 10.177 10.262 9.765 9.205 8.84
11.038 11.203 11.42 10.797 10.342 10.375 10.375 10.342 10.382 10.22 9.915 9.833 9.81 9.812 9.91 10.002 10.038 10.05 9.948 10.622 10.113 10.07 9.807 9.597 9.53 9.972 10.245 10.83 10.625 9.872 9.597 10.49 10.033 9.495 9.323 9.587 9.733 10.167 9.455 9.43 9.37 9.405 9.535 9.962 9.997 9.84 9.46 9.253 9.387 9.708 9.752 10.305 10.715 11.247 9.783 10.16 10.44 10.623 10.528 10.22 9.708 9.688 9.78 9.948 10.062 10.182 10.368 10.36 9.165 8.958 9.145 9.177 9.4 9.885 10.248 9.967 9.435 9.128 8.927
11.215 11.655 12.24 11.398 10.507 10.49 10.665 10.837 10.795 10.413 10.233 9.74 9.705 9.745 9.86 9.878 9.93 10.005 9.913 9.805 9.69 9.962 10.2 10.118 10.22 10.048 9.97 9.878 9.71 9.37 9.827 10.352 10.622 9.87 9.105 9.46 9.738 9.975 9.472 9.422 9.38 9.432 9.547 9.97 10.06 9.915 9.585 9.257 9.153 9.37 9.81 10.305 10.312 10.592 10.247 9.83 10.318 10.587 10.515 10.227 9.895 9.828 9.858 9.868 9.997 10.08 10.102 9.665 9.023 8.958 9.227 9.415 9.587 9.85 9.642 9.512 9.457 9.153 8.92
11.398 11.483 11.65 11.54 11.425 11.173 11.217 11.27 10.887 10.177 10.03 9.69 9.63 9.765 10.073 9.925 9.805 9.915 9.845 9.81 9.64 9.528 9.6 9.675 9.708 9.585 9.45 9.382 9.347 9.517 10.712 10.32 9.983 9.472 10.81 9.812 10.335 10.245 9.663 9.43 9.403 9.365 9.552 10.04 10.302 10.047 9.645 9.32 9.16 9.472 9.645 10.778 10.007 10.497 9.355 9.493 10.1 10.53 10.35 10.095 9.94 9.922 9.898 9.858 9.923 9.985 10.227 9.695 9.12 9.03 9.515 9.605 9.855 9.945 9.805 9.613 9.355 9.023 8.823
12.087 11.87 11.605 12.097 12.033 11.475 10.923 10.87 10.337 9.915 9.86 9.775 9.667 9.903 10.74 11.113 9.852 9.925 9.915 9.792 9.61 9.422 9.243 9.165 9.145 9.203 9.233 9.408 9.368 9.693 10.585 10.733 9.613 9.27 10.208 9.997 10.385 9.493 9.467 9.452 9.425 9.39 9.545 10.07 10.365 9.99 9.562 9.323 9.13 9.577 9.968 9.7 9.342 9.083 9.172 9.632 10.073 10.323 10.253 10.08 9.885 9.915 9.887 9.82 9.74 9.735 9.835 9.755 9.125 9.113 9.698 10.002 10.062 9.972 9.707 9.472 9.198 8.943 8.743
12.292 11.64 11.25 11.305 11.52 10.665 10.623 10.515 10.122 9.932 9.855 9.767 9.84 9.577 9.925 10.7 9.993 9.94 9.873 9.812 9.755 9.635 9.297 8.962 8.98 9.068 9.137 9.175 9.318 9.65 10.325 11.29 10.615 10.275 10.097 10.212 10.057 9.583 9.533 9.488 9.455 9.43 9.635 10.182 10.217 9.898 9.507 9.28 9.123 9.37 9.93 9.653 9.16 8.938 9.298 10.193 10.333 10.432 10.395 10.29 9.927 9.727 9.712 9.533 9.45 9.467 9.443 9.387 9.105 9.168 9.765 9.995 9.922 9.88 9.615 9.373 9.163 8.99 8.78
11.847 11.705 12.63 11.655 11.005 10.703 10.727 10.645 10.372 10.097 9.868 9.788 10.445 10.533 9.972 9.792 10.07 10.02 9.807 9.72 9.765 9.855 9.555 9.155 8.905 8.872 9.048 9.115 9.148 9.285 9.892 10.705 11.17 11.017 10.922 10.79 9.985 9.113 9.52 9.495 9.467 9.417 9.648 10.055 10.167 10.052 9.715 9.32 9.115 9.132 9.225 9.212 8.945 9.02 9.483 10.188 10.615 10.733 11 11.115 10.455 9.952 9.698 9.363 9.205 9.205 9.285 9.375 9.195 9.225 9.577 9.757 9.747 9.7 9.557 9.47 9.372 9.15 8.903
11.44 11.217 11.663 11.557 11.08 10.87 10.835 10.778 10.635 10.392 9.962 9.81 10.22 10.462 10.222 10.2 10.372 10.302 10.075 9.833 9.717 9.812 9.53 9.275 9.052 8.83 8.847 9.062 9.015 9.017 9.297 10.115 10.57 11.21 11.122 10.845 9.642 9.158 9.41 9.493 9.467 9.407 9.913 10.03 10.182 9.94 9.625 9.372 9.275 9.212 9.128 9.04 8.995 9.148 9.345 9.83 10.283 10.767 11.172 11.205 10.94 10.282 9.515 9.188 9.095 9.058 9.202 9.41 9.247 9.24 9.533 9.55 9.417 9.382 9.347 9.39 9.34 9.035 8.855
12.11 11.318 10.793 10.795 10.792 10.757 10.955 11.142 10.84 10.54 10.142 9.98 10.04 10.048 10.11 10.128 10.34 10.535 10.395 10.193 9.938 9.878 9.667 9.382 9.125 8.872 8.743 8.812 8.792 8.85 8.84 9.14 9.225 9.9 10.055 10.208 9.41 9.137 9.425 9.483 9.458 9.465 10.965 10.503 10.375 10.528 10.198 9.792 9.63 9.435 9.238 9.257 9.222 9.35 9.362 9.505 9.955 10.443 10.87 11.07 11.052 10.443 9.568 9.837 9.677 9.372 9.29 9.47 9.273 9.255 9.528 9.392 9.217 9.172 9.157 9.17 9.165 8.915 8.852
12.605 12.062 10.828 10.735 10.625 10.78 11.22 11.512 11.28 10.585 10.215 10.21 10.38 10.4 10.275 10.188 10.427 10.68 10.923 10.395 10.243 10.087 9.882 9.542 9.235 9.045 8.762 8.68 8.67 8.672 8.658 8.7 8.81 9.07 9.177 9.67 9.66 9.352 9.415 9.47 9.46 9.512 10.837 10.86 10.798 10.898 10.705 10.288 9.835 9.648 9.458 9.44 9.775 9.673 9.552 9.52 9.802 10.568 10.865 10.9 10.82 10.382 9.528 9.93 9.88 10.06 9.7 9.515 9.305 9.227 9.465 9.35 9.243 9.225 9.205 9.083 9.012 8.95 8.798
12.59 12.552 11.195 10.552 10.648 10.74 10.915 11.325 11.18 10.55 10.262 10.288 10.52 10.685 10.445 10.4 10.665 10.975 11.358 10.505 10.352 10.257 10.142 9.812 9.328 9.047 8.8 8.653 8.62 8.627 8.608 8.648 8.72 8.938 9.475 10.405 9.815 9.255 9.352 9.455 9.458 9.445 10.5 10.943 11.043 10.993 10.89 10.512 10.04 10.185 10.153 9.435 9.765 10.097 9.57 9.65 10.22 10.615 10.837 10.895 10.37 10.15 9.593 9.82 9.852 9.807 9.757 9.612 9.305 9.185 9.415 9.405 9.305 9.212 9.158 9.068 8.92 8.868 9.023
12.24 12.173 11.833 11.142 10.88 10.805 10.785 10.88 10.9 10.68 10.528 10.523 10.503 10.698 10.753 10.74 10.82 10.915 10.835 10.515 10.363 10.35 10.278 9.993 9.483 9.102 8.868 8.675 8.61 8.602 8.58 8.592 8.653 8.823 9.19 9.93 9.445 9.16 9.3 9.448 9.445 9.438 9.985 10.993 11.512 11.122 11.105 10.68 10.438 10.545 10.762 10.32 9.665 9.858 9.575 9.725 10.59 10.938 10.86 10.73 10.227 9.875 9.778 9.935 10.1 10.132 9.85 9.608 9.267 9.085 9.27 9.555 9.565 9.405 9.295 8.96 8.797 8.955 9.02
11.688 11.832 12.27 11.778 10.972 10.925 11.01 10.905 10.77 10.915 10.86 10.783 10.632 10.835 10.972 10.948 10.953 10.885 10.783 10.583 10.408 10.382 10.342 10.052 9.55 9.115 8.855 8.71 8.625 8.593 8.59 8.578 8.618 8.76 9.05 9.845 9.443 9.173 9.337 9.448 9.452 9.448 9.892 10.872 11.123 11.2 11.36 11.095 10.935 10.96 11.198 10.888 10.403 9.882 9.858 9.845 10.24 10.685 10.958 10.557 10.467 10.29 10.16 10.132 10.17 10.238 10.245 9.938 9.212 8.96 9.212 9.77 9.71 9.585 9.298 8.88 8.8 8.975 8.99
11.597 11.743 12.44 12.797 12.14 11.725 11.155 10.925 10.988 10.86 10.972 10.948 10.915 11.14 11.215 10.962 10.943 10.868 10.818 10.663 10.51 10.51 10.467 9.96 9.472 9.095 8.858 8.733 8.665 8.615 8.625 8.61 8.637 8.725 8.898 9.69 9.352 9.305 9.39 9.45 9.462 9.53 10.007 10.485 10.898 11.288 11.38 11.342 11.16 11.017 11.062 10.998 10.595 10.227 10.005 9.913 9.94 10.097 10.323 10.435 10.405 10.507 10.427 10.372 10.375 10.55 10.517 9.557 9.212 8.91 9.115 9.788 9.743 9.72 9.23 8.722 8.84 8.818 8.875
12.983 12.325 12.832 13.245 13.132 12.63 11.847 11.155 11.14 11.568 11.028 11.14 11.092 11.12 11.13 11.023 11.012 10.89 10.835 10.715 10.648 10.715 10.882 10.26 9.828 9.343 8.985 8.825 8.74 8.698 8.648 8.645 8.702 8.733 8.865 9.503 9.337 9.18 9.43 9.465 9.493 9.63 10.007 10.443 10.948 11.135 11.188 11.1 10.87 10.757 10.675 10.48 10.35 10.16 10.028 9.915 9.68 9.433 9.57 9.845 10.262 10.198 10.288 10.64 10.745 10.74 10.057 9.423 9.538 9.025 9.025 9.597 9.953 10.023 8.882 8.837 9.355 8.943 8.775
13.432 12.483 12.465 12.702 12.745 12.77 12.66 11.405 11.267 11.98 11.355 11.033 11.05 10.97 10.915 10.957 10.877 10.818 10.798 10.747 10.783 10.88 11.003 11.042 10.96 9.815 9.095 8.932 8.828 8.855 8.735 8.665 8.743 8.755 8.825 9.408 9.262 8.958 9.46 9.493 9.528 9.595 10.148 10.625 11.06 11.078 11.04 10.87 10.717 10.653 10.443 10.318 10.125 10.15 9.837 10.05 9.878 9.285 8.967 9.208 9.57 9.783 10.198 10.637 10.86 10.83 10.682 10.33 9.885 9.31 8.97 9.443 9.962 9.3 8.84 9.19 9.363 9.16 8.507
13.092 13.038 12.382 11.895 11.57 11.658 11.605 10.915 10.792 11.273 11.07 10.872 10.89 10.872 10.9 10.843 10.83 10.785 10.767 10.755 10.818 10.92 10.995 11.177 11.188 10.275 9.318 8.99 8.903 8.948 8.767 8.735 8.823 8.835 8.885 9.695 9.177 9.097 9.475 9.515 9.555 9.545 10.1 10.823 11.097 11.073 11.028 10.77 10.582 10.557 10.47 10.48 10.378 10.345 10.608 10.438 10.035 9.64 9.448 9.27 9.488 9.87 10.188 10.557 10.95 11.205 11.172 10.86 10.085 9.795 9.005 9.188 9.283 8.847 9.083 9.477 9.34 9.017 8.36
13.047 12.975 12.205 11.575 11.212 10.84 10.497 10.413 10.51 10.733 10.637 10.698 10.85 11.015 11.01 10.995 10.85 10.87 10.773 10.73 10.783 10.868 10.955 10.955 10.97 11.03 9.907 9.122 8.953 8.908 8.805 8.802 8.812 8.83 8.868 9.682 9.265 8.945 9.48 9.523 9.57 9.525 9.96 10.86 11.073 11.212 10.99 10.512 10.472 10.543 10.583 10.625 10.595 10.665 10.613 10.72 10.342 10.275 10.167 10.365 10.753 10.575 10.573 10.783 10.962 11.198 11.045 10.872 10.26 9.77 9.087 9.11 8.922 8.95 9.658 9.44 9.233 8.632 8.32
12.61 12.493 11.815 11.673 11.997 11.775 10.892 10.632 11.847 10.592 10.517 10.637 11.14 11.215 10.895 10.917 10.885 10.84 10.75 10.73 10.698 10.785 10.898 11.01 11.003 10.797 10.167 9.275 9.07 9.007 8.885 8.932 9.045 9.073 9.02 9.618 9.323 9.038 9.51 9.523 9.578 9.535 10.07 10.717 11.073 11.198 10.835 10.467 10.395 10.445 10.543 10.523 10.87 10.975 11.315 12.215 11.245 11.068 10.71 11.135 11.542 10.635 10.795 11.028 11.125 10.855 10.573 10.35 9.98 9.735 9.247 9.14 8.935 9.045 9.435 9.365 9.052 8.405 8.212
12.12 12.913 11.882 12.055 12.208 12.577 11.935 11.997 11.68 11.627 11.587 11.023 11.44 11.265 10.957 11.052 11.235 10.7 10.67 10.685 10.827 10.84 10.898 11.025 11.068 10.77 10.305 9.637 9.337 9.198 9.073 9.238 9.403 9.913 9.76 9.632 9.363 9.07 9.538 9.52 9.568 9.525 10.128 10.622 11.002 11.017 10.802 10.747 10.602 10.555 10.605 10.722 11.033 11.31 11.85 12.217 11.943 11.028 10.507 10.565 10.495 10.34 10.542 10.833 11.17 10.807 10.3 10.002 9.807 9.578 9.24 9.155 8.943 8.945 9.235 9.745 9.238 8.37 8.215
11.005 11.935 11.568 11.825 12.137 12.682 13.118 12.895 13.038 12.443 12.785 11.453 11.318 11.235 11.057 11.385 11.628 10.802 10.747 10.802 11.08 11.142 11.01 11.062 11.087 10.837 10.392 9.847 9.533 9.395 9.335 9.523 9.972 10.565 10.722 10.09 9.432 9.148 9.497 9.517 9.57 9.488 10.038 10.483 10.815 10.815 10.835 10.89 10.997 11.003 10.962 11.062 10.96 11.21 11.56 11.952 11.452 11.73 10.517 10.055 10.195 10.135 10.487 10.56 10.773 10.595 10.177 9.837 9.748 9.538 9.275 9.167 8.867 8.875 9.158 9.448 9.325 8.417 8.967
10.34 11.025 11.358 11.785 12.195 12.458 12.818 13.248 13.38 12.798 12.32 11.73 11.773 11.57 11.245 11.2 11.725 12.06 11.015 10.955 11.09 11.337 11.092 11.06 11.102 10.9 10.48 10.04 9.702 9.585 9.555 9.67 9.983 10.465 10.767 11.182 9.64 9.318 9.528 9.525 9.58 9.523 9.908 10.27 10.595 10.667 10.54 10.573 10.748 10.977 11.122 10.863 10.368 10.685 11.153 11.632 11.865 11.247 11.307 10.887 10.72 10.645 10.7 10.597 10.63 10.59 10.295 10.015 9.863 9.66 9.39 9.22 8.925 8.82 9.08 9.225 8.44 8.738 9.26
10.025 10.302 11.007 11.405 11.983 12.422 12.557 13.003 13.16 12.778 12.368 12 12.142 12.435 11.403 11.222 11.89 12.137 11.028 10.972 11.07 11.158 11.167 11.13 11.09 10.91 10.533 10.11 9.847 9.727 9.75 9.863 9.967 10.195 10.45 10.583 9.993 9.515 9.552 9.542 9.595 9.523 9.81 9.93 10.235 10.288 10.097 10.11 10.325 10.587 10.648 10.373 10.028 10.298 10.82 11.273 11.42 11.32 11.453 11.165 10.965 10.97 10.767 10.795 10.552 10.448 10.403 10.25 10.125 10.142 9.688 9.403 8.972 8.865 9.307 9.778 8.665 8.632 9.71
9.64 10.175 10.55 11.208 11.773 11.983 12.573 12.885 12.708 12.148 12.057 12.07 12.012 11.833 11.385 11.253 11.337 11.278 11.04 11.052 11.085 11.162 11.193 11.155 11.097 10.845 10.485 10.158 9.962 9.865 9.9 9.977 9.97 10.137 10.233 10.032 9.667 9.56 9.568 9.54 9.61 9.493 9.7 9.605 9.842 10.025 9.96 9.918 10.047 10.012 9.977 9.932 9.948 10.203 10.592 10.993 11.305 11.507 11.455 11.352 11.285 11.227 11.11 10.948 10.605 10.403 10.477 10.515 10.54 10.61 9.548 9.533 9.257 8.94 9.26 9.533 8.71 8.9 9.805
9.855 10.135 10.278 10.917 11.137 11.605 12.29 12.523 12.275 12.01 12.23 12.3 12.167 11.637 11.37 11.413 11.368 11.302 11.163 11.333 11.115 11.122 11.172 11.125 10.995 10.7 10.392 10.052 10 9.952 9.91 9.87 9.87 9.938 9.935 9.645 9.515 9.535 9.505 9.53 9.63 9.54 9.66 9.337 9.335 9.528 9.685 9.828 9.92 9.852 9.887 9.94 9.927 10.205 10.658 10.95 11.295 11.645 11.802 11.727 11.74 11.76 11.408 11.113 10.667 10.302 10.523 10.517 10.597 10.418 9.6 9.705 9.368 9.06 9.307 9.493 8.913 9.318 9.923
