Matlab/Roost_data/braunton/dsm/ss4634_DSM_2M.asc
ncols 500
nrows 500
xllcorner    246000
yllcorner    134000
cellsize     2
NODATA_value -9999
[rows 140 to 174 of 500, columns 237 to 315 of 500]
5.637 6.908 8.653 6.332 5.82 5.205 5.235 4.787 3.878 4.14 5.115 5.81 6.068 4.908 5.115 5.02 4.965 4.59 4.562 4.543 4.523 4.49 4.49 4.483 4.342 4.233 4.175 4.137 4.108 4.128 4.16 4.21 4.28 4.31 4.247 4.198 4.105 3.798 3.818 4.005 4.137 4.128 4.155 4.158 4.155 4.193 4.185 4.168 4.172 4.19 4.238 4.287 4.363 4.332 4.113 3.777 3.513 3.543 3.543 3.517 3.59 3.612 3.57 3.543 3.577 3.547 3.553 3.608 3.605 3.625 3.653 3.62 3.605 3.615 3.62 3.638 3.6 3.63 3.587
5.56 6.153 6.995 8.885 5.753 5.28 5.418 5.007 4.028 4.608 5.055 5.355 6.19 5.635 4.84 5.148 5.382 4.615 4.573 4.543 4.515 4.5 4.465 4.448 4.343 4.335 4.307 4.243 4.18 4.085 4.055 4.118 4.198 4.21 4.265 4.137 4.043 3.803 3.865 4.04 4.118 4.13 4.16 4.168 4.182 4.188 4.17 4.188 4.17 4.213 4.217 4.278 4.365 4.28 4.02 3.658 3.503 3.513 3.497 3.495 3.65 3.6 3.515 3.545 3.625 3.567 3.675 3.62 3.66 3.662 3.668 3.632 3.625 3.597 3.6 3.595 3.565 3.602 3.582
5.615 7.517 6.32 5.823 5.98 5.472 5.535 5.35 4.21 7.15 7.045 9.047 5.773 4.943 4.855 4.9 5.283 4.642 4.56 4.525 4.488 4.525 4.515 4.505 4.468 4.438 4.395 4.347 4.298 4.188 4.065 4.052 4.137 4.19 4.195 4.045 3.943 3.85 3.938 4.07 4.128 4.14 4.16 4.158 4.18 4.188 4.19 4.162 4.19 4.2 4.247 4.297 4.325 4.182 3.92 3.588 3.483 3.517 3.497 3.503 3.608 3.567 3.533 3.548 3.608 3.54 3.57 3.723 3.635 3.66 3.625 3.63 3.615 3.598 3.587 3.61 3.595 3.6 3.592
6.068 5.678 5.577 6.46 6.04 5.512 5.427 5.497 4.672 5.365 7.79 9.35 6.035 4.915 4.88 4.892 5.095 4.677 4.645 4.548 4.495 4.543 4.5 4.523 4.483 4.525 4.475 4.385 4.338 4.285 4.113 4.15 4.035 3.997 3.892 3.85 3.892 3.85 3.903 4.057 4.13 4.153 4.16 4.168 4.175 4.188 4.18 4.165 4.177 4.225 4.247 4.28 4.278 4.133 3.807 3.557 3.497 3.487 3.51 3.49 3.525 3.525 3.543 3.57 3.6 3.625 3.635 3.648 3.645 3.633 3.577 3.605 3.582 3.567 3.59 3.602 3.55 3.628 3.632
5.633 5.617 5.655 6.545 7.278 5.6 5.338 5.44 5.105 4.555 8.38 6.02 5.25 5.28 4.943 4.858 4.722 5.155 4.67 4.565 4.59 4.505 4.55 4.46 4.517 4.485 4.44 4.418 4.358 4.25 4.082 4.045 4.017 3.945 3.885 3.842 3.895 3.858 3.82 4.008 4.1 4.115 4.15 4.17 4.182 4.21 4.182 4.177 4.205 4.227 4.238 4.278 4.21 4.048 3.77 3.53 3.493 3.475 3.495 3.493 3.525 3.54 3.608 3.678 3.64 3.658 3.597 3.585 3.597 3.597 3.577 3.592 3.575 3.608 3.582 3.587 3.592 3.592 3.625
5.825 6.077 6.04 6.295 6.468 5.905 5.493 5.465 5.438 4.202 5.142 5.293 5.108 6.21 4.9 4.823 5.045 4.878 5.09 4.593 4.66 4.497 4.528 4.517 4.517 4.452 4.43 4.462 4.347 4.283 4.122 4.132 4.11 4.065 4.035 3.955 3.97 3.92 3.817 3.943 3.995 4.025 4.108 4.157 4.17 4.188 4.177 4.193 4.213 4.217 4.2 4.168 4.122 3.97 3.715 3.51 3.475 3.495 3.533 3.537 3.535 3.55 3.543 3.572 3.632 3.602 3.585 3.582 3.59 3.59 3.588 3.543 3.55 3.545 3.557 3.545 3.575 3.612 3.628
5.793 7.965 6.19 6.395 6.472 6.102 5.885 5.405 5.582 4.665 5.503 6.807 5.852 6.145 4.895 5.035 4.992 4.963 5.812 5.365 4.805 4.53 4.48 4.46 4.465 4.45 4.423 4.4 4.265 4.227 4.283 4.267 4.26 4.245 4.202 4.028 4.017 4.015 3.852 3.887 3.858 3.91 4.003 4.102 4.162 4.188 4.19 4.213 4.21 4.19 4.142 4.057 3.997 3.852 3.625 3.505 3.49 3.523 3.53 3.54 3.513 3.555 3.53 3.582 3.597 3.602 3.58 3.577 3.572 3.577 3.562 3.562 3.553 3.543 3.57 3.555 3.553 3.572 3.557
7.017 6.445 5.707 5.775 6.135 6.508 6.225 5.66 5.545 5.165 4.487 7.065 4.912 5.108 5.295 5.102 5.062 4.927 5.463 5.963 4.95 4.548 4.497 4.515 4.495 4.46 4.438 4.32 4.273 4.303 4.355 4.408 4.352 4.312 4.253 4.15 4.137 4.117 4.005 4.02 3.892 3.932 3.925 4.02 4.128 4.158 4.19 4.193 4.185 4.13 4.035 3.968 3.87 3.697 3.543 3.525 3.487 3.507 3.515 3.525 3.515 3.562 3.523 3.53 3.592 3.587 3.56 3.572 3.595 3.582 3.587 3.553 3.545 3.567 3.55 3.55 3.525 3.557 3.533
5.855 6.243 6.657 6.368 5.925 6.47 6.585 6.4 5.443 5.395 4.497 5.992 5.125 5.055 5.033 5.34 4.96 4.955 5.225 5.898 5.173 4.685 4.537 4.505 4.49 4.495 4.463 4.375 4.352 4.37 4.4 4.425 4.378 4.35 4.285 4.217 4.22 4.193 4.202 4.065 4.008 4.065 3.975 3.91 3.99 4.085 4.157 4.18 4.12 4.033 3.932 3.855 3.758 3.618 3.557 3.562 3.49 3.55 3.505 3.53 3.51 3.537 3.618 3.5 3.537 3.567 3.6 3.597 3.59 3.58 3.582 3.577 3.562 3.535 3.545 3.543 3.543 3.545 3.535
5.727 5.697 8.007 5.892 5.81 6.412 6.572 6.365 5.457 5.585 5.057 4.305 4.102 4.658 5.412 5.31 5.12 5.07 5.785 5.83 5.745 4.795 4.53 4.528 4.477 4.457 4.435 4.39 4.365 4.383 4.432 4.412 4.42 4.382 4.338 4.28 4.27 4.253 4.162 4.12 4.088 4.16 4.13 4.023 3.923 3.953 4.06 4.085 4.028 3.943 3.825 3.717 3.63 3.56 3.612 3.55 3.53 3.505 3.525 3.54 3.57 3.507 3.555 3.533 3.533 3.555 3.56 3.547 3.565 3.608 3.557 3.543 3.545 3.535 3.515 3.54 3.54 3.543 3.553
7.597 5.997 5.92 5.75 5.645 5.983 6.342 7.085 5.6 5.57 5.305 4.782 6.128 7.905 9.74 7.22 5.972 5.562 5.887 5.75 5.747 5.662 4.832 4.535 4.48 4.45 4.427 4.415 4.39 4.403 4.407 4.44 4.427 4.403 4.363 4.298 4.295 4.298 4.235 4.155 4.162 4.222 4.242 4.193 4.043 3.963 3.945 3.988 3.923 3.805 3.7 3.608 3.562 3.597 3.595 3.54 3.513 3.55 3.537 3.562 3.567 3.523 3.517 3.533 3.582 3.572 3.575 3.55 3.545 3.575 3.57 3.543 3.56 3.527 3.523 3.545 3.525 3.533 3.572
6.778 6.18 5.758 5.693 5.642 6.12 7.093 6.592 5.767 5.55 5.495 4.503 7.515 7.525 9.538 7.545 5.59 5.423 5.375 5.33 5.293 5.352 5.775 4.975 4.477 4.46 4.503 4.448 4.403 4.387 4.395 4.432 4.463 4.43 4.407 4.358 4.33 4.332 4.305 4.262 4.283 4.303 4.312 4.235 4.14 4.032 3.93 3.888 3.757 3.665 3.585 3.553 3.588 3.64 3.605 3.553 3.52 3.54 3.56 3.555 3.52 3.505 3.67 3.54 3.517 3.517 3.54 3.557 3.523 3.523 3.535 3.523 3.55 3.53 3.525 3.535 3.565 3.59 3.56
7.3 7.613 7.028 6.938 5.685 7.613 8.503 6.435 5.945 5.495 5.483 5.07 4.733 7.945 5.795 8.663 6.725 4.987 5.135 5.207 5.35 5.16 5.983 5.28 5.03 4.475 4.463 4.44 4.422 4.408 4.41 4.457 4.452 4.43 4.438 4.415 4.385 4.38 4.375 4.363 4.363 4.347 4.295 4.283 4.122 4.052 3.9 3.783 3.648 3.56 3.537 3.598 3.557 3.565 3.543 3.523 3.547 3.555 3.543 3.545 3.543 3.52 3.537 3.51 3.517 3.562 3.553 3.565 3.547 3.545 3.55 3.557 3.557 3.587 3.575 3.537 3.543 3.582 3.525
7.7 5.908 9.708 7.87 5.715 6.418 5.963 6.512 6.01 5.585 5.42 5.398 4.273 8.435 6.275 6.97 7.382 5.653 5.012 5.025 5.222 5.415 5.515 5.89 5.125 4.52 4.448 4.443 4.432 4.47 4.432 4.425 4.455 4.45 4.457 4.455 4.427 4.4 4.412 4.435 4.39 4.398 4.253 4.155 4.035 4 3.815 3.66 3.55 3.507 3.515 3.54 3.52 3.513 3.505 3.56 3.523 3.55 3.555 3.527 3.57 3.54 3.527 3.582 3.547 3.577 3.582 3.618 3.615 3.697 3.66 3.69 3.592 3.638 3.64 3.68 3.68 3.618 3.537
6.037 5.807 7.342 7.302 6.445 6.35 6.068 6.653 6.153 5.795 5.37 5.452 4.845 7.798 4.912 5.965 5.41 5.062 4.983 5.09 5.155 5.177 5.253 5.707 5.418 4.662 4.528 4.432 4.722 4.597 4.42 4.418 4.445 4.467 4.465 4.452 4.44 4.4 4.365 4.41 4.36 4.298 4.193 4.068 3.945 3.83 3.685 3.56 3.5 3.503 3.517 3.527 3.545 3.527 3.497 3.497 3.555 3.523 3.515 3.797 3.68 3.602 3.622 3.61 3.597 3.625 3.572 3.582 3.568 3.585 3.567 3.587 3.632 3.63 3.602 3.658 3.668 3.61 3.703
5.898 6.225 5.825 6.673 6.67 6.543 6.42 6.21 6.273 5.975 5.472 5.35 5.247 6.56 8.08 7.325 5.307 5.168 5.13 5.025 5.045 5.335 5.115 5.267 5.358 4.727 4.48 4.445 4.477 4.455 4.41 4.422 4.463 4.463 4.46 4.457 4.517 4.387 4.39 4.367 4.307 4.29 4.142 4.003 3.845 3.707 3.555 3.503 3.505 3.527 3.525 3.543 3.572 3.537 3.507 3.52 3.545 3.6 3.543 3.65 3.635 3.612 3.572 3.588 3.585 3.57 3.585 3.618 3.642 3.688 3.65 3.68 3.67 3.642 3.642 3.628 3.638 3.567 3.715
6.35 7.447 8.118 6.175 6.005 5.715 5.727 7.812 6.88 6.265 5.67 5.378 5.435 4.57 6.922 5.198 5.215 5.2 5.368 5.028 5.037 5.02 5.082 5.562 5.438 5.418 4.887 4.528 4.463 4.45 4.415 4.41 4.44 4.457 4.51 4.457 4.445 4.408 4.4 4.36 4.315 4.203 4.038 3.882 3.743 3.582 3.517 3.503 3.515 3.523 3.513 3.7 3.5 3.605 3.535 3.565 3.582 3.608 3.618 3.608 3.612 3.592 3.64 3.595 3.645 3.628 3.658 3.723 3.705 3.73 3.76 3.76 3.777 3.763 3.755 3.69 3.648 3.595 3.587
6.037 6.003 6.9 5.918 6.102 6.128 8.113 6.885 6.175 6.342 5.915 5.648 5.485 5.133 4.47 5.588 4.92 5.077 5.082 5.405 5.085 5.07 5.085 5.382 5.1 5.67 5.548 5.037 4.58 4.463 4.488 4.403 4.432 4.467 4.452 4.452 4.425 4.425 4.37 4.32 4.3 4.102 3.925 3.743 3.625 3.507 3.487 3.493 3.517 3.54 3.507 3.517 3.505 3.562 3.553 3.585 3.648 3.588 3.545 3.543 3.612 3.64 3.685 3.753 3.765 3.723 3.723 3.75 3.812 3.817 3.803 3.797 3.852 3.903 3.92 3.838 3.737 3.645 3.61
6.06 6.007 5.995 5.95 6.412 10.475 5.762 5.677 6.07 6.275 6.338 5.778 5.432 5.523 4.363 4.427 4.68 7.195 5.222 7.392 5.898 5.235 5.03 4.943 4.887 5.423 5.872 5.512 4.785 4.457 4.452 4.435 4.42 4.465 4.477 4.452 4.435 4.427 4.335 4.293 4.188 3.977 3.77 3.638 3.523 3.503 3.527 3.507 3.525 3.602 3.51 3.53 3.548 3.55 3.585 3.59 3.602 3.58 3.585 3.622 3.688 3.725 3.74 3.77 3.795 3.82 3.83 3.832 3.842 3.892 3.842 3.852 3.938 4.02 4.043 4.035 3.957 3.832 3.753
6.135 6.077 6.738 6.855 6.368 5.863 6.135 6.227 5.872 6.738 6.86 6.213 5.517 5.68 5.13 3.887 4.515 6.013 5.463 5.79 5.405 5.27 5.095 5.033 4.908 5.403 5.81 5.838 5.093 4.57 4.45 4.435 4.443 4.488 4.47 4.452 4.44 4.363 4.29 4.213 4.037 3.84 3.638 3.557 3.495 3.523 3.51 3.525 3.503 3.53 3.523 3.52 3.553 3.597 3.59 3.565 3.567 3.655 3.628 3.68 3.688 3.715 3.74 3.81 3.86 3.87 3.885 3.915 3.943 3.93 3.923 3.955 4.037 4.095 4.09 4.095 4.06 4.005 3.945
6.197 6.122 6.105 6.008 6.05 5.943 7.315 6.207 5.797 6.405 8.587 6.608 5.66 5.56 5.555 4.162 4.693 5.55 5.153 5.305 5.633 5.782 5.165 5.11 5.003 4.977 5.858 5.89 5.775 5.153 4.483 4.452 4.467 4.483 4.462 4.447 4.448 4.342 4.24 4.157 3.875 3.653 3.533 3.533 3.52 3.485 3.505 3.513 3.54 3.527 3.523 3.567 3.587 3.615 3.557 3.547 3.585 3.66 3.645 3.655 3.745 3.775 3.858 3.875 3.903 3.898 3.918 3.963 3.973 3.957 3.96 4.013 4.088 4.097 4.105 4.105 4.085 4.043 4.043
6.585 6.318 6.455 7.557 5.995 5.963 5.948 5.85 5.988 6.467 7.782 6.625 6.9 5.54 5.688 4.755 3.868 5.387 6.847 5.642 5.613 5.65 5.145 5.108 5.035 5.625 5.798 6.057 5.99 5.35 4.537 4.477 4.477 4.467 4.48 4.475 4.372 4.267 4.11 3.915 3.685 3.527 3.55 3.517 3.535 3.493 3.655 3.51 3.533 3.582 3.53 3.6 3.56 3.577 3.557 3.622 3.615 3.67 3.683 3.7 3.785 3.825 3.865 3.91 3.89 3.923 3.993 3.985 3.967 3.965 3.985 4.02 4.077 4.095 4.102 4.115 4.082 4.043 4.023
6.805 6.53 6.332 7.78 7.635 6.327 5.952 5.997 5.865 6.22 6.608 6.645 7.27 5.818 5.733 5.347 4.102 3.812 4.61 6.363 5.415 5.298 5.355 5.562 5.51 5.648 5.907 5.675 5.42 5.635 5.128 4.465 4.457 4.508 4.47 4.415 4.318 4.16 3.955 3.767 3.58 3.503 3.61 3.54 3.507 3.513 3.51 3.507 3.517 3.54 3.608 3.562 3.565 3.557 3.592 3.66 3.66 3.678 3.747 3.745 3.815 3.852 3.89 3.895 3.892 3.97 4.005 4 3.967 3.96 3.99 4.045 4.075 4.08 4.095 4.102 4.05 4.017 3.977
7.783 6.65 6.707 7.077 6.505 6.257 6.07 6.028 6.048 6.275 6.825 7.095 6.835 6.512 5.648 5.803 4.59 3.815 3.938 4.865 5.46 5.91 9.017 6.918 5.597 5.505 5.688 5.762 5.593 5.595 5.297 4.5 4.472 4.525 4.45 4.375 4.28 4.06 3.82 3.675 3.497 3.505 3.648 3.57 3.537 3.697 3.505 3.557 3.487 3.553 3.615 3.547 3.618 3.615 3.68 3.633 3.685 3.73 3.8 3.825 3.842 3.86 3.862 3.87 3.967 3.998 4.048 4.037 3.985 3.977 3.993 4.023 4.065 4.082 4.088 4.073 4.02 3.983 3.963
6.852 6.85 6.83 6.66 7.633 7.58 7.927 6.06 5.99 6.318 6.875 8.825 7.015 6.535 5.81 5.858 5.42 4.005 4.465 5.303 5.09 8.325 8.2 6.61 5.225 5.517 5.775 5.89 5.762 5.807 5.307 4.557 4.477 4.47 4.43 4.352 4.155 3.902 3.693 3.51 3.503 3.58 3.632 3.533 3.75 3.725 3.52 3.57 3.55 3.608 3.57 3.605 3.602 3.71 3.703 3.663 3.683 3.757 3.775 3.86 3.857 3.855 3.845 3.903 3.99 4.05 4.055 4.017 3.99 3.947 3.955 4.033 4.07 4.1 4.093 4.08 4.02 3.97 3.95
6.957 6.972 6.875 6.755 8.005 11.557 11.08 7.71 8.102 9.675 13.935 12.802 6.625 6.515 5.925 5.74 5.875 4.715 3.862 4.88 5.767 5.375 6.295 5.22 5.188 5.082 5.207 5.525 6.075 5.887 4.91 4.555 4.505 4.503 4.4 4.29 4.05 3.757 3.57 3.487 3.543 3.545 3.533 3.507 3.507 3.652 3.545 3.567 3.553 3.678 3.57 3.663 3.75 3.727 3.72 3.658 3.697 3.75 3.79 3.888 3.812 3.85 3.882 3.95 4.043 4.073 4.073 4.013 3.975 3.945 3.967 4.023 4.108 4.145 4.125 4.07 4.017 3.993 3.93
7.013 7.005 7.003 6.93 7.392 11.597 10.065 12.135 9.775 17.41 16.685 15.083 11.05 6.403 6.065 5.65 5.885 5.367 4.09 4.935 5.017 7.613 7.415 6.202 5.233 5.242 5.182 5.14 5.088 4.963 4.682 4.615 4.525 4.475 4.382 4.22 3.923 3.673 3.497 3.493 3.527 3.487 3.51 3.535 3.615 3.52 3.615 3.602 3.61 3.59 3.61 3.612 3.787 3.707 3.733 3.665 3.707 3.757 3.787 3.803 3.787 3.78 3.845 3.96 4.055 4.078 4.078 4.065 4.005 3.938 3.975 4.052 4.145 4.188 4.125 4.08 4 3.955 3.933
7.105 7.035 7.057 8.245 7.117 7.03 6.863 9.613 8.325 15.788 13.328 14.927 12.775 7.247 6.48 6.22 5.695 5.645 4.597 3.835 7.023 12.145 13.75 9.292 5.35 6.18 5.198 5.142 5.052 4.918 4.798 4.677 4.543 4.452 4.358 4.148 3.805 3.557 3.485 3.495 3.51 3.5 3.615 3.585 3.497 3.505 3.592 3.74 3.572 3.547 3.69 3.713 3.862 3.723 3.715 3.71 3.745 3.775 3.763 3.812 3.763 3.793 3.895 3.993 4.088 4.088 4.082 4.057 4.03 3.96 4 4.075 4.153 4.185 4.108 4.04 3.977 3.935 3.925
7.325 7.108 8.08 9.483 7.29 7.135 6.985 6.86 6.858 10.175 11.805 10.14 14.807 8.135 7 6.465 5.662 5.58 5.033 3.952 7.915 8.802 6.705 5.365 5.51 5.45 5.4 5.182 5.158 5.015 4.865 4.722 4.562 4.418 4.285 4.04 3.72 3.51 3.503 3.507 3.53 3.54 3.54 3.555 3.527 3.795 3.59 3.7 3.597 3.585 3.703 3.865 3.75 3.717 3.72 3.78 3.757 3.74 3.78 3.838 3.76 3.805 4.092 4.02 4.115 4.135 4.117 4.052 4.015 3.97 4.015 4.095 4.137 4.15 4.108 3.98 3.96 3.938 3.903
7.118 6.95 7.135 8.465 7.195 7.805 7.608 7.242 6.97 9.593 8.125 10.51 8.485 6.905 7.493 7.622 6.318 5.485 5.438 4.435 6.46 5.985 5.793 6.238 5.725 5.525 5.24 5.23 5.193 5.097 4.95 4.812 4.592 4.398 4.188 3.915 3.645 3.487 3.597 3.543 3.543 3.6 3.533 3.618 3.56 3.59 3.678 3.577 3.575 3.632 3.717 3.74 3.735 3.697 3.703 3.775 3.757 3.755 3.75 3.775 3.832 3.842 3.935 4.05 4.135 4.177 4.177 4.105 4.02 4.003 4.057 4.102 4.11 4.14 4.062 3.945 3.923 3.91 3.882
7.475 7 7.095 7.03 8.435 7.038 7.02 7.005 6.908 6.812 7.028 7.86 7.443 6.892 7.747 7.665 7.122 5.798 5.595 5.023 5.565 6.827 6.23 6.695 6.787 5.822 5.66 5.443 5.2 5.113 4.99 4.828 4.637 4.395 4.122 3.832 3.575 3.5 3.59 3.54 3.58 3.572 3.585 3.577 3.577 3.63 3.64 3.553 3.575 3.693 3.727 3.703 3.773 3.625 3.665 3.697 3.725 3.745 3.793 3.797 3.805 3.88 4.01 4.093 4.155 4.193 4.25 4.173 4.078 4.023 4.055 4.095 4.097 4.125 4.062 3.963 3.895 3.908 3.89
7.082 7.073 7.025 6.952 7.315 7.592 6.925 6.802 6.78 6.66 6.645 6.898 6.613 7.205 7.722 7.585 6.847 6.12 5.545 5.557 4.525 5.628 4.142 5.617 5.83 5.375 6.965 5.493 5.222 5.128 5.06 4.887 4.662 4.425 4.082 3.733 3.51 3.66 3.625 3.572 3.513 3.555 3.553 3.605 3.612 3.6 3.59 3.567 3.597 3.73 3.733 3.705 3.747 3.628 3.675 3.695 3.735 3.838 3.765 3.745 3.8 3.913 4.02 4.068 4.188 4.2 4.225 4.157 4.088 4.035 4.07 4.102 4.097 4.12 4.048 3.943 3.872 3.89 3.913
7.038 7.015 6.927 6.87 6.832 6.86 6.832 6.688 6.64 6.538 6.533 6.85 6.4 7.037 7.87 7.847 7.465 6.18 5.702 5.633 5.3 4.007 3.8 5.27 6.645 5.597 6.672 6.188 5.425 5.17 5.102 4.977 4.76 4.73 4.62 3.753 3.485 3.602 3.562 3.553 3.553 3.555 3.543 3.58 3.635 3.592 3.557 3.56 3.645 3.747 3.75 3.705 3.648 3.615 3.685 3.695 3.733 3.745 3.743 3.743 3.815 3.91 4.013 4.04 4.09 4.15 4.198 4.145 4.073 4.045 4.073 4.077 4.077 4.062 4.04 3.963 3.88 3.87 3.913
7.418 7.43 7.36 7.383 6.827 6.82 6.79 6.693 6.588 6.515 6.903 6.9 6.358 7.363 7.577 7.75 7.477 6.32 6.375 5.645 5.66 4.74 3.807 4.05 6.052 5.858 5.743 6.387 5.483 5.6 5.125 5.483 5.76 5.238 5.088 4.315 3.523 3.505 3.625 3.56 3.557 3.525 3.53 3.553 3.645 3.582 3.565 3.598 3.685 3.685 3.68 3.713 3.67 3.713 3.685 3.72 3.828 3.827 3.885 3.835 3.935 3.977 3.987 4.073 4.142 4.158 4.173 4.125 4.078 4.088 4.078 4.07 4.062 4.033 4.028 3.997 3.898 3.87 3.89
7.608 8.302 8.113 8.592 7.218 6.778 6.727 6.725 6.66 6.56 7.032 6.767 7.045 7.95 8.5 8.27 7.517 6.608 6.787 5.912 5.762 5.477 4.2 3.81 5.283 5.128 5.727 5.977 5.528 5.557 5.158 5.117 5.855 5.7 4.867 4.342 3.612 3.6 3.567 3.55 3.52 3.535 3.553 3.533 3.612 3.557 3.55 3.615 3.68 3.665 3.66 3.67 3.717 3.67 3.693 3.717 3.783 3.78 3.805 3.85 3.94 3.955 4.043 4.102 4.153 4.193 4.16 4.092 4.065 4.093 4.075 4.065 4.023 4.005 4.003 3.99 3.935 3.882 3.885
