Matlab/Roost_data/braunton/dsm/ss4640_DSM_2M.asc
ncols 500
nrows 500
xllcorner    246000
yllcorner    140000
cellsize     2
NODATA_value -9999
[rows 330 to 359 of 500, columns 0 to 68 of 500]
114.527 114.675 114.815 114.957 115.085 115.227 115.36 115.482 115.605 115.73 115.857 115.957 116.112 116.24 116.335 116.45 116.575 116.712 116.792 116.917 117.095 117.222 117.302 117.387 117.482 117.61 117.732 118.907 118.43 117.862 118.005 118.112 118.142 118.167 118.212 118.275 118.332 118.392 118.425 118.467 118.492 118.542 118.58 118.632 118.685 118.712 118.702 118.68 118.622 118.577 118.522 118.462 118.422 118.395 118.412 118.62 118.835 119.445 119.802 119.96 119.847 119.595 118.95 118.59 118.04 117.872 117.797 117.737 117.68
114.447 114.587 114.73 114.885 115.032 115.195 115.29 115.4 115.532 115.667 115.792 115.91 116.03 116.14 116.255 116.387 116.49 116.615 116.702 116.842 117.01 117.13 117.21 117.32 117.42 117.51 118 118.685 117.807 117.81 117.932 118.007 118.035 118.065 118.117 118.152 118.2 118.26 118.275 118.327 118.36 118.397 118.457 118.515 118.54 118.58 118.632 118.64 118.592 118.552 118.532 118.495 118.442 118.395 118.337 118.282 118.24 118.175 118.1 118.222 118.655 119.055 119.327 119.717 119.735 119.227 118.63 118.277 117.792
114.377 114.525 114.672 114.82 114.95 115.092 115.227 115.357 115.475 115.595 115.71 115.84 115.947 116.065 116.187 116.285 116.4 116.517 116.637 116.777 116.92 117.03 117.135 117.215 117.32 117.41 118.485 117.875 117.595 117.72 117.842 117.902 117.915 117.932 118.002 118.042 118.082 118.132 118.177 118.202 118.217 118.275 118.35 118.37 118.407 118.437 118.472 118.48 118.485 118.462 118.49 118.477 118.482 118.387 118.332 118.28 118.21 118.125 118.065 117.97 117.89 117.787 117.75 117.92 118.117 118.025 118.275 118.635 118.877
114.312 114.452 114.6 114.752 114.872 115.025 115.15 115.275 115.382 115.535 115.65 115.765 115.87 116.002 116.13 116.235 116.33 116.442 116.53 116.685 116.825 116.907 117.035 117.14 117.222 117.582 118.467 117.545 117.527 117.64 117.755 117.797 117.792 117.817 117.882 117.94 117.967 118.002 118.035 118.047 118.09 118.15 118.227 118.255 118.292 118.295 118.295 118.347 118.32 118.342 118.355 118.372 118.347 118.317 118.27 118.227 118.19 118.122 118.052 117.957 117.9 117.795 117.7 117.605 117.507 117.42 117.33 117.282 117.365
114.275 114.395 114.545 114.675 114.817 114.96 115.05 115.195 115.305 115.45 115.57 115.705 115.845 115.952 116.057 116.16 116.275 116.365 116.487 116.625 116.725 116.84 116.915 117.04 117.132 118.027 117.835 117.325 117.435 117.545 117.65 117.67 117.667 117.72 117.767 117.812 117.822 117.845 117.91 117.925 117.962 118.03 118.095 118.135 118.15 118.165 118.162 118.195 118.197 118.205 118.252 118.227 118.195 118.195 118.132 118.1 118.065 118.035 118 117.935 117.88 117.82 117.725 117.635 117.537 117.417 117.31 117.182 117.085
114.207 114.335 114.475 114.605 114.74 114.872 115 115.1 115.232 115.377 115.49 115.61 115.74 115.86 115.962 116.072 116.197 116.287 116.415 116.537 116.642 116.752 116.852 116.965 117.152 118.055 117.152 117.255 117.352 117.45 117.525 117.53 117.547 117.592 117.657 117.67 117.702 117.747 117.772 117.8 117.847 117.935 117.962 117.98 118.002 118.03 118.03 118.027 118.035 118.08 118.087 118.077 118.087 118.037 118.002 117.962 117.952 117.897 117.86 117.805 117.762 117.725 117.66 117.59 117.505 117.41 117.31 117.195 117.045
114.162 114.277 114.435 114.54 114.675 114.815 114.92 115.042 115.177 115.305 115.417 115.56 115.695 115.8 115.9 116.012 116.13 116.235 116.365 116.467 116.55 116.65 116.782 116.902 117.372 117.852 117.025 117.17 117.28 117.382 117.392 117.387 117.412 117.477 117.53 117.545 117.587 117.587 117.635 117.667 117.722 117.8 117.817 117.845 117.865 117.885 117.91 117.88 117.9 117.932 117.942 117.95 117.952 117.9 117.847 117.817 117.802 117.747 117.715 117.665 117.615 117.57 117.515 117.48 117.395 117.332 117.247 117.152 117.067
114.105 114.242 114.39 114.495 114.622 114.77 114.887 114.982 115.125 115.23 115.342 115.5 115.61 115.717 115.83 115.942 116.035 116.152 116.277 116.385 116.487 116.572 116.695 116.862 117.785 117.357 116.932 117.087 117.205 117.26 117.24 117.272 117.302 117.357 117.4 117.412 117.45 117.482 117.48 117.547 117.62 117.66 117.695 117.712 117.747 117.732 117.755 117.72 117.76 117.782 117.812 117.802 117.767 117.742 117.705 117.672 117.627 117.577 117.557 117.517 117.465 117.412 117.355 117.322 117.272 117.207 117.1 117.005 116.937
114.057 114.215 114.355 114.465 114.587 114.715 114.815 114.952 115.075 115.197 115.307 115.415 115.55 115.645 115.755 115.882 115.967 116.092 116.205 116.32 116.437 116.512 116.645 116.89 118.117 117.047 116.877 117.005 117.125 117.132 117.112 117.162 117.215 117.23 117.277 117.287 117.327 117.357 117.377 117.442 117.505 117.527 117.547 117.587 117.617 117.6 117.587 117.61 117.615 117.655 117.642 117.65 117.602 117.57 117.55 117.512 117.472 117.445 117.402 117.375 117.33 117.265 117.215 117.192 117.147 117.05 116.957 116.877 116.8
114.07 114.177 114.315 114.43 114.562 114.672 114.76 114.895 115.015 115.172 115.25 115.357 115.522 115.605 115.707 115.817 115.907 116.002 116.15 116.255 116.342 116.45 116.625 117.267 117.795 116.715 116.797 116.912 117.007 117.017 117.027 117.067 117.107 117.145 117.167 117.19 117.212 117.207 117.257 117.325 117.377 117.39 117.422 117.442 117.432 117.45 117.45 117.46 117.502 117.495 117.502 117.502 117.442 117.392 117.392 117.355 117.322 117.282 117.24 117.215 117.17 117.132 117.092 117.032 116.98 116.91 116.825 116.747 116.662
114.05 114.167 114.287 114.385 114.535 114.637 114.775 114.887 114.997 115.102 115.245 115.357 115.47 115.557 115.687 115.78 115.86 116.005 116.112 116.195 116.305 116.427 116.572 117.695 117.032 116.565 116.727 116.847 116.89 116.89 116.917 116.982 117.007 117.077 117.075 117.09 117.1 117.107 117.15 117.217 117.257 117.26 117.3 117.31 117.317 117.322 117.307 117.342 117.34 117.352 117.362 117.335 117.29 117.27 117.242 117.202 117.177 117.145 117.097 117.057 117.007 116.98 116.942 116.902 116.837 116.762 116.68 116.592 116.5
114.025 114.137 114.29 114.415 114.515 114.615 114.742 114.87 114.992 115.107 115.217 115.327 115.427 115.53 115.64 115.725 115.835 115.94 116.037 116.14 116.265 116.412 116.58 117.795 116.847 116.517 116.662 116.767 116.76 116.77 116.81 116.877 116.92 116.972 116.97 117.012 117.01 117.007 117.052 117.11 117.117 117.14 117.17 117.19 117.172 117.17 117.167 117.2 117.232 117.205 117.202 117.162 117.127 117.127 117.092 117.047 117.005 116.985 116.942 116.902 116.86 116.82 116.78 116.74 116.687 116.602 116.527 116.427 116.335
114.045 114.167 114.295 114.412 114.495 114.612 114.742 114.852 114.962 115.072 115.18 115.32 115.412 115.505 115.605 115.705 115.817 115.942 116.017 116.09 116.237 116.37 116.865 117.44 116.365 116.47 116.595 116.68 116.665 116.695 116.747 116.772 116.81 116.837 116.857 116.88 116.885 116.93 117.005 117.03 117.042 117.05 117.057 117.052 117.042 117.037 117.032 117.067 117.065 117.08 117.08 117.017 116.995 116.982 116.947 116.907 116.872 116.835 116.805 116.77 116.73 116.672 116.647 116.59 116.537 116.43 116.37 116.27 116.187
114.08 114.195 114.307 114.412 114.537 114.65 114.765 114.842 114.947 115.082 115.167 115.277 115.377 115.51 115.577 115.68 115.802 115.9 116 116.075 116.235 116.452 117.35 117.207 116.282 116.417 116.542 116.595 116.575 116.582 116.66 116.692 116.722 116.75 116.755 116.772 116.777 116.82 116.887 116.91 116.91 116.942 116.947 116.935 116.927 116.925 116.922 116.937 116.932 116.93 116.905 116.862 116.827 116.817 116.785 116.745 116.705 116.675 116.637 116.61 116.572 116.525 116.492 116.442 116.375 116.282 116.212 116.122 116.032
114.082 114.227 114.355 114.437 114.572 114.677 114.807 114.867 114.982 115.085 115.217 115.302 115.39 115.507 115.597 115.715 115.805 115.887 115.967 116.055 116.237 116.587 117.622 117.057 116.252 116.385 116.485 116.492 116.48 116.532 116.57 116.607 116.632 116.645 116.657 116.667 116.68 116.75 116.802 116.802 116.807 116.82 116.8 116.802 116.79 116.807 116.822 116.807 116.817 116.782 116.755 116.702 116.677 116.655 116.61 116.555 116.565 116.52 116.477 116.442 116.41 116.372 116.34 116.28 116.202 116.117 116.027 115.957 115.88
114.147 114.267 114.4 114.502 114.63 114.72 114.805 114.917 115.002 115.112 115.232 115.32 115.402 115.5 115.592 115.735 115.812 115.88 115.955 116.082 116.24 116.937 117.112 116.44 116.237 116.347 116.41 116.402 116.4 116.457 116.52 116.535 116.537 116.54 116.55 116.58 116.592 116.64 116.68 116.695 116.7 116.71 116.702 116.677 116.682 116.682 116.7 116.672 116.7 116.662 116.615 116.58 116.537 116.495 116.445 116.41 116.385 116.35 116.317 116.275 116.252 116.22 116.202 116.145 116.045 115.965 115.872 115.817 115.712
114.235 114.342 114.445 114.532 114.657 114.762 114.862 114.957 115.067 115.15 115.265 115.352 115.432 115.507 115.63 115.73 115.817 115.895 115.98 116.115 116.372 117.297 116.787 116.1 116.23 116.317 116.34 116.305 116.347 116.402 116.42 116.44 116.445 116.457 116.437 116.47 116.5 116.54 116.577 116.602 116.605 116.607 116.58 116.56 116.537 116.552 116.575 116.56 116.56 116.507 116.487 116.44 116.415 116.382 116.327 116.31 116.255 116.21 116.18 116.147 116.112 116.072 116.035 115.975 115.895 115.785 115.715 115.632 115.542
114.312 114.422 114.5 114.615 114.727 114.837 114.905 115.03 115.12 115.23 115.305 115.387 115.472 115.557 115.652 115.755 115.832 115.892 116.015 116.137 116.727 116.647 116.057 116.115 116.215 116.295 116.272 116.265 116.285 116.332 116.355 116.362 116.365 116.352 116.365 116.38 116.415 116.46 116.487 116.512 116.497 116.487 116.497 116.447 116.432 116.447 116.452 116.44 116.425 116.385 116.342 116.295 116.26 116.182 116.155 116.142 116.122 116.092 116.07 116.045 115.995 115.947 115.87 115.82 115.717 115.64 115.562 115.475 115.405
114.377 114.495 114.585 114.68 114.802 114.885 114.965 115.082 115.167 115.247 115.347 115.44 115.507 115.597 115.707 115.805 115.86 115.917 116.052 116.205 116.875 115.94 115.995 116.122 116.217 116.25 116.217 116.212 116.257 116.262 116.3 116.305 116.272 116.277 116.26 116.287 116.332 116.375 116.38 116.395 116.405 116.38 116.367 116.34 116.34 116.337 116.32 116.325 116.295 116.225 116.192 116.165 116.097 116.072 116.045 115.99 115.942 115.927 115.912 115.892 115.865 115.83 115.755 115.682 115.595 115.52 115.442 115.31 115.255
114.46 114.56 114.655 114.782 114.87 114.962 115.055 115.137 115.262 115.325 115.43 115.48 115.575 115.652 115.76 115.822 115.885 115.987 116.1 116.517 116.742 115.872 116.065 116.152 116.222 116.202 116.185 116.207 116.237 116.242 116.225 116.23 116.215 116.187 116.17 116.217 116.242 116.27 116.27 116.277 116.272 116.265 116.245 116.23 116.225 116.205 116.197 116.187 116.142 116.11 116.05 116.04 115.965 115.942 115.892 115.84 115.832 115.785 115.782 115.75 115.725 115.67 115.612 115.535 115.447 115.387 115.312 115.2 115.147
114.55 114.637 114.737 114.85 114.92 115.022 115.135 115.222 115.31 115.385 115.477 115.532 115.62 115.722 115.787 115.857 115.945 116.04 116.13 116.905 116.397 115.925 116.075 116.162 116.215 116.157 116.145 116.182 116.202 116.205 116.202 116.165 116.155 116.127 116.105 116.162 116.195 116.187 116.195 116.192 116.152 116.162 116.122 116.11 116.115 116.115 116.085 116.042 116.015 115.967 115.937 115.91 115.835 115.81 115.767 115.722 115.702 115.672 115.66 115.625 115.592 115.517 115.472 115.387 115.297 115.217 115.152 115.07 115.022
114.652 114.757 114.835 114.942 115.04 115.122 115.212 115.295 115.39 115.45 115.54 115.617 115.68 115.8 115.86 115.89 115.977 116.102 116.437 117.005 115.95 115.982 116.082 116.16 116.17 116.105 116.112 116.147 116.162 116.167 116.15 116.115 116.087 116.065 116.08 116.12 116.14 116.11 116.112 116.097 116.065 116.032 116.012 116.002 115.997 115.98 115.935 115.91 115.88 115.847 115.807 115.762 115.707 115.665 115.632 115.595 115.58 115.547 115.54 115.497 115.445 115.39 115.325 115.235 115.165 115.07 114.98 114.91 114.867
114.735 114.815 114.925 115.042 115.132 115.207 115.295 115.375 115.447 115.547 115.6 115.682 115.77 115.845 115.92 115.95 116.047 116.145 116.837 116.417 115.92 116.05 116.11 116.155 116.11 116.077 116.11 116.127 116.12 116.122 116.09 116.05 116.052 116.03 116.047 116.077 116.08 116.085 116.03 116.015 115.995 115.942 115.942 115.92 115.9 115.857 115.832 115.782 115.74 115.722 115.67 115.617 115.592 115.532 115.515 115.477 115.445 115.415 115.397 115.352 115.327 115.272 115.197 115.1 114.997 114.932 114.84 114.775 114.737
114.817 114.932 115.015 115.105 115.205 115.302 115.377 115.472 115.53 115.602 115.677 115.74 115.822 115.902 115.952 116.01 116.127 116.275 116.685 115.922 116.002 116.095 116.12 116.117 116.08 116.06 116.105 116.112 116.095 116.072 116.037 116.005 116 115.977 116.002 116.027 116.005 115.99 115.977 115.945 115.912 115.86 115.835 115.812 115.802 115.765 115.725 115.665 115.612 115.587 115.555 115.49 115.46 115.405 115.375 115.322 115.327 115.302 115.282 115.24 115.182 115.14 115.06 114.98 114.885 114.812 114.732 114.682 114.645
114.932 115.04 115.145 115.2 115.31 115.387 115.46 115.545 115.62 115.682 115.74 115.82 115.92 115.957 116.015 116.082 116.212 116.63 116.392 115.972 116.08 116.112 116.122 116.08 116.047 116.052 116.087 116.077 116.057 116.027 115.992 115.965 115.937 115.932 115.97 115.957 115.945 115.945 115.917 115.877 115.822 115.787 115.732 115.732 115.702 115.667 115.607 115.567 115.505 115.472 115.42 115.38 115.305 115.265 115.232 115.205 115.175 115.165 115.15 115.105 115.077 115.01 114.93 114.87 114.782 114.672 114.625 114.582 114.54
115.037 115.13 115.22 115.305 115.402 115.487 115.562 115.622 115.705 115.757 115.842 115.905 115.977 116.005 116.062 116.167 116.28 116.96 116.142 116.04 116.12 116.125 116.112 116.082 116.052 116.06 116.06 116.04 116.015 115.992 115.947 115.9 115.902 115.905 115.917 115.877 115.88 115.872 115.862 115.807 115.75 115.73 115.692 115.66 115.655 115.6 115.51 115.457 115.415 115.365 115.307 115.275 115.202 115.16 115.122 115.062 115.05 115.04 115.015 114.982 114.93 114.867 114.797 114.727 114.64 114.56 114.515 114.465 114.425
115.137 115.232 115.297 115.432 115.512 115.612 115.685 115.737 115.812 115.867 115.902 115.982 116.045 116.11 116.17 116.267 116.597 116.85 116.002 116.102 116.14 116.162 116.12 116.055 116.042 116.042 116.04 116.037 115.992 115.952 115.912 115.86 115.83 115.857 115.89 115.837 115.815 115.785 115.752 115.725 115.675 115.65 115.61 115.577 115.572 115.495 115.41 115.382 115.332 115.277 115.22 115.167 115.11 115.055 115.025 114.975 114.962 114.925 114.897 114.837 114.78 114.71 114.655 114.57 114.502 114.4 114.385 114.36 114.312
115.227 115.345 115.407 115.522 115.622 115.7 115.742 115.825 115.877 115.915 115.997 116.077 116.107 116.157 116.267 116.372 116.967 116.28 116.045 116.16 116.195 116.192 116.115 116.07 116.05 116.062 116.03 115.99 115.952 115.917 115.867 115.815 115.792 115.807 115.807 115.785 115.747 115.695 115.707 115.667 115.59 115.577 115.532 115.507 115.48 115.392 115.33 115.312 115.255 115.18 115.117 115.06 115.015 114.955 114.925 114.89 114.882 114.845 114.797 114.737 114.672 114.582 114.507 114.437 114.352 114.275 114.25 114.235 114.212
115.32 115.442 115.535 115.632 115.715 115.785 115.847 115.92 115.957 116.017 116.072 116.157 116.192 116.26 116.35 116.597 116.952 116.14 116.14 116.222 116.26 116.21 116.117 116.075 116.062 116.052 116.035 115.992 115.937 115.895 115.842 115.782 115.785 115.805 115.77 115.715 115.71 115.655 115.617 115.572 115.53 115.485 115.435 115.417 115.365 115.31 115.235 115.202 115.155 115.092 115.052 115 114.945 114.877 114.842 114.825 114.807 114.742 114.697 114.642 114.555 114.48 114.38 114.307 114.235 114.195 114.142 114.102 114.097
115.435 115.522 115.65 115.727 115.83 115.89 115.95 116.015 116.067 116.125 116.172 116.235 116.275 116.355 116.492 116.895 116.687 116.145 116.247 116.282 116.295 116.237 116.147 116.11 116.112 116.082 116.04 115.987 115.917 115.88 115.817 115.76 115.792 115.77 115.725 115.692 115.672 115.607 115.552 115.497 115.465 115.425 115.365 115.33 115.252 115.177 115.15 115.092 115.057 114.997 114.957 114.905 114.837 114.81 114.767 114.735 114.7 114.652 114.582 114.532 114.44 114.377 114.302 114.207 114.12 114.085 114.057 114.015 113.995
