Matlab/Roost_data/braunton/dsm/ss4636_DSM_2M.asc
ncols 500
nrows 500
xllcorner    246000
yllcorner    136000
cellsize     2
NODATA_value -9999
[rows 0 to 33 of 500, columns 0 to 76 of 500]
13.56 13.075 12.755 12.53 12.432 12.378 12.438 12.23 12.075 11.865 11.618 11.372 11.172 11.073 10.925 10.743 10.917 10.99 11.01 10.99 10.96 10.948 10.952 10.955 10.972 10.983 10.993 10.977 10.983 10.987 11 11.012 11.025 11.033 11.033 11.07 11.118 11.175 11.205 11.27 11.28 11.743 11.762 11.653 11.69 11.337 11.172 11.105 11.09 11.078 11.055 11.075 11.085 11.08 11.097 11.08 11.045 11.108 11.118 11.122 11.165 11.257 11.477 11.792 11.667 11.438 11.517 11.465 11.46 11.333 11.267 11.247 11.267 11.24 11.205 11.13 11.167
13.58 12.905 12.47 12.533 12.335 12.235 12.052 12.028 12.025 11.958 11.7 11.387 11.227 11.09 10.997 10.823 10.9 10.985 11.03 11.025 10.993 10.975 10.977 10.967 10.97 10.987 10.99 10.97 10.99 10.997 11.02 11.032 11.028 11.035 11.052 11.078 11.128 11.153 11.188 11.217 11.248 11.557 11.653 11.625 11.75 11.305 11.163 11.108 11.1 11.08 11.06 11.085 11.095 11.083 11.073 11.068 11.033 11.085 11.073 11.078 11.132 11.24 11.4 11.533 11.435 11.435 11.497 11.387 11.417 11.352 11.302 11.315 11.365 11.28 11.273 11.122 11.095
13.702 12.738 12.185 12.08 12.042 11.712 11.57 11.78 11.868 12.02 11.75 11.405 11.265 11.105 11.01 10.962 10.92 10.927 10.975 10.983 10.975 10.98 10.995 11.003 10.99 10.995 11.007 10.995 11 10.997 11.015 11.028 10.985 11.038 11.052 11.035 11.083 11.135 11.16 11.177 11.198 11.398 11.815 11.585 11.535 11.233 11.163 11.173 11.14 11.085 11.057 11.048 11.05 11.02 11.007 11.042 11.025 11.047 11.03 11.045 11.115 11.22 11.307 11.452 11.485 11.46 11.507 11.387 11.335 11.31 11.23 11.177 11.15 11.13 11.142 11.113 11.1
13.82 12.688 12.198 11.948 11.798 11.56 11.458 11.712 11.745 11.93 11.78 11.462 11.298 11.137 11.05 10.99 10.95 10.917 10.915 10.94 10.955 10.972 11.003 11.013 11.017 11.013 11.003 11.017 11.01 11.003 11 11.007 10.995 11.015 11.048 11.01 11.025 11.1 11.14 11.167 11.175 11.235 11.352 11.455 11.4 11.26 11.162 11.158 11.105 11.062 11.042 11.03 11.02 10.99 10.98 11.025 11.013 11.035 11.017 11.033 11.09 11.19 11.318 11.573 11.788 11.837 11.752 11.625 11.55 11.528 11.423 11.325 11.247 11.185 11.148 11.132 11.108
13.735 12.72 12.265 11.932 11.868 11.735 11.562 11.64 11.698 11.875 11.8 11.525 11.325 11.195 11.097 11.04 10.993 10.94 10.938 10.955 10.965 10.983 11.003 11.01 11.012 10.985 10.972 10.97 10.993 11.005 11.005 11.013 11.007 11.003 11.03 11.012 11.028 11.065 11.11 11.16 11.188 11.227 11.632 11.605 11.785 11.52 11.22 11.13 11.105 11.078 11.048 11.02 11.015 10.98 10.99 11.025 10.997 11.02 11.038 11.042 11.08 11.167 11.443 11.885 11.885 12.033 12.085 11.995 11.905 11.698 11.573 11.555 11.472 11.44 11.27 11.29 11.37
13.49 12.775 12.33 12.163 12.083 11.88 11.872 11.69 11.892 11.993 11.842 11.648 11.368 11.27 11.153 11.07 11.035 11.003 10.977 10.972 10.987 10.983 10.98 10.985 10.975 10.955 10.955 10.972 11.005 11.013 11.005 11.013 11.013 10.983 11.02 11.032 11.05 11.057 11.097 11.153 11.193 11.233 11.56 11.648 11.658 11.55 11.288 11.182 11.132 11.1 11.065 11.023 10.997 10.988 10.993 11.012 10.99 11.003 11.017 11.015 11.065 11.182 11.555 12.047 12.195 12.288 12.378 12.29 12.163 11.95 11.795 11.715 11.628 11.535 11.432 11.497 11.775
13.248 12.637 12.69 12.583 12.408 12.095 11.797 11.778 12.033 12.31 12.082 11.855 11.425 11.347 11.21 11.122 11.065 11.035 10.997 10.993 11.007 10.995 10.975 10.968 10.965 10.94 10.952 10.975 10.995 11.017 11.005 11.007 11.003 10.98 11.01 11.043 11.028 11.028 11.057 11.142 11.155 11.19 11.497 11.61 11.575 11.552 11.365 11.195 11.142 11.1 11.048 10.998 10.968 10.95 10.952 10.972 11.003 11.005 11.02 11.017 11.062 11.177 11.483 11.932 12.145 12.325 12.483 12.315 12.2 12.145 12.125 11.967 11.74 11.565 11.6 11.722 12.038
12.637 12.267 12.622 12.85 12.78 12.392 12.39 12.245 12.26 12.335 12.337 11.94 11.57 11.423 11.312 11.212 11.122 11.065 11.017 11.005 11.028 10.995 10.975 10.97 10.97 10.958 10.975 10.98 11.003 11.007 10.997 10.993 11 10.988 10.997 11.013 11.01 11.005 11.033 11.123 11.16 11.163 11.352 11.648 11.677 11.52 11.41 11.2 11.15 11.065 11.017 11.012 10.96 10.95 10.95 10.97 11.015 11.017 11.015 11.015 11.057 11.165 11.385 11.785 11.967 12.198 12.395 12.302 12.17 11.99 12.14 12.113 11.95 11.755 12.068 12.38 12.648
12.042 12.208 12.45 12.642 12.792 12.597 12.6 12.39 12.47 12.472 12.385 12.188 11.798 11.628 11.46 11.335 11.227 11.128 11.07 11.065 11.048 11.007 10.98 10.967 10.983 10.975 10.983 10.997 11.013 11.013 11.003 10.985 11 10.993 10.985 11.003 11.017 11.02 11.038 11.115 11.16 11.165 11.382 11.657 11.627 11.66 11.597 11.163 11.14 11.08 11.035 11.015 10.96 10.942 10.952 10.98 11.013 11.003 11.007 11.023 11.073 11.167 11.363 11.677 11.885 12.085 12.363 12.298 12.132 11.735 11.878 12.198 12.025 11.988 12.625 12.972 13.122
11.743 12.09 12.108 12.238 11.91 12.307 12.497 12.455 12.575 12.577 12.41 12.225 11.863 11.868 11.632 11.405 11.358 11.235 11.137 11.09 11.08 11.03 11.007 10.983 11.015 11.005 11.02 11.03 11.025 10.993 11 10.993 10.995 10.993 10.977 11.003 11.003 11.023 11.045 11.125 11.2 11.198 11.36 11.593 11.548 11.555 11.468 11.17 11.158 11.113 11.075 11.012 10.983 10.977 10.975 10.972 11.01 10.997 11.005 11.028 11.057 11.142 11.37 11.69 11.923 12.14 12.243 12.155 11.977 11.497 11.632 12.045 12.1 12.398 13.087 13.507 13.42
11.57 11.712 11.875 11.795 11.788 12.045 12.435 12.663 12.825 12.75 12.605 12.115 11.885 11.785 11.713 11.48 11.435 11.358 11.26 11.137 11.1 11.042 11.023 11.007 11.01 11.038 11.035 11.023 11.007 10.98 10.99 10.987 10.983 11.003 10.965 11 11.003 10.997 11.025 11.177 11.41 11.3 11.273 11.573 11.6 11.57 11.55 11.173 11.145 11.095 11.057 11.02 10.997 10.977 10.96 10.96 10.997 11 10.995 11.013 11.075 11.158 11.387 11.743 12.003 12.085 12.205 12.025 11.552 11.37 11.908 12.235 12.145 12.505 13.275 13.382 13.312
11.462 11.653 11.69 11.755 11.96 12.118 12.595 12.858 12.983 12.783 12.573 12.075 11.9 11.887 11.8 11.542 11.485 11.415 11.307 11.16 11.115 11.08 11.035 11.02 11.028 11.073 11.033 11.017 10.985 10.985 10.987 10.975 10.985 10.985 10.965 10.975 11.012 11.005 11.028 11.135 11.377 11.255 11.243 11.595 11.605 11.55 11.613 11.15 11.115 11.083 11.068 11.033 11.007 10.997 10.988 10.975 11.005 10.995 11.012 11.025 11.09 11.21 11.438 11.815 12.19 12.15 11.76 11.568 11.432 11.44 11.797 12.185 12.177 12.372 12.915 12.938 12.852
11.535 11.505 11.587 11.67 11.895 12.32 12.782 13.185 13.132 12.958 12.51 12.207 12.122 12.03 11.85 11.592 11.515 11.445 11.32 11.193 11.157 11.093 11.06 11.02 11.028 11.035 11.025 10.997 10.983 10.975 10.958 10.96 10.972 11 11 10.97 11.017 11.028 11.025 11.092 11.2 11.17 11.202 11.46 11.557 11.545 11.573 11.148 11.12 11.085 11.075 11.062 11.033 11.04 11.025 11.012 11.007 10.985 11.015 11.065 11.122 11.227 11.5 11.92 12.15 11.903 11.642 11.712 11.738 11.677 12.055 12.198 12.193 12.3 12.635 12.715 12.73
11.7 11.682 11.753 11.81 12.235 12.545 13.155 13.335 13.328 12.797 12.507 12.32 12.252 12.125 11.922 11.715 11.608 11.483 11.305 11.19 11.163 11.075 11.065 11.03 11 11.007 11.015 10.99 10.983 10.995 10.965 10.96 10.965 10.993 10.985 10.977 11.038 11.042 11.057 11.073 11.13 11.145 11.208 11.438 11.59 11.545 11.41 11.163 11.128 11.105 11.085 11.065 11.048 11.057 11.045 11.035 11.015 10.995 11.033 11.102 11.125 11.23 11.467 11.87 12.125 12.193 12.087 11.85 12.15 12.06 12.14 12.14 12.118 12.295 12.525 12.61 12.778
11.82 11.898 11.962 12.225 12.602 13.057 13.505 13.532 13.347 12.957 12.71 12.305 12.217 12.182 11.997 11.88 11.7 11.485 11.31 11.198 11.138 11.065 11.05 11.007 10.99 10.987 11.015 10.993 10.997 11.015 10.99 10.983 10.985 10.977 10.975 10.995 11.025 11.038 11.068 11.097 11.137 11.15 11.225 11.435 11.67 11.6 11.46 11.17 11.142 11.105 11.055 11.023 11.01 11.007 11.03 11.052 11.028 11.02 11.045 11.125 11.153 11.24 11.427 11.715 12.02 12.318 12.02 11.568 12.083 12.085 12.172 12.11 12.155 12.217 12.385 12.58 12.802
11.923 12.04 12.137 12.387 12.887 13.528 13.835 14.172 13.337 13.12 12.535 12.23 12.21 12.205 12.005 11.828 11.693 11.48 11.275 11.188 11.12 11.05 11.055 10.997 10.98 10.975 11 11 11 11 10.985 10.98 10.97 10.97 10.99 11.033 11.043 11.09 11.208 11.275 11.285 11.282 11.25 11.385 11.63 11.585 11.497 11.23 11.135 11.09 11.055 11.023 11.028 11.02 11.032 11.042 11.028 11.023 11.055 11.125 11.182 11.27 11.483 11.835 12.285 12.273 11.875 11.472 11.773 11.94 12.135 12.125 12.158 12.198 12.288 12.54 12.512
12.17 12.292 12.345 12.638 13.02 13.748 14.205 16.03 13.9 12.843 12.515 12.333 12.345 12.275 12.032 11.783 11.667 11.47 11.262 11.215 11.13 11.065 11.052 10.997 10.985 10.962 10.972 10.968 10.965 10.97 10.97 10.977 10.965 10.975 11.015 11.073 11.125 11.205 11.488 11.568 11.552 11.595 11.462 11.405 11.575 11.555 11.515 11.278 11.132 11.097 11.068 11.04 11.04 11.05 11.057 11.057 11.035 11.007 11.033 11.097 11.177 11.288 11.477 11.802 12.257 12.153 11.712 11.445 11.44 11.535 11.767 12.02 12.175 12.04 12.172 12.225 12.212
12.365 12.61 12.745 12.887 13.363 14.193 14.185 14.352 14.09 12.74 12.635 12.523 12.49 12.25 12.028 11.735 11.655 11.483 11.252 11.175 11.12 11.055 11.038 11.003 10.983 10.988 10.972 10.977 10.975 10.962 10.975 11.033 11.015 11.007 11.16 11.267 11.305 11.335 11.505 11.47 11.533 11.66 11.457 11.405 11.547 11.578 11.507 11.295 11.155 11.13 11.085 11.058 11.065 11.085 11.068 11.052 11.03 11.007 11.028 11.1 11.137 11.253 11.413 11.69 12.052 12.175 11.755 11.49 11.408 11.443 11.585 11.885 12.163 12.012 12.065 12.145 12.172
12.435 12.815 12.99 13.12 13.025 14.057 13.965 13.792 12.66 12.675 12.708 12.708 12.675 12.345 12.007 11.77 11.675 11.497 11.222 11.14 11.097 11.052 11.033 11.005 11 10.98 10.958 10.962 10.958 10.972 11.005 11.032 11.025 11.118 11.415 11.538 11.673 11.37 11.42 11.525 11.488 11.495 11.36 11.345 11.525 11.593 11.53 11.33 11.177 11.137 11.068 11.035 11.038 11.048 11.04 11.042 11.035 11.023 11.023 11.075 11.12 11.202 11.343 11.565 11.847 12.155 11.952 11.573 11.432 11.585 11.807 12.017 12.087 11.948 12.01 12.115 12.175
12.458 12.715 13.148 13.278 12.855 12.483 12.398 12.525 12.642 12.802 12.89 12.988 12.915 12.497 12.108 11.948 11.74 11.512 11.235 11.12 11.083 11.033 11 10.997 10.975 10.95 10.945 10.958 10.952 10.97 10.995 11.033 11.06 11.22 11.49 11.778 11.667 11.32 11.295 11.382 11.413 11.368 11.31 11.405 11.665 11.7 11.6 11.407 11.217 11.153 11.062 11.042 11.032 11.025 11.025 11.02 11.025 11.04 11.025 11.083 11.163 11.21 11.315 11.54 11.82 12.095 12.087 11.665 11.605 12.128 12.27 12.238 12.108 12.023 12.01 12.135 12.188
12.305 12.74 13.13 13.347 12.83 12.405 12.318 12.422 12.46 12.632 13.195 13.323 12.945 12.528 12.137 11.997 11.827 11.543 11.262 11.105 11.052 10.995 10.972 10.955 10.927 10.927 10.94 10.94 10.948 10.972 11 11.015 11.068 11.243 11.562 12 11.988 11.587 11.252 11.218 11.243 11.278 11.352 11.583 11.863 11.878 11.745 11.543 11.3 11.217 11.105 11.05 11.038 11.025 11.023 11.023 11.03 11.04 11.042 11.105 11.15 11.18 11.302 11.528 11.87 12.118 12.08 11.745 11.823 12.122 12.472 12.262 12.075 12.005 12.062 12.158 12.198
12.158 12.545 12.665 12.635 12.465 12.165 12.115 12.045 12.265 12.615 12.958 13.278 12.552 12.205 12.073 11.917 11.725 11.55 11.28 11.102 11.015 10.977 10.968 10.938 10.923 10.925 10.932 10.94 10.958 10.967 11.028 11.075 11.132 11.48 11.905 12.087 12.005 11.747 11.347 11.262 11.295 11.39 11.51 11.747 11.97 11.988 11.913 11.715 11.477 11.297 11.153 11.07 11.055 11.038 11.025 11.025 11.038 11.05 11.055 11.087 11.132 11.19 11.352 11.573 11.95 12.177 12.185 11.86 11.955 12.505 12.545 12.347 12.15 12.052 12.135 12.185 12.175
11.927 12.12 12.185 12.095 11.977 11.967 11.962 11.847 12.012 12.278 12.525 12.302 12.025 11.925 12.068 11.865 11.733 11.595 11.273 11.095 10.98 10.96 10.95 10.935 10.915 10.908 10.908 10.92 10.94 10.97 11.005 11.058 11.177 11.55 11.932 11.975 11.865 11.693 11.41 11.475 11.555 11.61 11.575 11.712 11.89 11.962 11.908 11.722 11.495 11.323 11.185 11.083 11.052 11.035 11.017 11.017 11.028 11.04 11.042 11.083 11.158 11.235 11.358 11.595 11.915 12.158 12.148 11.958 11.698 12.215 12.667 12.458 12.297 12.222 12.23 12.238 12.137
11.953 11.948 11.855 11.735 11.743 11.7 11.625 11.63 11.868 12.023 11.895 11.695 11.557 11.663 11.948 11.88 11.71 11.57 11.31 11.12 10.967 10.935 10.943 10.94 10.913 10.898 10.898 10.907 10.927 10.958 10.98 11.055 11.135 11.385 11.7 11.898 11.997 11.837 11.695 11.845 11.917 11.868 11.752 11.872 11.932 12.002 11.89 11.685 11.485 11.32 11.212 11.11 11.062 11.035 11.025 11.013 11.015 11.055 11.057 11.075 11.19 11.25 11.335 11.577 11.923 12.167 12.235 11.983 11.642 11.642 12.48 12.655 12.613 12.592 12.523 12.435 12.235
12.182 11.958 11.733 11.667 11.625 11.618 11.55 11.635 11.765 11.86 11.74 11.493 11.448 11.593 11.988 12.07 11.852 11.555 11.318 11.105 10.938 10.925 10.92 10.915 10.905 10.882 10.9 10.903 10.913 10.92 10.957 11.06 11.102 11.36 11.787 12.092 12.3 12.195 11.917 11.993 12.005 12.015 11.955 12.003 12.11 12.227 12.015 11.573 11.408 11.29 11.227 11.145 11.092 11.05 11.028 11.02 11.023 11.047 11.048 11.057 11.177 11.215 11.337 11.595 11.92 12.238 12.34 12.233 11.927 11.852 11.985 12.48 12.682 12.712 12.653 12.8 12.865
12.375 12.11 12.16 12.068 11.925 11.667 11.547 11.595 11.702 11.972 12.128 11.66 11.56 11.778 12.435 12.13 11.818 11.48 11.243 11.04 10.932 10.913 10.905 10.9 10.905 10.895 10.895 10.898 10.903 10.917 10.95 11.012 11.062 11.3 11.767 12.195 12.318 12.073 12 12.007 12.033 12.19 12.15 12.108 12.233 12.345 12.185 11.648 11.342 11.253 11.205 11.155 11.105 11.07 11.04 11.017 11.02 11.035 11.057 11.04 11.132 11.188 11.328 11.562 11.9 12.237 12.4 12.26 12.017 11.88 11.823 12.11 12.392 12.638 12.663 12.94 13.245
12.615 12.623 12.785 12.597 12.337 12.023 11.795 11.62 11.655 11.775 11.958 12.045 12.068 12.238 12.11 11.9 11.65 11.335 11.097 10.985 10.91 10.907 10.898 10.903 10.898 10.905 10.888 10.903 10.898 10.907 10.922 10.98 11.042 11.212 11.675 12.238 12.363 12.035 11.97 11.97 12.04 12.188 12.087 11.977 12.115 12.278 12.275 11.845 11.372 11.212 11.175 11.128 11.095 11.087 11.05 11.02 11.017 11.03 11.08 11.048 11.12 11.18 11.318 11.53 11.923 12.255 12.425 12.1 11.795 11.632 11.53 11.648 11.858 12.455 12.587 12.79 13.165
12.727 12.83 13.172 13.102 12.83 12.525 12.335 11.97 11.792 11.81 11.898 12.14 12.175 12.1 11.873 11.868 11.613 11.225 11.028 10.958 10.91 10.91 10.898 10.887 10.895 10.89 10.89 10.917 10.9 10.905 10.91 10.948 11.017 11.1 11.49 12.125 12.338 12.075 11.962 11.91 11.89 11.885 11.905 11.898 11.95 12.007 12.06 11.943 11.485 11.212 11.145 11.113 11.08 11.07 11.035 11.013 11.017 11.05 11.105 11.07 11.142 11.21 11.337 11.545 11.9 12.233 12.462 12.06 11.788 11.625 11.425 11.408 11.407 11.628 12.038 12.27 12.765
12.86 13.02 13.12 13.13 13.167 12.993 12.79 12.398 11.865 11.705 11.743 12.007 12.113 12.005 11.87 11.798 11.467 11.15 10.972 10.932 10.917 10.91 10.878 10.892 10.89 10.905 10.903 10.923 10.898 10.9 10.907 10.925 10.972 11.015 11.245 11.75 12.038 11.943 11.89 11.738 11.53 11.61 11.837 11.903 11.847 11.688 11.65 11.733 11.398 11.22 11.16 11.125 11.075 11.048 11.035 11.01 11.017 11.045 11.08 11.08 11.148 11.238 11.34 11.528 11.87 12.257 12.542 12.405 12.028 11.802 11.462 11.285 11.315 11.273 11.387 11.56 12.105
12.765 13.015 12.905 13.028 13.15 13.012 12.782 12.483 11.945 11.842 11.69 11.837 11.775 11.96 11.89 11.593 11.485 11.113 10.972 10.935 10.913 10.91 10.87 10.88 10.88 10.9 10.895 10.9 10.892 10.898 10.913 10.925 10.962 10.977 11.04 11.23 11.412 11.455 11.455 11.347 11.278 11.44 11.778 11.913 11.85 11.655 11.533 11.56 11.327 11.185 11.145 11.115 11.057 11.038 11.042 11.02 11.033 11.045 11.062 11.052 11.125 11.253 11.375 11.535 11.845 12.118 12.363 12.312 12.02 11.795 11.51 11.243 11.365 11.347 11.323 11.4 11.63
12.745 12.795 12.72 12.703 12.685 12.762 12.517 12.285 12.085 11.983 11.72 11.68 11.642 12.028 11.92 11.528 11.505 11.05 10.955 10.923 10.895 10.892 10.872 10.9 10.887 10.882 10.88 10.882 10.892 10.895 10.917 10.935 10.955 10.958 10.972 11.02 11.08 11.113 11.14 11.142 11.182 11.352 11.733 11.892 11.967 11.895 11.753 11.595 11.39 11.195 11.148 11.09 11.05 11.042 11.038 11.033 11.035 11.04 11.077 11.055 11.14 11.307 11.46 11.568 11.795 11.965 12.042 11.858 11.59 11.462 11.442 11.22 11.29 11.355 11.335 11.35 11.495
12.363 12.51 12.505 12.342 12.295 12.557 12.398 12.118 12.02 11.875 11.675 11.562 11.6 11.663 11.605 11.453 11.395 11.015 10.932 10.915 10.885 10.91 10.92 10.923 10.913 10.905 10.882 10.875 10.878 10.89 10.9 10.917 10.948 10.96 10.95 10.977 11.015 11.06 11.083 11.09 11.125 11.247 11.465 11.637 11.76 11.833 11.78 11.657 11.44 11.22 11.148 11.097 11.042 11.038 11.038 11.042 11.02 11.057 11.085 11.073 11.157 11.352 11.545 11.7 11.755 11.71 11.502 11.363 11.253 11.18 11.31 11.378 11.545 11.735 11.63 11.462 11.47
11.873 12.148 12.205 12.073 12.04 12.2 12.188 11.985 11.878 11.818 11.642 11.557 11.653 11.665 11.46 11.403 11.097 10.985 10.923 10.895 10.907 10.958 11.033 11.193 11.153 11.105 10.94 10.898 10.888 10.89 10.9 10.895 10.925 10.985 11.035 10.995 11.01 11.025 11.048 11.07 11.105 11.16 11.345 11.585 11.64 11.775 11.83 11.72 11.467 11.243 11.165 11.125 11.08 11.062 11.068 11.075 11.055 11.08 11.095 11.095 11.15 11.34 11.59 11.83 11.807 11.445 11.247 11.245 11.215 11.222 11.523 12.005 12.29 12.32 12.247 12.017 11.903
11.658 11.648 11.965 11.885 11.858 11.972 11.97 11.948 11.86 11.682 11.698 11.55 11.525 11.57 11.435 11.372 11.275 11.025 10.89 10.882 11.068 11.333 11.398 11.452 11.517 11.517 11.31 11.017 10.917 10.9 10.89 10.903 10.958 11.15 11.285 11.05 11.012 11 11.012 11.038 11.087 11.222 11.548 11.74 11.805 11.882 11.9 11.86 11.605 11.37 11.23 11.155 11.09 11.087 11.105 11.1 11.075 11.057 11.105 11.118 11.17 11.425 11.783 11.94 11.845 11.505 11.26 11.22 11.233 11.448 12.028 12.377 12.427 12.32 12.195 12.083 11.91
