Matlab/Roost_data/braunton/dsm/ss4638_DSM_2M.asc
ncols 500
nrows 500
xllcorner    246000
yllcorner    138000
cellsize     2
NODATA_value -9999
[rows 330 to 359 of 500, columns 69 to 137 of 500]
125.535 125.4 125.298 125.17 125.05 124.927 124.795 124.68 124.555 124.418 124.28 124.152 124.018 123.882 123.745 123.625 123.482 123.323 123.145 122.96 122.728 122.515 122.243 121.993 121.77 121.557 121.363 121.147 120.927 120.688 120.46 120.228 120.003 119.785 119.57 119.353 119.16 118.97 118.795 118.615 118.458 118.29 118.14 117.975 117.808 117.655 117.488 117.325 117.173 117.01 116.86 116.695 116.548 116.408 116.28 116.14 115.997 115.825 115.643 115.475 115.315 115.155 114.993 114.84 114.69 114.527 114.375 114.208 114.033
125.42 125.29 125.18 125.072 124.952 124.837 124.717 124.59 124.473 124.33 124.198 124.077 123.935 123.815 123.675 123.542 123.4 123.245 123.085 122.89 122.688 122.478 122.21 121.945 121.72 121.512 121.3 121.08 120.85 120.618 120.375 120.145 119.915 119.685 119.473 119.255 119.055 118.863 118.683 118.51 118.35 118.165 118.007 117.845 117.69 117.512 117.363 117.198 117.035 116.872 116.71 116.553 116.387 116.235 116.08 115.952 115.818 115.647 115.46 115.28 115.128 114.96 114.802 114.637 114.488 114.338 114.173 114.015 113.845
125.3 125.177 125.07 124.973 124.853 124.728 124.62 124.5 124.365 124.232 124.113 123.993 123.86 123.72 123.592 123.467 123.325 123.18 123.015 122.838 122.64 122.43 122.192 121.912 121.673 121.455 121.235 121.025 120.787 120.543 120.3 120.058 119.815 119.59 119.378 119.152 118.957 118.755 118.565 118.39 118.225 118.062 117.89 117.732 117.573 117.405 117.232 117.055 116.887 116.723 116.552 116.382 116.217 116.057 115.9 115.765 115.635 115.47 115.287 115.097 114.925 114.772 114.615 114.458 114.308 114.143 113.975 113.812 113.645
125.175 125.075 124.95 124.85 124.745 124.615 124.5 124.387 124.262 124.143 124.02 123.89 123.77 123.652 123.522 123.397 123.255 123.12 122.94 122.785 122.605 122.375 122.155 121.897 121.647 121.387 121.17 120.95 120.723 120.47 120.213 119.975 119.732 119.478 119.257 119.048 118.86 118.647 118.455 118.283 118.105 117.927 117.755 117.597 117.435 117.255 117.077 116.902 116.728 116.55 116.375 116.213 116.04 115.882 115.73 115.577 115.44 115.287 115.11 114.915 114.743 114.588 114.425 114.27 114.107 113.948 113.785 113.605 113.443
125.04 124.958 124.838 124.73 124.625 124.505 124.39 124.283 124.168 124.045 123.928 123.807 123.695 123.57 123.438 123.3 123.178 123.037 122.88 122.725 122.555 122.327 122.125 121.868 121.595 121.34 121.115 120.88 120.637 120.395 120.14 119.88 119.625 119.4 119.162 118.94 118.728 118.507 118.333 118.14 117.96 117.79 117.62 117.447 117.28 117.113 116.942 116.76 116.573 116.393 116.225 116.053 115.88 115.71 115.543 115.403 115.255 115.11 114.945 114.755 114.58 114.397 114.235 114.08 113.91 113.755 113.582 113.402 113.23
124.905 124.825 124.71 124.605 124.503 124.397 124.275 124.175 124.068 123.955 123.827 123.705 123.59 123.47 123.353 123.21 123.09 122.96 122.8 122.658 122.49 122.275 122.062 121.818 121.543 121.283 121.03 120.8 120.555 120.295 120.033 119.775 119.52 119.272 119.04 118.805 118.595 118.387 118.19 117.997 117.81 117.64 117.47 117.308 117.137 116.96 116.795 116.59 116.428 116.238 116.06 115.9 115.73 115.557 115.385 115.22 115.068 114.935 114.77 114.595 114.4 114.223 114.042 113.887 113.717 113.548 113.38 113.202 113.03
124.787 124.685 124.59 124.478 124.38 124.277 124.163 124.062 123.948 123.85 123.722 123.62 123.5 123.372 123.25 123.118 122.997 122.875 122.728 122.562 122.39 122.197 121.997 121.757 121.47 121.183 120.932 120.685 120.423 120.162 119.897 119.647 119.393 119.14 118.89 118.662 118.45 118.245 118.045 117.857 117.68 117.503 117.327 117.16 116.997 116.817 116.64 116.458 116.277 116.085 115.912 115.73 115.567 115.395 115.232 115.067 114.91 114.765 114.613 114.425 114.232 114.04 113.868 113.693 113.533 113.345 113.177 112.997 112.823
124.647 124.537 124.46 124.35 124.238 124.145 124.037 123.938 123.848 123.732 123.618 123.507 123.397 123.277 123.143 123.02 122.887 122.777 122.632 122.467 122.295 122.118 121.912 121.685 121.39 121.085 120.815 120.548 120.285 120.02 119.755 119.497 119.243 118.995 118.753 118.512 118.302 118.095 117.893 117.705 117.533 117.36 117.192 117.003 116.838 116.665 116.488 116.31 116.118 115.955 115.775 115.598 115.41 115.25 115.072 114.9 114.735 114.595 114.45 114.27 114.07 113.872 113.693 113.5 113.332 113.158 112.97 112.795 112.61
124.495 124.393 124.315 124.23 124.113 124.012 123.915 123.815 123.715 123.605 123.5 123.4 123.3 123.177 123.055 122.92 122.785 122.66 122.535 122.347 122.173 122.005 121.798 121.565 121.287 120.985 120.7 120.402 120.14 119.878 119.598 119.342 119.092 118.845 118.605 118.372 118.158 117.96 117.753 117.56 117.387 117.223 117.045 116.878 116.702 116.527 116.35 116.167 115.985 115.815 115.635 115.46 115.285 115.107 114.925 114.75 114.583 114.405 114.265 114.098 113.905 113.692 113.495 113.327 113.132 112.958 112.78 112.583 112.402
124.37 124.257 124.17 124.085 123.982 123.878 123.783 123.698 123.588 123.478 123.375 123.285 123.183 123.082 122.945 122.815 122.678 122.545 122.408 122.228 122.05 121.875 121.667 121.435 121.17 120.86 120.56 120.272 119.985 119.728 119.463 119.195 118.95 118.705 118.478 118.245 118.025 117.825 117.63 117.427 117.257 117.092 116.915 116.728 116.555 116.397 116.205 116.035 115.855 115.675 115.49 115.305 115.128 114.955 114.775 114.603 114.42 114.245 114.077 113.923 113.735 113.522 113.3 113.107 112.932 112.755 112.56 112.363 112.173
124.228 124.125 124.018 123.95 123.845 123.73 123.647 123.55 123.458 123.36 123.247 123.147 123.045 122.96 122.825 122.705 122.565 122.42 122.27 122.107 121.933 121.747 121.535 121.31 121.05 120.728 120.427 120.122 119.84 119.58 119.312 119.065 118.823 118.56 118.327 118.105 117.887 117.675 117.49 117.302 117.118 116.945 116.775 116.59 116.42 116.25 116.073 115.885 115.7 115.52 115.342 115.155 114.978 114.807 114.622 114.435 114.247 114.052 113.885 113.713 113.543 113.325 113.1 112.912 112.723 112.53 112.347 112.167 111.967
124.072 123.982 123.868 123.795 123.702 123.59 123.493 123.41 123.315 123.213 123.113 123.01 122.912 122.817 122.7 122.567 122.438 122.295 122.145 121.982 121.798 121.61 121.395 121.17 120.923 120.607 120.295 119.987 119.702 119.44 119.165 118.925 118.675 118.432 118.198 117.97 117.757 117.552 117.36 117.17 116.978 116.8 116.618 116.448 116.277 116.113 115.938 115.757 115.567 115.368 115.185 115.015 114.82 114.635 114.452 114.277 114.075 113.875 113.697 113.507 113.335 113.125 112.905 112.7 112.515 112.33 112.143 111.957 111.772
123.918 123.835 123.728 123.637 123.562 123.463 123.338 123.255 123.17 123.065 122.973 122.865 122.777 122.67 122.55 122.417 122.29 122.15 122.003 121.825 121.652 121.463 121.25 121.04 120.795 120.49 120.165 119.863 119.577 119.3 119.027 118.783 118.537 118.298 118.06 117.842 117.628 117.42 117.235 117.042 116.848 116.662 116.488 116.305 116.132 115.965 115.795 115.613 115.423 115.23 115.042 114.86 114.665 114.467 114.272 114.088 113.882 113.69 113.49 113.305 113.125 112.932 112.715 112.495 112.3 112.122 111.94 111.745 111.562
123.762 123.68 123.587 123.475 123.397 123.32 123.192 123.103 123.022 122.915 122.815 122.705 122.603 122.515 122.41 122.28 122.135 122 121.838 121.68 121.503 121.315 121.125 120.905 120.652 120.372 120.04 119.738 119.45 119.162 118.885 118.643 118.397 118.158 117.93 117.72 117.51 117.295 117.103 116.923 116.72 116.537 116.357 116.177 116.01 115.82 115.645 115.452 115.27 115.075 114.893 114.69 114.482 114.308 114.103 113.9 113.7 113.482 113.29 113.098 112.908 112.723 112.51 112.283 112.092 111.918 111.723 111.542 111.353
123.595 123.52 123.43 123.323 123.24 123.158 123.04 122.947 122.865 122.768 122.662 122.545 122.455 122.35 122.243 122.122 121.98 121.827 121.677 121.505 121.33 121.14 120.96 120.743 120.51 120.243 119.93 119.605 119.305 119.018 118.74 118.478 118.253 118.005 117.8 117.577 117.378 117.173 116.963 116.785 116.588 116.402 116.23 116.042 115.865 115.688 115.497 115.31 115.115 114.93 114.73 114.528 114.315 114.128 113.927 113.713 113.505 113.292 113.095 112.897 112.695 112.52 112.33 112.103 111.885 111.71 111.533 111.348 111.17
123.442 123.363 123.28 123.185 123.085 123.012 122.9 122.79 122.71 122.61 122.5 122.387 122.272 122.165 122.065 121.945 121.792 121.645 121.49 121.34 121.158 120.978 120.777 120.567 120.357 120.095 119.783 119.452 119.15 118.865 118.6 118.327 118.09 117.86 117.647 117.445 117.232 117.037 116.84 116.655 116.467 116.283 116.092 115.908 115.715 115.525 115.332 115.16 114.95 114.757 114.562 114.353 114.135 113.94 113.732 113.527 113.327 113.113 112.912 112.702 112.515 112.33 112.158 111.92 111.7 111.505 111.327 111.153 110.973
123.283 123.215 123.13 123.035 122.932 122.86 122.75 122.622 122.518 122.438 122.33 122.223 122.098 121.995 121.887 121.768 121.613 121.47 121.323 121.177 120.993 120.8 120.598 120.387 120.167 119.917 119.613 119.283 118.975 118.688 118.425 118.175 117.942 117.728 117.51 117.308 117.11 116.897 116.71 116.52 116.33 116.132 115.943 115.76 115.56 115.368 115.17 114.985 114.785 114.592 114.385 114.19 113.97 113.772 113.558 113.357 113.135 112.927 112.725 112.518 112.32 112.132 111.965 111.757 111.53 111.323 111.14 110.963 110.787
123.13 123.065 122.98 122.897 122.78 122.68 122.597 122.47 122.35 122.262 122.162 122.05 121.935 121.818 121.698 121.58 121.435 121.295 121.15 120.978 120.802 120.618 120.397 120.19 119.955 119.717 119.443 119.125 118.82 118.537 118.275 118.02 117.798 117.573 117.357 117.15 116.96 116.76 116.573 116.382 116.182 115.985 115.79 115.595 115.418 115.2 115.015 114.835 114.63 114.43 114.22 114.003 113.795 113.583 113.38 113.175 112.955 112.747 112.54 112.338 112.13 111.95 111.772 111.59 111.365 111.155 110.963 110.79 110.6
122.955 122.905 122.835 122.728 122.643 122.53 122.448 122.34 122.188 122.095 121.988 121.872 121.75 121.622 121.49 121.365 121.243 121.11 120.96 120.775 120.6 120.408 120.193 119.955 119.74 119.512 119.25 118.945 118.647 118.36 118.088 117.85 117.63 117.42 117.2 116.995 116.808 116.625 116.43 116.235 116.045 115.85 115.655 115.45 115.257 115.048 114.87 114.665 114.475 114.27 114.06 113.855 113.635 113.425 113.205 113.007 112.79 112.585 112.375 112.165 111.965 111.79 111.61 111.435 111.21 110.98 110.79 110.61 110.435
122.79 122.738 122.66 122.573 122.485 122.37 122.283 122.18 122.043 121.9 121.8 121.688 121.55 121.42 121.298 121.155 121.037 120.895 120.725 120.55 120.365 120.167 119.942 119.723 119.5 119.293 119.052 118.772 118.478 118.19 117.935 117.685 117.463 117.255 117.06 116.863 116.67 116.485 116.295 116.105 115.9 115.7 115.503 115.3 115.105 114.905 114.712 114.5 114.31 114.113 113.895 113.68 113.467 113.26 113.05 112.85 112.635 112.427 112.22 112.015 111.805 111.618 111.425 111.253 111.058 110.835 110.618 110.423 110.247
122.628 122.562 122.495 122.41 122.327 122.22 122.107 122.02 121.895 121.745 121.622 121.503 121.393 121.247 121.103 120.945 120.8 120.66 120.485 120.29 120.115 119.912 119.695 119.49 119.27 119.06 118.857 118.6 118.323 118.048 117.79 117.54 117.31 117.115 116.91 116.717 116.527 116.338 116.155 115.975 115.765 115.565 115.368 115.147 114.935 114.735 114.533 114.338 114.147 113.945 113.743 113.535 113.312 113.1 112.88 112.685 112.478 112.268 112.058 111.86 111.655 111.44 111.247 111.077 110.89 110.673 110.455 110.247 110.06
122.45 122.395 122.325 122.25 122.17 122.077 121.965 121.857 121.743 121.59 121.44 121.325 121.2 121.058 120.905 120.743 120.573 120.432 120.26 120.065 119.868 119.677 119.465 119.27 119.058 118.863 118.658 118.425 118.16 117.882 117.632 117.395 117.177 116.973 116.775 116.58 116.397 116.21 116.027 115.827 115.632 115.438 115.228 115.012 114.798 114.582 114.382 114.192 113.993 113.79 113.572 113.368 113.158 112.95 112.745 112.537 112.325 112.125 111.905 111.698 111.512 111.29 111.082 110.915 110.732 110.51 110.292 110.075 109.872
122.298 122.23 122.15 122.09 122.012 121.917 121.795 121.688 121.58 121.457 121.283 121.15 121.027 120.887 120.725 120.565 120.385 120.232 120.062 119.865 119.658 119.46 119.262 119.065 118.855 118.66 118.475 118.243 117.995 117.74 117.478 117.245 117.035 116.83 116.643 116.438 116.262 116.09 115.895 115.69 115.495 115.29 115.08 114.865 114.645 114.43 114.225 114.043 113.845 113.652 113.438 113.225 113.022 112.82 112.615 112.402 112.19 111.988 111.762 111.555 111.353 111.147 110.938 110.732 110.537 110.36 110.125 109.887 109.698
122.128 122.058 121.993 121.925 121.85 121.765 121.643 121.533 121.425 121.298 121.132 120.982 120.863 120.723 120.55 120.393 120.217 120.03 119.855 119.675 119.47 119.268 119.062 118.875 118.677 118.473 118.287 118.09 117.853 117.595 117.35 117.1 116.893 116.7 116.503 116.327 116.13 115.938 115.765 115.57 115.357 115.147 114.935 114.72 114.512 114.3 114.088 113.89 113.695 113.505 113.308 113.103 112.887 112.69 112.478 112.26 112.05 111.84 111.628 111.417 111.193 110.985 110.765 110.557 110.355 110.175 109.958 109.735 109.542
121.97 121.895 121.835 121.778 121.7 121.605 121.493 121.372 121.27 121.15 120.985 120.827 120.697 120.562 120.397 120.232 120.045 119.86 119.68 119.495 119.287 119.1 118.897 118.702 118.505 118.302 118.11 117.917 117.702 117.478 117.223 116.988 116.768 116.573 116.39 116.205 116.01 115.812 115.625 115.438 115.232 115.022 114.81 114.595 114.39 114.188 113.975 113.76 113.565 113.37 113.18 112.975 112.762 112.565 112.342 112.12 111.912 111.682 111.47 111.26 111.035 110.815 110.595 110.387 110.17 109.988 109.787 109.553 109.338
121.802 121.73 121.665 121.61 121.535 121.448 121.345 121.24 121.113 120.98 120.84 120.675 120.54 120.395 120.232 120.077 119.89 119.7 119.518 119.33 119.13 118.93 118.745 118.54 118.34 118.137 117.955 117.775 117.575 117.34 117.1 116.865 116.643 116.447 116.277 116.085 115.897 115.698 115.503 115.305 115.11 114.902 114.69 114.482 114.268 114.058 113.868 113.66 113.452 113.257 113.055 112.85 112.64 112.438 112.223 111.982 111.768 111.545 111.333 111.107 110.863 110.66 110.44 110.213 109.988 109.785 109.587 109.355 109.125
121.64 121.567 121.497 121.433 121.368 121.298 121.202 121.09 120.97 120.84 120.697 120.552 120.385 120.245 120.092 119.923 119.753 119.57 119.378 119.18 118.99 118.78 118.583 118.382 118.192 117.993 117.805 117.64 117.455 117.223 116.982 116.753 116.533 116.35 116.155 115.96 115.775 115.59 115.397 115.185 114.99 114.795 114.592 114.38 114.173 113.958 113.747 113.558 113.35 113.14 112.938 112.73 112.522 112.308 112.068 111.842 111.613 111.405 111.18 110.963 110.722 110.485 110.257 110.045 109.802 109.588 109.36 109.135 108.885
121.478 121.418 121.342 121.285 121.208 121.14 121.062 120.963 120.833 120.693 120.568 120.412 120.24 120.097 119.95 119.783 119.625 119.432 119.23 119.037 118.848 118.64 118.433 118.243 118.048 117.85 117.665 117.495 117.33 117.107 116.872 116.638 116.425 116.24 116.058 115.855 115.665 115.467 115.275 115.085 114.89 114.7 114.493 114.295 114.09 113.882 113.677 113.465 113.255 113.03 112.812 112.605 112.39 112.175 111.938 111.713 111.485 111.257 111.015 110.777 110.555 110.327 110.085 109.842 109.603 109.368 109.1 108.835 108.582
121.338 121.265 121.198 121.118 121.052 120.99 120.912 120.792 120.665 120.562 120.428 120.285 120.128 119.95 119.805 119.645 119.475 119.285 119.092 118.903 118.71 118.497 118.3 118.11 117.912 117.732 117.54 117.38 117.213 117.005 116.775 116.562 116.335 116.13 115.94 115.74 115.542 115.368 115.183 114.993 114.807 114.605 114.41 114.2 114.007 113.793 113.575 113.342 113.13 112.902 112.698 112.475 112.26 112.04 111.795 111.573 111.33 111.095 110.855 110.618 110.378 110.128 109.857 109.592 109.32 109.077 108.853 108.6 108.345
121.185 121.113 121.037 120.97 120.91 120.842 120.747 120.64 120.475 120.423 120.298 120.16 120.012 119.83 119.658 119.503 119.348 119.16 118.975 118.783 118.583 118.387 118.183 117.993 117.8 117.603 117.423 117.257 117.085 116.897 116.675 116.475 116.253 116.048 115.842 115.652 115.457 115.277 115.088 114.905 114.715 114.52 114.322 114.125 113.908 113.682 113.455 113.232 112.995 112.785 112.558 112.338 112.11 111.868 111.635 111.402 111.165 110.925 110.665 110.408 110.115 109.833 109.588 109.36 109.132 108.895 108.65 108.387 108.128
