Matlab/Roost_data/braunton/dsm/ss4639_DSM_2M.asc
ncols 500
nrows 500
xllcorner    246000
yllcorner    139000
cellsize     2
NODATA_value -9999
[rows 372 to 402 of 500, columns 70 to 139 of 500]
98.94 98.893 98.848 98.772 98.71 98.658 98.575 98.522 98.47 98.412 98.36 98.302 98.285 98.243 98.195 98.145 98.113 98.072 98.03 98.79 99.88 99.96 99.5 98.425 98.185 98.143 98.118 98.105 98.12 98.115 98.098 98.145 98.232 98.105 98.115 98.213 98.427 98.357 98.417 98.398 98.24 98.69 98.23 98.143 98.23 98.305 98.115 98.238 98.393 98.132 98.118 98.357 98.012 98.815 98.443 97.247 97.195 97.17 97.122 97.055 97.04 96.967 96.94 96.945 96.902 96.855 96.81 96.798 96.787 96.762
98.817 98.735 98.685 98.607 98.518 98.442 98.365 98.283 98.228 98.167 98.092 98.04 97.988 97.958 97.923 97.897 97.857 97.84 97.798 98.353 99.832 99.667 100.173 98.885 98.092 98.045 98.333 98.23 97.917 98.908 99.452 98.158 98.042 98.092 98.577 98.073 98.088 98.755 98.022 97.878 97.812 97.84 97.84 98.1 98.122 97.715 97.675 97.88 98.583 98.062 98.165 98.022 98.208 97.545 96.935 96.95 96.94 96.868 96.793 96.84 96.83 96.76 96.728 96.685 96.63 96.59 96.575 96.56 96.512 96.495
98.622 98.54 98.488 98.42 98.333 98.245 98.16 98.055 97.958 97.895 97.825 97.745 97.683 97.615 97.562 97.537 97.503 97.482 97.493 97.988 99.412 99.452 99.312 99.225 98.048 98.155 98.26 97.658 97.573 98.768 98.555 98.007 97.62 98.402 97.287 97.217 97.188 97.14 97.152 97.1 97.083 97.048 97.115 97.005 96.955 96.997 96.927 96.887 96.885 96.965 96.845 96.775 96.73 96.668 96.658 96.685 96.747 96.725 96.695 96.692 96.618 96.545 96.482 96.448 96.417 96.378 96.348 96.31 96.262 96.23
98.402 98.302 98.22 98.14 98.055 97.963 97.863 97.783 97.682 97.613 97.558 97.49 97.42 97.333 97.262 97.18 97.113 97.065 97.075 97.29 98.757 98.36 98.655 98.583 97.152 97.658 98.232 97.46 98.17 97.118 97.182 97.275 98.83 99.2 96.755 96.848 96.783 96.75 96.722 96.69 96.675 96.68 96.637 96.61 96.583 96.628 96.612 96.625 96.618 96.595 96.573 96.59 96.573 96.558 96.585 96.592 96.575 96.542 96.455 96.378 96.315 96.253 96.232 96.188 96.125 96.077 96.058 96.018 95.97 95.967
98.268 98.162 98.058 97.948 97.83 97.708 97.583 97.46 97.368 97.298 97.22 97.147 97.073 97.012 96.955 96.885 96.805 96.74 96.698 96.708 97.68 97.673 97.128 96.695 96.43 96.395 96.68 96.55 96.49 96.562 96.59 96.575 96.51 96.79 96.365 96.345 96.332 96.353 96.353 96.353 96.385 96.38 96.36 96.355 96.33 96.35 96.397 96.402 96.39 96.41 96.395 96.385 96.37 96.342 96.325 96.283 96.217 96.173 96.103 96.05 95.993 95.963 95.923 95.853 95.808 95.77 95.738 95.717 95.705 95.693
98.04 97.927 97.838 97.743 97.637 97.53 97.41 97.285 97.173 97.083 97.01 96.932 96.827 96.753 96.692 96.613 96.573 96.525 96.425 96.408 96.4 96.393 96.305 96.228 96.23 96.225 96.223 96.268 96.307 96.375 96.408 96.412 96.41 96.3 96.18 96.15 96.162 96.16 96.198 96.19 96.167 96.158 96.137 96.11 96.08 96.075 96.073 96.062 96.052 96.045 96.027 95.99 95.982 95.965 95.948 95.915 95.853 95.798 95.765 95.738 95.675 95.632 95.583 95.565 95.525 95.5 95.495 95.475 95.46 95.45
97.802 97.7 97.573 97.46 97.355 97.243 97.132 96.987 96.865 96.793 96.725 96.643 96.585 96.525 96.467 96.42 96.378 96.318 96.312 96.482 96.643 96.592 96.342 96.215 96.213 96.205 96.215 96.255 96.265 96.285 96.452 96.387 96.408 96.23 96.128 96.09 96.012 95.91 95.87 95.84 95.798 95.765 95.78 95.725 95.717 95.692 95.705 95.66 95.637 95.64 95.64 95.645 95.61 95.6 95.577 95.55 95.548 95.45 95.415 95.38 95.357 95.338 95.305 95.268 95.235 95.217 95.217 95.202 95.197 95.183
97.518 97.402 97.283 97.178 97.073 96.958 96.83 96.688 96.555 96.467 96.4 96.317 96.22 96.143 96.048 96.005 95.965 95.893 95.872 96.07 97.257 97.107 96.675 96.262 96.105 96.035 95.965 95.893 97.015 99.545 96.588 96.17 96.04 95.925 95.755 95.725 95.658 95.595 95.542 95.465 95.397 95.375 95.38 95.348 95.333 95.298 95.262 95.265 95.288 95.265 95.247 95.25 95.23 95.205 95.173 95.165 95.143 95.107 95.068 95.025 95.027 94.997 94.985 94.955 94.935 94.917 94.91 94.912 94.915 94.897
97.183 97.082 96.952 96.865 96.755 96.652 96.522 96.39 96.257 96.152 96.083 95.988 95.875 95.775 95.705 95.64 95.568 95.485 95.433 95.64 96.558 97.033 96.675 96.16 95.887 96.478 97.41 95.357 96.357 98.355 97.6 95.955 96.253 95.58 95.425 95.327 95.283 95.213 95.155 95.058 95.02 95.01 94.967 94.938 94.895 94.878 94.885 94.865 94.853 94.855 94.845 94.832 94.833 94.838 94.787 94.763 94.74 94.71 94.69 94.655 94.647 94.645 94.643 94.62 94.607 94.61 94.598 94.622 94.625 94.625
96.798 96.702 96.603 96.535 96.42 96.31 96.188 96.072 95.927 95.82 95.74 95.652 95.545 95.45 95.35 95.275 95.213 95.135 95.058 95.16 96.197 96.68 95.7 95.815 95.49 95.792 96.682 95.235 95.05 95.553 95.377 95.655 95.598 95.247 95.055 94.952 94.908 94.81 94.743 94.677 94.62 94.61 94.557 94.548 94.52 94.48 94.48 94.455 94.442 94.438 94.438 94.433 94.408 94.412 94.397 94.365 94.333 94.323 94.305 94.27 94.262 94.26 94.272 94.277 94.262 94.272 94.275 94.29 94.31 94.317
96.382 96.305 96.215 96.15 96.055 95.952 95.835 95.73 95.6 95.495 95.428 95.325 95.22 95.103 95.007 94.905 94.803 94.675 94.58 94.688 95.442 94.842 94.882 94.725 95.33 95.795 94.965 95.542 95.152 95.473 95.372 95.393 95.145 95.253 95.19 94.567 94.503 94.378 94.312 94.255 94.19 94.16 94.167 94.15 94.12 94.113 94.055 94.065 94.025 94.005 94.02 94.005 94.01 94.015 93.99 93.975 93.952 93.938 93.93 93.92 93.923 93.895 93.908 93.902 93.91 93.91 93.93 93.963 93.975 93.99
95.973 95.9 95.81 95.74 95.655 95.575 95.458 95.345 95.207 95.128 95.043 94.96 94.868 94.73 94.628 94.527 94.385 94.2 94.045 94.255 95.128 95.045 94.595 94.23 94.09 94.577 95.07 95.69 94.988 94.317 94.145 94.973 94.91 95.368 95.973 94.075 94 93.935 93.878 93.823 93.79 93.775 93.77 93.745 93.73 93.695 93.673 93.643 93.622 93.588 93.59 93.588 93.595 93.59 93.598 93.585 93.54 93.527 93.515 93.533 93.522 93.525 93.52 93.525 93.533 93.535 93.56 93.588 93.635 93.678
95.53 95.46 95.382 95.327 95.253 95.175 95.07 94.943 94.833 94.738 94.645 94.575 94.452 94.348 94.25 94.13 93.982 93.78 93.605 93.847 94.67 95.317 95.02 94.678 94.208 93.7 93.855 94.062 94.655 94.098 94.27 94.79 95.035 95.2 95.075 93.668 93.557 93.53 93.482 93.415 93.385 93.348 93.345 93.305 93.305 93.277 93.243 93.235 93.192 93.162 93.162 93.17 93.173 93.165 93.177 93.165 93.15 93.132 93.135 93.12 93.132 93.137 93.143 93.158 93.173 93.185 93.192 93.238 93.275 93.318
95.045 95.01 94.947 94.88 94.805 94.725 94.63 94.525 94.408 94.32 94.23 94.12 94.02 93.93 93.812 93.692 93.6 93.522 93.452 93.35 93.493 93.81 93.772 94.402 94.455 94.033 93.798 93.348 94.425 94.188 94.967 94.7 94.32 94.598 93.577 93.66 93.195 93.147 93.06 92.975 92.91 92.86 92.86 92.845 92.833 92.833 92.798 92.803 92.785 92.77 92.755 92.765 92.753 92.753 92.763 92.75 92.74 92.735 92.753 92.743 92.74 92.76 92.77 92.777 92.795 92.817 92.827 92.857 92.912 92.94
94.567 94.515 94.447 94.385 94.323 94.245 94.177 94.085 93.993 93.878 93.8 93.713 93.637 93.55 93.482 93.503 93.55 93.42 93.402 93.682 93.12 93.082 92.97 93.878 93.238 94.03 93.725 93.535 92.905 92.57 92.805 93.037 93.143 93.033 94.122 93.688 92.825 92.795 92.625 92.527 92.475 92.412 92.408 92.387 92.412 92.4 92.387 92.372 92.357 92.342 92.338 92.342 92.342 92.357 92.36 92.363 92.355 92.348 92.333 92.348 92.363 92.375 92.385 92.397 92.43 92.438 92.455 92.482 92.52 92.57
94.07 94.018 93.963 93.895 93.823 93.768 93.715 93.667 93.592 93.562 93.507 93.45 93.378 93.522 93.982 94.52 93.632 93.048 92.443 92.443 94.09 92.68 92.107 92.268 92.185 92.317 92.342 91.925 91.728 91.688 91.693 91.708 92.215 91.817 93.423 93.152 92.48 92.28 92.198 92.053 92.007 91.955 91.947 91.932 91.94 91.94 91.95 91.952 91.927 91.925 91.902 91.917 91.938 91.93 91.94 91.963 91.973 91.982 91.96 91.958 91.958 91.95 91.97 91.988 92.043 92.058 92.075 92.098 92.152 92.177
93.533 93.485 93.46 93.42 93.405 93.357 93.365 93.393 93.265 93.23 93.24 93.24 93.637 93.21 93.378 93.06 92.793 92.065 91.885 91.835 92.17 91.72 91.66 92.183 93.04 92.007 91.493 91.393 91.303 91.26 91.375 91.3 91.07 91.137 92.855 92.658 92.285 91.795 91.667 91.585 91.525 91.49 91.452 91.46 91.46 91.493 91.495 91.485 91.478 91.465 91.44 91.46 91.482 91.497 91.525 91.545 91.555 91.56 91.542 91.542 91.555 91.575 91.565 91.588 91.61 91.655 91.67 91.7 91.747 91.81
93.033 93.005 93.015 93.1 93.147 93.33 93.33 93.923 93.863 93.505 92.842 93.327 92.723 92.223 91.952 91.785 91.605 91.507 91.49 91.333 91.173 91.118 91.07 91.467 92.17 91.433 91.32 91.357 90.808 90.817 90.77 90.845 90.902 92.585 90.747 90.885 91.003 91.192 91.195 91.115 91.052 91.015 90.972 90.952 90.965 90.978 90.99 90.997 91.012 91 90.99 91.003 91.02 91.037 91.07 91.088 91.13 91.137 91.132 91.145 91.16 91.162 91.17 91.213 91.235 91.253 91.29 91.323 91.363 91.435
92.955 93.52 92.825 93.27 93.217 92.585 92.6 92.912 92.12 92.173 91.785 91.632 91.475 91.405 91.3 91.23 91.162 91.083 90.995 90.827 90.692 90.628 90.538 90.548 91.165 90.863 90.972 90.447 90.263 90.255 90.33 90.43 90.723 91.15 90.397 90.162 90.933 90.647 90.647 90.625 90.548 90.497 90.465 90.445 90.463 90.48 90.5 90.52 90.518 90.525 90.522 90.55 90.575 90.592 90.635 90.658 90.688 90.713 90.73 90.732 90.753 90.772 90.785 90.812 90.838 90.878 90.902 90.935 90.975 91.03
93.168 92.592 91.878 91.912 91.927 91.5 91.467 91.385 91.317 91.238 91.118 91.043 91 90.917 90.833 90.762 90.665 90.522 90.408 90.287 90.173 90.103 90.065 89.99 90.45 90.83 90.555 89.958 89.747 90.055 89.815 89.705 89.787 90.37 90.338 90.475 89.732 90.38 90.277 90.177 90.052 89.988 89.945 89.923 89.952 89.97 89.995 90.03 90.035 90.035 90.035 90.073 90.09 90.115 90.162 90.183 90.222 90.247 90.277 90.308 90.323 90.342 90.38 90.395 90.43 90.485 90.512 90.54 90.585 90.645
91.458 91.34 91.253 91.103 91.06 90.997 90.915 90.923 90.855 90.75 90.667 90.607 90.512 90.37 90.335 90.235 90.1 89.963 89.857 89.765 89.667 89.575 89.5 89.433 89.465 89.952 90.15 89.557 89.99 89.36 89.298 89.697 89.493 89.76 90.43 90.728 90.29 89.323 89.567 89.677 89.607 89.497 89.463 89.42 89.415 89.432 89.465 89.49 89.525 89.537 89.545 89.575 89.603 89.622 89.653 89.698 89.735 89.768 89.808 89.85 89.89 89.917 89.95 89.982 90.025 90.052 90.113 90.137 90.192 90.257
90.885 90.845 90.747 90.652 90.575 90.47 90.535 90.372 90.25 90.177 90.07 89.97 89.848 89.74 89.74 89.61 89.525 89.43 89.333 89.25 89.143 89.035 88.952 88.915 88.842 89.76 90.147 89.522 89.04 89.05 88.943 89.628 88.78 90.152 89.2 89.277 88.72 89.022 89.38 89.15 89.125 88.995 88.94 88.912 88.882 88.91 88.955 88.973 88.997 89.03 89.045 89.053 89.082 89.135 89.167 89.227 89.27 89.315 89.353 89.393 89.42 89.497 89.518 89.548 89.575 89.635 89.682 89.738 89.785 89.838
90.445 90.333 90.205 90.15 90.015 89.9 89.765 89.662 89.59 89.512 89.42 89.348 89.245 89.16 89.077 89.003 88.927 88.857 88.772 88.695 88.598 88.518 88.427 88.355 88.312 88.308 89.158 89.55 88.643 88.42 88.9 89.65 89.353 88.645 88.323 88.473 89.19 90.908 91.98 89.298 88.64 88.49 88.425 88.408 88.382 88.382 88.415 88.443 88.465 88.507 88.535 88.55 88.565 88.595 88.635 88.695 88.762 88.82 88.86 88.902 88.963 89.003 89.055 89.11 89.132 89.208 89.26 89.325 89.36 89.428
89.827 89.72 89.618 89.5 89.385 89.272 89.167 89.07 88.993 88.908 88.84 88.75 88.675 88.592 88.51 88.408 88.333 88.268 88.198 88.122 88.048 87.975 87.893 87.808 87.725 87.7 88.255 88.68 90.795 89.39 87.73 88.452 87.765 88.65 88.923 89.015 88.625 88.673 88.688 89.075 88.558 89.827 87.96 87.902 87.882 87.848 87.865 87.902 87.927 87.945 87.975 88.012 88.033 88.072 88.122 88.18 88.228 88.29 88.357 88.425 88.485 88.53 88.582 88.655 88.705 88.757 88.81 88.893 88.948 89.003
89.31 89.202 89.1 88.97 88.853 88.735 88.635 88.527 88.43 88.335 88.257 88.17 88.065 87.967 87.89 87.815 87.728 87.662 87.588 87.505 87.443 87.365 87.295 87.2 87.118 87.065 87.215 87.16 87.952 90.325 87.408 87.312 88.507 88.042 88.438 89.368 88.137 88.48 88.382 88.298 89.48 88.845 87.47 87.37 87.335 87.322 87.305 87.335 87.355 87.382 87.41 87.445 87.48 87.528 87.577 87.64 87.707 87.777 87.84 87.902 87.973 88.03 88.11 88.177 88.238 88.312 88.372 88.438 88.513 88.575
88.808 88.695 88.565 88.46 88.37 88.238 88.1 87.967 87.86 87.755 87.662 87.567 87.47 87.378 87.26 87.17 87.095 87.007 86.923 86.863 86.8 86.728 86.652 86.592 86.512 86.465 86.463 87.503 87.308 88.408 87.87 86.71 86.662 86.76 87.958 87.015 89.535 87.838 88.033 86.805 87.192 87.11 86.948 86.848 86.775 86.755 86.738 86.74 86.775 86.812 86.87 86.908 86.928 86.97 87.022 87.103 87.173 87.24 87.315 87.397 87.457 87.525 87.598 87.68 87.762 87.845 87.908 87.98 88.045 88.11
88.315 88.167 88.058 87.935 87.812 87.688 87.562 87.443 87.322 87.185 87.075 86.952 86.83 86.717 86.605 86.503 86.423 86.318 86.255 86.205 86.143 86.09 86.03 85.995 85.95 85.895 85.86 86.125 86.88 86.772 86.268 86.158 86.05 86.765 86.705 86.452 87.065 88.577 88.77 86.107 87.173 88.835 86.528 86.353 86.257 86.183 86.165 86.16 86.208 86.247 86.305 86.357 86.382 86.417 86.47 86.548 86.62 86.692 86.795 86.868 86.942 87.02 87.098 87.185 87.275 87.342 87.42 87.5 87.575 87.66
87.808 87.692 87.58 87.425 87.305 87.155 87.022 86.85 86.682 86.555 86.418 86.287 86.175 86.057 85.95 85.842 85.735 85.667 85.603 85.543 85.485 85.448 85.395 85.355 85.283 85.235 85.177 85.202 85.948 86.64 86.908 87.067 86.555 85.655 85.405 86.558 86.083 86.037 86.618 86.088 87.51 86.448 85.702 85.745 85.747 85.67 85.61 85.588 85.607 85.652 85.705 85.76 85.795 85.853 85.902 85.975 86.048 86.162 86.228 86.318 86.393 86.48 86.565 86.683 86.765 86.85 86.93 87.013 87.105 87.182
87.355 87.217 87.045 86.885 86.725 86.585 86.413 86.247 86.083 85.93 85.775 85.643 85.507 85.382 85.255 85.145 85.06 84.967 84.895 84.83 84.783 84.73 84.695 84.637 84.59 84.555 84.53 84.535 84.673 85.268 85.457 86.167 86.952 84.948 84.81 86.53 87.155 85.938 85.79 85.625 85.682 84.527 84.835 85.083 85.552 85.147 85.085 85.04 85.027 85.068 85.11 85.145 85.198 85.272 85.315 85.378 85.46 85.548 85.647 85.747 85.835 85.93 86.04 86.137 86.238 86.342 86.44 86.518 86.61 86.7
86.848 86.685 86.515 86.355 86.197 86.01 85.825 85.66 85.46 85.272 85.12 84.952 84.818 84.67 84.56 84.438 84.327 84.245 84.175 84.1 84.04 84.01 83.98 83.945 83.932 83.927 83.878 83.85 83.853 84.028 85.285 86.83 86.445 85.785 85.312 85.89 85.967 85.61 85.105 84.21 84.287 83.997 84.882 88.255 84.62 85.505 84.655 84.507 84.49 84.457 84.482 84.535 84.595 84.64 84.715 84.79 84.86 84.938 85.048 85.155 85.275 85.372 85.488 85.6 85.692 85.8 85.917 86.005 86.107 86.198
86.3 86.14 85.973 85.79 85.6 85.412 85.22 85.025 84.833 84.637 84.465 84.275 84.085 83.935 83.81 83.7 83.598 83.525 83.452 83.382 83.345 83.338 83.293 83.285 83.277 83.223 83.22 83.167 83.155 83.177 83.54 84.42 84.512 84.895 84.527 85.18 84.412 83.632 83.28 84.64 84.97 83.503 85.393 86.632 87.893 87.03 85.88 84.34 83.902 83.86 83.872 83.915 83.978 84.043 84.105 84.177 84.243 84.33 84.435 84.557 84.682 84.783 84.905 85.025 85.143 85.268 85.38 85.488 85.58 85.685
