Matlab/Roost_data/braunton/dsm/ss4638_DSM_2M.asc
ncols 500
nrows 500
xllcorner    246000
yllcorner    138000
cellsize     2
NODATA_value -9999
[rows 330 to 359 of 500, columns 0 to 68 of 500]
125.025 125.118 125.215 125.338 125.5 125.607 125.735 125.885 126.048 126.14 126.28 126.427 126.577 126.677 126.79 126.893 127.027 127.147 127.253 127.365 127.458 127.54 127.62 127.71 127.802 127.872 127.908 127.95 128.003 128.053 128.087 128.117 128.147 128.163 128.173 128.163 128.145 128.113 128.077 128.07 128.027 128.005 127.997 127.988 127.98 127.942 127.837 127.713 127.582 127.443 127.34 127.27 127.205 127.145 127.068 126.985 126.878 126.798 126.717 126.628 126.535 126.42 126.31 126.202 126.103 125.997 125.872 125.75 125.645
124.868 124.965 125.057 125.183 125.345 125.447 125.575 125.72 125.89 126 126.115 126.25 126.397 126.505 126.625 126.728 126.853 126.965 127.083 127.188 127.27 127.378 127.458 127.54 127.61 127.705 127.732 127.772 127.838 127.888 127.915 127.96 127.997 128.012 128.03 128.03 127.993 127.957 127.935 127.915 127.882 127.857 127.842 127.83 127.825 127.792 127.705 127.58 127.448 127.305 127.185 127.098 127.052 127.005 126.93 126.845 126.75 126.652 126.565 126.485 126.393 126.3 126.18 126.068 125.978 125.872 125.757 125.632 125.525
124.71 124.83 124.91 125.035 125.173 125.3 125.417 125.548 125.702 125.86 125.955 126.075 126.223 126.342 126.445 126.552 126.682 126.79 126.89 127.003 127.107 127.202 127.275 127.368 127.433 127.5 127.56 127.605 127.652 127.702 127.747 127.8 127.82 127.853 127.872 127.885 127.853 127.81 127.783 127.775 127.74 127.705 127.678 127.647 127.652 127.613 127.56 127.44 127.293 127.16 127.025 126.938 126.887 126.853 126.78 126.713 126.613 126.507 126.423 126.323 126.23 126.135 126.027 125.912 125.83 125.747 125.635 125.505 125.405
124.58 124.685 124.787 124.88 125.015 125.155 125.25 125.4 125.522 125.693 125.795 125.917 126.035 126.178 126.262 126.37 126.482 126.595 126.705 126.815 126.917 127.015 127.095 127.182 127.26 127.333 127.372 127.423 127.475 127.542 127.583 127.62 127.67 127.695 127.713 127.725 127.708 127.673 127.625 127.605 127.577 127.527 127.485 127.442 127.44 127.43 127.382 127.275 127.132 127 126.863 126.757 126.702 126.662 126.615 126.552 126.46 126.35 126.265 126.165 126.065 125.96 125.87 125.768 125.673 125.592 125.507 125.387 125.27
124.442 124.555 124.658 124.74 124.86 125.01 125.107 125.232 125.363 125.53 125.628 125.743 125.855 126.005 126.068 126.178 126.292 126.397 126.51 126.628 126.732 126.817 126.915 127.005 127.08 127.145 127.202 127.257 127.302 127.365 127.402 127.445 127.485 127.528 127.545 127.54 127.53 127.507 127.467 127.42 127.393 127.345 127.29 127.238 127.225 127.223 127.18 127.103 126.97 126.84 126.692 126.577 126.512 126.473 126.433 126.368 126.285 126.182 126.08 125.988 125.893 125.798 125.702 125.61 125.518 125.438 125.36 125.262 125.147
124.305 124.42 124.518 124.605 124.71 124.848 124.942 125.077 125.213 125.345 125.47 125.58 125.678 125.818 125.893 126 126.092 126.212 126.315 126.432 126.535 126.63 126.723 126.805 126.882 126.967 127.012 127.057 127.11 127.153 127.207 127.25 127.29 127.338 127.363 127.368 127.363 127.337 127.298 127.243 127.195 127.15 127.103 127.043 127.007 126.995 126.965 126.912 126.802 126.662 126.525 126.395 126.32 126.275 126.228 126.162 126.095 125.993 125.895 125.815 125.713 125.63 125.54 125.448 125.372 125.292 125.21 125.12 125.015
124.183 124.28 124.39 124.473 124.573 124.725 124.815 124.912 125.05 125.177 125.312 125.408 125.505 125.645 125.745 125.833 125.94 126.042 126.13 126.238 126.325 126.427 126.503 126.597 126.673 126.757 126.81 126.86 126.902 126.945 127.007 127.035 127.085 127.14 127.152 127.162 127.162 127.143 127.107 127.05 126.997 126.947 126.887 126.833 126.78 126.77 126.75 126.708 126.618 126.493 126.355 126.215 126.11 126.045 126.012 125.967 125.893 125.802 125.717 125.635 125.545 125.463 125.378 125.283 125.198 125.132 125.068 124.988 124.882
124.057 124.15 124.26 124.345 124.435 124.567 124.688 124.787 124.913 125.015 125.162 125.26 125.353 125.465 125.577 125.66 125.747 125.853 125.943 126.018 126.122 126.215 126.295 126.375 126.45 126.542 126.592 126.64 126.685 126.732 126.785 126.827 126.872 126.92 126.93 126.95 126.955 126.948 126.905 126.848 126.793 126.73 126.67 126.613 126.558 126.53 126.522 126.49 126.423 126.315 126.193 126.06 125.94 125.863 125.817 125.762 125.702 125.628 125.535 125.465 125.382 125.298 125.217 125.13 125.03 124.963 124.905 124.835 124.745
123.925 124.058 124.155 124.238 124.32 124.442 124.557 124.65 124.76 124.863 124.985 125.112 125.202 125.275 125.402 125.48 125.568 125.658 125.765 125.83 125.902 126 126.092 126.153 126.24 126.307 126.353 126.405 126.463 126.515 126.56 126.605 126.643 126.685 126.702 126.723 126.723 126.73 126.707 126.65 126.588 126.52 126.457 126.397 126.345 126.312 126.298 126.285 126.225 126.145 126.035 125.903 125.772 125.677 125.622 125.573 125.515 125.445 125.365 125.292 125.228 125.13 125.052 124.965 124.887 124.808 124.738 124.685 124.603
123.825 123.945 124.04 124.115 124.208 124.315 124.427 124.51 124.613 124.717 124.823 124.963 125.033 125.11 125.243 125.29 125.38 125.47 125.562 125.652 125.717 125.805 125.882 125.957 126.02 126.077 126.132 126.175 126.245 126.283 126.323 126.368 126.408 126.447 126.467 126.493 126.493 126.48 126.475 126.42 126.363 126.302 126.25 126.198 126.14 126.095 126.077 126.068 126.037 125.973 125.857 125.74 125.607 125.495 125.438 125.388 125.342 125.272 125.193 125.12 125.045 124.972 124.893 124.81 124.732 124.652 124.582 124.522 124.452
123.715 123.833 123.917 124.007 124.075 124.188 124.287 124.368 124.467 124.555 124.658 124.79 124.895 124.948 125.048 125.113 125.202 125.268 125.37 125.47 125.533 125.61 125.683 125.75 125.805 125.87 125.917 125.938 126 126.053 126.083 126.135 126.175 126.213 126.247 126.247 126.26 126.247 126.228 126.185 126.132 126.1 126.04 125.985 125.917 125.878 125.857 125.853 125.83 125.777 125.677 125.56 125.45 125.338 125.257 125.21 125.147 125.1 125.02 124.945 124.89 124.81 124.722 124.658 124.588 124.493 124.428 124.37 124.302
123.595 123.705 123.792 123.88 123.955 124.045 124.162 124.223 124.308 124.41 124.51 124.61 124.728 124.79 124.87 124.948 125.022 125.11 125.18 125.272 125.353 125.412 125.473 125.555 125.607 125.662 125.705 125.74 125.772 125.808 125.842 125.887 125.912 125.952 125.98 126 126 126.005 125.988 125.952 125.905 125.865 125.82 125.765 125.698 125.645 125.632 125.62 125.615 125.583 125.495 125.385 125.265 125.15 125.077 125.025 124.973 124.915 124.855 124.777 124.713 124.647 124.575 124.495 124.41 124.34 124.268 124.205 124.145
123.47 123.555 123.658 123.745 123.827 123.9 124.015 124.09 124.17 124.265 124.345 124.448 124.565 124.618 124.7 124.783 124.855 124.935 125.003 125.08 125.155 125.225 125.28 125.34 125.405 125.458 125.493 125.52 125.567 125.598 125.61 125.628 125.68 125.715 125.738 125.76 125.76 125.772 125.753 125.717 125.693 125.65 125.6 125.548 125.488 125.443 125.405 125.393 125.39 125.38 125.312 125.213 125.092 124.99 124.903 124.85 124.803 124.747 124.688 124.61 124.542 124.472 124.412 124.338 124.26 124.17 124.098 124.035 123.978
123.315 123.433 123.528 123.613 123.683 123.757 123.87 123.938 124.028 124.118 124.193 124.272 124.388 124.473 124.533 124.618 124.685 124.76 124.84 124.927 124.997 125.048 125.105 125.16 125.217 125.253 125.293 125.342 125.36 125.4 125.395 125.423 125.45 125.475 125.493 125.515 125.53 125.537 125.525 125.497 125.465 125.415 125.375 125.333 125.277 125.228 125.188 125.17 125.167 125.165 125.128 125.04 124.915 124.82 124.725 124.655 124.615 124.575 124.525 124.45 124.385 124.312 124.24 124.18 124.1 124.018 123.945 123.885 123.827
123.2 123.3 123.39 123.493 123.562 123.625 123.735 123.818 123.882 123.958 124.05 124.137 124.213 124.322 124.378 124.463 124.525 124.605 124.677 124.743 124.817 124.857 124.92 124.963 125.035 125.067 125.098 125.137 125.158 125.178 125.19 125.213 125.232 125.24 125.275 125.28 125.28 125.3 125.298 125.277 125.26 125.208 125.162 125.137 125.088 125.037 124.98 124.952 124.952 124.948 124.918 124.85 124.74 124.632 124.527 124.46 124.423 124.393 124.345 124.3 124.22 124.16 124.077 124.003 123.93 123.87 123.802 123.735 123.673
123.072 123.162 123.27 123.365 123.443 123.52 123.592 123.692 123.757 123.83 123.918 124.003 124.058 124.175 124.23 124.317 124.37 124.43 124.51 124.58 124.647 124.69 124.74 124.783 124.83 124.875 124.912 124.93 124.943 124.967 124.985 125.003 125.03 125.042 125.052 125.073 125.062 125.088 125.088 125.073 125.045 125.013 124.965 124.923 124.882 124.815 124.77 124.738 124.72 124.725 124.705 124.662 124.565 124.458 124.36 124.275 124.235 124.198 124.162 124.12 124.062 124 123.915 123.86 123.79 123.717 123.652 123.58 123.505
122.958 123.04 123.158 123.247 123.322 123.395 123.465 123.57 123.637 123.715 123.785 123.868 123.92 124.025 124.095 124.145 124.228 124.293 124.345 124.402 124.488 124.52 124.573 124.62 124.673 124.7 124.72 124.747 124.765 124.768 124.79 124.812 124.823 124.845 124.848 124.848 124.857 124.868 124.85 124.845 124.83 124.795 124.75 124.71 124.668 124.62 124.575 124.533 124.518 124.512 124.51 124.47 124.382 124.283 124.192 124.107 124.04 124.012 123.978 123.945 123.9 123.842 123.768 123.7 123.632 123.573 123.49 123.42 123.335
122.85 122.95 123.035 123.132 123.217 123.287 123.342 123.455 123.522 123.588 123.662 123.717 123.79 123.872 123.972 124.01 124.073 124.125 124.19 124.247 124.318 124.375 124.408 124.45 124.49 124.522 124.535 124.555 124.575 124.58 124.585 124.607 124.618 124.628 124.63 124.637 124.652 124.637 124.632 124.628 124.62 124.585 124.542 124.515 124.463 124.427 124.387 124.35 124.327 124.327 124.33 124.295 124.215 124.12 124.035 123.942 123.882 123.83 123.8 123.78 123.72 123.667 123.61 123.527 123.473 123.408 123.325 123.262 123.182
122.755 122.842 122.942 123.033 123.103 123.18 123.25 123.34 123.395 123.465 123.53 123.592 123.658 123.732 123.832 123.885 123.95 123.988 124.048 124.1 124.155 124.215 124.255 124.31 124.345 124.357 124.375 124.372 124.397 124.397 124.405 124.423 124.425 124.452 124.428 124.43 124.423 124.43 124.423 124.415 124.408 124.4 124.348 124.315 124.272 124.247 124.205 124.167 124.14 124.145 124.145 124.118 124.042 123.96 123.853 123.765 123.7 123.652 123.62 123.575 123.555 123.495 123.44 123.37 123.305 123.238 123.173 123.098 123.03
122.652 122.735 122.823 122.917 123.007 123.08 123.137 123.235 123.283 123.357 123.42 123.482 123.55 123.607 123.69 123.753 123.818 123.857 123.897 123.97 124.022 124.057 124.107 124.16 124.19 124.205 124.205 124.215 124.215 124.213 124.228 124.23 124.232 124.243 124.247 124.243 124.23 124.228 124.232 124.223 124.217 124.205 124.175 124.135 124.098 124.077 124.022 123.988 123.96 123.958 123.965 123.952 123.872 123.78 123.677 123.592 123.525 123.482 123.44 123.405 123.37 123.33 123.265 123.2 123.145 123.075 123.005 122.925 122.862
122.557 122.632 122.723 122.807 122.902 122.993 123.035 123.12 123.188 123.253 123.315 123.37 123.425 123.47 123.555 123.647 123.693 123.735 123.795 123.845 123.888 123.927 123.958 123.993 124.035 124.042 124.04 124.04 124.045 124.062 124.048 124.055 124.045 124.062 124.065 124.06 124.057 124.057 124.033 124.04 124.04 124.025 123.99 123.95 123.917 123.887 123.853 123.817 123.795 123.787 123.787 123.785 123.725 123.632 123.53 123.438 123.357 123.305 123.265 123.22 123.19 123.16 123.103 123.037 122.973 122.912 122.842 122.757 122.695
122.47 122.54 122.628 122.72 122.808 122.885 122.945 123.005 123.085 123.135 123.185 123.245 123.312 123.345 123.408 123.495 123.562 123.61 123.645 123.723 123.76 123.812 123.835 123.863 123.893 123.905 123.878 123.875 123.887 123.895 123.88 123.882 123.87 123.895 123.89 123.885 123.882 123.885 123.87 123.857 123.85 123.838 123.825 123.792 123.75 123.728 123.7 123.665 123.637 123.618 123.622 123.625 123.572 123.478 123.37 123.283 123.195 123.125 123.082 123.05 123.018 122.982 122.925 122.865 122.798 122.735 122.655 122.603 122.533
122.393 122.455 122.537 122.653 122.728 122.792 122.857 122.918 122.975 123.018 123.07 123.132 123.185 123.238 123.292 123.355 123.438 123.503 123.52 123.575 123.635 123.665 123.69 123.715 123.747 123.76 123.745 123.732 123.737 123.738 123.732 123.728 123.715 123.713 123.713 123.713 123.715 123.72 123.71 123.688 123.69 123.68 123.67 123.64 123.585 123.555 123.535 123.505 123.467 123.445 123.445 123.458 123.418 123.335 123.228 123.132 123.04 122.955 122.915 122.872 122.838 122.792 122.745 122.695 122.63 122.575 122.503 122.438 122.37
122.317 122.38 122.452 122.54 122.64 122.698 122.76 122.827 122.9 122.91 122.96 123.027 123.083 123.128 123.173 123.24 123.312 123.375 123.397 123.438 123.485 123.522 123.555 123.567 123.607 123.607 123.595 123.585 123.595 123.592 123.595 123.585 123.577 123.57 123.573 123.55 123.557 123.555 123.527 123.528 123.527 123.53 123.5 123.475 123.445 123.402 123.38 123.34 123.315 123.285 123.27 123.262 123.257 123.185 123.092 122.985 122.887 122.798 122.743 122.698 122.662 122.643 122.582 122.527 122.45 122.397 122.33 122.272 122.192
122.23 122.283 122.363 122.458 122.54 122.618 122.665 122.708 122.795 122.827 122.86 122.912 122.96 123.012 123.055 123.113 123.19 123.257 123.287 123.302 123.33 123.368 123.412 123.438 123.463 123.473 123.478 123.445 123.45 123.448 123.445 123.438 123.44 123.417 123.41 123.402 123.405 123.387 123.38 123.363 123.363 123.36 123.34 123.315 123.287 123.253 123.22 123.19 123.15 123.115 123.098 123.09 123.08 123.033 122.945 122.848 122.743 122.64 122.577 122.54 122.503 122.465 122.425 122.357 122.292 122.243 122.165 122.11 122.033
122.14 122.193 122.262 122.36 122.442 122.52 122.588 122.65 122.7 122.747 122.762 122.812 122.86 122.912 122.963 122.995 123.073 123.143 123.167 123.19 123.213 123.245 123.287 123.312 123.333 123.338 123.342 123.325 123.323 123.322 123.307 123.298 123.27 123.26 123.268 123.255 123.265 123.247 123.228 123.21 123.213 123.193 123.183 123.165 123.137 123.105 123.065 123.03 122.997 122.965 122.923 122.905 122.902 122.887 122.815 122.713 122.607 122.505 122.43 122.375 122.333 122.307 122.257 122.2 122.145 122.07 122.003 121.942 121.865
122.045 122.13 122.173 122.275 122.357 122.43 122.48 122.542 122.603 122.647 122.675 122.708 122.76 122.815 122.855 122.89 122.935 123 123.062 123.073 123.107 123.128 123.183 123.193 123.213 123.215 123.205 123.198 123.198 123.193 123.177 123.155 123.137 123.118 123.118 123.11 123.088 123.077 123.073 123.06 123.052 123.022 123.022 122.997 122.97 122.938 122.92 122.89 122.842 122.812 122.77 122.728 122.725 122.717 122.652 122.565 122.467 122.353 122.278 122.225 122.175 122.137 122.103 122.048 121.975 121.91 121.848 121.78 121.7
121.96 122.025 122.095 122.158 122.245 122.338 122.378 122.44 122.497 122.555 122.573 122.607 122.652 122.695 122.73 122.787 122.838 122.88 122.93 122.96 122.978 123.01 123.05 123.083 123.085 123.092 123.085 123.083 123.057 123.057 123.052 123.022 123.01 122.993 122.978 122.967 122.943 122.923 122.917 122.905 122.878 122.872 122.87 122.845 122.815 122.795 122.76 122.72 122.677 122.645 122.595 122.555 122.542 122.537 122.507 122.427 122.325 122.228 122.13 122.067 122.012 121.982 121.932 121.878 121.812 121.753 121.695 121.61 121.545
121.88 121.935 121.995 122.068 122.15 122.217 122.29 122.33 122.395 122.475 122.48 122.507 122.552 122.588 122.622 122.665 122.705 122.768 122.82 122.855 122.878 122.89 122.925 122.95 122.96 122.97 122.975 122.963 122.94 122.943 122.92 122.895 122.875 122.865 122.845 122.817 122.792 122.778 122.75 122.755 122.74 122.72 122.702 122.685 122.66 122.613 122.585 122.552 122.512 122.485 122.432 122.39 122.378 122.368 122.355 122.285 122.178 122.082 121.988 121.908 121.855 121.81 121.768 121.723 121.662 121.585 121.53 121.463 121.405
121.785 121.85 121.897 121.965 122.057 122.113 122.17 122.238 122.277 122.355 122.372 122.415 122.445 122.49 122.53 122.567 122.605 122.647 122.715 122.743 122.77 122.792 122.8 122.825 122.842 122.855 122.848 122.845 122.815 122.807 122.802 122.765 122.743 122.715 122.693 122.68 122.64 122.613 122.597 122.592 122.57 122.567 122.545 122.527 122.507 122.47 122.433 122.402 122.372 122.33 122.268 122.225 122.188 122.18 122.17 122.132 122.03 121.933 121.825 121.743 121.68 121.643 121.61 121.567 121.505 121.448 121.382 121.312 121.243
