Matlab/Roost_data/braunton/dsm/ss4634_DSM_2M.asc
ncols 500
nrows 500
xllcorner    246000
yllcorner    134000
cellsize     2
NODATA_value -9999
[rows 245 to 279 of 500, columns 0 to 78 of 500]
9.843 9.868 9.92 9.95 9.945 9.93 9.872 9.965 9.913 9.88 9.887 9.847 9.825 9.835 9.842 9.815 9.833 9.795 9.837 9.802 9.807 9.86 9.952 9.967 9.823 9.89 10.043 9.957 9.845 9.863 9.828 9.83 9.82 9.863 9.807 9.833 9.865 9.762 9.677 9.63 9.565 9.587 9.565 9.55 9.557 9.613 9.835 9.642 9.562 9.575 9.653 9.67 9.613 9.53 9.528 9.528 9.528 9.52 9.5 9.485 9.483 9.47 9.475 9.462 9.387 9.368 9.33 9.328 9.327 9.285 9.292 9.335 9.327 9.333 9.34 9.36 9.345 9.323 9.302
9.892 9.892 9.892 9.92 9.915 9.86 9.807 9.807 9.797 9.795 9.795 9.812 9.882 9.925 9.88 9.858 9.847 9.802 9.83 9.905 9.845 9.843 9.875 9.833 9.84 9.812 9.917 9.92 9.845 9.898 9.843 9.828 9.84 9.805 9.815 9.8 9.823 9.773 9.69 9.61 9.583 9.648 9.608 9.542 9.585 9.59 9.58 9.597 9.568 9.625 9.573 9.635 9.605 9.493 9.49 9.497 9.485 9.502 9.485 9.5 9.51 9.493 9.52 9.5 9.462 9.405 9.375 9.355 9.368 9.312 9.32 9.312 9.312 9.345 9.323 9.345 9.307 9.29 9.318
9.847 9.86 9.868 9.852 9.858 9.812 9.775 9.755 9.78 9.818 9.825 9.805 9.835 9.837 9.83 9.84 9.847 9.825 9.833 10.065 10.06 9.865 9.895 9.847 9.85 9.82 9.82 9.895 9.823 9.833 9.828 9.898 9.882 9.82 9.788 9.858 10.05 9.8 9.715 9.693 9.755 9.727 9.635 9.725 9.61 9.542 9.535 9.523 9.562 9.597 9.608 9.593 9.62 9.608 9.568 9.542 9.54 9.543 9.538 9.5 9.49 9.493 9.515 9.535 9.515 9.477 9.45 9.398 9.4 9.358 9.347 9.363 9.315 9.32 9.333 9.295 9.235 9.32 9.318
9.837 9.843 9.823 9.828 9.797 9.765 9.75 9.77 9.8 9.837 9.842 9.83 9.805 9.79 9.778 9.792 9.792 9.773 9.79 9.835 9.812 9.812 9.82 9.802 9.855 9.828 9.8 9.778 9.778 9.81 9.843 9.95 9.855 9.757 9.757 9.77 9.775 9.665 9.562 9.542 9.71 9.725 9.67 9.58 9.54 9.51 9.465 9.515 9.613 9.605 9.605 9.575 9.613 9.495 9.493 9.597 9.688 9.57 9.427 9.44 9.462 9.438 9.52 9.488 9.51 9.523 9.515 9.477 9.49 9.435 9.382 9.422 9.448 9.377 9.4 9.415 9.425 9.415 9.405
9.823 9.825 9.807 9.812 9.795 9.788 9.785 9.795 9.8 9.807 9.818 9.828 9.788 9.8 9.885 9.887 9.83 9.845 9.86 9.843 9.84 9.863 9.86 9.86 9.85 9.845 9.802 9.815 9.805 9.775 9.755 9.802 9.773 9.72 9.712 9.73 9.67 9.575 9.517 9.562 9.622 9.722 9.645 9.528 9.472 9.477 9.455 9.483 9.505 9.547 9.583 9.61 9.645 9.52 9.51 9.613 9.675 9.64 9.493 9.438 9.483 9.45 9.483 9.465 9.465 9.47 9.49 9.5 9.477 9.45 9.43 9.485 9.51 9.448 9.453 9.387 9.658 9.885 9.355
9.812 9.805 9.818 9.85 9.837 9.792 9.795 9.783 9.762 9.755 9.753 9.77 9.77 9.805 9.845 9.842 9.818 9.823 9.87 9.88 9.885 9.875 9.898 9.915 9.917 9.89 9.843 9.795 9.74 9.68 9.695 9.715 9.733 9.722 9.743 9.77 9.638 9.542 9.515 9.507 9.573 9.69 9.613 9.495 9.45 9.44 9.462 9.452 9.465 9.472 9.523 9.665 9.6 9.483 9.533 9.583 9.613 9.585 9.562 9.557 9.557 9.472 9.493 9.465 9.427 9.427 9.43 9.462 9.483 9.443 9.455 9.517 9.562 9.562 9.453 9.533 9.413 10.205 10.753
9.825 9.837 9.852 9.823 9.795 9.783 9.82 9.812 9.798 9.802 9.785 9.765 9.788 9.818 9.757 9.78 9.798 9.835 9.86 9.885 9.905 9.927 9.957 9.917 9.925 9.93 9.905 9.84 9.805 9.722 9.72 9.765 9.76 9.743 9.747 9.65 9.52 9.49 9.485 9.48 9.535 9.67 9.63 9.525 9.505 9.458 9.483 9.445 9.385 9.485 9.585 9.625 9.622 9.512 9.505 9.475 9.475 9.488 9.523 9.565 9.54 9.552 9.545 9.503 9.465 9.413 9.387 9.43 9.467 9.425 9.46 9.547 9.605 9.403 9.538 9.852 9.515 10.52 10.573
9.8 9.81 9.775 9.747 9.762 9.75 9.767 9.812 9.842 9.84 9.81 9.798 9.815 9.788 9.8 9.79 9.823 9.845 9.922 9.895 9.89 9.927 9.935 9.965 9.935 9.925 9.9 9.873 9.807 9.733 9.835 9.78 9.743 9.738 9.727 9.622 9.495 9.503 9.495 9.477 9.523 9.595 9.64 9.585 9.585 9.488 9.462 9.438 9.39 9.533 9.613 9.677 9.592 9.53 9.48 9.452 9.443 9.493 9.453 9.517 9.565 9.56 9.555 9.517 9.51 9.42 9.395 9.407 9.413 9.477 9.488 9.425 9.475 9.45 9.557 9.685 9.503 9.868 9.818
9.783 9.767 9.765 9.75 9.757 9.737 9.765 9.807 9.812 9.818 9.812 9.825 9.837 9.84 9.84 9.852 9.858 9.837 9.875 9.895 9.9 9.927 9.92 9.965 9.943 9.91 9.93 9.925 9.88 9.76 9.903 9.81 9.74 9.72 9.73 9.61 9.51 9.5 9.495 9.465 9.485 9.48 9.507 9.49 9.535 9.498 9.493 9.427 9.515 9.635 9.65 9.585 9.507 9.535 9.573 9.512 9.472 9.458 9.497 9.59 9.6 9.54 9.52 9.51 9.48 9.467 9.417 9.398 9.417 9.542 9.515 9.472 9.493 9.45 9.565 9.595 9.638 9.86 10.255
9.743 9.76 9.738 9.76 9.812 9.82 9.805 9.82 9.835 9.815 9.823 9.825 9.842 9.837 9.845 9.87 9.875 9.83 9.827 9.847 9.927 9.972 10.005 9.993 9.972 9.953 9.935 9.93 9.887 9.855 9.858 9.863 9.88 9.77 9.715 9.587 9.505 9.495 9.49 9.472 9.432 9.422 9.45 9.378 9.443 9.462 9.422 9.392 9.562 9.688 9.657 9.585 9.497 9.555 9.538 9.51 9.523 9.552 9.61 9.618 9.568 9.493 9.528 9.477 9.43 9.398 9.375 9.37 9.403 9.448 9.458 9.503 9.455 9.512 9.465 9.513 9.503 9.69 10.068
9.765 9.76 9.79 9.793 9.823 9.855 9.865 9.88 9.855 9.823 9.83 9.86 9.868 9.872 9.825 9.86 9.898 9.92 9.882 9.9 9.953 9.993 9.972 9.987 9.988 9.99 9.945 9.948 9.88 9.9 9.908 9.873 9.863 9.825 9.71 9.575 9.512 9.517 9.49 9.475 9.443 9.443 9.472 9.528 9.52 9.485 9.448 9.448 9.505 9.548 9.702 9.75 9.59 9.533 9.49 9.525 9.557 9.602 9.577 9.507 9.448 9.44 9.39 9.382 9.372 9.333 9.408 9.415 9.467 9.48 9.467 9.403 9.462 9.488 9.48 9.365 9.495 9.587 9.745
9.833 9.858 9.88 9.863 9.88 9.863 9.872 9.855 9.887 9.845 9.85 9.865 9.907 9.903 9.95 9.878 9.89 9.895 9.93 9.913 9.97 10.012 10.02 10.01 10 9.997 9.965 9.938 9.975 9.94 9.91 9.84 9.855 9.818 9.727 9.592 9.493 9.488 9.497 9.448 9.465 9.472 9.502 9.562 9.533 9.475 9.568 9.562 9.465 9.515 9.665 9.722 9.68 9.555 9.49 9.503 9.515 9.435 9.378 9.35 9.365 9.352 9.365 9.352 9.395 9.405 9.42 9.488 9.39 9.395 9.422 9.417 9.62 9.615 9.657 9.658 9.573 9.503 9.422
9.865 9.86 9.855 9.858 9.915 9.905 9.917 9.858 9.86 9.882 9.887 9.878 9.885 9.882 9.917 9.903 9.87 9.875 9.945 9.945 9.993 10.015 9.998 9.983 9.972 9.993 9.96 9.92 9.92 9.91 9.847 9.837 9.84 9.855 9.805 9.722 9.61 9.578 9.565 9.56 9.497 9.44 9.46 9.568 9.53 9.477 9.497 9.39 9.477 9.555 9.71 9.717 9.58 9.573 9.568 9.44 9.438 9.37 9.35 9.36 9.358 9.347 9.368 9.39 9.443 9.505 9.575 9.545 9.417 9.395 9.485 9.552 9.68 9.595 9.653 9.698 9.675 9.66 9.445
9.755 9.788 9.82 9.823 9.833 9.837 9.868 9.86 9.858 9.882 9.903 9.878 9.865 9.868 9.92 9.927 9.93 9.925 9.98 10.023 10.055 10.052 10.033 10.02 9.993 9.985 9.962 9.958 9.895 9.85 9.913 9.895 9.872 9.953 9.892 9.87 9.705 9.673 9.688 9.642 9.55 9.515 9.462 9.483 9.547 9.552 9.44 9.528 9.592 9.717 9.878 9.773 9.635 9.637 9.58 9.49 9.452 9.423 9.405 9.335 9.352 9.355 9.398 9.49 9.557 9.608 9.59 9.632 9.62 9.605 9.497 9.62 9.545 9.58 9.575 9.587 9.602 9.475 9.507
9.73 9.747 9.8 9.782 9.818 9.828 9.805 9.835 9.855 9.878 9.905 9.903 9.91 9.9 9.95 10.005 9.997 10.033 10.012 10.04 10.057 10.042 10.05 10.042 10.04 10.038 10.01 9.932 9.877 9.9 9.903 9.865 9.865 10.015 9.855 9.767 9.733 9.712 9.705 9.715 9.657 9.595 9.523 9.465 9.467 9.462 9.5 9.66 9.707 9.773 9.767 9.67 9.625 9.565 9.605 9.58 9.565 9.45 9.36 9.345 9.347 9.358 9.498 9.595 9.52 9.585 9.497 9.523 9.715 9.735 9.6 9.695 9.602 9.667 9.615 9.5 9.52 9.52 9.465
9.795 9.745 9.778 9.818 9.84 9.905 9.87 9.895 9.908 9.95 9.967 9.922 9.927 9.927 9.972 10.015 10.028 10.065 10.06 10.055 10.057 10.025 10.035 10.033 10.062 10.045 10.028 9.995 9.935 9.887 9.892 9.837 9.798 9.792 9.778 9.755 9.685 9.667 9.692 9.69 9.658 9.682 9.62 9.55 9.507 9.517 9.51 9.56 9.667 9.688 9.69 9.68 9.658 9.555 9.592 9.64 9.608 9.477 9.387 9.382 9.43 9.458 9.432 9.45 9.53 9.435 9.395 9.385 9.515 9.495 9.672 9.53 9.533 9.448 9.698 9.783 9.462 9.387 9.45
9.898 9.847 9.85 9.8 9.915 9.903 9.91 9.967 10.005 9.988 9.993 9.935 9.895 9.88 9.958 10.015 10.017 10.068 10.087 10.06 10.065 10.055 10.065 10.05 10.078 10.083 10.04 10.007 10.005 9.975 9.863 9.825 9.77 9.747 9.703 9.677 9.702 9.715 9.665 9.655 9.623 9.618 9.628 9.625 9.618 9.587 9.578 9.56 9.635 9.682 9.66 9.69 9.668 9.613 9.587 9.627 9.568 9.488 9.465 9.542 9.455 9.512 9.512 9.425 9.403 9.452 9.417 9.59 9.613 9.52 9.755 9.735 9.825 9.462 9.46 9.512 9.477 9.363 9.708
10.012 9.935 9.892 9.922 9.958 9.95 9.975 10.003 10.028 9.998 9.98 9.967 9.855 9.86 9.958 10.042 10.083 10.113 10.14 10.14 10.153 10.22 10.195 10.185 10.142 10.113 10.043 9.972 9.955 9.967 9.88 9.827 9.74 9.74 9.705 9.7 9.715 9.727 9.682 9.672 9.62 9.568 9.613 9.667 9.657 9.642 9.583 9.565 9.625 9.62 9.657 9.667 9.635 9.585 9.472 9.472 9.51 9.47 9.485 9.485 9.455 9.517 9.46 9.462 9.455 9.458 9.515 9.648 9.69 9.557 9.595 9.565 9.618 9.443 9.472 9.445 9.55 9.717 9.385
10.03 10.033 10.012 9.988 10.01 10.073 10.023 10.062 10.023 9.993 10.02 10.025 9.965 9.93 10.023 10.06 10.142 10.185 10.195 10.23 10.267 10.325 10.298 10.278 10.24 10.188 10.092 10.057 9.983 9.93 9.872 9.827 9.773 9.75 9.712 9.722 9.708 9.733 9.665 9.625 9.595 9.605 9.602 9.667 9.653 9.693 9.645 9.573 9.593 9.58 9.642 9.61 9.53 9.422 9.403 9.358 9.377 9.448 9.57 9.488 9.488 9.488 9.497 9.51 9.562 9.5 9.453 9.597 9.68 9.547 9.455 9.45 9.622 9.4 9.467 9.735 9.407 9.497 9.462
10.062 10.028 10.035 10.012 10.03 10.04 10.038 10.062 10.005 9.995 10.003 10.068 10.04 10.03 10.095 10.163 10.172 10.23 10.285 10.275 10.31 10.335 10.377 10.328 10.295 10.243 10.125 10.09 9.977 9.927 9.89 9.96 9.92 10.01 9.727 9.672 9.665 9.685 9.708 9.685 9.635 9.535 9.56 9.605 9.623 9.663 9.682 9.655 9.56 9.497 9.477 9.505 9.43 9.375 9.34 9.333 9.372 9.435 9.37 9.378 9.395 9.448 9.44 9.422 9.525 9.775 9.505 9.523 9.68 9.71 9.38 9.345 9.42 9.387 9.358 9.432 9.422 9.727 9.583
10.023 10.012 10.003 9.993 9.99 10.013 10.025 9.995 10.007 10.017 10.035 10.045 10.06 10.108 10.128 10.222 10.262 10.267 10.3 10.358 10.415 10.453 10.477 10.405 10.345 10.23 10.095 10.1 10.068 10.04 10.042 10.012 10.005 9.898 9.718 9.67 9.693 9.708 9.743 9.74 9.578 9.507 9.528 9.562 9.562 9.677 9.762 9.672 9.56 9.46 9.425 9.385 9.387 9.358 9.345 9.363 9.395 9.452 9.355 9.342 9.35 9.352 9.432 9.395 9.54 9.668 9.61 9.573 9.682 9.538 9.312 9.355 9.42 9.337 9.34 9.253 9.485 9.507 9.46
9.948 9.943 9.913 9.922 9.932 9.948 9.932 9.962 9.945 9.975 9.977 10.007 10.08 10.15 10.165 10.292 10.347 10.333 10.333 10.42 10.48 10.507 10.5 10.465 10.36 10.25 10.17 10.172 10.19 10.17 10.208 10 10.043 9.895 9.775 9.71 9.67 9.733 9.757 9.73 9.613 9.475 9.38 9.455 9.475 9.695 9.69 9.698 9.59 9.42 9.39 9.358 9.358 9.363 9.372 9.405 9.452 9.472 9.385 9.395 9.422 9.41 9.405 9.507 9.67 9.882 9.583 9.557 9.59 9.575 9.347 9.342 9.448 9.44 9.318 9.328 9.472 9.632 9.535
9.828 9.835 9.798 9.812 9.863 9.91 9.955 9.94 9.948 9.9 9.925 9.977 10.055 10.15 10.225 10.347 10.36 10.395 10.368 10.422 10.452 10.462 10.517 10.495 10.395 10.25 10.205 10.168 10.195 10.118 10.005 9.932 9.955 9.895 9.845 9.8 9.702 9.735 9.74 9.657 9.568 9.493 9.475 9.485 9.658 9.767 9.66 9.645 9.558 9.44 9.363 9.38 9.372 9.378 9.413 9.415 9.49 9.517 9.43 9.392 9.458 9.523 9.565 9.608 9.54 9.507 9.575 9.545 9.505 9.467 9.58 9.708 9.488 9.48 9.783 9.403 9.438 9.575 9.66
9.73 9.75 9.767 9.755 9.8 9.812 9.85 9.847 9.892 9.882 9.898 9.985 10.08 10.17 10.275 10.365 10.415 10.408 10.39 10.378 10.413 10.407 10.375 10.413 10.375 10.288 10.182 10.15 10.122 10.02 9.975 9.945 9.898 9.925 9.913 9.83 9.765 9.722 9.708 9.667 9.665 9.58 9.55 9.677 9.733 9.657 9.628 9.645 9.535 9.415 9.427 9.48 9.44 9.49 9.75 9.675 9.595 9.56 9.602 9.523 9.455 9.493 9.488 9.485 9.54 9.445 9.443 9.45 9.6 9.48 9.54 9.57 9.517 9.538 9.67 9.733 9.392 9.54 9.903
9.725 9.745 9.745 9.753 9.792 9.797 9.847 9.847 9.828 9.875 9.94 9.993 10.065 10.177 10.318 10.415 10.415 10.408 10.413 10.382 10.33 10.312 10.257 10.265 10.345 10.253 10.135 10.097 10.083 10.04 10.007 9.93 9.927 9.92 9.89 9.847 9.765 9.725 9.708 9.738 9.622 9.615 9.525 9.565 9.583 9.595 9.608 9.64 9.483 9.47 9.528 9.555 9.542 9.507 9.695 9.695 9.61 9.62 9.725 9.653 9.592 9.59 9.568 9.717 9.497 9.432 9.382 9.372 9.47 9.42 9.283 9.41 9.49 9.552 9.63 9.56 9.695 10.012 9.738
9.66 9.68 9.708 9.733 9.74 9.775 9.823 9.833 9.842 9.882 9.975 10.028 10.108 10.235 10.333 10.432 10.465 10.483 10.432 10.398 10.267 10.208 10.173 10.195 10.185 10.095 10.045 10.028 9.985 10.023 9.962 9.892 9.892 9.917 9.9 9.887 9.837 9.828 9.798 9.757 9.682 9.61 9.573 9.645 9.595 9.597 9.597 9.573 9.49 9.43 9.552 9.632 9.535 9.55 9.608 9.767 9.67 9.865 9.985 9.743 9.71 9.688 9.605 9.488 9.36 9.385 9.455 9.403 9.342 9.332 9.255 9.285 9.4 9.395 9.312 9.475 9.807 9.89 9.73
9.653 9.663 9.655 9.66 9.655 9.69 9.725 9.792 9.8 9.868 9.952 10.052 10.12 10.21 10.22 10.34 10.458 10.52 10.415 10.352 10.292 10.233 10.118 10.13 10.165 10.1 10.065 9.96 9.925 9.887 9.88 9.807 9.818 9.842 9.863 9.875 9.873 9.877 9.86 9.828 9.727 9.672 9.635 9.64 9.648 9.642 9.642 9.59 9.575 9.543 9.52 9.523 9.688 9.57 9.6 9.727 9.693 9.747 9.675 9.682 9.675 9.693 9.575 9.432 9.375 9.375 9.493 9.533 9.413 9.327 9.278 9.262 9.267 9.263 9.28 9.302 9.307 9.292 9.343
9.637 9.642 9.637 9.622 9.628 9.618 9.65 9.688 9.748 9.81 9.882 9.972 10.06 10.135 10.2 10.278 10.31 10.365 10.298 10.288 10.238 10.2 10.07 10.075 10.7 10.32 9.962 9.948 9.905 9.858 9.802 9.795 9.828 9.805 9.835 9.835 9.807 9.86 9.905 9.887 9.792 9.7 9.65 9.63 9.7 9.722 9.64 9.557 9.562 9.597 9.625 9.602 9.635 9.552 9.587 9.552 9.548 9.455 9.497 9.583 9.657 9.547 9.445 9.387 9.458 9.45 9.38 9.515 9.39 9.302 9.257 9.34 9.443 9.407 9.37 9.382 9.48 9.335 9.355
9.608 9.6 9.59 9.587 9.583 9.595 9.6 9.608 9.637 9.695 9.785 9.868 10.025 10.09 10.125 10.193 10.207 10.23 10.2 10.185 10.148 10.052 9.975 9.93 10.085 9.907 9.905 9.915 9.898 9.847 9.798 9.802 9.79 9.755 9.78 9.8 9.795 9.792 9.835 9.833 9.81 9.753 9.688 9.682 9.743 9.782 9.698 9.645 9.53 9.613 9.7 9.7 9.663 9.5 9.552 9.432 9.483 9.42 9.472 9.472 9.455 9.465 10.028 10.342 9.703 9.885 9.382 9.45 9.345 9.3 9.325 9.457 9.538 9.568 9.535 9.58 9.67 9.54 9.39
9.625 9.575 9.6 9.552 9.575 9.578 9.583 9.593 9.583 9.597 9.68 9.773 9.887 10.012 10.03 10.052 10.113 10.14 10.092 10.075 10.038 9.948 9.887 9.802 9.738 9.727 9.765 9.852 9.875 9.855 9.76 9.755 9.722 9.677 9.702 9.748 9.765 9.753 9.717 9.743 9.775 9.81 9.778 9.783 9.76 9.735 9.702 9.712 9.675 9.663 9.733 9.993 10.033 9.573 9.493 9.455 9.472 9.488 9.427 9.415 9.42 9.387 9.497 9.465 10.158 9.977 9.48 9.425 9.41 9.38 9.38 9.608 9.632 9.542 9.56 9.71 9.545 9.423 9.435
9.58 9.575 9.533 9.517 9.58 9.57 9.573 9.562 9.557 9.605 9.583 9.65 9.765 9.83 9.913 9.935 9.922 9.97 10.003 9.983 9.965 9.887 9.752 9.725 9.685 9.69 9.722 9.773 9.79 9.757 9.73 9.712 9.74 9.648 9.615 9.635 9.717 9.828 9.743 9.705 9.7 9.743 9.795 9.78 9.733 9.735 9.727 9.75 9.78 9.677 10.24 9.693 9.858 9.618 9.552 9.565 9.655 9.68 9.542 9.43 9.462 9.413 9.443 9.515 9.702 9.45 9.42 9.453 9.443 9.325 9.47 9.592 9.682 9.49 9.645 9.698 9.573 9.45 9.32
9.523 9.55 9.53 9.573 9.535 9.545 9.56 9.517 9.585 9.55 9.627 9.59 9.635 9.725 9.792 9.83 9.81 9.837 9.898 9.882 9.873 9.882 9.86 9.767 9.702 9.68 9.743 9.81 9.778 9.707 9.63 9.64 9.615 9.597 9.602 9.693 9.842 9.812 9.735 9.688 9.675 9.702 9.707 9.695 9.653 9.722 9.78 9.825 9.677 9.613 9.788 9.87 9.695 9.685 9.568 9.632 9.698 9.66 9.628 9.577 9.622 9.548 9.535 9.52 9.49 9.507 9.448 9.438 9.345 9.305 9.368 9.39 9.435 9.375 9.535 9.583 9.548 9.36 9.312
9.545 9.575 9.53 9.55 9.543 9.533 9.495 9.555 9.573 9.63 9.59 9.57 9.585 9.635 9.707 9.743 9.788 9.795 9.807 9.81 9.812 9.83 9.845 9.792 9.727 9.745 9.815 9.892 9.83 9.712 9.672 9.655 9.648 9.61 9.648 9.705 9.988 9.705 9.7 9.702 9.677 9.615 9.632 9.67 9.708 9.887 9.773 9.737 9.715 9.695 9.568 9.485 9.48 9.7 9.767 10.525 9.76 9.65 9.56 9.695 9.825 9.653 9.557 9.49 9.46 9.495 9.493 9.42 9.375 9.42 9.255 9.25 9.275 9.29 9.288 9.363 9.42 9.445 9.3
9.552 9.515 9.53 9.512 9.48 9.528 9.512 9.57 9.587 9.555 9.575 9.592 9.58 9.587 9.653 9.67 9.692 9.72 9.722 9.712 9.762 9.812 9.843 9.755 9.722 9.75 9.815 9.785 9.74 9.688 9.658 9.695 9.717 9.738 9.712 9.71 9.665 9.76 9.757 9.773 9.72 9.712 9.708 9.735 9.812 9.95 9.95 9.815 10.663 9.84 9.712 9.47 9.467 9.5 9.735 9.858 10.413 9.765 9.535 9.523 9.727 9.63 9.53 9.438 9.42 9.503 9.413 9.475 9.488 9.52 9.342 9.278 9.262 9.247 9.29 9.467 9.395 9.41 9.31
9.793 9.54 9.495 9.52 9.507 9.545 9.523 9.568 9.497 9.565 9.542 9.545 9.55 9.588 9.682 9.722 9.595 9.59 9.637 9.685 9.668 9.653 9.7 9.707 9.702 9.717 9.807 9.737 9.66 9.735 9.745 9.708 9.855 9.98 9.85 10.145 10.035 9.78 9.843 9.835 9.757 9.635 9.7 9.812 9.97 9.88 9.892 10.155 9.645 9.65 9.503 9.705 9.443 9.48 9.632 9.565 9.608 9.48 9.512 9.47 9.488 9.435 9.395 9.34 9.432 9.382 9.42 9.425 9.488 9.505 9.42 9.27 9.293 9.288 9.345 9.41 9.452 9.445 9.288
