Matlab/Roost_data/braunton/dsm/ss4640_DSM_2M.asc
ncols 500
nrows 500
xllcorner    246000
yllcorner    140000
cellsize     2
NODATA_value -9999
[rows 210 to 239 of 500, columns 69 to 137 of 500]
122.257 122.3 122.337 122.372 122.415 122.457 122.522 122.575 122.592 122.63 122.615 122.582 122.562 122.47 123.122 123.62 122.457 122.5 122.557 122.595 122.592 122.597 122.575 122.59 122.582 122.59 122.585 122.602 122.61 122.62 122.617 122.627 122.614 122.619 122.602 122.574 122.604 122.579 122.534 122.492 122.479 122.469 122.397 122.389 122.374 122.372 122.362 122.332 122.304 122.257 122.182 122.149 122.122 122.112 122.069 122.074 122.014 122.002 121.999 121.982 121.957 121.952 121.937 121.922 121.897 121.902 121.867 121.862 121.854
122.182 122.252 122.302 122.33 122.357 122.407 122.482 122.53 122.552 122.542 122.52 122.475 122.417 122.665 123.475 122.912 122.4 122.435 122.502 122.48 122.487 122.497 122.462 122.472 122.467 122.48 122.485 122.477 122.485 122.512 122.517 122.519 122.512 122.499 122.462 122.467 122.452 122.437 122.409 122.369 122.347 122.344 122.302 122.272 122.249 122.239 122.237 122.192 122.149 122.097 122.062 122.042 121.989 121.999 121.954 121.937 121.914 121.884 121.852 121.854 121.837 121.837 121.802 121.782 121.759 121.744 121.712 121.754 121.742
122.182 122.205 122.245 122.29 122.31 122.377 122.415 122.472 122.477 122.455 122.417 122.397 122.345 123.207 123.125 122.307 122.307 122.385 122.377 122.387 122.365 122.372 122.357 122.37 122.362 122.372 122.375 122.385 122.41 122.397 122.39 122.402 122.387 122.397 122.344 122.319 122.319 122.284 122.254 122.239 122.207 122.184 122.149 122.119 122.144 122.092 122.102 122.044 122.009 121.964 121.949 121.894 121.874 121.832 121.824 121.799 121.782 121.744 121.727 121.722 121.717 121.687 121.679 121.642 121.629 121.612 121.582 121.599 121.582
122.107 122.155 122.182 122.222 122.275 122.325 122.365 122.425 122.395 122.355 122.312 122.242 122.732 123.247 122.387 122.235 122.275 122.325 122.307 122.29 122.285 122.28 122.275 122.27 122.27 122.265 122.267 122.282 122.277 122.277 122.26 122.284 122.267 122.237 122.222 122.214 122.182 122.174 122.132 122.112 122.064 122.059 122.042 122.024 121.997 121.969 121.932 121.897 121.874 121.834 121.802 121.772 121.739 121.722 121.682 121.659 121.652 121.622 121.602 121.589 121.589 121.542 121.532 121.509 121.487 121.472 121.479 121.472 121.439
122.085 122.102 122.125 122.16 122.235 122.26 122.327 122.34 122.307 122.252 122.227 122.307 123.26 122.645 122.17 122.177 122.232 122.24 122.217 122.2 122.192 122.185 122.177 122.19 122.18 122.177 122.185 122.192 122.17 122.162 122.162 122.167 122.122 122.134 122.119 122.077 122.037 122.009 121.979 121.974 121.912 121.929 121.914 121.902 121.859 121.834 121.797 121.769 121.709 121.689 121.657 121.627 121.594 121.567 121.537 121.519 121.522 121.502 121.484 121.469 121.444 121.424 121.389 121.397 121.349 121.354 121.317 121.302 121.309
122.025 122.05 122.065 122.11 122.195 122.225 122.265 122.235 122.2 122.185 122.127 122.812 122.93 122.182 122.09 122.145 122.18 122.162 122.127 122.12 122.122 122.102 122.097 122.105 122.1 122.095 122.082 122.087 122.08 122.07 122.072 122.062 122.037 121.997 121.984 121.937 121.922 121.857 121.884 121.834 121.827 121.762 121.784 121.754 121.727 121.669 121.637 121.614 121.572 121.552 121.522 121.474 121.449 121.424 121.419 121.399 121.379 121.349 121.329 121.314 121.289 121.269 121.262 121.249 121.207 121.199 121.154 121.162 121.147
121.987 122.025 122.025 122.107 122.152 122.197 122.18 122.135 122.125 122.077 122.417 123.077 122.495 122.037 122.062 122.117 122.105 122.09 122.067 122.05 122.052 122.032 122.035 122.025 122.027 122.017 122.005 121.997 121.995 121.977 121.96 121.947 121.917 121.907 121.857 121.822 121.804 121.744 121.739 121.694 121.689 121.644 121.644 121.592 121.579 121.534 121.507 121.472 121.424 121.397 121.362 121.339 121.312 121.297 121.314 121.267 121.234 121.184 121.172 121.177 121.149 121.122 121.112 121.099 121.089 121.059 121.044 121.037 121.017
121.927 121.967 122.02 122.055 122.105 122.13 122.087 122.077 122.06 122.015 122.917 122.895 122.022 121.977 122.017 122.047 122.032 122.007 122.002 121.98 121.992 121.992 121.972 121.97 121.955 121.947 121.942 121.915 121.897 121.89 121.867 121.854 121.809 121.789 121.724 121.687 121.657 121.652 121.602 121.572 121.562 121.539 121.494 121.464 121.417 121.407 121.377 121.334 121.292 121.259 121.197 121.162 121.159 121.157 121.149 121.107 121.087 121.052 121.052 121.022 121.004 120.977 120.967 120.962 120.932 120.889 120.889 120.894 120.874
121.897 121.937 121.98 122.017 122.067 122.055 122.025 122.015 121.967 122.437 123.082 122.642 121.935 121.957 121.997 122.002 121.962 121.942 121.925 121.912 121.89 121.887 121.875 121.887 121.857 121.875 121.85 121.835 121.835 121.827 121.795 121.747 121.724 121.682 121.634 121.604 121.589 121.569 121.507 121.484 121.439 121.424 121.379 121.382 121.314 121.274 121.204 121.177 121.124 121.104 121.089 121.059 121.022 121.019 120.977 120.972 120.927 120.922 120.897 120.879 120.847 120.844 120.802 120.799 120.759 120.757 120.762 120.732 120.719
121.83 121.855 121.907 121.965 121.987 121.972 121.96 121.962 121.932 122.897 123.115 122.202 121.89 121.927 121.925 121.92 121.895 121.872 121.84 121.837 121.82 121.85 121.825 121.81 121.785 121.785 121.762 121.737 121.735 121.722 121.71 121.647 121.634 121.587 121.542 121.504 121.487 121.427 121.389 121.344 121.372 121.332 121.272 121.237 121.182 121.124 121.084 121.019 121.002 120.979 120.967 120.912 120.892 120.854 120.849 120.804 120.824 120.797 120.779 120.744 120.709 120.684 120.654 120.637 120.634 120.624 120.599 120.582 120.567
121.79 121.835 121.892 121.93 121.917 121.892 121.897 121.855 122.247 123.017 122.795 121.835 121.857 121.895 121.885 121.86 121.817 121.785 121.792 121.767 121.75 121.755 121.762 121.73 121.702 121.677 121.677 121.682 121.642 121.622 121.62 121.569 121.552 121.499 121.449 121.414 121.382 121.327 121.317 121.287 121.252 121.207 121.159 121.102 121.067 121.002 120.942 120.927 120.889 120.837 120.812 120.774 120.747 120.732 120.722 120.699 120.679 120.632 120.609 120.597 120.562 120.542 120.529 120.507 120.492 120.457 120.454 120.444 120.434
121.72 121.777 121.832 121.857 121.82 121.837 121.827 121.785 122.857 122.94 121.78 121.775 121.807 121.815 121.79 121.777 121.742 121.74 121.712 121.677 121.677 121.677 121.677 121.642 121.635 121.62 121.58 121.577 121.552 121.537 121.51 121.489 121.424 121.397 121.357 121.339 121.294 121.267 121.187 121.189 121.137 121.087 121.027 120.984 120.954 120.897 120.839 120.789 120.754 120.722 120.679 120.699 120.657 120.632 120.597 120.589 120.537 120.509 120.494 120.469 120.447 120.427 120.404 120.362 120.344 120.319 120.304 120.312 120.329
121.677 121.702 121.772 121.767 121.747 121.755 121.737 122.097 123.005 122.395 121.737 121.727 121.765 121.752 121.73 121.705 121.675 121.655 121.627 121.592 121.595 121.612 121.587 121.547 121.54 121.525 121.512 121.485 121.477 121.442 121.405 121.382 121.312 121.284 121.252 121.249 121.184 121.147 121.109 121.077 121.007 120.979 120.927 120.899 120.822 120.764 120.694 120.674 120.619 120.592 120.557 120.554 120.514 120.482 120.457 120.434 120.397 120.367 120.362 120.337 120.327 120.299 120.252 120.232 120.227 120.192 120.184 120.199 120.179
121.607 121.627 121.695 121.697 121.675 121.67 121.615 122.555 122.65 121.677 121.64 121.677 121.707 121.697 121.66 121.625 121.592 121.555 121.55 121.535 121.54 121.51 121.49 121.462 121.45 121.425 121.412 121.4 121.365 121.335 121.297 121.272 121.232 121.192 121.154 121.079 121.074 121.054 121.019 120.992 120.954 120.879 120.827 120.747 120.712 120.652 120.594 120.582 120.507 120.464 120.437 120.397 120.364 120.354 120.307 120.332 120.304 120.254 120.234 120.199 120.177 120.142 120.134 120.129 120.097 120.084 120.059 120.057 120.032
121.517 121.545 121.607 121.59 121.59 121.577 121.837 122.805 122.035 121.577 121.602 121.632 121.637 121.622 121.577 121.547 121.515 121.49 121.46 121.47 121.452 121.435 121.42 121.4 121.372 121.34 121.325 121.282 121.26 121.235 121.202 121.147 121.102 121.074 121.037 121.002 120.959 120.934 120.904 120.854 120.812 120.734 120.692 120.639 120.587 120.527 120.497 120.439 120.404 120.337 120.319 120.277 120.252 120.227 120.232 120.182 120.152 120.124 120.112 120.077 120.049 120.044 120.007 119.984 119.962 119.942 119.924 119.924 119.917
121.435 121.492 121.48 121.495 121.51 121.412 122.37 122.562 121.597 121.5 121.542 121.562 121.557 121.522 121.487 121.46 121.442 121.407 121.415 121.38 121.372 121.352 121.337 121.305 121.282 121.255 121.242 121.217 121.175 121.135 121.095 121.059 121.007 120.969 120.947 120.909 120.839 120.814 120.764 120.739 120.692 120.652 120.599 120.524 120.487 120.432 120.359 120.284 120.254 120.224 120.194 120.177 120.122 120.082 120.067 120.037 120.042 120.012 119.992 119.969 119.952 119.884 119.884 119.839 119.839 119.844 119.822 119.807 119.782
121.345 121.382 121.375 121.402 121.395 121.482 122.555 121.972 121.405 121.447 121.497 121.495 121.475 121.435 121.415 121.382 121.37 121.355 121.332 121.32 121.295 121.27 121.245 121.225 121.207 121.19 121.145 121.112 121.075 121.027 120.995 120.949 120.914 120.872 120.802 120.789 120.754 120.729 120.669 120.632 120.562 120.542 120.457 120.407 120.334 120.259 120.217 120.152 120.119 120.102 120.054 120.007 119.969 119.954 119.932 119.902 119.897 119.894 119.834 119.789 119.784 119.762 119.729 119.719 119.697 119.712 119.712 119.692 119.669
121.232 121.262 121.265 121.277 121.202 121.862 122.562 121.465 121.307 121.372 121.415 121.395 121.382 121.345 121.33 121.292 121.285 121.292 121.272 121.252 121.22 121.195 121.17 121.152 121.125 121.102 121.05 121.007 120.972 120.932 120.892 120.829 120.782 120.747 120.687 120.659 120.629 120.612 120.544 120.482 120.429 120.374 120.297 120.249 120.202 120.172 120.104 120.069 119.999 119.967 119.902 119.874 119.867 119.824 119.784 119.777 119.742 119.717 119.704 119.667 119.639 119.609 119.612 119.574 119.577 119.557 119.529 119.544 119.522
121.142 121.147 121.152 121.162 121.165 122.077 121.96 121.21 121.23 121.275 121.31 121.305 121.267 121.23 121.232 121.212 121.212 121.205 121.192 121.162 121.132 121.125 121.077 121.047 121.027 121.007 120.975 120.922 120.885 120.862 120.785 120.729 120.689 120.634 120.614 120.567 120.557 120.469 120.419 120.367 120.307 120.234 120.177 120.104 120.072 120.034 119.977 119.902 119.869 119.812 119.787 119.739 119.724 119.702 119.654 119.617 119.584 119.577 119.547 119.527 119.494 119.479 119.442 119.452 119.429 119.414 119.417 119.399 119.409
121.017 121.042 121.055 121.012 121.25 122.135 121.602 121.067 121.127 121.17 121.202 121.172 121.152 121.135 121.127 121.12 121.117 121.115 121.127 121.08 121.04 121.005 120.975 120.94 120.932 120.897 120.84 120.827 120.795 120.742 120.7 120.634 120.589 120.524 120.502 120.434 120.407 120.344 120.299 120.244 120.179 120.122 120.052 119.982 119.927 119.882 119.839 119.787 119.757 119.687 119.659 119.602 119.572 119.537 119.517 119.492 119.474 119.422 119.399 119.379 119.337 119.314 119.322 119.312 119.312 119.302 119.274 119.264 119.254
120.9 120.922 120.935 120.84 121.525 122.332 121.017 120.96 121.032 121.057 121.082 121.057 121.037 121.015 121.017 121.002 121.012 120.987 120.992 120.98 120.952 120.935 120.895 120.85 120.827 120.785 120.767 120.712 120.672 120.622 120.575 120.522 120.472 120.437 120.404 120.347 120.314 120.224 120.172 120.112 120.064 119.979 119.929 119.909 119.804 119.754 119.692 119.662 119.612 119.559 119.519 119.477 119.447 119.407 119.377 119.329 119.294 119.287 119.254 119.224 119.207 119.169 119.172 119.154 119.149 119.144 119.114 119.109 119.094
120.812 120.802 120.792 120.76 121.732 121.637 120.837 120.847 120.93 120.93 120.962 120.92 120.882 120.887 120.887 120.88 120.88 120.86 120.857 120.835 120.83 120.807 120.797 120.755 120.732 120.702 120.672 120.617 120.59 120.507 120.445 120.424 120.362 120.314 120.277 120.239 120.169 120.117 120.059 119.999 119.919 119.862 119.789 119.749 119.687 119.637 119.567 119.529 119.457 119.429 119.364 119.324 119.299 119.267 119.217 119.177 119.154 119.119 119.102 119.112 119.064 119.022 119.004 119.009 118.977 118.984 118.989 118.982 118.972
120.697 120.702 120.632 120.852 121.75 121.22 120.697 120.745 120.807 120.822 120.805 120.762 120.747 120.775 120.767 120.75 120.767 120.737 120.732 120.72 120.71 120.687 120.655 120.625 120.575 120.575 120.547 120.507 120.462 120.41 120.372 120.324 120.264 120.229 120.162 120.114 120.032 119.992 119.934 119.897 119.804 119.744 119.692 119.622 119.547 119.472 119.439 119.399 119.329 119.309 119.244 119.194 119.147 119.119 119.082 119.069 119.024 118.992 118.959 118.924 118.892 118.894 118.892 118.869 118.859 118.852 118.819 118.827 118.804
120.6 120.592 120.53 121.047 121.68 120.682 120.59 120.655 120.692 120.707 120.687 120.645 120.632 120.647 120.63 120.61 120.602 120.605 120.597 120.597 120.565 120.547 120.522 120.485 120.465 120.427 120.392 120.35 120.307 120.257 120.23 120.197 120.134 120.117 120.049 120.004 119.934 119.874 119.807 119.719 119.659 119.594 119.557 119.499 119.447 119.372 119.322 119.267 119.222 119.179 119.137 119.074 119.037 118.979 118.952 118.902 118.877 118.859 118.802 118.779 118.757 118.729 118.717 118.712 118.707 118.712 118.694 118.674 118.639
120.455 120.472 120.455 121.287 121.525 120.485 120.49 120.55 120.587 120.582 120.54 120.53 120.512 120.495 120.49 120.49 120.482 120.485 120.482 120.47 120.445 120.425 120.375 120.365 120.325 120.315 120.267 120.207 120.187 120.15 120.09 120.049 120.017 119.972 119.927 119.854 119.797 119.742 119.692 119.634 119.544 119.467 119.422 119.354 119.309 119.244 119.204 119.164 119.104 119.062 118.987 118.949 118.904 118.849 118.819 118.762 118.719 118.694 118.674 118.629 118.627 118.587 118.587 118.569 118.574 118.542 118.557 118.559 118.532
120.37 120.342 120.462 121.385 121.045 120.38 120.392 120.445 120.472 120.442 120.402 120.382 120.382 120.397 120.377 120.375 120.352 120.35 120.33 120.327 120.307 120.295 120.242 120.23 120.187 120.175 120.127 120.08 120.047 119.97 119.965 119.917 119.882 119.832 119.797 119.709 119.652 119.574 119.529 119.477 119.417 119.367 119.314 119.232 119.207 119.122 119.072 119.022 118.977 118.927 118.887 118.812 118.759 118.739 118.687 118.632 118.582 118.554 118.514 118.489 118.492 118.462 118.479 118.419 118.442 118.397 118.409 118.389 118.374
120.272 120.215 120.647 121.482 120.42 120.245 120.325 120.345 120.357 120.322 120.285 120.257 120.245 120.257 120.242 120.235 120.227 120.235 120.207 120.177 120.14 120.152 120.102 120.1 120.052 120.025 119.985 119.94 119.9 119.845 119.8 119.774 119.734 119.684 119.609 119.557 119.497 119.437 119.399 119.312 119.259 119.207 119.167 119.117 119.044 119.002 118.972 118.914 118.882 118.802 118.747 118.692 118.634 118.589 118.529 118.497 118.464 118.444 118.404 118.362 118.337 118.324 118.267 118.279 118.279 118.272 118.264 118.237 118.229
120.17 120.175 120.935 121.21 120.16 120.172 120.22 120.235 120.22 120.182 120.15 120.12 120.122 120.105 120.1 120.11 120.085 120.08 120.065 120.052 120.032 120.017 119.985 119.965 119.925 119.88 119.835 119.81 119.767 119.722 119.692 119.632 119.584 119.524 119.447 119.394 119.339 119.304 119.247 119.157 119.084 119.042 118.994 118.954 118.889 118.874 118.812 118.789 118.727 118.682 118.617 118.572 118.534 118.449 118.404 118.367 118.334 118.297 118.267 118.234 118.204 118.199 118.177 118.167 118.149 118.142 118.129 118.112 118.087
120.062 120.182 121.182 120.712 120.062 120.08 120.112 120.127 120.102 120.052 120.025 120.012 119.977 119.98 119.972 119.982 119.957 119.95 119.925 119.917 119.89 119.865 119.86 119.812 119.777 119.752 119.71 119.665 119.625 119.57 119.532 119.507 119.439 119.389 119.339 119.277 119.197 119.149 119.067 119.034 118.947 118.909 118.857 118.807 118.767 118.719 118.662 118.644 118.579 118.562 118.509 118.454 118.424 118.364 118.307 118.247 118.174 118.147 118.107 118.099 118.067 118.067 118.047 118.017 117.989 117.972 117.959 117.944 117.944
119.965 120.4 121.19 120.277 119.94 120.002 120.007 120.015 119.97 119.92 119.912 119.885 119.887 119.882 119.857 119.852 119.832 119.817 119.792 119.77 119.755 119.722 119.697 119.665 119.63 119.582 119.562 119.517 119.475 119.415 119.387 119.342 119.292 119.232 119.152 119.119 119.047 118.979 118.917 118.884 118.812 118.782 118.682 118.662 118.614 118.557 118.512 118.484 118.452 118.412 118.352 118.294 118.234 118.194 118.149 118.122 118.092 118.054 117.997 117.964 117.942 117.917 117.879 117.877 117.889 117.852 117.834 117.822 117.792
