Matlab/Roost_data/braunton/dsm/ss4736_DSM_2M.asc
ncols 500
nrows 500
xllcorner    247000
yllcorner    136000
cellsize     2
NODATA_value -9999
[rows 99 to 131 of 500, columns 375 to 449 of 500]
11.032 11.029 11.077 11.104 11.174 11.227 11.304 11.524 11.369 11.409 12.092 12.667 11.819 11.577 11.674 11.809 11.727 11.742 11.869 12.422 12.079 12.042 12.042 12.897 12.149 13.887 13.789 12.267 14.604 15.592 15.782 14.879 13.114 12.519 14.299 12.289 12.422 12.399 13.852 12.892 15.979 16.149 15.247 12.462 12.737 12.582 14.287 12.522 12.497 12.479 12.469 12.469 12.489 12.537 12.587 12.632 12.689 12.912 13.112 13.094 13.062 13.117 13.102 13.039 13.002 13.137 13.127 14.234 13.409 13.549 12.987 12.949 15.722 12.987 13.084
11.227 11.034 11.037 11.077 11.104 11.169 11.229 11.269 11.304 11.329 11.359 11.389 11.414 11.454 11.727 11.689 11.607 11.597 11.787 14.994 13.237 11.954 11.964 12.094 12.109 12.082 12.122 12.572 14.837 15.724 15.612 14.729 12.464 12.167 12.287 14.034 12.417 12.352 12.394 12.334 12.527 12.332 12.362 13.032 12.592 14.127 14.569 12.422 13.119 15.209 12.967 12.427 12.412 12.497 12.572 12.649 12.727 12.807 12.917 12.974 13.062 13.087 13.062 13.002 12.994 13.042 13.157 13.444 13.304 13.092 13.107 13.039 12.927 13.062 13.132
14.167 13.774 13.444 11.067 11.067 11.092 11.159 11.199 11.232 11.244 11.282 11.777 11.357 11.364 11.527 13.182 11.562 11.559 11.539 11.557 13.602 11.737 11.902 11.857 11.882 11.827 12.057 13.412 12.234 12.549 13.702 13.804 13.237 12.987 13.104 12.142 12.164 12.704 12.502 12.409 13.617 12.412 12.462 14.589 12.737 13.077 12.417 14.919 13.559 12.379 12.399 12.542 12.767 12.884 14.292 13.152 12.744 13.149 12.914 12.974 13.039 13.039 13.034 12.987 13.007 13.027 13.104 13.179 13.247 13.299 13.459 14.082 14.509 13.287 13.497
16.122 15.694 15.312 14.872 14.502 13.712 11.119 11.544 11.809 11.192 11.222 13.179 13.867 13.864 11.449 13.492 11.657 11.434 11.459 11.492 11.519 11.557 11.984 11.687 11.767 11.757 11.797 13.397 12.129 11.994 12.319 12.589 12.164 12.137 11.994 11.997 12.902 12.162 12.154 12.174 13.967 13.092 12.517 13.594 12.507 13.017 12.339 15.744 16.182 16.272 17.369 16.107 14.999 12.477 12.522 12.957 15.997 15.224 12.967 12.942 13.002 13.012 13.009 12.987 13.022 13.037 13.059 13.097 13.117 13.127 13.134 13.184 13.239 13.312 13.342
16.664 17.104 17.199 16.834 15.344 13.709 11.109 14.997 14.609 14.549 11.614 11.754 13.864 11.817 11.352 12.582 11.589 11.414 11.604 11.584 12.769 13.887 11.567 11.362 11.382 11.607 11.682 12.042 11.857 11.874 11.792 12.702 12.482 12.597 14.282 12.792 12.192 12.112 12.109 12.117 12.174 13.964 14.369 13.657 12.577 13.969 12.902 15.987 16.684 16.902 17.349 16.197 13.329 12.459 12.504 12.557 14.439 13.589 12.932 12.894 12.952 12.979 12.977 12.984 12.989 13.004 13.052 13.084 13.102 13.112 13.112 13.154 13.182 13.207 13.239
16.189 16.212 16.212 16.192 13.727 13.662 11.734 16.929 16.524 17.504 15.759 15.377 13.849 11.262 11.309 11.357 12.019 11.339 11.622 11.432 13.892 13.879 11.354 15.234 14.979 14.769 14.527 14.152 12.349 11.342 11.552 12.289 12.049 12.367 16.269 15.867 15.512 15.139 14.514 12.132 12.142 14.447 14.429 14.429 14.409 14.299 13.144 15.314 15.664 16.727 17.114 15.977 12.379 12.437 12.492 12.532 12.599 12.747 12.844 12.847 12.899 12.922 12.902 12.922 12.912 12.969 13.084 13.099 13.087 13.069 13.092 13.127 13.162 13.184 13.214
10.794 11.257 13.437 13.989 13.714 12.309 11.064 17.239 17.634 17.912 17.719 17.354 14.369 11.279 11.309 14.919 14.669 14.424 13.909 11.709 13.874 13.142 11.339 16.572 16.337 16.099 15.842 15.582 15.362 13.874 11.339 11.997 11.967 12.049 17.239 17.234 16.859 16.444 16.099 15.729 15.342 12.674 14.492 14.477 14.479 13.787 12.392 12.424 15.817 16.944 16.869 15.744 12.377 12.424 12.467 12.489 12.647 12.827 12.759 12.799 12.844 12.857 12.832 12.854 12.967 14.542 14.359 13.709 15.067 13.549 13.219 13.179 13.184 13.192 13.197
10.792 10.799 10.799 10.759 10.779 10.979 12.277 15.844 16.849 16.859 16.844 16.604 14.694 12.077 11.417 16.264 16.004 15.764 15.504 15.279 15.039 11.864 11.334 15.339 15.579 15.837 16.084 16.359 16.559 13.794 11.339 11.917 12.069 13.502 16.017 16.282 16.629 16.982 17.317 17.032 13.794 12.372 13.432 14.547 13.082 12.849 12.327 12.914 16.067 17.209 16.639 15.507 12.372 12.409 12.429 12.462 13.632 12.809 12.739 12.749 12.782 12.802 12.802 12.927 13.614 14.907 12.987 13.054 13.057 12.994 13.049 13.149 13.189 14.637 13.317
10.799 10.852 10.879 10.842 10.852 11.414 11.854 11.064 11.919 13.852 14.544 14.507 14.572 11.459 14.512 15.617 15.852 16.119 16.379 16.554 14.837 11.344 11.324 12.309 14.067 14.572 15.774 15.767 14.727 11.294 11.842 11.897 12.344 15.107 15.682 15.007 15.302 15.642 15.997 16.394 12.072 12.169 12.059 12.237 13.112 12.427 12.302 15.044 16.282 17.424 16.382 15.287 12.394 12.407 12.417 12.439 13.549 12.722 12.634 12.692 12.722 12.717 12.862 12.954 14.844 12.999 12.972 12.879 12.887 12.899 12.964 14.057 13.079 14.912 13.219
12.304 10.842 10.889 10.879 10.907 11.102 10.942 11.029 11.079 11.039 11.072 11.342 11.097 11.459 13.237 14.252 14.514 14.909 15.699 14.767 11.312 12.112 11.784 11.829 11.852 11.599 13.342 14.644 13.694 11.452 12.074 11.889 12.584 12.079 12.552 14.934 14.932 14.942 14.067 15.024 12.144 12.007 12.039 12.759 13.252 14.149 12.804 15.407 16.537 17.292 16.142 15.609 15.374 13.062 12.397 13.784 12.697 12.629 12.572 12.642 12.652 12.737 12.844 14.392 14.172 12.869 12.839 12.832 12.827 12.827 12.839 13.967 12.969 14.699 13.099
10.332 10.579 10.937 12.402 12.679 11.364 11.027 11.047 11.077 11.092 11.119 11.719 11.197 11.967 11.394 11.554 11.279 13.367 15.479 12.799 11.292 12.344 11.492 11.519 11.549 11.397 11.649 11.309 11.347 11.612 12.897 11.909 12.344 11.887 11.999 11.972 12.039 12.247 12.119 12.557 12.164 11.979 12.029 12.352 12.614 14.739 12.324 15.644 16.794 17.202 16.939 16.732 16.504 13.249 12.379 13.074 12.607 12.557 12.519 12.574 12.584 12.697 12.817 14.677 15.107 14.984 12.759 12.769 12.792 14.027 12.784 12.794 12.859 14.717 13.604
10.009 10.072 10.089 10.142 10.257 10.454 11.714 12.199 11.737 11.069 11.092 13.327 16.412 11.397 11.412 11.372 11.372 11.342 11.359 11.644 11.422 11.759 11.519 11.534 11.552 11.522 11.499 11.434 11.822 11.992 12.427 11.842 11.799 11.834 11.864 12.029 12.107 11.952 11.929 11.937 12.309 11.974 12.017 12.157 13.054 14.252 13.247 15.877 16.997 16.797 16.384 16.792 15.272 12.474 12.497 13.234 12.512 12.489 12.457 12.507 12.504 12.652 14.577 13.522 15.229 12.742 12.769 14.869 15.212 16.309 15.612 15.939 16.312 16.079 14.694
9.889 9.899 9.909 9.924 9.987 10.117 10.164 10.207 10.247 10.337 11.442 12.227 12.437 11.287 11.979 11.354 11.384 11.384 11.374 11.617 11.874 12.139 11.509 11.544 11.549 11.502 11.489 11.474 11.769 12.787 12.204 12.167 11.979 11.764 11.832 12.027 11.889 12.169 12.037 11.887 11.914 11.922 11.944 12.644 12.194 12.232 12.292 12.487 12.624 14.479 15.489 15.519 12.934 12.314 12.297 13.834 12.424 12.397 12.397 12.427 12.432 12.587 14.282 12.704 12.664 12.782 15.742 17.019 16.524 16.637 16.969 17.284 17.669 16.447 14.839
9.917 9.944 9.957 9.969 10.154 9.999 10.004 10.014 10.032 10.079 10.219 10.272 10.304 10.329 10.794 12.459 11.732 12.187 11.609 11.382 12.494 12.402 11.467 11.497 11.504 11.504 11.477 11.467 11.584 13.374 11.714 11.944 11.694 11.774 11.734 11.799 11.987 11.819 13.769 12.102 11.857 11.859 11.889 11.902 13.337 12.152 12.189 12.217 12.252 12.309 12.317 12.324 12.537 12.304 12.802 13.219 12.324 12.259 12.324 12.357 12.339 12.537 13.802 12.514 12.602 14.092 15.972 17.314 17.629 17.664 17.304 16.934 16.652 16.487 15.182
9.877 9.917 10.114 10.029 9.997 10.022 10.042 10.052 10.074 10.082 10.097 10.112 10.124 10.139 10.214 10.324 10.367 10.402 10.447 10.747 12.532 12.637 11.639 11.437 11.482 11.484 11.484 11.677 11.892 12.724 11.612 11.572 11.884 11.689 11.819 11.764 11.772 11.812 11.874 12.079 12.279 11.907 11.842 11.857 12.102 12.727 12.159 12.224 12.222 12.207 12.257 12.312 12.424 12.249 12.559 12.349 12.254 12.169 12.239 12.257 12.299 12.447 14.459 12.602 12.659 13.127 13.119 16.927 16.629 16.292 15.942 16.219 16.524 16.492 15.739
10.349 9.942 9.917 9.932 9.964 9.997 10.027 10.042 10.079 10.097 10.132 10.147 10.159 10.182 10.192 10.209 10.217 10.229 10.239 10.287 10.434 10.497 10.534 10.584 11.377 11.907 11.807 12.409 11.679 12.229 12.079 11.789 11.827 11.647 11.732 11.769 11.764 11.797 11.784 11.834 12.984 12.462 11.787 11.794 12.229 12.632 13.242 12.184 12.144 12.154 12.169 12.179 12.207 12.267 13.267 12.332 12.182 12.097 12.152 12.157 12.222 12.409 14.259 12.687 12.964 12.732 12.734 15.977 16.849 15.484 12.847 15.839 16.519 16.542 16.137
14.147 11.667 11.669 11.609 11.019 10.302 10.089 10.012 10.027 10.064 10.094 10.134 10.154 10.187 10.217 10.229 10.244 10.272 10.289 10.292 10.304 10.332 10.347 10.357 10.419 10.559 10.594 10.632 10.689 11.014 12.424 12.064 12.019 11.732 11.719 11.792 11.872 11.852 12.189 11.934 14.032 14.307 11.697 11.687 12.382 12.044 12.079 12.164 12.094 12.134 12.874 12.469 13.102 13.222 13.752 12.187 12.079 12.009 12.069 12.057 12.122 12.679 14.879 13.002 12.709 12.727 12.737 12.784 12.729 12.732 12.729 14.909 15.624 14.674 12.999
10.792 10.952 10.939 10.889 11.417 11.744 11.989 11.907 11.504 10.714 10.384 10.207 10.124 10.144 10.167 10.207 10.234 10.557 10.279 10.312 10.324 10.357 10.374 10.399 10.422 10.437 10.439 10.442 10.462 10.537 10.659 10.719 10.769 10.817 11.087 11.442 11.547 11.612 11.979 13.154 16.664 12.557 11.602 11.537 12.182 11.957 11.919 12.692 13.309 12.932 13.082 14.727 13.269 13.359 13.057 12.077 11.972 11.929 11.962 11.944 12.052 12.782 13.994 17.837 12.649 12.679 12.682 12.674 12.639 12.619 12.662 12.677 12.699 12.702 12.709
10.949 10.964 10.937 10.919 10.872 10.834 10.879 10.932 11.414 12.469 12.494 12.017 12.227 12.347 11.157 10.452 10.289 10.244 10.264 10.287 10.302 10.332 10.369 10.402 10.427 10.462 10.487 10.502 10.519 10.539 10.552 10.572 10.587 10.602 10.652 10.789 10.849 10.894 10.937 11.532 11.259 11.487 11.357 11.357 11.644 11.809 11.752 11.757 11.749 11.762 11.819 12.974 12.134 11.887 11.917 11.814 11.709 11.802 11.852 11.834 11.959 12.839 12.732 13.239 13.159 13.074 12.594 12.587 12.552 12.552 12.602 12.644 12.642 12.674 12.674
10.912 11.014 11.002 10.989 10.954 10.947 10.952 10.942 10.937 10.929 10.917 10.949 11.502 12.387 12.909 12.777 12.874 12.597 11.644 11.164 10.554 10.434 10.337 10.354 10.392 10.427 10.464 10.499 10.532 10.557 10.592 10.624 10.637 10.647 10.677 10.702 10.709 10.727 10.747 10.797 10.917 10.979 11.012 11.067 11.127 11.332 11.522 11.632 11.662 11.674 11.709 11.794 11.779 11.737 11.614 11.609 11.577 11.669 11.722 11.712 11.842 11.942 12.062 12.139 12.897 12.937 12.517 12.494 12.489 12.489 12.547 12.579 12.572 12.609 12.622
10.897 10.972 11.012 11.039 11.022 10.994 11.007 11.014 11.029 10.997 10.984 10.994 10.997 11.017 11.027 11.087 11.204 11.947 11.629 12.469 13.197 13.142 12.759 12.227 11.384 10.744 10.567 10.459 10.502 10.532 10.559 10.594 10.632 10.657 10.702 10.727 10.754 10.767 10.789 10.809 10.829 10.834 10.854 10.872 10.907 11.039 11.107 11.144 11.179 11.229 11.449 11.574 11.512 11.362 11.277 11.344 11.452 11.519 11.572 11.584 11.702 11.812 11.952 12.097 12.149 12.162 12.647 12.784 12.439 12.444 12.474 12.489 12.517 12.549 12.579
10.947 10.937 10.954 11.022 11.052 11.089 11.079 11.084 11.097 11.092 11.112 11.119 11.132 11.129 11.107 11.132 11.149 11.182 11.182 11.177 11.159 11.184 11.549 12.019 12.317 12.602 12.452 12.609 11.547 11.422 10.957 10.729 10.622 10.609 10.649 10.694 10.727 10.764 10.792 10.814 10.847 10.862 10.879 10.914 10.934 10.957 10.964 10.987 11.012 11.034 11.147 11.214 11.202 11.122 11.184 11.244 11.334 11.394 11.429 11.442 11.449 11.617 11.799 11.979 12.239 13.034 12.227 12.129 12.122 13.014 12.467 12.452 12.474 12.497 12.537
10.899 10.927 10.957 11.007 11.039 11.082 11.102 11.132 11.167 11.197 11.197 11.212 11.222 11.237 11.242 11.239 11.239 11.247 11.242 11.227 11.229 11.232 11.247 11.247 11.222 11.224 11.267 11.324 11.792 12.272 12.229 12.302 12.404 12.307 11.727 11.274 10.859 10.754 10.762 10.787 10.809 10.837 10.872 10.897 10.927 10.967 10.994 11.014 11.032 11.057 11.069 11.087 11.099 11.114 11.144 11.182 11.212 11.262 11.287 11.304 11.327 11.497 11.594 11.757 12.502 12.792 12.217 12.217 12.099 12.077 12.089 12.202 12.524 12.444 12.477
10.852 10.897 10.922 10.982 11.032 11.089 11.122 11.144 11.182 11.202 11.229 11.249 11.292 11.317 11.319 11.312 11.304 11.327 11.312 11.344 11.319 11.324 11.314 11.302 11.279 11.262 11.294 11.292 11.262 11.227 11.232 11.367 11.534 11.959 12.312 12.264 11.639 11.124 12.187 12.364 11.637 11.164 10.999 10.847 10.859 10.897 10.947 10.987 11.012 11.052 11.077 11.109 11.122 11.137 11.152 11.179 11.179 11.184 11.192 11.217 11.234 11.217 11.412 11.459 11.504 11.677 11.932 12.069 12.097 12.087 12.059 12.022 12.052 12.119 13.187
10.849 10.872 10.889 10.949 10.964 11.014 11.057 11.069 11.134 11.192 11.209 11.254 11.282 11.327 11.362 11.357 11.359 11.377 11.369 11.382 11.382 11.384 11.382 11.394 11.402 11.402 11.392 11.362 11.354 11.327 11.329 11.319 11.292 11.257 11.214 11.237 11.244 11.267 12.527 13.462 12.967 13.154 12.277 14.527 12.169 12.497 13.797 10.927 10.932 10.967 10.999 11.034 11.069 11.099 11.122 11.149 11.174 11.189 11.194 11.217 11.219 11.232 11.234 11.247 11.279 11.382 11.467 11.517 11.552 11.642 11.789 11.657 11.682 11.822 12.122
10.849 10.879 10.914 10.922 10.949 11.002 11.037 11.042 11.089 11.097 11.137 11.147 11.197 11.282 11.319 11.352 11.364 11.352 11.377 11.387 11.402 11.419 11.424 11.449 11.467 11.484 11.479 11.482 11.482 11.459 11.454 11.437 11.417 11.377 11.327 11.334 11.289 11.314 11.307 11.349 11.597 12.014 12.504 13.677 11.664 14.289 13.164 12.217 11.047 11.044 11.754 11.174 10.984 10.997 11.024 11.052 11.404 11.122 11.154 11.187 11.209 11.242 11.242 11.262 11.279 11.299 11.332 11.332 11.359 11.397 11.497 11.569 11.619 11.669 11.799
10.849 10.889 10.862 10.949 11.004 11.007 11.039 11.074 11.087 11.112 11.137 11.144 11.139 11.214 11.229 11.247 11.257 11.237 11.284 11.327 11.307 11.394 11.442 11.432 11.484 11.522 11.519 11.537 11.539 11.537 11.539 11.527 11.512 11.514 11.494 11.457 11.442 11.422 11.369 11.422 11.514 11.599 12.899 13.572 12.677 12.677 13.307 12.094 12.969 12.319 14.459 15.547 15.557 11.892 11.117 11.104 11.079 11.039 11.067 11.094 11.134 11.169 11.202 11.232 11.269 11.284 11.314 11.324 11.349 11.369 11.387 11.402 11.429 11.454 11.487
10.852 10.899 10.902 10.977 10.992 10.982 11.052 11.087 11.122 11.114 11.107 11.109 11.139 11.187 11.207 11.224 11.224 11.197 11.224 11.279 11.282 11.312 11.329 11.362 11.407 11.472 11.467 11.532 11.539 11.552 11.569 11.569 11.572 11.604 11.599 11.492 11.484 11.489 11.492 11.427 11.567 11.417 13.564 12.794 11.822 11.797 11.829 12.039 12.142 12.217 12.447 15.772 15.684 14.677 11.912 11.667 11.399 11.324 11.257 11.177 11.174 11.149 11.124 11.152 11.187 11.209 11.249 11.272 11.302 11.334 11.367 11.387 11.414 11.439 11.462
10.879 10.889 10.919 10.964 10.999 11.022 11.074 11.087 11.104 11.099 11.069 11.104 11.182 11.182 11.194 11.207 11.244 11.259 11.252 11.237 11.262 11.279 11.294 11.302 11.329 11.399 11.429 11.439 11.437 11.489 11.549 11.569 11.602 11.614 11.597 11.622 11.607 11.594 11.594 11.549 11.587 11.514 13.379 11.824 11.684 11.787 11.902 11.967 11.912 11.904 11.867 11.957 12.162 12.324 12.517 12.404 12.317 12.317 12.369 12.439 13.007 11.482 11.382 11.304 11.257 11.262 11.219 11.212 11.232 11.254 11.292 11.324 11.742 11.407 11.422
10.889 10.862 10.877 10.974 11.012 11.032 11.079 11.102 11.092 11.104 11.132 11.112 11.157 11.184 11.197 11.179 11.209 11.234 11.222 11.237 11.239 11.272 11.267 11.302 11.349 11.377 11.389 11.404 11.422 11.444 11.517 11.537 11.519 11.552 11.564 11.607 11.642 11.689 11.647 11.647 11.637 11.729 12.912 11.757 11.702 11.834 11.922 11.967 11.997 11.982 11.954 11.979 12.014 12.012 12.009 11.999 12.059 12.239 12.484 13.364 12.517 12.344 12.342 12.259 12.039 11.779 13.917 14.757 11.814 11.352 11.342 11.292 11.279 11.312 11.352
10.887 10.862 10.922 10.984 11.014 11.032 11.072 11.092 11.064 11.097 11.147 11.144 11.139 11.152 11.182 11.172 11.189 11.219 11.199 11.232 11.252 11.254 11.297 11.314 11.357 11.372 11.387 11.447 11.472 11.482 11.507 11.499 11.504 11.522 11.522 11.592 11.627 11.712 11.692 11.664 11.644 12.524 12.334 11.779 11.882 11.922 12.034 12.017 11.997 11.994 11.997 12.007 12.054 12.054 12.092 12.082 12.142 12.114 12.119 12.092 12.079 12.137 12.404 12.564 12.759 12.884 14.312 16.204 15.467 12.162 11.794 11.609 11.497 11.439 11.432
10.897 10.917 10.944 10.977 10.999 11.049 11.059 11.064 11.094 11.014 11.079 11.129 11.164 11.147 11.189 11.177 11.194 11.194 11.172 11.209 11.262 11.239 11.287 11.342 11.339 11.354 11.399 11.427 11.464 11.504 11.519 11.522 11.539 11.542 11.559 11.579 11.629 11.727 11.692 11.654 11.607 12.739 11.957 11.729 11.829 11.884 11.934 11.909 12.002 11.977 11.969 12.002 12.014 12.059 12.042 12.082 12.107 12.139 12.167 12.214 12.219 12.209 12.204 12.209 12.187 12.177 12.309 12.532 13.214 12.892 14.207 13.997 12.569 12.369 12.107
10.884 10.912 10.944 10.989 11.009 11.042 11.059 11.062 11.084 11.087 11.117 11.129 11.142 11.164 11.169 11.177 11.197 11.182 11.182 11.227 11.262 11.267 11.304 11.337 11.337 11.374 11.407 11.447 11.467 11.502 11.527 11.534 11.567 11.534 11.554 11.599 11.637 11.702 11.677 11.652 11.612 12.774 11.784 11.737 11.877 11.799 11.987 11.957 12.032 11.982 12.019 11.987 12.024 12.032 12.057 12.097 12.119 12.142 12.164 12.189 12.224 12.232 12.279 12.294 12.332 12.327 12.347 12.334 12.329 12.294 12.274 12.439 12.644 13.004 13.514
