Matlab/Roost_data/braunton/dsm/ss4735_DSM_2M.asc
ncols 500
nrows 500
xllcorner    247000
yllcorner    135000
cellsize     2
NODATA_value -9999
[rows 136 to 169 of 500, columns 0 to 76 of 500]
6.671 6.686 6.644 6.719 5.959 5.676 5.411 5.414 5.277 5.255 5.226 5.263 5.172 5.02 5.014 4.965 4.945 4.866 4.798 4.766 4.736 4.73 4.75 4.574 4.286 4.156 5.406 7.961 6.226 4.811 6.921 7.036 5.251 4.556 4.721 4.694 5.369 7.281 5.586 4.696 4.666 4.854 5.046 4.654 5.464 4.966 4.934 4.859 5.074 5.156 5.244 5.216 5.209 5.174 5.044 5.104 5.104 5.089 5.086 5.041 5.056 5.054 5.101 6.521 6.879 6.034 6.144 6.531 10.184 7.511 6.251 5.444 5.289 5.246 5.226 5.182 5.251
6.634 6.254 5.876 5.791 5.389 5.339 5.276 5.236 5.23 5.179 5.087 5.095 5.025 4.872 4.805 4.773 4.766 4.717 4.655 4.55 4.445 4.459 5.759 6.086 6.304 6.576 7.484 7.769 6.921 4.656 5.914 5.771 5.761 4.354 4.256 5.619 8.459 9.811 8.029 4.594 5.731 7.241 8.106 6.346 5.394 4.934 4.534 4.369 4.549 4.694 5.081 5.204 5.314 5.286 5.129 5.119 5.034 5.009 4.939 4.924 4.954 4.866 4.809 5.791 7.466 7.019 7.924 8.599 8.971 7.096 5.634 5.306 5.319 5.291 5.186 5.15 5.15
5.619 5.671 5.411 5.294 5.336 5.233 5.138 5.069 5.11 4.984 4.955 4.953 4.813 4.49 4.446 4.396 4.426 4.476 5.434 5.954 5.746 6.795 6.893 6.08 6.529 6.316 7.466 6.569 6.584 5.709 5.221 5.071 5.179 4.299 5.464 9.461 10.101 11.044 7.629 5.641 8.476 7.226 9.024 6.546 5.264 6.159 5.809 5.329 4.916 4.994 5.056 4.614 4.826 5.026 5.111 5.199 5.059 5.069 5.099 5.041 5.019 5.564 5.666 7.484 6.616 7.309 7.934 8.356 7.554 5.826 5.319 5.339 5.386 5.316 5.191 5.127 5.101
5.419 5.399 5.496 5.38 5.249 5.05 4.848 4.738 4.659 4.64 4.515 4.359 4.216 4.362 4.641 5.227 4.674 5.237 5.539 6.435 5.841 5.886 5.333 5.557 5.894 5.579 5.774 7.439 7.714 5.394 5.201 4.841 4.569 5.191 6.161 7.521 7.376 6.414 4.936 5.634 6.764 6.211 6.719 5.606 6.154 7.431 6.604 7.056 6.344 4.501 4.559 4.689 4.721 4.899 5.101 5.056 4.961 5.334 5.901 5.959 6.459 7.096 5.306 5.616 5.871 7.844 7.741 7.344 5.889 5.209 5.224 5.271 5.269 5.279 5.174 5.11 5.09
5.404 5.381 5.328 5.283 4.985 4.763 4.452 4.432 4.307 4.264 4.447 4.555 4.863 5.366 6.076 6.593 6.629 6.989 6.37 6.826 6.668 6.936 6.074 6.123 6.209 5.923 6.091 9.071 7.85 5.209 5.236 5.144 5.116 5.479 5.169 5.604 5.999 5.031 5.389 6.761 6.971 6.274 5.154 4.851 6.299 7.616 6.566 5.861 4.981 5.124 8.511 6.449 5.214 5.426 5.276 5.136 5.226 5.231 6.529 6.491 6.194 6.246 7.069 7.879 7.796 7.521 7.174 6.121 5.286 5.194 5.219 5.256 5.306 5.269 5.199 5.154 5.093
5.231 5.275 4.971 4.728 4.315 4.208 4.4 4.747 5.381 5.281 5.457 5.558 5.793 6.183 6.406 6.49 6.625 6.732 6.046 6.687 7.085 7.55 6.103 5.921 5.608 5.629 5.559 7.034 5.585 4.212 5.056 7.509 9.506 6.791 5.936 7.654 5.514 5.441 5.381 6.809 6.099 5.181 4.859 4.739 4.649 5.221 5.431 5.726 4.669 5.516 5.621 4.944 5.171 5.219 4.889 5.206 5.669 5.106 5.401 6.216 6.716 7.689 8.286 8.336 7.331 7.041 6.019 5.291 5.146 5.181 5.214 5.256 5.256 5.189 5.159 5.105 5.049
5.224 4.88 4.52 4.326 4.404 4.66 5.344 6.063 6.602 6.269 6.393 6.88 7.054 6.331 6 6.005 6.403 6.382 5.638 6.143 6.327 6.611 5.964 5.867 5.64 5.511 5.511 6.908 4.934 4.608 6.169 8.519 10.139 5.366 4.916 5.691 6.276 5.569 6.016 6.511 6.024 5.481 5.274 5.101 5.819 4.731 6.821 5.639 4.481 7.069 4.601 4.666 4.716 4.716 4.719 4.764 5.346 5.426 5.054 5.801 7.596 7.746 7.774 7.219 6.591 6.026 5.254 5.129 5.144 5.174 5.191 5.246 5.261 5.254 5.154 5.099 5.087
4.559 4.577 4.812 5.042 5.196 5.977 5.949 6.323 6.07 5.963 6.155 7.141 7.408 6.588 5.682 5.555 5.54 5.563 5.427 5.466 5.833 5.601 6.208 5.732 5.964 5.653 5.291 5.768 5.007 4.051 6.175 8.107 5.962 4.534 4.636 5.409 6.149 6.059 5.716 5.579 5.181 6.226 5.886 5.281 5.714 6.309 7.461 8.059 4.784 4.494 4.734 4.736 4.769 4.761 4.736 4.764 4.866 5.194 5.524 5.406 5.831 5.794 5.659 5.851 5.686 6.114 5.131 5.074 5.101 5.124 5.161 5.246 5.256 5.241 5.181 5.162 5.096
5.224 5.307 6.136 6.099 5.784 7.139 7.416 7.23 6.686 6.021 5.795 5.995 6.141 5.806 5.513 5.511 5.488 5.491 5.467 5.394 5.346 5.411 5.602 5.547 5.357 5.375 5.235 5.312 5.167 3.841 4.99 6.243 8.164 5.967 4.709 5.596 6.176 5.531 4.901 4.771 4.686 4.681 4.741 6.751 6.889 5.629 6.701 6.404 4.726 4.494 4.559 4.724 4.754 4.771 4.774 4.829 4.866 4.929 5.224 4.789 4.516 4.881 5.054 5.221 5.666 6.109 5.396 5.016 5.089 5.101 5.141 5.166 5.181 5.216 5.187 5.158 5.09
6.68 6.765 6.148 6.099 5.976 7.105 8.234 8.095 6.274 5.511 5.391 5.382 5.429 5.427 5.446 5.447 5.451 5.464 5.459 5.396 5.367 5.356 5.343 5.325 5.334 5.326 5.221 5.212 4.956 3.893 4.201 5.764 6.362 5.086 4.774 5.191 5.271 4.784 4.634 4.636 4.579 4.611 4.664 4.656 4.661 4.656 4.604 4.629 4.696 4.699 4.561 4.579 4.756 4.764 4.759 4.901 4.879 4.861 4.856 4.799 4.584 5.701 6.926 5.211 5.496 5.776 5.846 5.486 5.061 5.124 5.164 5.136 5.199 5.186 5.178 5.197 5.141
6.639 6.682 6.258 5.954 5.886 5.876 6.062 6.018 5.559 5.373 5.35 5.335 5.484 5.391 5.62 5.549 5.701 5.601 5.451 5.43 5.341 5.333 5.3 5.288 5.304 5.3 5.221 5.275 4.944 3.883 4.061 5.335 5.307 5.019 4.94 4.764 4.676 4.619 4.601 4.581 4.551 4.554 4.539 4.584 4.606 4.621 4.689 4.704 4.731 4.739 4.689 4.511 4.604 4.694 4.696 4.751 4.809 4.781 4.846 4.839 4.821 5.174 5.851 5.311 5.291 5.634 5.799 5.821 5.566 5.074 5.076 5.121 5.154 5.146 5.134 5.238 5.158
6.386 7.492 6.732 5.706 5.576 5.424 5.395 5.38 5.347 5.333 5.298 5.381 5.968 6.377 7.13 7.024 6.322 5.938 5.368 5.401 5.331 5.327 5.295 5.263 5.26 5.227 5.202 5.315 5.092 4.22 4.523 6.635 5.755 5.385 5.228 4.952 4.658 4.629 4.581 4.561 4.554 4.536 4.546 4.604 4.581 4.589 4.714 4.706 4.669 4.639 4.621 4.656 4.516 4.616 4.756 4.706 4.759 4.716 4.779 4.826 4.826 4.841 5.284 5.541 5.494 5.446 5.629 5.769 5.829 5.466 5.086 5.091 5.104 5.111 5.122 5.159 5.152
6.754 8.073 6.582 5.43 5.408 5.385 5.382 5.343 5.34 5.343 5.36 5.699 6.486 6.479 8.298 9.317 8.581 6.642 5.374 5.226 5.243 5.277 5.268 5.262 5.259 5.215 5.191 5.299 5.284 4.493 4.359 6.471 5.569 5.553 5.513 5.216 4.858 4.916 4.549 4.534 4.524 4.521 4.531 4.549 4.594 4.599 4.679 4.726 4.679 4.661 4.611 4.711 4.649 4.571 4.659 4.559 4.601 4.734 4.761 4.794 4.819 4.881 4.969 5.054 5.344 5.154 5.004 5.441 5.784 5.809 5.081 5.051 5.106 5.094 5.115 5.148 5.161
6.491 5.965 5.449 5.356 5.391 5.389 5.393 5.357 5.35 5.43 5.683 6.949 7.946 9.268 10.086 11.021 10.511 7.527 5.099 5.048 5.093 5.17 5.213 5.243 5.237 5.229 5.193 5.261 5.392 4.722 4.226 5.231 6.214 8.139 7.679 5.807 5.222 5.407 4.791 4.509 4.549 4.499 4.511 4.544 4.584 4.594 4.671 4.784 4.754 4.664 4.691 4.656 4.751 4.704 4.551 4.551 4.636 4.819 4.731 4.751 4.821 4.844 4.794 4.759 4.874 4.774 4.656 4.924 5.261 5.494 5.041 5.041 5.049 5.041 5.077 5.121 5.14
5.935 5.459 5.346 5.317 5.342 5.35 5.369 5.389 5.497 5.681 6.743 8 8.833 9.802 9.126 9.483 9.52 9.292 6.013 5.113 5.105 5.054 5.085 5.164 5.217 5.222 5.186 5.199 5.367 4.953 4.034 5.154 7.125 8.417 7.794 5.375 5.178 5.727 5.446 4.541 4.564 4.511 4.489 4.569 4.569 4.571 4.656 4.711 4.729 4.631 4.619 4.646 4.704 4.834 4.564 4.601 4.591 4.656 4.674 4.714 4.749 4.764 4.754 4.756 4.751 4.686 4.796 4.494 4.571 4.976 4.941 4.931 5.034 5.049 5.078 5.092 5.067
5.455 5.414 5.374 5.387 5.492 5.346 5.423 5.572 5.335 5.561 7.445 7.498 8.081 9.316 7.911 7.635 7.587 7.536 4.919 5.219 5.592 5.035 4.751 4.927 5.159 5.202 5.169 5.138 5.291 5.117 4.191 5.323 5.678 5.567 5.431 5.324 5.187 5.639 5.779 4.746 4.501 4.416 4.499 4.526 4.549 4.601 4.626 4.659 4.641 4.621 4.616 4.564 4.639 4.666 4.564 4.586 4.561 4.594 4.659 4.694 4.714 4.719 4.714 4.746 4.681 4.741 4.706 4.601 4.344 4.279 4.564 4.859 5.016 4.996 5.071 5.055 5.134
5.813 6.032 5.947 5.901 6.17 5.435 5.693 6.617 5.27 5.905 8.299 7.69 7.348 7.627 8.077 4.562 7.696 4.575 4.584 4.625 4.847 4.826 4.798 4.871 5.008 5.128 5.137 5.087 5.195 5.355 4.644 6.017 5.702 5.652 6.103 6.188 5.292 5.543 5.733 5.023 4.539 4.424 4.501 4.511 4.539 4.584 4.601 4.614 4.606 4.594 4.679 4.709 4.604 4.689 4.634 4.634 4.671 4.574 4.659 4.696 4.686 4.706 4.726 4.656 4.664 4.741 4.716 4.674 4.531 4.314 4.359 4.671 4.791 4.889 5.026 5.069 5.073
6.606 6.915 7.46 6.662 5.923 5.214 6.667 7.578 5.879 5.927 7.492 6.981 6.959 7.045 4.603 4.575 4.573 4.558 4.554 4.575 4.596 4.567 4.764 5.338 5.091 5.082 5.1 5.075 5.161 5.428 5.064 5.988 6.144 5.374 6.576 6.191 5.485 5.404 5.594 5.198 4.504 4.479 4.461 4.494 4.549 4.571 4.591 4.616 4.656 4.729 4.651 4.686 4.636 4.724 4.699 4.611 4.701 4.674 4.661 4.694 4.626 4.679 4.651 4.626 4.641 4.699 4.741 4.786 4.634 4.559 4.389 4.321 4.351 4.654 4.903 5.072 5.056
7.023 8.267 9.206 8.968 7.184 5.363 5.719 6.047 5.593 5.222 6.298 6.838 7 5.838 4.576 4.538 4.55 4.562 4.565 4.58 4.56 4.589 4.566 4.829 5.377 5.093 5.041 5.107 5.089 5.293 5.167 4.696 6.32 6.418 6.063 5.789 5.156 5.864 5.719 4.836 4.524 4.479 4.471 4.511 4.616 4.519 4.569 4.639 4.564 4.649 4.641 4.646 4.599 4.686 4.706 4.589 4.574 4.814 4.749 4.649 4.591 4.646 4.634 4.649 4.624 4.696 4.744 4.779 4.696 4.686 4.599 4.501 4.179 4.264 4.817 5.419 5.401
9.605 9.33 9.451 9.525 8.512 5.466 5.514 5.975 5.538 5.083 5.466 6.173 -9999 -9999 4.572 4.602 4.552 4.562 4.585 4.573 4.557 4.57 4.567 4.559 4.79 5.025 4.911 5.134 5.07 5.106 5.223 4.425 5.881 6.466 6.066 5.858 4.608 5.292 5.136 4.834 4.561 4.544 4.509 4.534 4.499 4.531 4.551 4.631 4.599 4.599 4.599 4.609 4.589 4.676 4.694 4.609 4.486 4.659 4.704 4.646 4.611 4.641 4.616 4.574 4.571 4.649 4.766 4.671 4.774 4.654 4.714 4.596 4.474 4.201 4.335 5.296 5.788
8.628 8.615 8.468 8.663 7.047 5.637 5.856 6.332 6.373 6.168 6.525 5.913 -9999 -9999 4.58 4.581 4.581 4.592 4.58 4.552 4.582 4.555 4.55 4.558 4.581 4.727 4.861 5.005 5.109 5.061 5.076 4.499 5.063 5.716 5.773 6.066 4.892 5.402 7.197 5.694 4.854 4.569 4.526 4.544 4.529 4.611 4.494 4.624 4.589 4.556 4.574 4.549 4.551 4.586 4.661 4.626 4.444 4.584 4.754 4.751 4.676 4.626 4.634 4.576 4.544 4.579 4.594 4.649 4.719 4.839 4.696 4.629 4.596 4.524 4.371 4.52 4.728
9.84 7.874 8.114 7.899 7.078 7.557 8.314 9.143 8.444 7.17 7.21 7.459 -9999 4.555 4.561 4.581 4.552 4.584 4.57 4.586 4.552 4.572 4.578 4.571 4.566 4.624 4.765 4.758 5.092 5.087 5.058 4.699 4.981 6.201 6.14 5.631 5.431 6.044 6.194 6.396 5.041 4.496 4.544 4.524 4.506 4.564 4.546 4.599 4.631 4.564 4.521 4.556 4.531 4.574 4.669 4.619 4.546 4.564 4.656 4.721 4.774 4.661 4.614 4.584 4.561 4.556 4.641 4.636 4.634 4.716 4.696 4.711 4.681 4.676 4.587 4.416 4.245
9.372 7.333 6.029 5.569 6.27 7.778 8.865 7.269 7.09 7.96 7.647 7.593 6.037 4.558 4.554 4.528 4.57 4.529 4.562 4.537 4.557 4.555 4.562 4.57 4.547 4.557 4.664 4.639 4.974 5.179 5.09 5.039 4.766 7.067 5.068 6.262 7.36 7.751 7.115 6.078 4.908 4.506 4.511 4.516 4.524 4.551 4.574 4.581 4.571 4.526 4.479 4.566 4.486 4.566 4.624 4.654 4.491 4.569 4.629 4.671 4.686 4.619 4.614 4.581 4.564 4.499 4.569 4.631 4.616 4.619 4.596 4.616 4.659 4.691 4.669 4.655 4.487
8.906 7.372 5.615 5.1 5.161 5.693 6.806 5.272 6.125 9.06 6.934 7.818 -9999 4.554 4.557 4.576 4.533 4.599 4.588 4.577 4.547 4.59 4.585 4.579 4.562 4.557 4.71 4.994 5.001 5.127 5.102 5.153 5.078 7.007 5.595 5.993 6.618 5.853 6.114 5.692 4.536 4.469 4.456 4.481 4.521 4.476 4.589 4.606 4.589 4.649 4.569 4.506 4.564 4.611 4.631 4.591 4.494 4.599 4.636 4.649 4.789 4.606 4.589 4.566 4.531 4.489 4.556 4.581 4.524 4.634 4.596 4.671 4.669 4.696 4.701 4.696 4.699
8.867 8.474 6.08 5.11 4.904 5.375 6.283 6.909 7.4 9.686 8.737 8.664 7.214 -9999 4.568 4.576 4.567 4.549 4.572 4.6 4.559 4.597 4.562 4.532 4.549 4.557 4.61 5.246 5.044 5.129 5.13 5.193 5.053 6.321 5.748 6.118 6.719 6.134 6.085 5.818 4.541 4.398 4.489 4.494 4.481 4.451 4.469 4.574 4.604 4.639 4.676 4.516 4.544 4.556 4.584 4.599 4.444 4.599 4.609 4.679 4.694 4.626 4.614 4.591 4.529 4.406 4.511 4.511 4.674 4.586 4.616 4.669 4.729 4.764 4.746 4.776 4.693
7.78 6.804 5.654 5.332 5.258 5.492 6.308 7.6 6.883 9.997 8.973 8.526 7.435 -9999 -9999 4.564 4.55 4.544 4.579 4.572 4.555 4.548 4.536 4.557 4.555 4.56 4.597 5.017 4.947 5.12 5.131 5.179 5.201 5.419 6.734 5.026 6.389 8.108 7.188 6.574 4.967 4.418 4.436 4.399 4.424 4.491 4.481 4.559 4.601 4.604 4.559 4.741 4.624 4.566 4.584 4.539 4.519 4.569 4.604 4.694 4.744 4.644 4.589 4.591 4.524 4.451 4.549 4.574 4.671 4.641 4.691 4.689 4.691 4.784 4.785 4.773 4.735
7.768 6.698 5.617 6.159 5.934 5.588 5.509 6.312 5.772 5.735 7.799 8.071 7.921 -9999 -9999 -9999 4.553 4.552 4.55 4.522 4.525 4.551 4.557 4.568 4.582 4.575 4.621 5.185 4.959 5.127 5.15 5.159 5.262 5.104 7.155 6.328 5.672 7.145 8.467 6.337 5.412 4.532 4.341 4.379 4.379 4.466 4.504 4.599 4.569 4.581 4.594 4.659 4.574 4.554 4.544 4.496 4.539 4.671 4.601 4.676 4.606 4.646 4.541 4.539 4.589 4.579 4.591 4.616 4.641 4.666 4.611 4.571 4.661 4.774 4.755 4.767 4.829
8.904 7.04 6.658 6.699 6.467 5.685 5.958 7.18 7.486 9.121 9.235 8.086 7.886 8.246 -9999 -9999 -9999 4.557 4.552 4.561 4.596 4.571 4.563 4.535 4.582 4.527 4.68 4.916 4.823 5.117 5.169 5.147 5.266 4.637 5.6 5.596 5.788 6.332 6.582 6.331 5.433 4.526 4.289 4.336 4.516 4.446 4.504 4.501 4.519 4.591 4.561 4.541 4.521 4.574 4.566 4.436 4.556 4.561 4.591 4.596 4.681 4.649 4.621 4.581 4.519 4.606 4.609 4.591 4.614 4.741 4.591 4.571 4.664 4.676 4.72 4.702 4.675
7.962 6.789 6.432 6.623 6.517 5.377 5.888 7.546 5.94 7.583 8.229 7.282 7.096 7.205 -9999 -9999 -9999 -9999 -9999 4.595 4.597 4.585 4.561 4.531 4.576 4.55 4.572 4.734 4.852 5.089 5.142 5.142 5.236 4.967 4.519 6.843 6.72 6.846 5.964 5.883 5.313 4.448 4.276 4.356 4.464 4.449 4.506 4.479 4.541 4.574 4.571 4.591 4.514 4.566 4.621 4.559 4.639 4.536 4.559 4.586 4.596 4.569 4.641 4.654 4.579 4.624 4.651 4.566 4.614 4.606 4.566 4.556 4.576 4.699 4.635 4.599 4.642
6.43 6.399 6.293 6.654 6.631 5.557 5.922 7.006 5.637 5.364 5.078 5.701 6.427 7.276 7.731 -9999 -9999 -9999 -9999 4.596 4.593 4.575 4.57 4.562 4.555 4.595 4.545 4.778 5.264 5.073 5.125 5.143 5.22 5.091 4.368 6.566 5.643 5.594 5.865 6.271 5.596 4.606 4.304 4.341 4.426 4.504 4.496 4.496 4.674 4.604 4.604 4.671 4.631 4.581 4.686 4.596 4.699 4.624 4.499 4.576 4.639 4.564 4.624 4.661 4.631 4.674 4.661 4.614 4.636 4.594 4.596 4.616 4.589 4.634 4.519 4.546 4.561
6.395 6.477 6.291 6.748 5.882 5.442 5.366 5.363 5.206 5.523 5.122 5.43 6.756 7.708 8.205 7.556 6.931 6.722 -9999 4.591 4.588 4.583 4.585 4.566 4.566 4.571 4.6 4.771 5.028 5.01 5.118 5.148 5.236 5.204 4.956 6.978 6.184 5.817 6.428 6.511 5.93 4.769 4.436 4.364 4.466 4.424 4.386 4.441 4.644 4.604 4.574 4.534 4.611 4.579 4.581 4.561 4.581 4.524 4.534 4.521 4.619 4.541 4.624 4.526 4.624 4.666 4.554 4.581 4.636 4.556 4.644 4.606 4.591 4.534 4.549 4.558 4.538
6.578 6.47 6.287 6.48 5.568 5.409 5.386 5.296 5.529 6.255 6.311 6.3 7.373 8.087 8.674 7.62 6.439 6.682 -9999 5.233 4.586 4.585 4.589 4.587 4.557 4.502 4.552 4.743 4.916 4.944 5.108 5.134 5.163 5.322 4.973 6.947 6.403 4.74 5.673 6.331 5.216 4.686 4.406 4.456 4.389 4.404 4.544 4.421 4.579 4.621 4.729 4.534 4.579 4.579 4.536 4.501 4.491 4.506 4.501 4.541 4.531 4.501 4.641 4.669 4.661 4.606 4.531 4.539 4.529 4.556 4.564 4.591 4.529 4.526 4.544 4.544 4.524
6.261 7.142 6.5 6.23 5.356 5.429 5.45 5.471 6.194 6.486 5.27 5.596 7.422 9.141 8.286 7.969 6.796 6.849 7.148 -9999 4.781 4.581 4.579 4.573 4.557 4.535 4.578 4.685 4.85 4.932 5.093 5.099 5.115 5.261 5.023 5.144 6.597 5.64 5.562 5.367 4.844 4.599 4.479 4.464 4.469 4.439 4.474 4.451 4.514 4.541 4.681 4.619 4.586 4.571 4.616 4.531 4.496 4.501 4.486 4.519 4.471 4.434 4.526 4.619 4.649 4.611 4.509 4.521 4.486 4.471 4.526 4.516 4.571 4.541 4.501 4.485 4.48
6.718 8.674 6.335 5.901 5.294 5.41 5.445 5.91 5.939 5.967 5.556 6.63 6.945 7.563 6.613 8.192 7.627 7.139 7.061 -9999 -9999 4.575 4.564 4.556 4.551 4.546 4.577 4.651 4.816 4.896 5.127 5.14 5.121 5.199 5.184 4.604 6.236 7.933 7.109 6.771 5.766 4.828 4.516 4.496 4.504 4.574 4.566 4.569 4.571 4.626 4.569 4.471 4.491 4.451 4.499 4.631 4.529 4.574 4.596 4.559 4.516 4.471 4.496 4.534 4.551 4.549 4.506 4.606 4.519 4.494 4.471 4.461 4.491 4.494 4.465 4.475 4.501
