Matlab/Roost_data/braunton/dsm/ss4737_DSM_2M.asc
ncols 500
nrows 500
xllcorner    247000
yllcorner    137000
cellsize     2
NODATA_value -9999
[rows 128 to 159 of 500, columns 216 to 287 of 500]
97.245 97.525 97.835 98.125 98.387 98.627 98.84 99.01 99.195 99.402 99.587 99.765 99.97 100.08 100.332 100.52 100.592 100.635 100.735 100.835 100.945 101.042 101.117 101.215 101.285 101.35 101.42 101.47 101.532 101.56 101.615 101.67 101.685 101.712 101.745 101.792 101.827 101.847 101.902 101.922 101.977 102.06 102.115 102.145 102.192 102.212 102.237 102.222 102.255 102.27 102.317 102.422 102.547 102.725 102.88 102.917 103.015 103.097 103.152 103.145 103.202 103.275 103.382 103.492 103.612 103.705 103.797 103.907 104.035 104.142 104.26 104.377
96.565 96.862 97.16 97.422 97.685 97.847 98.057 98.25 98.48 98.69 98.91 99.157 99.417 99.662 100.49 99.96 99.91 99.97 100.025 100.122 100.235 100.33 100.372 100.482 100.562 100.627 100.697 100.762 100.827 100.88 100.93 101 101.03 101.065 101.095 101.135 101.192 101.207 101.255 101.302 101.357 101.405 101.487 101.535 101.58 101.63 101.655 101.675 101.68 101.712 101.765 101.805 101.91 102.092 102.295 102.405 102.447 102.49 102.597 102.645 102.672 102.712 102.842 102.932 103.07 103.177 103.262 103.387 103.502 103.625 103.735 103.845
95.807 96.117 96.382 96.64 96.872 97.11 97.312 97.545 97.805 98.075 98.315 98.595 99.232 99.552 99.727 100.717 99.24 99.302 99.275 99.385 99.51 99.597 99.66 99.752 99.845 99.912 99.992 100.06 100.127 100.207 100.26 100.327 100.375 100.395 100.467 100.482 100.532 100.565 100.625 100.65 100.707 100.752 100.835 100.892 100.96 101.03 101.077 101.085 101.127 101.172 101.21 101.24 101.287 101.46 101.655 101.81 101.895 101.93 102.025 102.075 102.17 102.207 102.31 102.4 102.522 102.642 102.747 102.855 102.99 103.09 103.22 103.327
95.08 95.372 95.592 95.845 96.102 96.377 96.707 96.967 97.242 97.545 97.902 98.662 98.702 98.67 99.337 99.382 98.557 98.59 98.602 98.705 98.775 98.83 98.95 99.035 99.135 99.205 99.277 99.352 99.432 99.512 99.587 99.672 99.727 99.75 99.797 99.837 99.875 99.91 99.96 100.012 100.02 100.092 100.182 100.265 100.335 100.42 100.465 100.495 100.56 100.617 100.677 100.71 100.762 100.84 100.997 101.185 101.335 101.397 101.457 101.567 101.65 101.712 101.782 101.85 101.97 102.085 102.2 102.322 102.457 102.565 102.68 102.81
94.295 94.585 94.855 95.185 95.495 95.805 96.155 97.492 97.865 96.847 97.412 97.862 98.04 98.08 97.85 97.915 97.762 97.897 97.897 97.945 98.065 98.157 98.257 98.287 98.425 98.5 98.57 98.652 98.737 98.83 98.915 98.99 99.05 99.125 99.165 99.182 99.222 99.247 99.315 99.337 99.377 99.452 99.51 99.587 99.695 99.785 99.845 99.925 100.02 100.06 100.132 100.18 100.217 100.275 100.385 100.55 100.725 100.857 100.917 101.007 101.132 101.207 101.27 101.322 101.43 101.537 101.657 101.79 101.91 102.035 102.145 102.265
93.577 93.907 94.25 94.642 95.052 95.32 95.917 95.69 95.997 96.057 96.742 96.827 96.242 96.925 96.68 96.695 97.447 97.222 97.19 97.245 97.33 97.445 97.54 97.627 97.74 97.802 97.89 97.987 98.06 98.145 98.242 98.317 98.395 98.475 98.502 98.552 98.592 98.59 98.625 98.677 98.735 98.807 98.862 98.927 99.037 99.132 99.227 99.33 99.435 99.51 99.567 99.637 99.692 99.76 99.795 99.92 100.09 100.24 100.385 100.465 100.565 100.675 100.76 100.805 100.885 100.987 101.102 101.235 101.372 101.51 101.62 101.725
92.985 94.022 94.502 94.405 94.215 94.575 95.485 94.907 95.155 95.332 95.912 95.67 95.492 95.45 95.6 95.805 98.822 96.485 96.515 96.51 96.617 96.742 96.867 96.945 97.035 97.127 97.225 97.322 97.382 97.452 97.54 97.637 97.72 97.782 97.857 97.902 97.94 97.947 97.997 98.04 98.105 98.147 98.22 98.29 98.392 98.5 98.615 98.715 98.835 98.942 99.015 99.07 99.137 99.197 99.215 99.3 99.457 99.615 99.777 99.935 100.015 100.125 100.232 100.305 100.357 100.452 100.55 100.677 100.82 100.952 101.077 101.19
92.432 93.275 92.945 92.97 93.417 94.237 94.642 94.23 94.292 94.367 94.702 94.58 94.435 94.65 95.325 94.997 95.98 95.757 95.88 95.847 95.925 96.07 96.192 96.267 96.355 96.467 96.55 96.647 96.715 96.775 96.865 96.992 96.992 97.082 97.165 97.245 97.285 97.325 97.362 97.397 97.46 97.54 97.612 97.677 97.787 97.895 97.985 98.09 98.205 98.335 98.402 98.49 98.562 98.62 98.65 98.72 98.845 98.987 99.135 99.34 99.482 99.562 99.667 99.765 99.88 99.927 100.022 100.115 100.242 100.392 100.507 100.62
91.897 91.865 92.185 92.197 92.355 93.017 93.195 93.395 93.512 93.415 93.702 93.88 93.52 93.605 94.48 94.13 94.76 95.117 95.197 95.157 95.235 95.367 95.487 95.595 95.7 95.78 95.885 95.98 96.03 96.107 96.177 96.26 96.322 96.395 96.487 96.525 96.597 96.665 96.735 96.772 96.855 96.892 96.967 97.062 97.14 97.255 97.37 97.462 97.577 97.712 97.787 97.882 97.945 98.04 98.092 98.14 98.222 98.312 98.485 98.715 98.837 99.007 99.092 99.182 99.327 99.45 99.487 99.585 99.682 99.815 99.927 100.065
91.302 91.587 91.672 91.597 91.667 91.632 92.697 92.857 93.54 93.512 93.25 93.112 92.85 93.05 93.515 93.482 94.057 94.432 94.472 94.487 94.552 94.675 94.807 94.922 95.007 95.1 95.175 95.287 95.36 95.42 95.49 95.547 95.635 95.717 95.787 95.855 95.917 96.027 96.057 96.155 96.242 96.31 96.4 96.477 96.562 96.655 96.75 96.845 96.937 97.065 97.155 97.262 97.35 97.422 97.51 97.587 97.627 97.677 97.825 98.03 98.195 98.387 98.527 98.647 98.765 98.892 98.985 99.035 99.115 99.242 99.367 99.49
90.582 90.82 90.882 90.497 91.055 90.462 91.497 91.955 92.51 92.57 92.805 92.5 92.182 92.422 92.672 92.882 93.33 93.84 93.807 93.925 93.875 93.965 94.085 94.205 94.292 94.387 94.487 94.58 94.662 94.722 94.792 94.872 94.952 95.05 95.13 95.18 95.28 95.36 95.447 95.537 95.652 95.685 95.822 95.922 95.98 96.032 96.12 96.217 96.307 96.427 96.512 96.627 96.737 96.84 96.94 96.995 97.05 97.115 97.22 97.36 97.545 97.747 97.95 98.117 98.235 98.35 98.452 98.52 98.595 98.68 98.78 98.917
88.835 89.35 89.185 90.372 89.757 89.702 90.105 91.715 91.792 92.117 91.732 91.222 91.485 91.762 92.022 92.005 92.552 92.72 92.93 93.22 93.195 93.252 93.395 93.517 93.6 93.697 93.792 93.862 93.947 94.015 94.1 94.187 94.267 94.367 94.475 94.54 94.627 94.725 94.812 94.935 95.03 95.115 95.242 95.327 95.412 95.457 95.53 95.607 95.667 95.795 95.882 95.982 96.112 96.215 96.315 96.395 96.477 96.56 96.635 96.752 96.922 97.157 97.327 97.547 97.702 97.78 97.915 98.025 98.082 98.155 98.225 98.37
88.075 88.667 88.327 88.45 88.875 89.59 90.455 90.405 90.622 90.417 90.317 91.115 91.057 91.422 91.58 91.53 91.897 92.057 92.222 92.462 92.52 92.55 92.66 92.792 92.907 92.98 93.05 93.147 93.255 93.347 93.43 93.505 93.597 93.695 93.802 93.887 93.99 94.082 94.192 94.302 94.432 94.555 94.667 94.765 94.817 94.867 94.932 94.99 95.022 95.132 95.232 95.33 95.462 95.577 95.712 95.775 95.915 95.992 96.095 96.18 96.295 96.515 96.715 96.937 97.155 97.237 97.372 97.532 97.587 97.672 97.735 97.84
87.607 87.99 88.01 88.325 88.472 89.195 89.622 89.33 89.927 90.25 89.312 90.1 90.107 90.35 90.902 90.842 91.375 91.627 91.445 91.76 91.865 91.855 91.925 92.075 92.192 92.267 92.332 92.44 92.55 92.647 92.74 92.827 92.92 93.04 93.15 93.25 93.342 93.457 93.557 93.665 93.807 93.935 94.04 94.147 94.22 94.262 94.337 94.357 94.425 94.48 94.562 94.7 94.817 94.92 95.085 95.187 95.317 95.435 95.53 95.647 95.727 95.9 96.09 96.337 96.525 96.712 96.845 97.002 97.11 97.21 97.245 97.32
86.412 87.245 87.38 87.802 88.14 88.23 89.035 88.48 88.882 88.825 89.265 88.96 89.525 89.107 89.462 89.955 90.64 90.467 91.517 90.982 91.165 91.135 91.192 91.355 91.462 91.535 91.642 91.75 91.85 91.952 92.065 92.162 92.265 92.385 92.505 92.627 92.705 92.83 92.917 93.04 93.162 93.28 93.402 93.492 93.565 93.632 93.687 93.745 93.787 93.855 93.952 94.065 94.175 94.29 94.435 94.565 94.715 94.855 94.982 95.105 95.202 95.29 95.49 95.725 95.907 96.147 96.35 96.505 96.61 96.757 96.765 96.825
86.82 86.245 87.13 87.075 87.487 87.192 87.527 87.34 88.465 88.242 88.55 88.42 88.207 87.91 88.032 89.902 90.315 89.935 90.15 90.467 90.435 90.45 90.497 90.632 90.725 90.832 90.927 91.022 91.122 91.227 91.352 91.462 91.585 91.707 91.842 91.982 92.062 92.202 92.29 92.41 92.495 92.617 92.74 92.832 92.897 92.975 93.052 93.122 93.165 93.22 93.312 93.42 93.545 93.657 93.827 93.925 94.08 94.262 94.407 94.537 94.66 94.762 94.875 95.117 95.287 95.552 95.785 96.022 96.125 96.245 96.292 96.275
85.992 85.977 86.567 86.207 86.38 86.392 86.66 86.832 86.88 87.572 87.3 88.335 87.645 87.152 87.19 87.717 89.567 90.23 89.402 89.672 89.765 89.782 89.782 89.89 90.022 90.127 90.252 90.317 90.427 90.532 90.667 90.777 90.912 91.047 91.182 91.302 91.42 91.562 91.67 91.715 91.81 91.962 92.077 92.177 92.25 92.32 92.412 92.487 92.532 92.605 92.685 92.787 92.915 93.03 93.185 93.307 93.485 93.657 93.807 93.967 94.092 94.235 94.337 94.515 94.685 94.96 95.262 95.455 95.627 95.78 95.777 95.752
84.3 85.335 85.967 85.85 85.682 85.61 85.76 86.24 86.635 87.207 87 87.245 87.057 86.295 87.107 86.84 87.645 89.157 89.005 88.872 88.925 89.072 89.052 89.175 89.31 89.45 89.562 89.647 89.745 89.825 89.955 90.06 90.207 90.342 90.485 90.635 90.755 90.875 90.975 91.055 91.137 91.272 91.387 91.477 91.577 91.667 91.745 91.807 91.88 91.932 92.025 92.152 92.277 92.39 92.537 92.687 92.867 93.04 93.195 93.37 93.515 93.662 93.782 93.907 94.09 94.355 94.64 94.862 95.17 95.25 95.197 95.227
83.61 84.287 84.387 84.662 85.327 85.757 85.47 85.892 85.87 85.685 86.24 86.167 86.57 86.55 86.495 86.577 86.647 87.135 87.85 89.885 88.57 88.375 88.455 88.477 88.607 88.722 88.86 88.957 89.035 89.132 89.245 89.347 89.482 89.645 89.78 89.97 90.072 90.195 90.31 90.41 90.482 90.585 90.69 90.79 90.89 90.962 91.047 91.122 91.24 91.307 91.405 91.51 91.645 91.767 91.912 92.062 92.257 92.422 92.587 92.747 92.927 93.065 93.23 93.332 93.527 93.755 94.017 94.33 94.417 94.425 94.615 94.65
84.01 83.67 83.612 83.887 84.615 84.91 84.637 85.055 84.977 84.967 84.912 85.895 84.982 85.612 85.847 86.372 85.557 86.085 88.702 87.322 87.76 87.557 87.827 87.727 87.882 88.047 88.175 88.275 88.362 88.452 88.547 88.64 88.757 88.91 89.06 89.232 89.367 89.492 89.632 89.725 89.82 89.905 89.987 90.085 90.172 90.275 90.377 90.45 90.562 90.65 90.78 90.872 91.005 91.172 91.325 91.435 91.625 91.795 91.982 92.135 92.31 92.482 92.66 92.847 92.992 93.14 93.512 93.845 93.692 93.862 94.012 94.052
82.905 82.705 82.66 83.27 83.672 83.422 83.902 84.355 84.312 84.24 84.53 85.302 85.112 85.342 85.295 85.542 84.977 85.065 85.8 86.575 87.027 86.965 87.125 87 87.172 87.342 87.5 87.59 87.68 87.757 87.835 87.922 88.035 88.177 88.305 88.495 88.635 88.79 88.902 89.012 89.112 89.215 89.315 89.415 89.47 89.572 89.682 89.777 89.895 90 90.125 90.24 90.377 90.535 90.707 90.827 91.01 91.172 91.367 91.53 91.72 91.905 92.12 92.285 92.385 92.762 92.9 92.877 92.98 93.24 93.365 93.472
81.6 81.822 82.345 82.655 83.595 83.157 82.802 82.502 83.257 83.805 83.997 84.342 84.657 84.522 83.61 84.695 84.395 84.555 85.937 85.727 86.117 86.807 86.41 86.442 86.47 86.602 86.757 86.892 86.987 87.06 87.14 87.225 87.35 87.467 87.595 87.727 87.88 88.04 88.147 88.265 88.412 88.477 88.587 88.685 88.765 88.86 88.967 89.115 89.22 89.357 89.467 89.62 89.742 89.91 90.072 90.202 90.375 90.557 90.722 90.892 91.11 91.325 91.51 91.657 91.877 92.177 92.115 92.31 92.512 92.702 92.78 92.915
82.162 82.095 81.93 82.567 83.047 82.27 82.387 83.35 82.717 83.067 82.825 82.71 83.435 83.47 83.82 83.752 83.757 84.325 84.915 85.722 85.477 85.892 85.79 85.782 85.78 85.88 86.03 86.187 86.29 86.382 86.452 86.552 86.667 86.755 86.86 87 87.135 87.277 87.395 87.522 87.627 87.702 87.82 87.942 88.05 88.152 88.295 88.43 88.527 88.672 88.795 88.967 89.097 89.255 89.435 89.587 89.732 89.907 90.105 90.28 90.497 90.712 90.872 91.08 91.572 91.452 91.515 91.762 91.96 92.097 92.227 92.335
79.907 80.295 80.307 81.44 81.775 82.06 81.877 82.115 82.205 82.257 82.405 82.32 82.215 83.042 83.19 83.102 83.515 83.172 84.087 83.835 84.682 85.07 84.955 85.12 85.077 85.135 85.285 85.43 85.57 85.652 85.765 85.835 85.95 86.035 86.147 86.257 86.39 86.52 86.622 86.745 86.862 86.96 87.08 87.22 87.3 87.43 87.577 87.702 87.847 88.002 88.122 88.292 88.47 88.615 88.815 88.947 89.09 89.27 89.465 89.677 89.88 90.08 90.252 90.667 90.84 90.925 91.082 91.257 91.392 91.565 91.665 91.75
76.007 77.607 77.71 78.02 79.252 79.485 81.3 81.712 82.172 82.22 82.175 82.14 82.467 81.58 82.3 82.22 82.985 82.76 83.442 83.595 83.967 84.065 85.212 84.327 84.37 84.42 84.517 84.67 84.787 84.922 85.022 85.137 85.247 85.347 85.455 85.542 85.647 85.802 85.88 85.992 86.122 86.212 86.345 86.497 86.585 86.72 86.88 87.02 87.145 87.3 87.445 87.63 87.805 87.967 88.165 88.297 88.472 88.637 88.842 89.06 89.24 89.42 90.01 90.065 90.1 90.27 90.487 90.687 90.842 90.965 91.087 91.155
74.24 74.237 74.007 73.827 74.585 76.737 78.715 79.767 80.907 81.05 81.26 81.02 81.057 81.495 81.57 81.43 81.755 82.13 82.65 82.987 82.9 83.357 83.457 83.547 83.702 83.697 83.772 83.897 84.05 84.18 84.29 84.387 84.51 84.632 84.725 84.82 84.91 85.035 85.155 85.257 85.37 85.462 85.597 85.73 85.867 85.995 86.125 86.29 86.437 86.58 86.757 86.947 87.105 87.277 87.472 87.65 87.835 88.015 88.227 88.415 88.555 88.85 89.002 89.26 89.507 89.712 89.91 90.112 90.287 90.405 90.512 90.587
72.5 72.28 71.77 71.327 70.82 72.387 75.97 77.375 78.512 79.895 80.78 80.547 80.762 80.555 80.995 80.892 80.922 81.197 83.615 81.945 82.21 83.11 83.145 83.072 82.98 82.962 83.017 83.13 83.26 83.407 83.532 83.662 83.787 83.89 83.975 84.092 84.18 84.29 84.4 84.512 84.64 84.757 84.875 85.007 85.132 85.277 85.422 85.57 85.742 85.905 86.06 86.235 86.435 86.592 86.82 86.977 87.197 87.387 87.577 87.727 88.175 88.375 88.41 88.675 88.89 89.14 89.33 89.54 89.672 89.795 89.905 89.99
69.28 70.172 68.577 67.615 67.77 68.527 69.31 70.712 73.985 78.172 80.325 80.592 79.927 80.475 80.485 80.572 80.525 80.38 80.775 81.452 81.232 81.597 84.192 82.185 82.315 82.275 82.285 82.405 82.527 82.64 82.795 82.93 83.05 83.157 83.26 83.37 83.465 83.577 83.715 83.817 83.92 84.025 84.155 84.297 84.42 84.555 84.707 84.872 85.027 85.215 85.362 85.542 85.722 85.917 86.127 86.297 86.525 86.745 86.89 87.34 87.677 87.782 87.892 88.105 88.297 88.517 88.737 88.92 89.057 89.187 89.302 89.415
64.352 64.872 65.152 65.112 65.83 66.637 67.382 68.755 69.9 73.477 77.47 79.112 79.802 80.13 79.95 80.077 79.96 79.822 79.912 81.105 80.697 81.362 85.335 81.415 81.545 81.597 81.565 81.662 81.76 81.88 82.035 82.182 82.295 82.442 82.557 82.657 82.735 82.857 82.98 83.115 83.217 83.337 83.475 83.59 83.725 83.89 84.007 84.16 84.312 84.5 84.672 84.857 85.05 85.215 85.442 85.682 85.885 86.082 86.407 86.755 87.107 87.302 87.275 87.47 87.687 87.932 88.1 88.272 88.427 88.577 88.71 88.785
62.842 61.88 62.217 62.45 63.097 63.822 64.117 66.412 68.65 69.947 72.142 77.1 78.6 79.48 79.325 79 78.627 78.8 80.01 80.592 80.532 80.63 81.675 81.445 81.015 80.942 80.877 80.932 81.04 81.155 81.317 81.445 81.6 81.702 81.835 81.942 82.03 82.145 82.252 82.385 82.5 82.637 82.757 82.902 83.042 83.187 83.305 83.477 83.632 83.792 83.975 84.17 84.342 84.565 84.815 85.017 85.222 86.437 86.097 86.042 86.16 86.45 86.64 86.842 87.075 87.257 87.427 87.597 87.777 87.932 88.045 88.185
60.39 59.937 59.96 60.687 61.012 61.515 62.692 63.252 65.765 67.927 72.187 75.095 77.637 78.65 78.222 78.885 78.162 78.357 78.685 79.27 80.355 79.497 80.515 81.017 81.39 80.182 80.262 80.21 80.31 80.412 80.555 80.692 80.812 80.915 81.085 81.19 81.287 81.44 81.54 81.657 81.802 81.912 82.06 82.212 82.34 82.495 82.632 82.792 82.955 83.105 83.295 83.457 83.657 83.937 84.137 84.34 85.152 84.967 85.38 85.305 85.597 85.767 85.992 86.192 86.41 86.575 86.745 86.927 87.107 87.282 87.42 87.587
60.175 59.71 59.307 59.665 59.625 60.257 61.012 61.74 64.39 66.245 69.182 73.612 75.865 77.865 79.335 77.852 77.792 77.837 78.035 78.5 78.515 78.395 79.177 80.352 80.582 79.562 79.545 79.517 79.602 79.675 79.795 79.957 80.087 80.192 80.332 80.47 80.58 80.7 80.807 80.945 81.085 81.202 81.357 81.52 81.647 81.807 81.967 82.127 82.25 82.417 82.602 82.767 83.027 83.25 83.447 83.632 84.125 84.307 84.42 84.73 84.922 85.102 85.327 85.547 85.75 85.895 86.097 86.252 86.435 86.627 86.77 86.932
