Matlab/Roost_data/braunton/dsm/ss4736_DSM_2M.asc
ncols 500
nrows 500
xllcorner    247000
yllcorner    136000
cellsize     2
NODATA_value -9999
[rows 231 to 263 of 500, columns 75 to 149 of 500]
7.347 7.359 7.347 7.317 7.284 7.252 7.242 7.232 7.244 7.257 7.264 7.279 7.289 7.329 7.339 7.319 7.302 7.329 7.354 7.344 7.274 7.132 6.909 6.667 6.382 6.222 6.159 5.544 5.169 6.489 6.157 6.739 6.762 6.344 6.339 6.524 6.912 6.829 7.207 7.699 8.292 6.527 6.912 6.732 6.422 6.297 6.559 6.289 7.707 6.697 6.452 6.907 8.689 6.629 8.012 7.774 7.647 7.619 7.462 6.859 7.067 7.102 8.154 7.102 7.502 7.637 6.818 6.856 8.1 8.008 7.156 7.4 6.495 6.355 6.34
7.392 7.349 7.377 7.362 7.302 7.272 7.252 7.284 7.262 7.257 7.287 7.297 7.297 7.344 7.357 7.357 7.319 7.319 7.342 7.324 7.294 7.182 6.992 6.754 6.512 6.234 6.134 5.764 5.102 5.084 5.367 6.717 7.199 5.814 8.077 6.499 7.927 6.637 6.074 6.444 7.147 6.922 6.604 6.774 6.997 6.432 7.579 6.597 9.017 6.817 7.162 6.654 7.109 7.009 8.069 8.249 8.102 7.057 6.829 6.997 6.322 7.137 7.212 6.909 6.602 6.987 6.751 6.641 7.522 7.786 6.776 6.562 6.445 6.399 6.337
7.392 7.404 7.404 7.379 7.349 7.314 7.299 7.292 7.309 7.327 7.317 7.274 7.324 7.327 7.312 7.314 7.307 7.329 7.354 7.307 7.277 7.217 7.057 6.822 6.564 6.299 6.169 6.022 5.522 5.184 5.172 6.072 5.664 5.627 6.839 6.609 6.917 6.022 6.397 5.739 6.677 5.934 6.607 5.792 6.897 5.919 6.834 6.499 6.057 7.169 6.597 6.419 8.147 6.524 6.439 6.879 6.382 6.099 6.127 6.784 6.372 6.269 6.432 6.414 6.412 6.364 6.336 6.384 6.48 6.649 6.514 6.404 6.487 6.782 6.853
7.414 7.424 7.417 7.382 7.372 7.357 7.322 7.332 7.344 7.332 7.322 7.319 7.339 7.294 7.304 7.312 7.339 7.324 7.299 7.289 7.282 7.244 7.149 6.994 6.749 6.514 6.237 6.104 5.852 5.367 5.832 5.507 5.654 5.674 5.652 5.709 6.599 6.912 5.909 5.797 5.814 5.844 5.862 6.439 6.224 6.334 6.152 6.507 6.449 6.114 6.122 6.737 6.679 6.577 6.462 6.347 6.399 6.384 6.394 6.409 6.539 6.467 6.529 6.644 6.609 6.567 6.674 6.658 6.668 6.645 6.605 6.594 6.636 6.982 6.831
7.417 7.399 7.397 7.399 7.379 7.382 7.369 7.312 7.314 7.327 7.312 7.307 7.332 7.324 7.307 7.324 7.342 7.347 7.287 7.252 7.229 7.237 7.189 7.089 6.879 6.544 6.262 6.119 5.944 5.464 4.992 5.167 5.579 5.644 5.649 5.617 5.682 5.732 5.709 5.792 5.892 5.964 6.022 7.324 7.822 6.334 6.787 6.872 6.214 6.284 6.374 6.487 6.517 6.569 6.567 6.592 6.637 6.844 6.654 6.719 7.719 7.627 6.917 6.852 6.744 6.732 6.752 6.736 6.722 6.707 6.649 6.652 6.69 6.712 6.702
7.419 7.417 7.407 7.417 7.392 7.414 7.362 7.347 7.332 7.312 7.297 7.322 7.312 7.302 7.309 7.332 7.302 7.262 7.277 7.234 7.189 7.204 7.197 7.127 6.959 6.644 6.289 6.119 5.987 5.677 5.204 4.932 5.337 5.687 5.709 5.692 5.659 5.617 5.669 5.757 5.869 5.994 6.089 6.532 6.532 6.434 6.449 6.429 6.384 6.409 6.474 6.512 6.604 6.659 6.689 6.707 6.724 6.744 6.742 6.754 6.817 6.827 6.784 6.707 6.722 6.764 6.767 6.782 6.76 6.744 6.721 6.709 6.698 6.729 6.756
7.419 7.389 7.412 7.407 7.417 7.404 7.394 7.359 7.334 7.324 7.324 7.289 7.284 7.287 7.334 7.307 7.312 7.269 7.259 7.229 7.252 7.227 7.207 7.167 6.974 6.684 6.374 6.134 5.989 5.779 5.312 4.897 5.329 5.684 5.734 5.707 5.729 5.644 5.672 5.789 5.882 6.019 6.159 6.292 6.382 6.494 6.539 6.457 6.462 6.504 6.584 6.649 6.707 6.722 6.737 6.759 6.784 6.794 6.779 6.814 6.859 6.849 6.824 6.784 6.792 6.792 6.822 6.807 6.818 6.788 6.783 6.776 6.75 6.74 6.802
7.417 7.392 7.392 7.432 7.444 7.447 7.417 7.392 7.372 7.337 7.314 7.317 7.267 7.274 7.274 7.309 7.282 7.249 7.242 7.247 7.279 7.234 7.209 7.197 7.037 6.772 6.429 6.172 5.967 5.844 5.459 4.872 5.252 5.639 5.749 5.712 5.702 5.684 5.719 5.842 5.982 6.119 6.232 6.357 6.439 6.552 6.587 6.549 6.559 6.612 6.679 6.717 6.752 6.779 6.774 6.792 6.802 6.842 6.827 6.849 6.914 6.927 6.909 6.862 6.854 6.832 6.839 6.836 6.846 6.844 6.797 6.809 6.794 6.799 6.79
7.399 7.402 7.434 7.447 7.452 7.452 7.457 7.409 7.384 7.319 7.319 7.307 7.274 7.272 7.274 7.304 7.294 7.277 7.274 7.249 7.262 7.254 7.234 7.202 7.059 6.837 6.527 6.207 5.949 5.844 5.539 5.067 5.069 5.622 5.729 5.719 5.694 5.702 5.752 5.889 6.047 6.224 6.349 6.409 6.492 6.582 6.604 6.612 6.649 6.679 6.727 6.732 6.779 6.802 6.797 6.797 6.844 6.889 6.894 6.909 6.944 6.922 6.937 6.914 6.922 6.862 6.849 6.852 6.877 6.855 6.829 6.823 6.867 6.85 6.844
7.372 7.414 7.432 7.484 7.467 7.444 7.412 7.419 7.387 7.314 7.309 7.294 7.244 7.252 7.279 7.302 7.319 7.289 7.297 7.259 7.292 7.282 7.234 7.169 7.017 6.832 6.557 6.217 5.939 5.849 5.639 5.062 4.912 5.464 5.717 5.712 5.689 5.699 5.784 5.899 6.084 6.272 6.402 6.489 6.554 6.592 6.637 6.667 6.687 6.714 6.754 6.772 6.802 6.812 6.804 6.817 6.869 6.902 6.922 6.942 6.937 6.962 6.967 6.954 6.947 6.884 6.864 6.852 6.885 6.898 6.872 6.86 6.887 6.881 6.907
7.359 7.379 7.422 7.432 7.439 7.404 7.374 7.359 7.322 7.314 7.294 7.292 7.247 7.247 7.292 7.297 7.309 7.299 7.284 7.274 7.252 7.257 7.214 7.157 7.014 6.817 6.594 6.277 5.992 5.847 5.712 5.257 5.012 5.467 5.674 5.719 5.689 5.709 5.797 5.949 6.122 6.307 6.452 6.539 6.632 6.682 6.687 6.674 6.694 6.727 6.784 6.802 6.814 6.837 6.819 6.852 6.874 6.924 6.912 6.949 6.969 6.992 6.984 6.979 6.979 6.944 6.939 6.884 6.9 6.911 6.896 6.907 6.92 6.942 6.914
7.382 7.377 7.399 7.422 7.404 7.384 7.359 7.319 7.312 7.307 7.277 7.262 7.267 7.254 7.262 7.297 7.304 7.279 7.279 7.279 7.244 7.224 7.212 7.209 7.082 6.859 6.649 6.364 6.074 5.892 5.752 5.444 4.987 5.539 5.712 5.747 5.727 5.737 5.829 5.987 6.159 6.329 6.467 6.612 6.667 6.734 6.704 6.699 6.697 6.752 6.807 6.829 6.812 6.829 6.819 6.867 6.867 6.944 6.939 6.967 6.974 6.977 6.994 6.989 6.997 6.972 6.959 6.934 6.913 6.91 6.905 6.952 6.957 6.946 6.916
7.394 7.364 7.392 7.369 7.362 7.322 7.302 7.269 7.272 7.282 7.294 7.287 7.264 7.274 7.287 7.279 7.274 7.274 7.292 7.297 7.249 7.267 7.252 7.232 7.134 6.917 6.699 6.399 6.082 5.889 5.782 5.714 5.584 5.724 5.747 5.784 5.749 5.774 5.874 5.997 6.184 6.379 6.534 6.639 6.727 6.767 6.752 6.727 6.727 6.792 6.819 6.834 6.824 6.834 6.824 6.849 6.904 6.932 6.944 6.987 6.982 7.014 7.009 6.984 7.009 7.024 6.974 6.982 6.95 6.93 6.948 6.961 7.027 6.98 6.988
7.394 7.372 7.364 7.354 7.342 7.299 7.269 7.264 7.277 7.272 7.272 7.287 7.272 7.262 7.274 7.277 7.304 7.284 7.289 7.277 7.272 7.279 7.282 7.287 7.234 7.012 6.744 6.454 6.107 5.914 5.814 5.834 5.962 5.819 5.704 5.774 5.782 5.802 5.857 6.014 6.214 6.404 6.579 6.702 6.774 6.794 6.782 6.764 6.764 6.797 6.812 6.834 6.839 6.854 6.872 6.904 7.064 7.014 6.987 6.987 6.984 7.007 7.012 6.989 7.027 7.017 6.999 6.974 6.984 6.991 6.987 6.999 7 7.018 7.012
7.382 7.394 7.367 7.337 7.312 7.287 7.287 7.254 7.274 7.249 7.284 7.289 7.249 7.272 7.272 7.277 7.269 7.302 7.309 7.257 7.274 7.262 7.284 7.299 7.242 7.079 6.817 6.459 6.092 5.869 5.764 5.727 5.489 5.539 5.682 5.844 5.852 5.839 5.884 6.034 6.237 6.419 6.612 6.702 6.777 6.799 6.792 6.769 6.822 6.822 6.829 6.859 6.872 6.879 6.869 6.894 6.977 7.042 7.014 7.002 7.007 7.022 7.029 7.004 7.024 7.067 7.052 7.019 7.008 7.012 7.014 7.045 7.047 7.042 7.123
7.374 7.369 7.339 7.322 7.334 7.284 7.259 7.269 7.287 7.252 7.257 7.277 7.269 7.264 7.274 7.259 7.272 7.299 7.274 7.254 7.262 7.227 7.262 7.262 7.184 7.077 6.814 6.489 6.157 5.904 5.814 5.627 5.004 5.069 5.667 5.862 5.909 5.887 5.904 6.082 6.279 6.437 6.622 6.727 6.812 6.777 6.784 6.807 6.824 6.834 6.844 6.869 6.899 6.892 6.907 6.932 6.947 6.977 7.019 7.019 7.007 7.012 7.009 7.029 7.049 7.054 7.062 7.042 7.032 7.058 7.043 7.053 7.069 7.03 7.364
7.377 7.342 7.342 7.317 7.309 7.299 7.307 7.274 7.262 7.272 7.257 7.269 7.304 7.277 7.279 7.274 7.282 7.274 7.272 7.267 7.237 7.204 7.224 7.262 7.194 7.052 6.857 6.574 6.219 5.927 5.807 5.619 4.987 4.904 5.309 5.572 5.784 5.874 5.964 6.129 6.332 6.527 6.694 6.779 6.824 6.784 6.847 6.842 6.849 6.849 6.884 6.892 6.919 6.889 6.917 6.959 6.982 7.027 7.019 7.024 7.007 7.009 6.984 7.024 7.072 7.084 7.072 7.057 7.084 7.081 7.091 7.095 7.115 7.092 7.418
7.349 7.339 7.334 7.349 7.324 7.319 7.274 7.249 7.264 7.252 7.259 7.279 7.314 7.299 7.277 7.277 7.287 7.282 7.274 7.249 7.222 7.209 7.237 7.257 7.202 7.094 6.914 6.597 6.264 5.929 5.817 5.654 4.969 4.822 4.962 5.417 5.732 5.844 5.974 6.174 6.377 6.557 6.724 6.819 6.857 6.839 6.869 6.889 6.892 6.914 6.947 6.917 6.924 6.924 6.929 6.984 6.999 6.999 6.982 7.012 7.009 6.977 7.004 7.052 7.097 7.094 7.067 7.069 7.089 7.081 7.108 7.147 7.096 7.186 7.547
7.374 7.367 7.342 7.347 7.327 7.314 7.292 7.289 7.279 7.292 7.292 7.309 7.297 7.294 7.287 7.282 7.272 7.272 7.254 7.222 7.232 7.287 7.249 7.254 7.219 7.104 6.942 6.649 6.254 5.929 5.822 5.717 5.029 4.899 5.459 5.749 5.802 5.837 6.007 6.189 6.417 6.627 6.757 6.829 6.872 6.879 6.897 6.924 6.937 6.947 6.944 6.947 6.932 6.934 6.934 6.957 6.977 7.007 6.999 6.992 7.002 7.002 7.009 7.082 7.099 7.114 7.077 7.087 7.104 7.128 7.14 7.128 6.983 7.296 7.211
7.364 7.359 7.346 7.359 7.329 7.301 7.311 7.291 7.321 7.296 7.301 7.296 7.301 7.329 7.296 7.281 7.261 7.271 7.261 7.261 7.286 7.294 7.276 7.284 7.284 7.184 6.959 6.651 6.256 5.931 5.849 5.766 5.119 4.901 5.484 5.774 5.781 5.839 5.991 6.211 6.454 6.634 6.769 6.829 6.886 6.904 6.914 6.921 6.921 6.934 6.951 7.001 6.981 6.949 6.974 6.979 6.999 7.011 6.991 6.961 6.991 7.014 7.039 7.079 7.099 7.134 7.129 7.141 7.154 7.151 7.151 7.099 6.979 7.381 6.849
7.374 7.374 7.351 7.339 7.321 7.314 7.324 7.366 7.351 7.351 7.324 7.294 7.284 7.301 7.319 7.326 7.281 7.309 7.291 7.264 7.289 7.294 7.301 7.346 7.339 7.244 7.016 6.664 6.296 5.974 5.891 5.794 5.211 4.869 5.381 5.744 5.776 5.856 6.011 6.229 6.466 6.644 6.769 6.839 6.906 6.939 6.936 6.934 6.971 6.989 6.964 6.969 6.989 6.994 6.996 6.994 7.001 6.999 6.996 6.974 7.021 7.054 7.064 7.094 7.144 7.131 7.139 7.174 7.186 7.186 7.149 7.064 7.054 7.059 6.741
7.384 7.376 7.366 7.361 7.359 7.354 7.346 7.359 7.386 7.361 7.331 7.309 7.299 7.326 7.339 7.306 7.311 7.336 7.314 7.284 7.294 7.304 7.341 7.369 7.344 7.261 7.041 6.704 6.346 6.036 5.906 5.824 5.216 5.129 5.414 5.714 5.794 5.849 5.984 6.226 6.471 6.671 6.781 6.846 6.909 6.979 6.961 6.974 6.991 6.999 6.994 7.004 7.024 7.016 7.016 7.014 7.021 6.994 6.976 6.971 7.044 7.064 7.081 7.109 7.121 7.116 7.146 7.184 7.184 7.171 7.121 7.054 7.169 6.829 6.789
7.359 7.366 7.356 7.359 7.371 7.386 7.366 7.401 7.381 7.361 7.336 7.349 7.359 7.326 7.309 7.334 7.334 7.354 7.334 7.301 7.336 7.334 7.359 7.361 7.346 7.239 7.031 6.714 6.381 6.046 5.906 5.861 5.331 5.046 5.346 5.696 5.794 5.794 5.941 6.191 6.466 6.634 6.784 6.864 6.969 7.019 7.021 7.026 7.021 7.019 7.014 7.011 7.039 7.019 7.034 7.049 7.021 7.011 6.981 6.981 7.006 7.059 7.089 7.099 7.156 7.141 7.164 7.149 7.169 7.156 7.074 7.041 7.111 6.751 6.846
7.394 7.391 7.384 7.374 7.386 7.394 7.394 7.401 7.394 7.366 7.354 7.341 7.346 7.324 7.351 7.339 7.346 7.356 7.369 7.344 7.336 7.381 7.391 7.381 7.374 7.279 7.039 6.729 6.394 6.051 5.929 5.846 5.414 5.041 5.349 5.709 5.764 5.809 5.921 6.189 6.459 6.629 6.811 6.929 6.994 7.051 7.059 7.064 7.064 7.026 7.014 7.044 7.044 7.041 7.061 7.046 7.026 7.034 7.009 6.996 7.014 7.019 7.049 7.109 7.161 7.151 7.151 7.149 7.161 7.126 7.036 6.986 6.966 6.751 6.849
7.411 7.399 7.404 7.386 7.386 7.404 7.401 7.376 7.364 7.351 7.364 7.344 7.336 7.316 7.304 7.339 7.346 7.401 7.396 7.381 7.369 7.379 7.399 7.396 7.386 7.321 7.054 6.759 6.386 6.064 5.954 5.839 5.454 4.861 5.384 5.736 5.824 5.799 5.946 6.194 6.471 6.679 6.859 6.981 7.059 7.089 7.096 7.059 7.076 7.034 7.034 7.026 7.031 7.059 7.059 7.061 7.031 7.024 7.014 7.026 7.089 7.091 7.089 7.136 7.171 7.129 7.146 7.126 7.099 7.079 6.946 7.066 6.886 6.751 6.804
7.369 7.381 7.391 7.361 7.354 7.371 7.361 7.364 7.329 7.351 7.356 7.334 7.339 7.351 7.316 7.329 7.364 7.419 7.431 7.401 7.364 7.381 7.406 7.439 7.421 7.326 7.104 6.784 6.424 6.099 5.946 5.794 5.499 4.869 5.434 5.804 5.869 5.816 5.986 6.239 6.506 6.741 6.899 7.016 7.084 7.124 7.114 7.096 7.064 7.034 7.059 7.051 7.054 7.061 7.066 7.046 7.041 7.051 7.024 7.036 7.074 7.116 7.146 7.174 7.176 7.136 7.134 7.126 7.111 7.016 6.871 7.096 6.804 6.804 6.781
7.351 7.359 7.346 7.311 7.326 7.306 7.354 7.364 7.334 7.346 7.339 7.361 7.374 7.389 7.359 7.371 7.381 7.411 7.426 7.421 7.396 7.369 7.406 7.429 7.414 7.329 7.146 6.879 6.509 6.151 5.969 5.766 5.359 4.856 5.379 5.834 5.871 5.811 5.969 6.246 6.514 6.756 6.904 7.019 7.119 7.111 7.126 7.129 7.094 7.094 7.076 7.064 7.069 7.091 7.071 7.034 7.026 7.029 7.031 7.041 7.096 7.126 7.136 7.159 7.129 7.149 7.116 7.121 7.079 6.969 6.874 7.141 6.779 6.804 6.769
7.331 7.351 7.301 7.269 7.274 7.286 7.304 7.329 7.359 7.344 7.346 7.359 7.399 7.449 7.404 7.404 7.399 7.401 7.409 7.401 7.381 7.356 7.376 7.404 7.404 7.354 7.171 6.936 6.601 6.226 5.986 5.736 5.381 4.819 5.464 5.869 5.879 5.809 5.954 6.194 6.484 6.774 6.929 7.049 7.124 7.081 7.121 7.131 7.136 7.111 7.084 7.071 7.071 7.086 7.079 7.049 7.034 7.026 7.024 7.059 7.054 7.071 7.119 7.149 7.121 7.096 7.071 7.094 7.031 6.941 6.976 7.186 6.749 6.806 6.739
7.331 7.301 7.291 7.264 7.254 7.269 7.289 7.346 7.366 7.334 7.351 7.371 7.416 7.436 7.429 7.421 7.424 7.414 7.401 7.399 7.391 7.364 7.359 7.359 7.384 7.336 7.194 6.971 6.626 6.239 6.056 5.816 5.496 4.864 5.644 5.869 5.841 5.791 5.934 6.179 6.479 6.784 6.966 7.076 7.136 7.149 7.159 7.136 7.144 7.106 7.101 7.084 7.094 7.076 7.084 7.061 7.056 7.041 7.054 7.049 7.034 7.064 7.089 7.111 7.126 7.116 7.089 7.099 7.026 6.921 7.091 6.994 6.774 6.801 6.709
7.304 7.259 7.256 7.259 7.246 7.279 7.309 7.299 7.291 7.291 7.319 7.341 7.366 7.416 7.439 7.449 7.421 7.431 7.426 7.434 7.416 7.404 7.431 7.411 7.401 7.344 7.244 7.011 6.644 6.244 6.081 5.859 5.549 4.904 5.511 5.826 5.821 5.826 5.959 6.209 6.489 6.764 7.004 7.121 7.119 7.126 7.139 7.149 7.136 7.114 7.129 7.116 7.109 7.091 7.069 7.079 7.056 7.036 7.074 7.041 7.041 7.036 7.074 7.101 7.124 7.114 7.086 7.076 7.004 6.886 7.221 6.896 6.806 6.769 6.696
7.259 7.246 7.259 7.281 7.304 7.304 7.309 7.289 7.284 7.281 7.319 7.339 7.366 7.396 7.449 7.471 7.481 7.459 7.446 7.426 7.454 7.441 7.446 7.431 7.424 7.384 7.279 7.051 6.686 6.266 6.121 5.916 5.511 5.039 5.479 5.819 5.819 5.824 5.966 6.199 6.496 6.764 6.986 7.104 7.144 7.159 7.186 7.186 7.144 7.126 7.141 7.121 7.109 7.096 7.091 7.064 7.069 7.069 7.069 7.051 7.036 7.024 7.061 7.081 7.119 7.089 7.074 7.009 6.949 6.866 7.274 6.831 6.794 6.751 6.476
7.229 7.251 7.284 7.321 7.329 7.304 7.329 7.314 7.296 7.316 7.341 7.341 7.364 7.414 7.429 7.484 7.479 7.461 7.459 7.479 7.464 7.414 7.384 7.379 7.404 7.389 7.306 7.091 6.759 6.331 6.181 5.916 5.566 4.941 5.561 5.834 5.826 5.831 5.966 6.211 6.496 6.756 6.974 7.134 7.176 7.186 7.196 7.184 7.156 7.159 7.161 7.139 7.124 7.111 7.096 7.074 7.061 7.071 7.081 7.071 7.056 7.044 7.071 7.049 7.076 7.056 7.019 6.959 6.879 6.866 7.234 6.816 6.774 6.764 6.251
7.221 7.246 7.301 7.364 7.379 7.324 7.339 7.346 7.364 7.346 7.346 7.336 7.386 7.406 7.421 7.414 7.454 7.471 7.481 7.466 7.436 7.391 7.354 7.316 7.334 7.351 7.329 7.131 6.751 6.336 6.176 6.001 5.616 4.989 5.761 5.891 5.814 5.846 5.981 6.211 6.491 6.764 6.981 7.134 7.194 7.219 7.209 7.199 7.144 7.191 7.194 7.146 7.136 7.134 7.121 7.104 7.094 7.096 7.116 7.094 7.044 7.026 7.086 7.076 7.051 7.029 6.981 6.934 6.864 7.209 7.219 6.754 6.754 6.746 5.944
