Matlab/Roost_data/braunton/dsm/ss4734_DSM_2M.asc
ncols 500
nrows 500
xllcorner    247000
yllcorner    134000
cellsize     2
NODATA_value -9999
[rows 280 to 314 of 500, columns 395 to 473 of 500]
3.8 3.777 3.787 3.8 3.807 3.77 3.703 3.69 3.717 3.767 3.8 3.815 3.82 3.837 3.845 3.847 3.842 3.837 3.83 3.835 3.857 3.862 3.867 3.872 3.867 3.883 3.882 3.883 3.89 3.9 3.895 3.888 3.888 3.878 3.883 3.862 3.857 3.852 3.795 3.79 3.817 3.822 3.822 3.835 3.83 3.81 3.783 3.735 3.66 3.678 3.76 3.81 3.82 3.825 3.822 3.835 3.822 3.82 3.797 3.675 3.39 3.185 3.17 3.245 3.355 3.467 3.438 3.303 3.28 3.263 3.26 3.265 3.257 3.338 3.51 3.605 3.655 3.707 3.737
3.747 3.753 3.773 3.747 3.763 3.723 3.67 3.697 3.683 3.69 3.747 3.775 3.803 3.817 3.83 3.82 3.8 3.81 3.845 3.852 3.857 3.87 3.878 3.878 3.878 3.875 3.888 3.885 3.895 3.9 3.91 3.895 3.895 3.883 3.885 3.878 3.867 3.832 3.84 3.83 3.835 3.842 3.852 3.862 3.842 3.825 3.822 3.783 3.703 3.643 3.725 3.805 3.817 3.825 3.822 3.815 3.812 3.805 3.8 3.723 3.517 3.267 3.165 3.23 3.285 3.315 3.287 3.245 3.225 3.217 3.217 3.213 3.205 3.227 3.285 3.4 3.513 3.64 3.715
3.773 3.767 3.767 3.743 3.707 3.72 3.688 3.723 3.735 3.678 3.665 3.707 3.757 3.77 3.793 3.775 3.805 3.835 3.845 3.85 3.862 3.862 3.865 3.857 3.872 3.88 3.885 3.893 3.89 3.9 3.91 3.915 3.9 3.898 3.885 3.865 3.845 3.837 3.852 3.86 3.852 3.852 3.847 3.862 3.85 3.87 3.842 3.815 3.745 3.66 3.71 3.78 3.783 3.8 3.805 3.803 3.793 3.783 3.777 3.747 3.63 3.415 3.19 3.215 3.25 3.237 3.225 3.223 3.243 3.237 3.22 3.188 3.205 3.19 3.173 3.195 3.305 3.497 3.65
3.807 3.812 3.797 3.745 3.703 3.717 3.68 3.725 3.767 3.743 3.7 3.663 3.685 3.72 3.73 3.77 3.797 3.815 3.842 3.842 3.855 3.857 3.847 3.862 3.867 3.878 3.883 3.888 3.9 3.893 3.9 3.918 3.913 3.908 3.903 3.883 3.85 3.855 3.857 3.855 3.852 3.842 3.852 3.852 3.857 3.837 3.832 3.83 3.76 3.67 3.71 3.777 3.8 3.81 3.793 3.797 3.787 3.787 3.783 3.755 3.66 3.51 3.245 3.237 3.307 3.265 3.273 3.283 3.26 3.253 3.24 3.193 3.188 3.197 3.188 3.195 3.203 3.38 3.567
3.878 3.878 3.84 3.763 3.713 3.705 3.693 3.74 3.775 3.76 3.74 3.695 3.665 3.665 3.717 3.745 3.787 3.8 3.822 3.827 3.83 3.83 3.837 3.855 3.86 3.885 3.888 3.888 3.888 3.893 3.903 3.908 3.905 3.918 3.908 3.872 3.895 3.872 3.852 3.857 3.86 3.882 3.86 3.855 3.845 3.832 3.822 3.82 3.745 3.65 3.76 3.805 3.817 3.812 3.805 3.81 3.815 3.817 3.803 3.727 3.597 3.537 3.348 3.21 3.345 3.303 3.267 3.247 3.225 3.223 3.21 3.197 3.203 3.19 3.227 3.215 3.21 3.352 3.517
3.918 3.903 3.885 3.825 3.753 3.72 3.733 3.793 3.783 3.777 3.747 3.725 3.713 3.678 3.697 3.737 3.77 3.79 3.8 3.82 3.793 3.77 3.763 3.797 3.837 3.867 3.888 3.893 3.898 3.898 3.9 3.9 3.915 3.905 3.885 3.903 3.9 3.885 3.88 3.875 3.872 3.878 3.878 3.85 3.825 3.807 3.803 3.797 3.695 3.63 3.785 3.81 3.795 3.8 3.81 3.805 3.817 3.825 3.825 3.733 3.567 3.497 3.41 3.158 3.233 3.21 3.19 3.18 3.193 3.188 3.183 3.21 3.223 3.217 3.225 3.203 3.203 3.327 3.463
3.923 3.9 3.895 3.878 3.852 3.84 3.835 3.832 3.812 3.787 3.775 3.753 3.763 3.715 3.663 3.71 3.76 3.773 3.775 3.755 3.683 3.638 3.632 3.665 3.757 3.83 3.867 3.893 3.89 3.9 3.9 3.908 3.918 3.885 3.893 3.903 3.908 3.898 3.878 3.885 3.888 3.89 3.89 3.875 3.82 3.773 3.733 3.747 3.68 3.585 3.653 3.685 3.705 3.753 3.775 3.797 3.815 3.835 3.832 3.775 3.65 3.527 3.41 3.175 3.148 3.14 3.125 3.135 3.148 3.155 3.158 3.155 3.175 3.19 3.183 3.17 3.2 3.317 3.42
3.913 3.895 3.89 3.888 3.895 3.88 3.862 3.855 3.835 3.797 3.793 3.775 3.763 3.7 3.67 3.695 3.723 3.725 3.72 3.685 3.595 3.57 3.59 3.592 3.63 3.775 3.842 3.865 3.885 3.898 3.91 3.915 3.903 3.903 3.905 3.913 3.908 3.898 3.885 3.888 3.893 3.898 3.885 3.883 3.84 3.737 3.715 3.713 3.67 3.622 3.598 3.567 3.58 3.612 3.72 3.767 3.8 3.837 3.84 3.817 3.745 3.622 3.453 3.19 3.122 3.117 3.132 3.12 3.117 3.12 3.122 3.125 3.14 3.168 3.168 3.168 3.24 3.342 3.398
3.91 3.893 3.888 3.87 3.888 3.862 3.865 3.857 3.842 3.827 3.81 3.793 3.76 3.705 3.67 3.64 3.648 3.645 3.655 3.622 3.585 3.6 3.685 3.675 3.605 3.685 3.793 3.832 3.852 3.875 3.883 3.89 3.905 3.908 3.903 3.908 3.905 3.895 3.885 3.888 3.898 3.895 3.895 3.88 3.835 3.753 3.715 3.683 3.688 3.745 3.765 3.73 3.673 3.565 3.625 3.745 3.795 3.812 3.785 3.783 3.753 3.65 3.495 3.18 3.112 3.155 3.173 3.213 3.21 3.158 3.128 3.117 3.128 3.142 3.148 3.19 3.295 3.365 3.37
3.905 3.908 3.893 3.867 3.867 3.865 3.857 3.84 3.847 3.852 3.817 3.777 3.743 3.727 3.723 3.678 3.658 3.648 3.628 3.622 3.622 3.693 3.735 3.71 3.63 3.608 3.755 3.81 3.83 3.847 3.865 3.867 3.872 3.875 3.89 3.89 3.91 3.913 3.898 3.898 3.9 3.9 3.9 3.872 3.822 3.745 3.707 3.71 3.727 3.753 3.8 3.822 3.815 3.693 3.565 3.58 3.715 3.773 3.715 3.668 3.633 3.658 3.525 3.19 3.117 3.227 3.297 3.327 3.35 3.32 3.223 3.16 3.15 3.17 3.22 3.277 3.345 3.345 3.335
3.89 3.885 3.888 3.867 3.872 3.855 3.852 3.845 3.837 3.827 3.797 3.777 3.765 3.773 3.775 3.77 3.793 3.783 3.767 3.745 3.763 3.765 3.755 3.743 3.63 3.585 3.73 3.795 3.797 3.815 3.837 3.847 3.847 3.852 3.837 3.855 3.878 3.89 3.905 3.905 3.913 3.91 3.898 3.878 3.827 3.765 3.73 3.725 3.753 3.78 3.827 3.84 3.822 3.787 3.68 3.55 3.535 3.642 3.638 3.555 3.597 3.655 3.517 3.2 3.105 3.205 3.32 3.345 3.385 3.463 3.432 3.327 3.295 3.32 3.388 3.392 3.337 3.337 3.375
3.865 3.85 3.862 3.865 3.86 3.855 3.86 3.845 3.835 3.81 3.77 3.735 3.767 3.785 3.803 3.83 3.855 3.847 3.835 3.822 3.812 3.797 3.787 3.763 3.618 3.595 3.717 3.743 3.74 3.785 3.797 3.81 3.803 3.787 3.757 3.767 3.812 3.865 3.893 3.895 3.905 3.903 3.89 3.878 3.87 3.835 3.807 3.805 3.81 3.837 3.852 3.842 3.83 3.803 3.77 3.702 3.543 3.433 3.465 3.46 3.537 3.622 3.523 3.233 3.092 3.132 3.233 3.28 3.358 3.513 3.535 3.5 3.473 3.487 3.49 3.408 3.322 3.315 4.01
3.845 3.835 3.832 3.832 3.842 3.84 3.85 3.837 3.837 3.797 3.703 3.69 3.76 3.795 3.832 3.852 3.867 3.872 3.865 3.83 3.835 3.83 3.797 3.727 3.585 3.588 3.69 3.675 3.685 3.735 3.745 3.723 3.67 3.612 3.567 3.59 3.653 3.773 3.862 3.878 3.885 3.9 3.908 3.9 3.893 3.885 3.872 3.872 3.862 3.855 3.845 3.865 3.832 3.815 3.79 3.767 3.675 3.45 3.403 3.42 3.45 3.533 3.487 3.255 3.1 3.1 3.14 3.2 3.307 3.485 3.495 3.503 3.485 3.523 3.473 3.347 3.295 3.315 4.14
3.827 3.822 3.822 3.825 3.82 3.825 3.81 3.803 3.79 3.717 3.678 3.703 3.765 3.812 3.855 3.87 3.888 3.867 3.858 3.835 3.83 3.815 3.777 3.653 3.577 3.53 3.595 3.597 3.602 3.61 3.61 3.56 3.497 3.47 3.483 3.493 3.553 3.69 3.83 3.875 3.895 3.903 3.908 3.908 3.915 3.9 3.895 3.883 3.882 3.885 3.855 3.862 3.85 3.835 3.795 3.753 3.64 3.445 3.45 3.505 3.51 3.455 3.378 3.223 3.097 3.082 3.095 3.15 3.277 3.447 3.487 3.465 3.447 3.433 3.378 3.277 3.275 3.572 4.685
3.817 3.83 3.82 3.803 3.825 3.795 3.812 3.783 3.725 3.675 3.68 3.715 3.777 3.837 3.87 3.883 3.883 3.875 3.852 3.83 3.817 3.787 3.723 3.68 3.71 3.63 3.553 3.533 3.513 3.517 3.523 3.553 3.577 3.52 3.455 3.47 3.553 3.705 3.81 3.87 3.898 3.903 3.918 3.925 3.913 3.908 3.895 3.888 3.898 3.908 3.903 3.862 3.825 3.805 3.727 3.632 3.46 3.37 3.41 3.473 3.477 3.49 3.43 3.243 3.1 3.092 3.097 3.128 3.275 3.423 3.445 3.395 3.322 3.3 3.263 3.237 3.277 4.025 4.265
3.803 3.8 3.8 3.785 3.84 3.785 3.775 3.743 3.705 3.68 3.697 3.747 3.81 3.852 3.88 3.888 3.895 3.872 3.85 3.832 3.797 3.767 3.705 3.727 3.77 3.753 3.733 3.697 3.68 3.69 3.715 3.753 3.688 3.553 3.45 3.5 3.66 3.753 3.805 3.855 3.883 3.898 3.923 3.933 3.945 3.925 3.933 3.915 3.915 3.923 3.903 3.815 3.702 3.618 3.473 3.382 3.342 3.45 3.465 3.5 3.585 3.612 3.483 3.243 3.097 3.097 3.11 3.12 3.223 3.345 3.362 3.307 3.22 3.205 3.205 3.213 3.508 4.743 3.52
3.753 3.737 3.703 3.71 3.753 3.763 3.713 3.678 3.693 3.685 3.705 3.767 3.817 3.845 3.862 3.88 3.893 3.883 3.827 3.817 3.795 3.743 3.735 3.78 3.777 3.795 3.793 3.793 3.797 3.797 3.8 3.747 3.575 3.527 3.517 3.52 3.69 3.733 3.8 3.84 3.85 3.89 3.913 3.938 3.93 3.938 3.955 3.943 3.94 3.905 3.827 3.645 3.493 3.385 3.322 3.418 3.562 3.715 3.705 3.717 3.737 3.66 3.483 3.253 3.118 3.092 3.112 3.115 3.153 3.183 3.18 3.17 3.15 3.142 3.153 3.18 4.185 4.405 3.257
3.745 3.735 3.705 3.693 3.678 3.68 3.665 3.668 3.707 3.717 3.74 3.79 3.827 3.845 3.86 3.872 3.878 3.86 3.822 3.795 3.79 3.74 3.78 3.805 3.797 3.803 3.803 3.81 3.83 3.832 3.805 3.693 3.527 3.588 3.568 3.46 3.585 3.71 3.8 3.827 3.842 3.867 3.893 3.923 3.947 3.977 3.98 3.967 3.953 3.925 3.76 3.47 3.327 3.267 3.418 3.625 3.777 3.875 3.888 3.858 3.757 3.595 3.425 3.243 3.1 3.08 3.097 3.097 3.11 3.125 3.14 3.135 3.145 3.138 3.165 3.203 5.215 3.793 3.382
3.745 3.727 3.707 3.703 3.675 3.668 3.67 3.703 3.737 3.765 3.785 3.805 3.84 3.845 3.855 3.862 3.865 3.852 3.8 3.79 3.78 3.753 3.777 3.795 3.815 3.822 3.832 3.845 3.857 3.862 3.865 3.773 3.585 3.51 3.467 3.418 3.443 3.652 3.77 3.785 3.815 3.825 3.878 3.91 3.908 3.94 3.947 3.943 3.94 3.898 3.697 3.382 3.277 3.338 3.592 3.755 3.852 3.905 3.918 3.835 3.622 3.438 3.27 3.15 3.082 3.075 3.1 3.15 3.195 3.193 3.205 3.227 3.22 3.203 3.225 3.79 4.835 3.57 3.505
3.737 3.753 3.747 3.727 3.68 3.673 3.685 3.767 3.775 3.79 3.793 3.812 3.832 3.842 3.855 3.862 3.862 3.845 3.807 3.773 3.765 3.787 3.795 3.797 3.827 3.842 3.85 3.865 3.87 3.885 3.885 3.86 3.755 3.612 3.513 3.423 3.443 3.642 3.747 3.767 3.773 3.777 3.835 3.885 3.858 3.865 3.872 3.888 3.903 3.858 3.622 3.312 3.25 3.483 3.737 3.852 3.893 3.928 3.9 3.735 3.48 3.275 3.16 3.095 3.08 3.082 3.155 3.275 3.31 3.265 3.255 3.325 3.392 3.33 3.318 4.052 3.925 3.622 3.585
3.757 3.747 3.765 3.733 3.715 3.678 3.703 3.737 3.775 3.8 3.795 3.822 3.845 3.847 3.857 3.862 3.857 3.855 3.8 3.757 3.767 3.787 3.803 3.83 3.84 3.86 3.862 3.872 3.885 3.895 3.893 3.898 3.872 3.767 3.58 3.42 3.48 3.71 3.757 3.785 3.747 3.72 3.78 3.825 3.797 3.785 3.785 3.787 3.797 3.78 3.525 3.263 3.295 3.575 3.797 3.885 3.878 3.9 3.868 3.592 3.358 3.237 3.148 3.097 3.077 3.108 3.21 3.277 3.295 3.28 3.285 3.41 3.515 3.418 3.543 4.448 3.64 3.713 3.707
3.79 3.77 3.77 3.737 3.71 3.675 3.7 3.74 3.795 3.815 3.83 3.83 3.847 3.837 3.852 3.857 3.852 3.832 3.78 3.727 3.777 3.795 3.817 3.827 3.857 3.89 3.88 3.883 3.883 3.898 3.888 3.898 3.89 3.735 3.51 3.435 3.6 3.785 3.803 3.795 3.707 3.595 3.69 3.797 3.783 3.78 3.787 3.765 3.777 3.67 3.418 3.245 3.335 3.632 3.822 3.872 3.9 3.915 3.827 3.56 3.322 3.247 3.18 3.115 3.09 3.14 3.287 3.395 3.447 3.415 3.423 3.475 3.54 3.487 4.412 4.137 3.7 3.76 3.793
3.795 3.8 3.797 3.777 3.72 3.678 3.695 3.745 3.8 3.822 3.84 3.847 3.85 3.837 3.852 3.85 3.852 3.832 3.797 3.765 3.773 3.793 3.812 3.837 3.852 3.872 3.888 3.883 3.885 3.895 3.908 3.903 3.885 3.717 3.487 3.45 3.625 3.803 3.785 3.705 3.588 3.487 3.562 3.675 3.73 3.777 3.79 3.767 3.715 3.56 3.338 3.213 3.318 3.642 3.827 3.895 3.9 3.89 3.822 3.555 3.257 3.19 3.178 3.122 3.097 3.152 3.355 3.517 3.585 3.58 3.55 3.507 3.51 3.568 4.74 3.703 3.703 3.745 3.795
3.827 3.888 3.878 3.8 3.747 3.69 3.723 3.777 3.815 3.825 3.827 3.837 3.84 3.85 3.858 3.855 3.845 3.84 3.82 3.8 3.795 3.785 3.805 3.81 3.827 3.852 3.883 3.883 3.893 3.898 3.903 3.915 3.903 3.805 3.572 3.433 3.555 3.727 3.665 3.523 3.465 3.443 3.44 3.5 3.628 3.685 3.697 3.685 3.608 3.438 3.257 3.183 3.247 3.517 3.717 3.812 3.86 3.87 3.8 3.543 3.235 3.17 3.175 3.128 3.097 3.17 3.392 3.562 3.628 3.635 3.57 3.507 3.475 3.967 4.247 3.697 3.723 3.745 3.777
3.743 3.905 3.822 3.755 3.717 3.723 3.785 3.822 3.837 3.84 3.847 3.835 3.845 3.872 3.875 3.862 3.857 3.847 3.835 3.822 3.8 3.765 3.753 3.777 3.8 3.825 3.845 3.867 3.878 3.882 3.883 3.89 3.892 3.845 3.705 3.45 3.445 3.63 3.59 3.443 3.425 3.38 3.33 3.338 3.405 3.402 3.358 3.35 3.31 3.225 3.18 3.165 3.205 3.412 3.523 3.588 3.652 3.695 3.642 3.473 3.225 3.153 3.17 3.155 3.092 3.145 3.327 3.537 3.615 3.622 3.557 3.487 3.53 4.585 3.848 3.76 3.74 3.73 3.757
3.767 3.81 3.788 3.767 3.76 3.767 3.82 3.847 3.85 3.85 3.865 3.835 3.803 3.86 3.845 3.827 3.837 3.832 3.822 3.82 3.793 3.773 3.705 3.723 3.775 3.803 3.817 3.822 3.832 3.857 3.847 3.847 3.82 3.783 3.68 3.517 3.322 3.412 3.352 3.28 3.25 3.207 3.178 3.19 3.168 3.158 3.148 3.138 3.135 3.125 3.102 3.11 3.122 3.168 3.203 3.227 3.295 3.338 3.278 3.175 3.112 3.12 3.16 3.178 3.1 3.168 3.283 3.405 3.515 3.523 3.487 3.485 4.028 4.562 3.785 3.825 3.793 3.75 3.753
3.935 3.755 3.793 3.838 3.835 3.852 3.845 3.85 3.86 3.86 3.857 3.817 3.797 3.78 3.705 3.673 3.717 3.765 3.78 3.78 3.78 3.753 3.693 3.688 3.765 3.8 3.81 3.81 3.807 3.787 3.747 3.707 3.635 3.57 3.402 3.358 3.27 3.29 3.322 3.33 3.4 3.355 3.295 3.335 3.31 3.285 3.245 3.263 3.295 3.265 3.193 3.163 3.165 3.18 3.188 3.178 3.155 3.138 3.1 3.09 3.087 3.09 3.09 3.087 3.085 3.178 3.35 3.372 3.395 3.43 3.487 3.55 4.528 4.155 3.852 3.878 3.865 3.82 3.805
3.888 3.842 3.847 3.87 3.888 3.883 3.872 3.867 3.867 3.855 3.812 3.755 3.673 3.568 3.507 3.515 3.513 3.59 3.645 3.678 3.675 3.67 3.635 3.69 3.763 3.797 3.785 3.743 3.685 3.63 3.513 3.402 3.3 3.332 3.398 3.543 3.582 3.615 3.685 3.757 3.767 3.653 3.487 3.435 3.413 3.36 3.307 3.352 3.398 3.383 3.295 3.24 3.197 3.205 3.24 3.265 3.205 3.148 3.105 3.13 3.15 3.138 3.1 3.135 3.095 3.205 3.415 3.495 3.52 3.527 3.592 3.83 4.952 3.9 3.915 3.925 3.92 3.908 3.895
3.905 3.9 3.89 3.875 3.87 3.898 3.895 3.862 3.837 3.78 3.705 3.605 3.47 3.42 3.443 3.488 3.49 3.412 3.44 3.467 3.497 3.547 3.645 3.723 3.745 3.733 3.688 3.578 3.398 3.48 3.3 3.378 3.405 3.545 3.65 3.75 3.822 3.852 3.888 3.918 3.91 3.847 3.715 3.553 3.465 3.438 3.425 3.435 3.445 3.463 3.372 3.25 3.217 3.227 3.257 3.2 3.133 3.117 3.142 3.235 3.247 3.175 3.133 3.173 3.12 3.227 3.465 3.605 3.715 3.733 3.713 4.21 4.472 3.94 3.967 3.973 3.977 3.96 3.92
3.885 3.898 3.89 3.878 3.883 3.885 3.867 3.817 3.755 3.665 3.567 3.51 3.37 3.422 3.4 3.455 3.415 3.395 3.382 3.367 3.412 3.493 3.608 3.673 3.655 3.55 3.462 3.368 3.29 3.37 3.455 3.608 3.713 3.783 3.835 3.847 3.883 3.915 3.925 3.95 3.953 3.943 3.88 3.722 3.58 3.52 3.525 3.53 3.54 3.557 3.425 3.29 3.253 3.26 3.26 3.155 3.122 3.17 3.253 3.273 3.253 3.183 3.145 3.19 3.138 3.237 3.473 3.645 3.773 3.793 3.775 4.59 4.332 3.945 3.953 3.985 4 3.99 3.955
3.885 3.885 3.88 3.893 3.87 3.83 3.775 3.705 3.615 3.605 3.54 3.367 3.335 3.325 3.355 3.44 3.428 3.45 3.4 3.432 3.39 3.41 3.43 3.48 3.392 3.34 3.342 3.445 3.58 3.673 3.775 3.832 3.845 3.862 3.875 3.875 3.885 3.898 3.915 3.94 3.955 3.955 3.953 3.885 3.822 3.763 3.74 3.707 3.717 3.622 3.48 3.327 3.3 3.253 3.22 3.158 3.178 3.273 3.287 3.28 3.2 3.163 3.158 3.207 3.15 3.237 3.455 3.658 3.79 3.805 4.068 4.885 3.985 3.973 3.98 4.008 4.017 3.99 3.947
3.9 3.893 3.88 3.852 3.79 3.715 3.638 3.577 3.547 3.515 3.372 3.385 3.352 3.378 3.388 3.375 3.392 3.378 3.35 3.368 3.325 3.463 3.375 3.365 3.342 3.497 3.625 3.737 3.795 3.817 3.883 3.88 3.867 3.883 3.88 3.87 3.883 3.885 3.9 3.93 3.947 3.975 3.97 3.97 3.957 3.953 3.94 3.875 3.783 3.655 3.485 3.352 3.293 3.255 3.245 3.225 3.243 3.317 3.312 3.267 3.175 3.115 3.105 3.188 3.145 3.19 3.445 3.648 3.783 3.8 4.625 4.265 3.967 3.993 4 4.028 4.017 3.967 3.965
3.89 3.895 3.847 3.77 3.67 3.59 3.54 3.555 3.533 3.37 3.36 3.335 3.322 3.358 3.345 3.305 3.327 3.305 3.335 3.303 3.295 3.332 3.395 3.447 3.633 3.723 3.767 3.8 3.82 3.852 3.852 3.85 3.867 3.89 3.885 3.885 3.87 3.875 3.895 3.9 3.92 3.938 3.947 3.955 3.963 3.96 3.97 3.938 3.805 3.65 3.525 3.382 3.275 3.29 3.305 3.265 3.322 3.37 3.347 3.29 3.168 3.09 3.092 3.18 3.135 3.2 3.405 3.58 3.7 4.023 4.983 3.95 3.993 3.99 4.005 4.023 3.997 3.915 3.903
3.842 3.787 3.713 3.625 3.553 3.52 3.457 3.378 3.36 3.335 3.34 3.378 3.38 3.39 3.342 3.32 3.3 3.285 3.287 3.285 3.307 3.327 3.453 3.592 3.717 3.773 3.825 3.832 3.835 3.865 3.862 3.88 3.878 3.885 3.885 3.878 3.875 3.882 3.885 3.89 3.908 3.915 3.92 3.933 3.933 3.947 3.94 3.9 3.803 3.68 3.59 3.43 3.335 3.34 3.34 3.297 3.36 3.418 3.395 3.315 3.165 3.095 3.082 3.183 3.08 3.15 3.362 3.523 3.615 4.233 4.173 3.95 3.985 4 3.997 3.993 3.915 3.783 3.723
3.73 3.652 3.582 3.483 3.413 3.38 3.337 3.32 3.33 3.365 3.375 3.418 3.395 3.365 3.355 3.402 3.307 3.283 3.287 3.3 3.303 3.352 3.477 3.592 3.707 3.77 3.822 3.825 3.855 3.855 3.878 3.885 3.885 3.898 3.895 3.878 3.86 3.862 3.865 3.872 3.875 3.89 3.905 3.923 3.923 3.915 3.9 3.847 3.797 3.69 3.572 3.537 3.453 3.365 3.352 3.335 3.347 3.438 3.445 3.35 3.203 3.125 3.05 3.077 3.005 3.072 3.267 3.425 3.565 4.508 4.008 3.967 4.005 4.017 4.005 3.965 3.828 3.658 3.705
