Matlab/Roost_data/braunton/dsm/ss4739_DSM_2M.asc
ncols 500
nrows 500
xllcorner    247000
yllcorner    139000
cellsize     2
NODATA_value -9999
[rows 462 to 494 of 500, columns 0 to 75 of 500]
91.723 91.845 91.965 92.067 92.175 92.28 92.393 92.49 92.588 92.685 92.772 92.848 92.917 92.99 93.065 93.14 93.215 93.285 93.348 93.43 93.53 93.64 93.74 93.825 93.91 93.993 94.073 94.137 94.2 94.27 94.33 94.395 94.485 94.548 94.64 94.702 94.768 94.802 94.8 94.77 95.25 95.495 95.198 95.275 95.34 95.4 95.455 95.488 95.515 95.54 95.588 95.62 95.69 95.762 95.823 95.902 95.97 96.015 -9999 -9999 -9999 -9999 -9999 -9999 -9999 -9999 -9999 -9999 -9999 -9999 -9999 -9999 -9999 -9999 -9999 -9999
91.865 91.982 92.107 92.217 92.318 92.432 92.537 92.64 92.735 92.835 92.925 93.007 93.082 93.152 93.24 93.325 93.4 93.467 93.545 93.632 93.732 93.84 93.943 94.042 94.118 94.202 94.277 94.345 94.4 94.455 94.527 94.592 94.662 94.743 94.82 94.897 94.948 94.993 95.01 94.973 95.327 95.845 95.415 95.493 95.562 95.63 95.685 95.725 95.753 95.76 95.8 95.85 95.91 95.982 96.043 96.13 96.162 96.215 -9999 -9999 -9999 -9999 -9999 -9999 -9999 -9999 -9999 -9999 -9999 -9999 -9999 -9999 -9999 -9999 -9999 -9999
92.015 92.128 92.255 92.365 92.478 92.588 92.695 92.8 92.897 93 93.09 93.173 93.25 93.335 93.42 93.505 93.595 93.67 93.755 93.845 93.942 94.037 94.145 94.238 94.33 94.408 94.478 94.54 94.59 94.658 94.723 94.787 94.857 94.933 95.03 95.1 95.158 95.21 95.225 95.202 95.402 96.092 95.59 95.67 95.76 95.827 95.878 95.902 95.927 95.955 95.99 96.048 96.105 96.165 96.253 96.298 96.338 96.405 -9999 -9999 -9999 -9999 -9999 -9999 -9999 -9999 -9999 -9999 -9999 -9999 -9999 -9999 -9999 -9999 -9999 -9999
92.158 92.277 92.402 92.522 92.625 92.738 92.868 92.973 93.077 93.173 93.283 93.353 93.455 93.535 93.613 93.713 93.795 93.89 93.965 94.053 94.147 94.247 94.345 94.43 94.535 94.615 94.688 94.755 94.798 94.863 94.925 94.988 95.065 95.13 95.217 95.28 95.36 95.395 95.415 95.393 95.503 96.448 95.777 95.855 95.94 96.003 96.062 96.085 96.103 96.118 96.16 96.225 96.272 96.347 96.423 96.47 96.51 -9999 -9999 -9999 -9999 -9999 -9999 -9999 -9999 -9999 -9999 -9999 -9999 -9999 -9999 -9999 -9999 -9999 -9999 -9999
92.32 92.44 92.575 92.693 92.812 92.917 93.03 93.152 93.255 93.365 93.46 93.552 93.643 93.73 93.823 93.923 94.018 94.115 94.188 94.268 94.357 94.46 94.558 94.643 94.74 94.825 94.887 94.95 94.995 95.05 95.113 95.167 95.24 95.317 95.397 95.475 95.55 95.583 95.595 95.573 95.637 96.685 95.965 96.052 96.115 96.195 96.257 96.287 96.302 96.327 96.34 96.38 96.448 96.533 96.585 96.643 96.685 -9999 -9999 -9999 -9999 -9999 -9999 -9999 -9999 -9999 -9999 -9999 -9999 -9999 -9999 -9999 -9999 -9999 -9999 -9999
92.488 92.618 92.747 92.863 92.997 93.107 93.238 93.353 93.463 93.588 93.693 93.777 93.875 93.963 94.048 94.15 94.24 94.325 94.403 94.482 94.568 94.667 94.768 94.86 94.94 95.03 95.088 95.145 95.188 95.238 95.302 95.36 95.432 95.512 95.6 95.673 95.738 95.783 95.8 95.762 95.815 96.885 96.193 96.243 96.32 96.387 96.427 96.458 96.465 96.478 96.512 96.555 96.62 96.69 96.768 96.808 96.863 -9999 -9999 -9999 -9999 -9999 -9999 -9999 -9999 -9999 -9999 -9999 -9999 -9999 -9999 -9999 -9999 -9999 -9999 -9999
92.668 92.808 92.948 93.083 93.215 93.335 93.455 93.583 93.713 93.815 93.93 94.022 94.107 94.2 94.285 94.378 94.463 94.56 94.632 94.713 94.792 94.893 94.98 95.073 95.137 95.228 95.285 95.34 95.385 95.448 95.505 95.562 95.63 95.707 95.792 95.88 95.94 95.993 96 95.942 96.003 96.95 96.365 96.43 96.507 96.58 96.613 96.643 96.652 96.643 96.677 96.72 96.787 96.857 96.925 96.997 97.03 -9999 -9999 -9999 -9999 -9999 -9999 -9999 -9999 -9999 -9999 -9999 -9999 -9999 -9999 -9999 -9999 -9999 -9999 -9999
92.885 93.02 93.168 93.31 93.445 93.567 93.705 93.825 93.945 94.06 94.17 94.27 94.355 94.44 94.533 94.615 94.708 94.787 94.86 94.932 95.01 95.12 95.205 95.277 95.368 95.433 95.485 95.535 95.583 95.647 95.7 95.757 95.825 95.902 95.988 96.067 96.137 96.183 96.19 96.155 96.158 97.143 96.565 96.607 96.683 96.753 96.793 96.833 96.833 96.827 96.863 96.905 96.965 97.035 97.1 97.162 97.207 -9999 -9999 -9999 -9999 -9999 -9999 -9999 -9999 -9999 -9999 -9999 -9999 -9999 -9999 -9999 -9999 -9999 -9999 -9999
93.112 93.257 93.402 93.552 93.693 93.83 93.963 94.092 94.213 94.32 94.442 94.525 94.625 94.702 94.78 94.863 94.952 95.043 95.103 95.188 95.245 95.342 95.415 95.49 95.567 95.637 95.695 95.745 95.8 95.85 95.915 95.982 96.037 96.105 96.19 96.272 96.342 96.382 96.387 96.357 96.348 97.402 96.805 96.798 96.878 96.94 96.988 97.025 97.027 97.018 97.045 97.098 97.143 97.22 97.28 97.34 97.408 -9999 -9999 -9999 -9999 -9999 -9999 -9999 -9999 -9999 -9999 -9999 -9999 -9999 -9999 -9999 -9999 -9999 -9999 -9999
93.357 93.51 93.665 93.812 93.97 94.1 94.243 94.36 94.482 94.59 94.717 94.792 94.88 94.958 95.035 95.122 95.2 95.29 95.353 95.42 95.485 95.552 95.622 95.698 95.772 95.842 95.902 95.965 96.02 96.055 96.125 96.185 96.26 96.327 96.405 96.495 96.55 96.605 96.607 96.567 96.55 97.465 97.027 96.988 97.067 97.13 97.173 97.205 97.22 97.21 97.225 97.27 97.33 97.397 97.45 97.497 97.55 -9999 -9999 -9999 -9999 -9999 -9999 -9999 -9999 -9999 -9999 -9999 -9999 -9999 -9999 -9999 -9999 -9999 -9999 -9999
93.615 93.772 93.935 94.095 94.237 94.382 94.53 94.652 94.775 94.878 94.978 95.067 95.153 95.23 95.295 95.368 95.458 95.535 95.592 95.658 95.715 95.77 95.84 95.897 95.98 96.062 96.13 96.185 96.25 96.295 96.357 96.405 96.475 96.545 96.62 96.698 96.765 96.812 96.805 96.775 96.765 97.545 97.31 97.185 97.257 97.323 97.365 97.385 97.408 97.405 97.41 97.443 97.503 97.58 97.635 97.69 97.715 -9999 -9999 -9999 -9999 -9999 -9999 -9999 -9999 -9999 -9999 -9999 -9999 -9999 -9999 -9999 -9999 -9999 -9999 -9999
93.887 94.055 94.223 94.375 94.53 94.677 94.81 94.94 95.05 95.15 95.26 95.34 95.415 95.488 95.567 95.637 95.723 95.792 95.848 95.908 95.96 96.012 96.083 96.15 96.215 96.3 96.363 96.42 96.463 96.52 96.573 96.632 96.715 96.777 96.857 96.925 96.99 97.042 97.033 96.988 96.993 97.665 97.6 97.42 97.473 97.533 97.588 97.603 97.61 97.605 97.603 97.64 97.707 97.76 97.825 97.87 97.905 -9999 -9999 -9999 -9999 -9999 -9999 -9999 -9999 -9999 -9999 -9999 -9999 -9999 -9999 -9999 -9999 -9999 -9999 -9999
94.158 94.32 94.493 94.643 94.803 94.963 95.095 95.225 95.33 95.435 95.542 95.615 95.693 95.768 95.835 95.908 95.982 96.052 96.105 96.158 96.2 96.265 96.32 96.385 96.463 96.54 96.61 96.667 96.71 96.76 96.812 96.882 96.952 97.018 97.1 97.173 97.228 97.287 97.287 97.232 97.21 97.83 97.945 97.64 97.688 97.743 97.79 97.815 97.82 97.805 97.812 97.825 97.878 97.945 98.003 98.033 -9999 -9999 -9999 -9999 -9999 -9999 -9999 -9999 -9999 -9999 -9999 -9999 -9999 -9999 -9999 -9999 -9999 -9999 -9999 -9999
94.427 94.613 94.772 94.925 95.1 95.257 95.382 95.505 95.61 95.713 95.82 95.905 95.98 96.035 96.11 96.182 96.26 96.323 96.382 96.42 96.473 96.53 96.6 96.662 96.728 96.802 96.88 96.938 96.99 97.037 97.088 97.147 97.205 97.27 97.35 97.427 97.482 97.54 97.535 97.488 97.438 97.99 98.29 97.872 97.917 97.978 98.007 98.035 98.033 98.027 98.025 98.027 98.08 98.135 98.195 98.23 -9999 -9999 -9999 -9999 -9999 -9999 -9999 -9999 -9999 -9999 -9999 -9999 -9999 -9999 -9999 -9999 -9999 -9999 -9999 -9999
94.7 94.872 95.05 95.213 95.382 95.53 95.662 95.785 95.902 96.005 96.105 96.188 96.26 96.33 96.397 96.478 96.545 96.6 96.658 96.702 96.755 96.823 96.882 96.94 97 97.075 97.143 97.2 97.25 97.31 97.355 97.417 97.48 97.54 97.6 97.692 97.743 97.783 97.78 97.745 97.683 98.137 98.54 98.113 98.167 98.22 98.26 98.27 98.275 98.26 98.24 98.245 98.28 98.34 98.408 98.435 -9999 -9999 -9999 -9999 -9999 -9999 -9999 -9999 -9999 -9999 -9999 -9999 -9999 -9999 -9999 -9999 -9999 -9999 -9999 -9999
94.973 95.137 95.317 95.493 95.658 95.795 95.94 96.077 96.185 96.283 96.38 96.478 96.545 96.618 96.695 96.76 96.822 96.893 96.963 97.015 97.052 97.098 97.162 97.22 97.292 97.372 97.433 97.493 97.537 97.59 97.643 97.695 97.755 97.815 97.872 97.95 98.007 98.048 98.055 98.033 97.98 98.275 98.895 98.355 98.417 98.463 98.503 98.515 98.512 98.5 98.485 98.488 98.518 98.575 98.62 98.65 -9999 -9999 -9999 -9999 -9999 -9999 -9999 -9999 -9999 -9999 -9999 -9999 -9999 -9999 -9999 -9999 -9999 -9999 -9999 -9999
95.235 95.415 95.585 95.772 95.935 96.085 96.225 96.353 96.467 96.575 96.67 96.75 96.838 96.912 96.988 97.055 97.128 97.202 97.262 97.31 97.355 97.402 97.463 97.52 97.582 97.665 97.715 97.775 97.825 97.887 97.935 97.995 98.052 98.103 98.173 98.238 98.287 98.323 98.325 98.318 98.262 98.5 99.353 98.63 98.677 98.747 98.772 98.783 98.762 98.74 98.72 98.717 98.755 98.805 98.85 98.88 -9999 -9999 -9999 -9999 -9999 -9999 -9999 -9999 -9999 -9999 -9999 -9999 -9999 -9999 -9999 -9999 -9999 -9999 -9999 -9999
95.48 95.67 95.857 96.035 96.202 96.355 96.49 96.64 96.75 96.86 96.963 97.042 97.128 97.215 97.28 97.348 97.43 97.503 97.57 97.62 97.67 97.723 97.78 97.838 97.887 97.96 98.02 98.068 98.115 98.168 98.217 98.275 98.325 98.385 98.458 98.518 98.57 98.618 98.63 98.605 98.555 98.685 99.573 98.905 98.975 99.02 99.037 99.048 99.037 99.012 98.973 98.973 99.005 99.048 99.073 99.098 -9999 -9999 -9999 -9999 -9999 -9999 -9999 -9999 -9999 -9999 -9999 -9999 -9999 -9999 -9999 -9999 -9999 -9999 -9999 -9999
95.728 95.923 96.115 96.305 96.463 96.637 96.783 96.933 97.045 97.145 97.247 97.327 97.42 97.5 97.568 97.645 97.728 97.802 97.88 97.923 97.975 98.025 98.085 98.12 98.188 98.257 98.318 98.375 98.423 98.48 98.533 98.583 98.625 98.683 98.738 98.82 98.868 98.912 98.925 98.902 98.848 98.967 100.12 99.272 99.257 99.3 99.32 99.305 99.287 99.253 99.228 99.225 99.253 99.298 99.335 99.35 -9999 -9999 -9999 -9999 -9999 -9999 -9999 -9999 -9999 -9999 -9999 -9999 -9999 -9999 -9999 -9999 -9999 -9999 -9999 -9999
95.967 96.168 96.363 96.548 96.738 96.908 97.052 97.207 97.32 97.438 97.537 97.62 97.705 97.785 97.872 97.945 98.022 98.1 98.183 98.235 98.29 98.342 98.385 98.425 98.49 98.55 98.605 98.66 98.715 98.768 98.83 98.878 98.925 98.988 99.037 99.107 99.152 99.198 99.21 99.2 99.132 99.321 100.454 99.545 99.54 99.6 99.618 99.603 99.575 99.53 99.51 99.495 99.512 99.555 99.59 99.605 -9999 -9999 -9999 -9999 -9999 -9999 -9999 -9999 -9999 -9999 -9999 -9999 -9999 -9999 -9999 -9999 -9999 -9999 -9999 -9999
96.223 96.41 96.595 96.805 96.988 97.162 97.323 97.478 97.605 97.725 97.835 97.91 97.993 98.075 98.175 98.247 98.32 98.4 98.475 98.54 98.588 98.645 98.702 98.738 98.787 98.85 98.908 98.963 99.01 99.068 99.122 99.173 99.217 99.283 99.34 99.397 99.448 99.503 99.503 99.5 99.435 99.559 100.918 99.864 99.805 99.888 99.937 99.897 99.875 99.823 99.802 99.787 99.798 99.827 99.865 99.872 -9999 -9999 -9999 -9999 -9999 -9999 -9999 -9999 -9999 -9999 -9999 -9999 -9999 -9999 -9999 -9999 -9999 -9999 -9999 -9999
96.44 96.647 96.842 97.048 97.24 97.42 97.592 97.738 97.878 97.995 98.11 98.205 98.28 98.368 98.46 98.542 98.628 98.717 98.79 98.845 98.895 98.952 99.005 99.037 99.08 99.14 99.198 99.255 99.31 99.36 99.42 99.465 99.515 99.573 99.622 99.685 99.728 99.765 99.793 99.802 99.745 99.804 101.367 100.297 100.107 100.153 100.196 100.172 100.16 100.111 100.13 100.132 100.075 100.107 100.13 -9999 -9999 -9999 -9999 -9999 -9999 -9999 -9999 -9999 -9999 -9999 -9999 -9999 -9999 -9999 -9999 -9999 -9999 -9999 -9999 -9999
96.67 96.872 97.07 97.275 97.482 97.673 97.845 97.997 98.145 98.275 98.393 98.49 98.588 98.66 98.75 98.838 98.897 98.978 99.075 99.145 99.188 99.247 99.305 99.342 99.372 99.432 99.482 99.537 99.585 99.65 99.708 99.757 99.805 99.863 99.915 99.975 100.018 100.055 100.095 100.103 100.05 100.047 101.023 100.564 100.388 100.443 100.476 100.466 100.437 100.4 100.373 100.376 100.361 100.375 100.398 100.48 100.465 -9999 -9999 -9999 -9999 -9999 -9999 -9999 -9999 -9999 -9999 -9999 -9999 -9999 -9999 -9999 -9999 -9999 -9999 -9999
96.895 97.095 97.31 97.525 97.725 97.91 98.09 98.257 98.402 98.53 98.647 98.738 98.857 98.935 99.028 99.12 99.188 99.255 99.348 99.425 99.475 99.533 99.59 99.63 99.665 99.717 99.778 99.823 99.88 99.94 99.997 100.058 100.095 100.147 100.192 100.25 100.295 100.333 100.375 100.372 100.325 100.315 101.316 100.771 100.669 100.733 100.747 100.74 100.715 100.676 100.656 100.648 100.644 100.652 100.645 100.68 100.673 100.67 100.623 100.705 100.705 -9999 -9999 -9999 -9999 -9999 -9999 -9999 -9999 -9999 -9999 -9999 -9999 -9999 -9999 -9999
97.107 97.32 97.525 97.743 97.96 98.155 98.325 98.493 98.643 98.772 98.893 99 99.103 99.198 99.28 99.368 99.442 99.528 99.622 99.71 99.765 99.82 99.865 99.902 99.94 99.978 100.035 100.088 100.15 100.202 100.27 100.325 100.37 100.41 100.473 100.52 100.558 100.6 100.635 100.622 100.588 100.563 101.276 101.132 100.952 100.998 101.025 101.019 100.991 100.951 100.943 100.923 100.918 100.929 100.942 100.923 100.948 100.918 100.888 100.9 100.883 100.933 100.96 100.963 101.505 102.655 -9999 -9999 -9999 -9999 -9999 -9999 -9999 -9999 -9999 -9999
97.32 97.537 97.743 97.967 98.173 98.357 98.537 98.713 98.868 99.005 99.13 99.243 99.355 99.46 99.522 99.62 99.7 99.772 99.865 99.943 99.997 100.06 100.11 100.15 100.177 100.217 100.275 100.327 100.397 100.457 100.522 100.573 100.628 100.673 100.723 100.772 100.812 100.863 100.895 100.895 100.845 100.815 101.468 101.356 101.202 101.256 101.278 101.293 101.259 101.226 101.212 101.185 101.175 101.208 101.222 101.203 101.188 101.178 101.16 101.163 101.155 101.203 101.213 101.205 101.973 103.188 102.535 101.505 101.255 101.14 101.165 -9999 -9999 -9999 -9999 -9999
97.495 97.725 97.938 98.158 98.36 98.565 98.75 98.912 99.07 99.223 99.34 99.45 99.555 99.667 99.745 99.84 99.905 99.993 100.083 100.152 100.225 100.285 100.338 100.37 100.402 100.45 100.505 100.565 100.63 100.698 100.765 100.832 100.878 100.92 100.975 101.018 101.067 101.113 101.135 101.143 101.093 101.076 101.812 101.67 101.436 101.505 101.548 101.551 101.513 101.492 101.456 101.451 101.452 101.468 101.487 101.468 101.455 101.445 101.413 101.405 101.415 101.423 101.468 101.51 102.208 103.703 103.695 101.848 101.385 101.305 103.033 102.165 101.3 101.285 101.35 -9999
97.662 97.9 98.132 98.345 98.545 98.743 98.927 99.098 99.247 99.393 99.522 99.645 99.747 99.853 99.93 100.018 100.1 100.178 100.265 100.345 100.425 100.473 100.533 100.57 100.607 100.665 100.728 100.787 100.863 100.94 100.995 101.055 101.115 101.155 101.213 101.253 101.307 101.353 101.385 101.355 101.323 101.313 101.891 101.914 101.685 101.756 101.78 101.8 101.761 101.73 101.725 101.704 101.697 101.723 101.744 101.735 101.735 101.705 101.68 101.658 101.67 101.708 101.715 101.955 102.533 104.025 103.478 102.115 102.178 101.988 102.713 102.548 101.503 101.505 101.508 101.535
97.805 98.057 98.295 98.503 98.702 98.905 99.082 99.245 99.397 99.548 99.677 99.798 99.905 100.003 100.095 100.188 100.275 100.363 100.433 100.52 100.588 100.652 100.713 100.762 100.807 100.865 100.927 101.007 101.073 101.15 101.238 101.292 101.353 101.393 101.435 101.49 101.545 101.585 101.62 101.58 101.548 101.541 102.085 102.268 101.919 101.981 102.01 102.027 102.001 101.981 101.965 101.934 101.939 101.965 101.973 101.998 102.003 101.965 101.93 101.903 101.918 101.953 101.98 102.56 103.143 104.055 103.17 102.213 102.935 102.518 102.238 101.863 101.775 101.945 102.905 101.928
97.96 98.21 98.452 98.66 98.86 99.042 99.22 99.385 99.543 99.69 99.817 99.933 100.04 100.143 100.228 100.322 100.408 100.5 100.588 100.677 100.755 100.83 100.895 100.952 100.995 101.06 101.122 101.202 101.283 101.36 101.43 101.5 101.555 101.607 101.662 101.713 101.76 101.802 101.845 101.825 101.788 101.787 102.256 102.586 102.152 102.198 102.24 102.247 102.219 102.193 102.193 102.181 102.189 102.227 102.233 102.233 102.253 102.208 102.183 102.175 102.175 102.213 102.235 102.963 103.88 104.025 103.06 102.633 103.055 103.688 105.005 104.065 102.39 101.975 103.978 102.218
98.08 98.348 98.592 98.79 98.99 99.162 99.345 99.503 99.662 99.822 99.942 100.052 100.165 100.257 100.355 100.46 100.56 100.645 100.745 100.842 100.92 101 101.067 101.115 101.177 101.25 101.31 101.385 101.475 101.55 101.63 101.713 101.783 101.827 101.88 101.93 101.98 102.02 102.075 102.045 102.019 102.005 102.392 102.86 102.381 102.429 102.471 102.458 102.44 102.41 102.421 102.419 102.423 102.432 102.485 102.495 102.5 102.453 102.433 102.415 102.43 102.46 102.485 103.54 104.403 104.148 103.178 103.045 102.765 103.235 105.24 102.61 102.57 102.23 102.643 102.225
98.18 98.46 98.71 98.918 99.12 99.295 99.46 99.632 99.793 99.948 100.072 100.18 100.287 100.39 100.497 100.6 100.685 100.787 100.89 100.99 101.072 101.162 101.238 101.283 101.345 101.412 101.482 101.565 101.64 101.728 101.81 101.9 101.973 102.03 102.085 102.13 102.18 102.228 102.268 102.255 102.236 102.197 102.546 103.065 102.589 102.634 102.678 102.677 102.665 102.647 102.673 102.643 102.659 102.695 102.705 102.715 102.728 102.693 102.675 102.663 102.69 102.715 102.795 104.068 104.655 104.57 103.493 102.618 102.635 102.455 102.64 102.463 102.488 102.46 102.498 102.53
98.32 98.583 98.83 99.062 99.253 99.425 99.585 99.753 99.91 100.062 100.19 100.295 100.412 100.533 100.625 100.732 100.835 100.935 101.022 101.135 101.21 101.298 101.363 101.438 101.503 101.565 101.637 101.725 101.802 101.905 101.993 102.07 102.14 102.213 102.262 102.317 102.372 102.423 102.47 102.47 102.454 102.409 102.657 103.489 102.808 102.856 102.878 102.898 102.874 102.888 102.882 102.874 102.893 102.938 102.948 102.95 102.955 102.925 102.898 102.898 102.94 102.965 103.253 104.525 104.923 104.958 103.533 102.758 102.793 102.733 102.743 102.73 102.715 102.72 102.753 102.738
