Matlab/Roost_data/braunton/dsm/ss4738_DSM_2M.asc
ncols 500
nrows 500
xllcorner    247000
yllcorner    138000
cellsize     2
NODATA_value -9999
[rows 330 to 359 of 500, columns 207 to 275 of 500]
113.842 114.042 114.265 114.472 114.65 114.865 115.052 115.242 115.457 115.657 115.865 116.04 116.242 116.432 116.622 116.805 117.005 117.2 117.407 117.595 117.81 118.01 118.23 118.435 118.637 118.85 119.035 119.222 119.4 119.592 119.757 119.927 120.08 120.257 120.397 120.515 120.65 120.802 120.95 121.085 121.227 121.37 121.51 121.665 121.81 121.975 122.117 122.307 122.457 122.605 122.77 122.902 123.06 123.177 123.32 123.447 123.575 123.677 123.755 123.812 123.995 124.095 124.235 124.37 124.48 124.612 124.742 124.887 124.987
113.855 114.06 114.265 114.457 114.67 114.857 115.047 115.257 115.455 115.647 115.85 116.05 116.25 116.43 116.625 116.792 116.995 117.177 117.372 117.587 117.797 118.022 118.21 118.417 118.62 118.82 119.017 119.222 119.375 119.565 119.732 119.885 120.062 120.202 120.345 120.507 120.647 120.78 120.927 121.075 121.21 121.332 121.487 121.625 121.772 121.937 122.115 122.27 122.43 122.58 122.71 122.847 122.98 123.115 123.255 123.387 123.505 123.622 123.725 123.827 123.975 124.065 124.2 124.317 124.467 124.587 124.7 124.845 124.975
113.855 114.06 114.26 114.467 114.642 114.835 115.04 115.24 115.442 115.652 115.822 116.02 116.235 116.422 116.612 116.797 116.98 117.2 117.405 117.59 117.787 117.997 118.207 118.407 118.607 118.812 118.987 119.167 119.355 119.53 119.682 119.847 120.007 120.177 120.322 120.465 120.62 120.757 120.897 121.022 121.17 121.32 121.465 121.595 121.765 121.902 122.067 122.222 122.362 122.502 122.652 122.792 122.935 123.06 123.19 123.322 123.45 123.547 123.685 123.802 123.925 124.06 124.167 124.307 124.415 124.55 124.69 124.837 124.952
113.84 114.055 114.247 114.437 114.625 114.822 115.025 115.23 115.417 115.625 115.815 116.015 116.21 116.405 116.602 116.782 116.972 117.185 117.375 117.58 117.767 117.972 118.182 118.38 118.567 118.757 118.967 119.152 119.322 119.472 119.657 119.832 119.975 120.14 120.29 120.435 120.59 120.707 120.86 121.02 121.145 121.295 121.427 121.58 121.72 121.88 122.025 122.17 122.315 122.45 122.59 122.722 122.865 122.99 123.112 123.262 123.377 123.5 123.637 123.77 123.885 124.01 124.125 124.272 124.412 124.542 124.675 124.807 124.92
113.81 114.047 114.217 114.422 114.615 114.82 115.027 115.217 115.402 115.597 115.797 115.997 116.175 116.38 116.58 116.787 116.997 117.182 117.372 117.552 117.76 117.977 118.152 118.355 118.55 118.742 118.94 119.117 119.275 119.43 119.62 119.787 119.932 120.08 120.235 120.395 120.522 120.667 120.842 120.99 121.122 121.272 121.41 121.545 121.675 121.84 121.975 122.11 122.245 122.397 122.537 122.662 122.797 122.935 123.077 123.212 123.327 123.47 123.61 123.72 123.835 123.985 124.092 124.24 124.377 124.505 124.64 124.747 124.892
113.812 114.005 114.205 114.402 114.6 114.805 114.987 115.17 115.365 115.567 115.782 115.99 116.17 116.377 116.57 116.775 116.96 117.172 117.357 117.53 117.75 117.96 118.127 118.325 118.515 118.697 118.87 119.045 119.235 119.39 119.575 119.735 119.875 120.035 120.185 120.35 120.505 120.642 120.787 120.93 121.04 121.22 121.36 121.485 121.625 121.772 121.9 122.035 122.18 122.33 122.457 122.605 122.752 122.882 123.032 123.175 123.292 123.412 123.555 123.695 123.81 123.947 124.065 124.192 124.352 124.457 124.582 124.737 124.817
113.797 113.992 114.192 114.377 114.585 114.772 114.957 115.147 115.332 115.542 115.737 115.952 116.145 116.345 116.542 116.742 116.96 117.155 117.365 117.54 117.74 117.915 118.11 118.29 118.477 118.655 118.83 118.995 119.182 119.35 119.52 119.667 119.82 119.985 120.155 120.315 120.462 120.625 120.785 120.902 120.96 121.115 121.255 121.385 121.535 121.672 121.822 121.977 122.11 122.26 122.417 122.547 122.702 122.84 122.975 123.13 123.235 123.375 123.525 123.635 123.78 123.9 124.027 124.16 124.27 124.395 124.517 124.632 124.75
113.77 113.95 114.142 114.332 114.54 114.712 114.907 115.105 115.3 115.512 115.715 115.905 116.102 116.327 116.525 116.74 116.945 117.14 117.325 117.525 117.7 117.9 118.067 118.322 118.617 118.612 118.77 118.932 119.11 119.297 119.452 119.612 119.782 119.957 120.127 120.282 120.415 120.56 120.735 120.792 120.87 120.995 121.197 121.322 121.485 121.632 121.762 121.915 122.055 122.187 122.357 122.492 122.64 122.782 122.925 123.065 123.202 123.335 123.475 123.6 123.735 123.837 123.965 124.092 124.19 124.315 124.447 124.565 124.695
113.712 113.9 114.09 114.292 114.502 114.68 114.862 115.047 115.255 115.467 115.667 115.875 116.067 116.272 116.49 116.692 116.89 117.09 117.287 117.46 117.66 117.835 118.005 118.39 118.447 118.535 118.707 118.895 119.082 119.25 119.407 119.58 119.752 119.952 120.14 120.227 120.365 120.512 120.66 120.767 120.867 120.995 121.155 121.295 121.427 121.567 121.7 121.845 122.007 122.16 122.307 122.437 122.595 122.735 122.887 123.025 123.16 123.305 123.41 123.54 123.675 123.795 123.89 124.022 124.127 124.25 124.355 124.49 124.627
113.677 113.84 114.052 114.255 114.435 114.632 114.815 115.017 115.225 115.417 115.61 115.805 116.037 116.245 116.46 116.642 116.85 117.052 117.24 117.407 117.585 117.782 117.965 118.157 118.32 118.49 118.68 118.847 119.025 119.195 119.365 119.527 119.712 120.015 120.292 120.172 120.302 120.45 120.572 120.69 120.805 120.947 121.115 121.235 121.375 121.497 121.637 121.805 121.947 122.092 122.257 122.41 122.542 122.695 122.83 122.975 123.087 123.232 123.355 123.465 123.585 123.715 123.825 123.947 124.052 124.18 124.305 124.442 124.577
113.605 113.807 114.012 114.21 114.38 114.565 114.765 114.967 115.162 115.355 115.555 115.762 115.985 116.195 116.392 116.587 116.8 117 117.177 117.357 117.535 117.722 117.93 118.092 118.29 118.455 118.64 118.785 118.987 119.145 119.317 119.452 119.62 119.77 119.907 120.065 120.2 120.337 120.472 120.622 120.745 120.905 121.032 121.167 121.322 121.465 121.607 121.74 121.885 122.05 122.205 122.34 122.482 122.612 122.757 122.902 123.02 123.152 123.26 123.39 123.507 123.63 123.747 123.88 123.997 124.117 124.242 124.375 124.485
113.535 113.732 113.935 114.117 114.315 114.507 114.722 114.932 115.105 115.302 115.5 115.707 115.937 116.122 116.307 116.507 116.71 116.917 117.11 117.287 117.47 117.697 117.88 118.045 118.21 118.402 118.597 118.757 118.925 119.085 119.252 119.417 119.56 119.687 119.84 119.987 120.15 120.267 120.425 120.565 120.715 120.842 120.982 121.125 121.275 121.4 121.517 121.692 121.835 121.98 122.14 122.267 122.405 122.54 122.672 122.792 122.92 123.057 123.187 123.32 123.445 123.567 123.692 123.82 123.93 124.052 124.167 124.287 124.445
113.5 113.672 113.865 114.045 114.252 114.452 114.637 114.857 115.045 115.22 115.415 115.63 115.817 116.04 116.222 116.437 116.642 116.845 117.027 117.22 117.422 117.607 117.8 117.98 118.17 118.357 118.547 118.69 118.865 119.015 119.155 119.337 119.455 119.59 119.757 119.905 120.055 120.21 120.36 120.497 120.655 120.807 120.947 121.055 121.207 121.35 121.49 121.63 121.77 121.912 122.055 122.202 122.312 122.447 122.59 122.717 122.832 122.987 123.11 123.242 123.362 123.487 123.61 123.742 123.862 123.972 124.085 124.225 124.342
113.44 113.625 113.797 113.995 114.167 114.375 114.557 114.752 114.965 115.162 115.337 115.55 115.732 115.927 116.137 116.355 116.562 116.762 116.97 117.177 117.36 117.572 117.757 117.955 118.13 118.317 118.49 118.627 118.797 118.935 119.085 119.24 119.365 119.53 119.697 119.845 119.995 120.132 120.297 120.467 120.597 120.74 120.882 121.017 121.17 121.302 121.427 121.547 121.7 121.832 121.975 122.1 122.23 122.375 122.512 122.642 122.777 122.9 123.027 123.152 123.285 123.42 123.54 123.655 123.782 123.902 124.042 124.15 124.275
113.37 113.535 113.707 113.89 114.085 114.295 114.48 114.672 114.87 115.062 115.252 115.445 115.637 115.827 116.06 116.28 116.475 116.692 116.9 117.092 117.305 117.507 117.695 117.877 118.06 118.22 118.382 118.535 118.685 118.852 118.99 119.142 119.317 119.467 119.635 119.79 119.922 120.075 120.255 120.387 120.512 120.677 120.812 120.96 121.07 121.207 121.337 121.47 121.61 121.737 121.86 121.992 122.152 122.285 122.42 122.537 122.685 122.807 122.937 123.09 123.215 123.327 123.447 123.58 123.697 123.825 123.947 124.075 124.21
113.262 113.43 113.632 113.805 114 114.205 114.375 114.577 114.77 114.98 115.16 115.34 115.547 115.742 115.96 116.177 116.38 116.602 116.83 117.025 117.247 117.437 117.607 117.79 117.97 118.127 118.275 118.432 118.585 118.77 118.912 119.085 119.24 119.405 119.56 119.702 119.872 120.012 120.155 120.327 120.46 120.59 120.742 120.86 120.982 121.112 121.232 121.38 121.525 121.627 121.767 121.902 122.055 122.187 122.33 122.46 122.577 122.73 122.86 122.987 123.112 123.245 123.382 123.502 123.637 123.755 123.89 124.007 124.137
113.147 113.355 113.525 113.712 113.905 114.082 114.275 114.472 114.685 114.86 115.052 115.232 115.437 115.66 115.862 116.087 116.302 116.53 116.752 116.962 117.15 117.327 117.507 117.705 117.87 118.022 118.195 118.335 118.522 118.685 118.837 119 119.157 119.33 119.465 119.62 119.78 119.937 120.085 120.242 120.365 120.507 120.647 120.772 120.915 121.017 121.142 121.277 121.4 121.532 121.667 121.812 121.942 122.08 122.237 122.372 122.515 122.617 122.755 122.922 123.03 123.167 123.292 123.417 123.547 123.695 123.797 123.945 124.065
113.042 113.235 113.407 113.595 113.777 113.98 114.19 114.36 114.557 114.757 114.957 115.152 115.357 115.577 115.787 116.005 116.22 116.427 116.63 116.84 117.027 117.217 117.41 117.585 117.742 117.915 118.097 118.27 118.422 118.59 118.755 118.915 119.085 119.24 119.372 119.527 119.685 119.845 120.01 120.14 120.272 120.4 120.542 120.657 120.79 120.902 121.015 121.142 121.275 121.425 121.552 121.71 121.847 121.982 122.105 122.25 122.387 122.522 122.667 122.795 122.94 123.075 123.217 123.335 123.45 123.612 123.722 123.85 123.96
112.922 113.11 113.295 113.502 113.67 113.88 114.075 114.24 114.457 114.66 114.857 115.052 115.265 115.477 115.685 115.9 116.092 116.295 116.525 116.71 116.912 117.09 117.277 117.475 117.642 117.812 118.002 118.167 118.335 118.502 118.665 118.83 118.972 119.14 119.312 119.455 119.6 119.747 119.882 120.022 120.16 120.28 120.41 120.532 120.652 120.76 120.92 121.045 121.17 121.29 121.43 121.595 121.717 121.857 121.997 122.152 122.317 122.432 122.55 122.717 122.857 123.002 123.122 123.247 123.365 123.497 123.627 123.732 123.892
112.802 112.992 113.207 113.377 113.572 113.752 113.955 114.132 114.332 114.535 114.73 114.972 115.17 115.37 115.57 115.765 115.967 116.177 116.375 116.572 116.76 116.972 117.165 117.352 117.54 117.725 117.895 118.047 118.21 118.392 118.545 118.705 118.875 119.052 119.187 119.345 119.485 119.607 119.745 119.95 120.205 120.152 120.285 120.417 120.522 120.662 120.785 120.895 121.022 121.16 121.3 121.43 121.572 121.727 121.867 122.04 122.165 122.322 122.47 122.6 122.725 122.885 123.01 123.155 123.285 123.407 123.535 123.657 123.797
112.682 112.882 113.055 113.245 113.43 113.615 113.807 114.01 114.227 114.45 114.655 114.852 115.035 115.235 115.425 115.627 115.822 116.015 116.22 116.43 116.637 116.832 117.032 117.215 117.402 117.605 117.782 117.935 118.102 118.265 118.445 118.597 118.745 118.89 119.05 119.197 119.347 119.48 119.607 119.75 119.892 120.02 120.145 120.265 120.375 120.51 120.62 120.752 120.882 121.015 121.155 121.315 121.465 121.61 121.762 121.92 122.062 122.202 122.347 122.492 122.64 122.77 122.9 123.03 123.182 123.317 123.435 123.577 123.717
112.552 112.742 112.912 113.137 113.307 113.505 113.692 113.9 114.105 114.315 114.525 114.81 114.925 115.12 115.305 115.497 115.685 115.875 116.09 116.3 116.512 116.705 116.902 117.095 117.335 117.497 117.642 117.795 117.975 118.13 118.295 118.442 118.582 118.742 118.895 119.032 119.18 119.32 119.447 119.597 119.725 119.852 119.975 120.115 120.232 120.36 120.47 120.61 120.752 120.875 121.027 121.16 121.31 121.47 121.645 121.8 121.922 122.057 122.225 122.37 122.507 122.647 122.78 122.935 123.087 123.21 123.347 123.472 123.592
112.407 112.587 112.802 112.982 113.177 113.385 113.62 113.8 114 114.2 114.39 114.587 114.767 114.965 115.145 115.365 115.55 115.74 115.947 116.147 116.357 116.635 116.752 116.95 117.142 117.32 117.497 117.64 117.822 117.98 118.137 118.277 118.407 118.575 118.717 118.87 118.995 119.14 119.275 119.41 119.562 119.7 119.807 119.947 120.067 120.192 120.315 120.455 120.6 120.742 120.872 121.022 121.19 121.34 121.485 121.63 121.777 121.935 122.077 122.237 122.392 122.525 122.672 122.827 122.947 123.095 123.22 123.36 123.495
112.27 112.467 112.66 112.86 113.072 113.262 113.472 113.652 113.847 114.057 114.26 114.437 114.615 114.82 115.015 115.23 115.412 115.622 115.82 116.032 116.23 116.425 116.605 116.812 116.977 117.172 117.33 117.497 117.672 117.82 117.962 118.095 118.24 118.395 118.525 118.667 118.81 118.952 119.11 119.242 119.357 119.502 119.652 119.777 119.922 120.01 120.162 120.307 120.435 120.59 120.73 120.875 121.035 121.197 121.342 121.477 121.63 121.792 121.955 122.115 122.265 122.41 122.56 122.68 122.82 122.955 123.075 123.32 123.7
112.157 112.33 112.55 112.755 112.947 113.135 113.31 113.497 113.707 113.907 114.085 114.29 114.475 114.67 114.882 115.072 115.267 115.465 115.69 115.87 116.072 116.272 116.452 116.64 116.84 117.01 117.22 117.365 117.497 117.637 117.74 117.887 118.045 118.21 118.332 118.48 118.622 118.79 118.922 119.072 119.197 119.332 119.467 119.61 119.747 119.86 119.995 120.15 120.29 120.422 120.567 120.71 120.872 121.01 121.167 121.32 121.482 121.667 121.827 121.982 122.127 122.262 122.415 122.552 122.665 122.857 123.375 123.755 123.762
112.015 112.227 112.43 112.612 112.782 112.987 113.17 113.342 113.56 113.757 113.935 114.14 114.347 114.535 114.742 114.95 115.122 115.33 115.527 115.732 115.91 116.115 116.295 116.475 116.66 116.807 116.977 117.135 117.292 117.435 117.562 117.712 117.867 118 118.147 118.302 118.445 118.6 118.752 118.895 119.03 119.165 119.302 119.43 119.557 119.682 119.84 119.977 120.105 120.232 120.392 120.547 120.687 120.842 121.005 121.17 121.342 121.505 121.68 121.815 121.952 122.115 122.24 122.385 122.875 123.31 123.212 123.062 123.032
111.895 112.1 112.295 112.465 112.637 112.825 112.995 113.197 113.392 113.595 113.805 114.012 114.2 114.4 114.61 114.815 114.99 115.182 115.377 115.572 115.752 115.942 116.142 116.297 116.465 116.635 116.777 116.932 117.087 117.237 117.357 117.512 117.682 117.82 117.947 118.105 118.255 118.402 118.55 118.695 118.845 118.965 119.12 119.252 119.395 119.53 119.66 119.792 119.955 120.082 120.225 120.387 120.532 120.692 120.855 121.032 121.187 121.357 121.502 121.637 121.805 121.99 122.485 123 122.92 122.6 122.685 122.81 122.98
111.752 111.935 112.122 112.312 112.475 112.672 112.855 113.04 113.255 113.442 113.657 113.875 114.062 114.275 114.47 114.652 114.855 115.037 115.23 115.405 115.6 115.785 115.952 116.122 116.285 116.432 116.585 116.745 116.897 117.042 117.185 117.34 117.467 117.615 117.757 117.922 118.067 118.205 118.375 118.517 118.642 118.792 118.935 119.065 119.205 119.355 119.48 119.61 119.74 119.902 120.057 120.225 120.382 120.535 120.692 120.842 121.01 121.147 121.257 121.462 121.962 122.405 122.487 122.157 122.212 122.372 122.532 122.715 122.895
111.587 111.77 111.965 112.122 112.335 112.512 112.695 112.907 113.095 113.302 113.492 113.712 113.932 114.117 114.327 114.49 114.68 114.88 115.045 115.232 115.405 115.575 115.742 115.937 116.09 116.23 116.39 116.57 116.72 116.845 116.995 117.132 117.282 117.427 117.57 117.722 117.867 118.017 118.185 118.32 118.462 118.59 118.74 118.872 119.027 119.17 119.312 119.435 119.572 119.737 119.902 120.052 120.175 120.345 120.497 120.657 120.777 120.95 121.56 121.892 121.822 121.61 121.695 121.89 122.082 122.265 122.455 122.632 122.802
111.427 111.607 111.79 111.975 112.147 112.352 112.552 112.747 112.952 113.157 113.367 113.545 113.765 113.972 114.145 114.342 114.535 114.727 114.895 115.057 115.227 115.392 115.56 115.72 115.887 116.06 116.215 116.367 116.54 116.652 116.817 116.96 117.092 117.237 117.382 117.547 117.682 117.837 117.987 118.12 118.277 118.415 118.545 118.7 118.837 118.97 119.1 119.27 119.427 119.575 119.715 119.87 120.02 120.142 120.237 120.452 120.972 121.485 121.647 121.117 121.162 121.397 121.592 121.787 121.965 122.167 122.275 122.445 122.587
