Matlab/Roost_data/braunton/dsm/ss4739_DSM_2M.asc
ncols 500
nrows 500
xllcorner    247000
yllcorner    139000
cellsize     2
NODATA_value -9999
[rows 429 to 461 of 500, columns 380 to 455 of 500]
109.919 109.91 110.02 110.07 110.135 110.209 110.309 110.397 110.5 110.579 110.631 110.647 110.701 110.729 110.769 110.801 110.871 110.895 110.905 110.928 110.934 110.97 111.07 111.082 111.113 111.154 111.16 111.132 111.096 111.07 111.062 111.135 111.157 111.218 111.296 111.37 111.392 111.435 111.429 111.467 111.474 111.491 111.558 111.612 111.623 111.707 111.778 111.771 111.785 111.754 111.792 111.84 111.841 111.841 111.878 111.956 111.958 112.035 112.043 112.05 112.071 112.04 112.05 112.11 112.121 112.168 112.142 112.093 112.11 112.155 112.09 112.101 112.065 112.078 112.046 111.998
109.914 109.919 110.057 110.134 110.212 110.31 110.406 110.457 110.547 110.621 110.66 110.689 110.726 110.769 110.824 110.841 110.905 110.959 111.053 111.113 111.113 111.119 111.169 111.162 111.156 111.207 111.222 111.238 111.242 111.262 111.275 111.284 111.273 111.329 111.37 111.395 111.454 111.511 111.546 111.617 111.673 111.701 111.734 111.763 111.792 111.803 111.822 111.875 111.895 111.885 111.979 111.993 112 112.041 112.076 112.098 112.112 112.156 112.182 112.175 112.209 112.22 112.268 112.293 112.305 112.335 112.341 112.293 112.327 112.303 112.243 112.226 112.219 112.224 112.206 112.211
110.014 110.065 110.15 110.174 110.24 110.342 110.408 110.477 110.59 110.658 110.739 110.82 110.849 110.864 110.902 110.913 110.959 110.996 111.051 111.154 111.213 111.287 111.344 111.378 111.373 111.318 111.326 111.311 111.289 111.304 111.327 111.349 111.424 111.485 111.522 111.556 111.648 111.692 111.695 111.709 111.752 111.773 111.835 111.872 111.973 112.015 112.039 112.091 112.104 112.109 112.104 112.135 112.112 112.167 112.185 112.2 112.236 112.328 112.358 112.366 112.4 112.38 112.431 112.425 112.44 112.457 112.426 112.442 112.471 112.482 112.433 112.459 112.43 112.381 112.399 112.311
110.05 110.142 110.216 110.311 110.387 110.492 110.543 110.62 110.689 110.733 110.822 110.868 110.89 110.902 111.01 111.086 111.186 111.195 111.227 111.254 111.26 111.307 111.356 111.365 111.408 111.381 111.447 111.44 111.434 111.469 111.473 111.477 111.513 111.543 111.564 111.619 111.697 111.753 111.818 111.899 111.901 111.934 111.986 111.992 112.05 112.117 112.132 112.201 112.173 112.226 112.26 112.283 112.283 112.306 112.351 112.348 112.369 112.418 112.443 112.467 112.483 112.535 112.62 112.647 112.681 112.618 112.583 112.598 112.587 112.571 112.515 112.548 112.578 112.566 112.557 112.572
110.209 110.236 110.277 110.364 110.424 110.468 110.588 110.676 110.79 110.916 110.986 111.025 111.036 111.03 111.084 111.172 111.235 111.214 111.308 111.328 111.327 111.407 111.447 111.468 111.506 111.522 111.585 111.526 111.491 111.559 111.565 111.571 111.637 111.719 111.695 111.801 111.818 111.827 111.887 111.952 111.977 111.996 112.029 112.103 112.149 112.199 112.253 112.359 112.372 112.36 112.409 112.392 112.446 112.441 112.463 112.497 112.586 112.592 112.633 112.63 112.656 112.659 112.713 112.743 112.77 112.754 112.752 112.765 112.832 112.755 112.793 112.749 112.724 112.711 112.648 112.643
110.266 110.331 110.408 110.496 110.566 110.602 110.75 110.779 110.871 110.953 111.01 111.068 111.109 111.106 111.181 111.28 111.349 111.366 111.416 111.425 111.416 111.451 111.513 111.533 111.573 111.62 111.72 111.73 111.734 111.779 111.727 111.731 111.755 111.794 111.831 111.881 111.917 111.957 112.069 112.063 112.105 112.182 112.206 112.229 112.267 112.267 112.331 112.415 112.451 112.498 112.548 112.58 112.636 112.633 112.606 112.674 112.689 112.675 112.722 112.771 112.781 112.79 112.799 112.806 112.836 112.887 112.86 112.895 112.929 112.866 112.891 112.862 112.835 112.866 112.848 112.85
110.311 110.366 110.445 110.483 110.558 110.66 110.802 110.884 111.019 111.04 111.111 111.171 111.174 111.188 111.234 111.304 111.362 111.402 111.474 111.516 111.602 111.682 111.739 111.76 111.767 111.767 111.772 111.723 111.76 111.782 111.776 111.818 111.896 111.956 111.961 112.069 112.064 112.121 112.169 112.119 112.204 112.246 112.28 112.353 112.413 112.478 112.557 112.604 112.59 112.62 112.603 112.649 112.699 112.686 112.75 112.802 112.848 112.857 112.896 112.886 112.88 112.933 112.892 112.92 112.977 112.992 113.012 113.03 113.05 113.039 113.073 113.037 112.969 113.002 112.932 112.915
110.422 110.488 110.542 110.599 110.679 110.759 110.826 110.918 111.024 111.065 111.184 111.217 111.252 111.352 111.362 111.4 111.456 111.486 111.547 111.581 111.613 111.646 111.701 111.822 111.862 111.918 111.928 111.982 111.986 111.942 111.901 111.923 111.963 112.006 112.053 112.162 112.199 112.258 112.34 112.385 112.444 112.451 112.451 112.473 112.488 112.511 112.587 112.709 112.755 112.788 112.834 112.877 112.892 112.87 112.898 112.923 112.917 112.935 112.95 112.951 112.986 113.067 113.065 113.101 113.149 113.141 113.172 113.13 113.106 113.11 113.134 113.115 113.142 113.174 113.167 113.187
110.471 110.519 110.554 110.65 110.739 110.842 110.913 111.015 111.078 111.135 111.227 111.271 111.333 111.387 111.408 111.442 111.506 111.56 111.633 111.704 111.739 111.785 111.816 111.858 111.897 111.915 111.945 111.961 112.013 112.045 112.07 112.116 112.175 112.228 112.285 112.284 112.317 112.336 112.401 112.452 112.505 112.54 112.588 112.625 112.673 112.714 112.76 112.771 112.843 112.892 112.934 112.972 113.006 113.027 113.052 113.087 113.072 113.154 113.115 113.079 113.151 113.12 113.136 113.191 113.223 113.311 113.316 113.302 113.325 113.325 113.302 113.291 113.316 113.252 113.281 113.374
110.56 110.679 110.737 110.787 110.852 110.916 110.959 111.041 111.154 111.136 111.258 111.371 111.416 111.463 111.51 111.551 111.634 111.663 111.695 111.768 111.798 111.851 111.878 111.932 111.992 112.033 112.084 112.107 112.145 112.13 112.121 112.163 112.219 112.31 112.37 112.358 112.407 112.457 112.512 112.596 112.608 112.619 112.645 112.676 112.726 112.785 112.839 112.935 112.998 113.039 113.01 113.047 113.074 113.109 113.127 113.147 113.173 113.203 113.213 113.235 113.319 113.31 113.327 113.35 113.376 113.446 113.447 113.44 113.434 113.426 113.433 113.493 113.458 113.467 113.473 113.499
110.607 110.701 110.786 110.855 110.976 111.044 111.131 111.201 111.283 111.29 111.367 111.425 111.444 111.517 111.567 111.627 111.671 111.75 111.82 111.898 111.942 111.997 112.018 112.017 112.065 112.06 112.083 112.168 112.253 112.244 112.279 112.323 112.387 112.436 112.52 112.496 112.472 112.536 112.559 112.639 112.67 112.715 112.769 112.845 112.903 112.951 113.026 113.075 113.154 113.167 113.143 113.19 113.171 113.229 113.222 113.301 113.327 113.354 113.36 113.385 113.399 113.369 113.428 113.453 113.519 113.571 113.575 113.579 113.621 113.608 113.554 113.617 113.562 113.522 113.542 113.551
110.714 110.831 110.908 110.952 111.022 111.107 111.202 111.278 111.359 111.41 111.526 111.575 111.643 111.674 111.711 111.724 111.738 111.787 111.845 111.885 111.973 112.031 112.115 112.118 112.208 112.275 112.295 112.332 112.354 112.349 112.346 112.366 112.418 112.512 112.573 112.615 112.666 112.76 112.776 112.821 112.843 112.847 112.856 112.885 112.967 113.047 113.123 113.22 113.301 113.307 113.345 113.376 113.338 113.354 113.334 113.365 113.432 113.412 113.519 113.555 113.567 113.59 113.611 113.607 113.649 113.665 113.638 113.652 113.704 113.705 113.727 113.755 113.761 113.734 113.761 113.755
110.774 110.87 110.971 111.086 111.159 111.207 111.288 111.355 111.405 111.501 111.562 111.615 111.665 111.743 111.796 111.809 111.889 111.93 111.98 112.058 112.119 112.154 112.152 112.159 112.255 112.312 112.354 112.408 112.428 112.5 112.477 112.503 112.563 112.582 112.63 112.65 112.685 112.728 112.829 112.945 113.014 113.039 113.083 113.144 113.151 113.178 113.237 113.309 113.397 113.436 113.519 113.515 113.532 113.543 113.501 113.537 113.558 113.584 113.632 113.662 113.672 113.716 113.745 113.756 113.778 113.799 113.824 113.861 113.883 113.85 113.85 113.853 113.87 113.876 113.874 113.857
110.903 110.948 111.031 111.124 111.183 111.227 111.312 111.38 111.477 111.592 111.629 111.673 111.738 111.853 111.896 111.917 111.969 112.011 112.07 112.114 112.203 112.293 112.361 112.356 112.402 112.438 112.463 112.507 112.513 112.548 112.552 112.575 112.613 112.709 112.749 112.764 112.811 112.859 112.966 113.039 113.09 113.108 113.181 113.249 113.299 113.294 113.4 113.451 113.518 113.536 113.59 113.588 113.624 113.649 113.669 113.724 113.696 113.709 113.745 113.78 113.797 113.851 113.889 113.887 113.892 113.905 113.904 113.966 113.947 113.954 113.952 113.95 113.958 113.99 113.994 113.954
111.008 111.117 111.232 111.267 111.291 111.354 111.415 111.499 111.535 111.593 111.702 111.815 111.85 111.953 111.984 112.125 112.113 112.182 112.228 112.263 112.275 112.341 112.389 112.423 112.459 112.498 112.548 112.636 112.663 112.71 112.722 112.731 112.746 112.782 112.83 112.86 112.875 112.948 113.04 113.138 113.225 113.2 113.267 113.337 113.386 113.43 113.514 113.593 113.611 113.648 113.599 113.641 113.706 113.729 113.753 113.78 113.783 113.814 113.826 113.842 113.878 113.907 113.969 114.011 114.021 114.021 114.043 114.076 114.058 114.037 114.042 114.03 114.025 114.046 114.04 114.048
111.141 111.202 111.295 111.291 111.298 111.429 111.526 111.652 111.69 111.735 111.808 111.873 111.942 111.997 112.077 112.16 112.181 112.261 112.268 112.392 112.421 112.474 112.535 112.551 112.596 112.628 112.63 112.673 112.65 112.708 112.765 112.784 112.84 112.891 112.937 112.966 113.04 113.056 113.142 113.214 113.277 113.295 113.355 113.401 113.451 113.54 113.62 113.677 113.707 113.737 113.763 113.79 113.782 113.786 113.809 113.817 113.84 113.909 113.953 113.998 114.052 114.063 114.06 114.106 114.103 114.088 114.109 114.117 114.116 114.13 114.153 114.168 114.186 114.176 114.163 114.155
111.27 111.318 111.374 111.429 111.452 111.489 111.582 111.681 111.723 111.737 111.837 111.909 112.007 112.045 112.155 112.205 112.257 112.341 112.386 112.439 112.449 112.509 112.56 112.589 112.638 112.701 112.79 112.801 112.819 112.808 112.856 112.866 112.903 112.935 113.028 113.083 113.093 113.176 113.255 113.302 113.334 113.384 113.459 113.467 113.504 113.577 113.639 113.712 113.74 113.782 113.885 113.924 113.94 113.956 113.976 113.994 113.969 113.974 114.005 114.077 114.129 114.1 114.179 114.215 114.241 114.253 114.271 114.252 114.249 114.26 114.228 114.243 114.263 114.29 114.31 114.313
111.271 111.337 111.411 111.482 111.535 111.583 111.667 111.719 111.746 111.803 111.913 111.983 112.051 112.12 112.197 112.217 112.266 112.398 112.446 112.508 112.556 112.601 112.665 112.698 112.746 112.754 112.818 112.825 112.836 112.876 112.927 112.943 113.038 113.132 113.192 113.204 113.232 113.296 113.321 113.371 113.427 113.456 113.5 113.511 113.585 113.644 113.728 113.82 113.845 113.867 113.955 113.995 114.006 114.004 114.052 114.112 114.121 114.117 114.164 114.217 114.235 114.255 114.288 114.303 114.33 114.349 114.405 114.388 114.409 114.444 114.449 114.463 114.48 114.445 114.417 114.403
111.649 111.472 111.499 111.554 111.588 111.614 111.682 111.746 111.785 111.87 112.023 112.086 112.136 112.245 112.311 112.377 112.387 112.439 112.486 112.508 112.567 112.614 112.723 112.792 112.843 112.863 112.942 112.956 112.999 112.998 113.005 113.016 113.058 113.139 113.233 113.25 113.353 113.414 113.449 113.535 113.558 113.611 113.624 113.608 113.645 113.72 113.773 113.844 113.909 114.003 114.056 114.119 114.121 114.182 114.214 114.217 114.217 114.193 114.221 114.28 114.34 114.366 114.408 114.422 114.416 114.456 114.471 114.466 114.492 114.485 114.516 114.526 114.571 114.562 114.529 114.548
111.648 111.549 111.631 111.753 111.777 111.837 111.909 111.951 111.949 112 112.079 112.143 112.174 112.277 112.369 112.459 112.546 112.579 112.648 112.697 112.767 112.822 112.806 112.844 112.892 112.886 112.911 112.966 113.045 113.114 113.205 113.222 113.283 113.342 113.392 113.403 113.419 113.472 113.499 113.582 113.627 113.665 113.729 113.76 113.797 113.89 113.932 113.986 114.021 114.073 114.117 114.15 114.177 114.242 114.281 114.323 114.333 114.354 114.366 114.403 114.438 114.465 114.465 114.481 114.485 114.511 114.482 114.494 114.535 114.578 114.569 114.61 114.669 114.662 114.614 114.628
111.717 111.641 111.682 111.748 111.806 111.906 111.975 112.04 112.135 112.191 112.245 112.274 112.324 112.381 112.438 112.496 112.565 112.591 112.642 112.757 112.801 112.901 112.954 112.988 113.081 113.094 113.103 113.094 113.098 113.167 113.234 113.273 113.357 113.42 113.469 113.513 113.549 113.637 113.681 113.688 113.71 113.729 113.754 113.79 113.895 113.957 113.998 114.041 114.137 114.217 114.216 114.226 114.319 114.348 114.374 114.395 114.406 114.464 114.427 114.478 114.519 114.542 114.585 114.612 114.707 114.715 114.762 114.772 114.636 114.691 114.643 114.691 114.741 114.779 114.769 114.818
112.071 111.869 111.841 111.898 111.929 111.969 111.996 112.059 112.131 112.16 112.243 112.322 112.378 112.459 112.514 112.596 112.67 112.719 112.8 112.841 112.859 112.913 112.942 112.951 113.05 113.111 113.171 113.211 113.268 113.308 113.304 113.359 113.434 113.462 113.504 113.608 113.643 113.669 113.747 113.748 113.774 113.822 113.857 113.875 113.977 114.16 114.261 114.317 114.434 114.335 114.2 114.274 114.377 114.543 114.628 114.696 115.164 115.31 115.246 115.212 115.094 114.664 114.719 114.818 115.076 115.163 115.535 115.417 115.522 115.829 115.601 115.338 115.27 115.179 114.993 115.254
112.064 111.908 111.873 111.967 112 112.038 112.079 112.121 112.22 112.316 112.384 112.408 112.459 112.52 112.541 112.611 112.698 112.781 112.864 112.943 112.997 113.051 113.087 113.155 113.263 113.375 113.393 113.396 113.419 113.359 113.375 113.404 113.522 113.526 113.741 113.809 114.084 114.365 114.227 114.428 114.228 114.046 114.084 114.032 114.128 114.34 114.839 115.29 115.554 115.716 115.386 115.074 114.783 114.87 115.019 115.128 115.671 115.888 115.876 115.923 115.919 115.572 115.668 115.292 115.225 115.322 115.571 115.937 115.843 116.016 115.952 115.542 115.627 115.523 115.303 115.265
111.995 112.242 112.049 112.011 112.049 112.071 112.112 112.17 112.264 112.349 112.434 112.507 112.608 112.695 112.73 112.778 112.833 112.954 113.06 113.179 113.141 113.093 113.145 113.22 113.404 113.735 114.059 114.217 114.427 114.423 114.2 114.003 113.793 113.765 113.909 114.262 114.783 114.816 114.985 115.211 115.255 115.175 114.899 114.509 114.351 114.557 115.041 115.727 115.655 115.595 115.345 115.186 115.053 115.015 114.834 114.913 115.11 115.368 115.523 115.494 115.265 115.184 115.354 115.158 115.129 115.16 115.238 115.357 115.336 115.462 115.505 115.367 115.354 115.282 115.278 115.255
112.268 112.407 112.059 112.07 112.161 112.222 112.275 112.302 112.346 112.387 112.479 112.527 112.58 112.684 112.799 112.859 112.989 113.384 113.881 114.017 114.098 113.842 113.578 113.363 113.473 113.928 114.478 114.478 114.717 114.785 114.311 114.45 114.347 113.986 113.996 114.121 114.39 114.619 114.923 115.118 115.138 114.69 114.561 114.444 114.44 114.49 114.596 114.738 114.876 114.89 114.912 114.873 114.923 114.834 114.836 114.881 114.935 114.992 115.024 115.087 115.129 115.179 115.207 115.199 115.236 115.236 115.26 115.292 115.305 115.319 115.339 115.37 115.424 115.395 115.332 115.368
112.012 112.351 112.143 112.107 112.207 112.28 112.34 112.363 112.448 112.515 112.682 112.861 113.221 113.434 113.267 113.093 113.172 113.679 114.168 114.017 114.026 113.817 113.626 113.439 113.481 113.613 113.802 114.001 114.214 114.262 114.109 113.956 114.002 114.006 114.033 114.06 114.082 114.107 114.162 114.28 114.395 114.415 114.418 114.454 114.491 114.559 114.587 114.699 114.716 114.75 114.801 114.876 114.89 114.945 114.977 115.019 115.027 115.07 115.091 115.095 115.145 115.209 115.302 115.355 115.356 115.381 115.394 115.423 115.418 115.381 115.39 115.409 115.434 115.464 115.453 115.508
111.375 112.87 112.968 112.626 113.29 113.221 112.945 112.751 112.566 112.55 112.937 113.094 113.874 113.737 113.41 113.485 113.304 113.341 113.485 113.56 113.687 113.542 113.443 113.433 113.454 113.609 113.671 113.724 113.798 113.807 113.877 113.942 113.97 114.027 114.056 114.072 114.126 114.167 114.193 114.271 114.341 114.391 114.473 114.551 114.621 114.675 114.718 114.774 114.798 114.815 114.883 114.935 114.947 114.996 115.056 115.107 115.165 115.202 115.263 115.279 115.281 115.355 115.381 115.399 115.425 115.413 115.445 115.474 115.504 115.518 115.497 115.533 115.563 115.62 115.65 115.635
111.599 113.229 113.173 112.876 113.919 113.925 113.816 113.74 112.98 112.783 112.831 113.244 113.728 113.605 113.365 113.208 113.247 113.225 113.241 113.309 113.351 113.436 113.533 113.576 113.618 113.679 113.708 113.759 113.846 113.886 113.96 114.008 114.026 114.067 114.091 114.133 114.264 114.339 114.359 114.408 114.441 114.454 114.529 114.644 114.719 114.786 114.845 114.84 114.875 114.956 114.988 115.037 115.037 115.101 115.141 115.162 115.227 115.279 115.324 115.376 115.408 115.466 115.477 115.511 115.551 115.572 115.601 115.6 115.599 115.596 115.64 115.636 115.664 115.686 115.718 115.748
111.941 113.259 113.137 113.084 113.705 113.869 113.7 113.281 112.938 112.779 112.832 112.934 113.007 113.044 113.104 113.167 113.235 113.276 113.275 113.338 113.397 113.446 113.532 113.603 113.675 113.752 113.797 113.812 113.93 113.996 114.077 114.148 114.151 114.146 114.182 114.226 114.312 114.364 114.417 114.467 114.542 114.575 114.681 114.749 114.787 114.886 114.932 114.934 115 115.051 115.062 115.111 115.155 115.194 115.206 115.252 115.354 115.431 115.436 115.455 115.525 115.541 115.531 115.576 115.593 115.647 115.658 115.67 115.71 115.748 115.77 115.79 115.794 115.814 115.802 115.791
111.999 113.274 112.742 112.456 112.568 112.735 112.883 112.856 112.889 112.856 112.882 112.973 113.012 113.038 113.128 113.194 113.297 113.38 113.451 113.516 113.558 113.578 113.641 113.692 113.731 113.814 113.882 113.892 113.992 114.048 114.16 114.221 114.262 114.358 114.416 114.428 114.45 114.48 114.52 114.537 114.589 114.67 114.739 114.816 114.91 114.977 115.027 115.063 115.144 115.18 115.187 115.246 115.264 115.268 115.309 115.325 115.374 115.467 115.53 115.519 115.618 115.642 115.7 115.716 115.716 115.718 115.743 115.738 115.769 115.802 115.853 115.895 115.896 115.915 115.928 115.921
111.89 113.032 112.781 112.536 112.557 112.671 112.735 112.825 112.909 112.982 113.035 113.056 113.129 113.198 113.235 113.271 113.332 113.406 113.455 113.532 113.608 113.643 113.698 113.813 113.814 113.894 113.955 114.007 114.087 114.109 114.199 114.267 114.311 114.386 114.467 114.494 114.51 114.55 114.65 114.68 114.74 114.777 114.823 114.917 114.971 115.042 115.114 115.155 115.184 115.242 115.247 115.328 115.371 115.445 115.43 115.475 115.541 115.588 115.635 115.666 115.725 115.74 115.753 115.853 115.868 115.805 115.873 115.846 115.927 115.922 115.935 115.99 116.019 116.013 116.019 115.996
111.69 112.933 113.189 112.745 112.675 112.747 112.817 112.858 112.93 113.024 113.052 113.082 113.184 113.287 113.37 113.402 113.439 113.485 113.546 113.573 113.621 113.683 113.767 113.851 113.885 113.96 114.045 114.082 114.199 114.201 114.277 114.338 114.376 114.438 114.479 114.518 114.543 114.613 114.717 114.765 114.768 114.866 114.882 114.987 115.087 115.129 115.199 115.268 115.297 115.34 115.339 115.409 115.542 115.558 115.512 115.564 115.637 115.71 115.765 115.836 115.884 115.912 115.945 115.989 115.996 115.975 115.997 116.019 116.048 116.06 116.118 116.083 116.131 116.135 116.192 116.194
111.743 113.121 113.267 112.703 112.738 112.816 112.913 112.96 113.022 113.092 113.149 113.167 113.225 113.324 113.392 113.435 113.437 113.517 113.593 113.62 113.674 113.757 113.831 113.881 113.951 114.046 114.104 114.176 114.261 114.307 114.392 114.446 114.427 114.524 114.514 114.57 114.65 114.735 114.79 114.907 114.958 114.983 115.015 115.105 115.131 115.144 115.24 115.334 115.334 115.406 115.444 115.481 115.559 115.605 115.652 115.684 115.722 115.779 115.856 115.885 115.907 115.942 115.993 116.03 116.078 116.089 116.083 116.146 116.188 116.212 116.23 116.219 116.226 116.251 116.257 116.227
