Matlab/Roost_data/braunton/dsm/ss4738_DSM_2M.asc
ncols 500
nrows 500
xllcorner    247000
yllcorner    138000
cellsize     2
NODATA_value -9999
[rows 150 to 179 of 500, columns 345 to 413 of 500]
132.15 132.095 131.99 131.939 131.828 131.775 131.713 131.613 131.607 131.517 131.462 131.361 131.302 131.184 131.13 131.025 130.934 130.854 130.751 130.723 130.606 130.501 130.455 130.318 130.238 130.173 130.03 129.993 129.899 129.799 129.735 129.648 129.582 129.505 129.378 129.313 129.203 129.125 129.043 128.973 128.883 128.766 128.68 128.598 128.5 128.484 128.386 128.289 128.244 128.122 127.988 127.893 128.143 129.077 127.59 127.12 127.191 127.651 128.552 127.942 126.61 126.574 126.527 126.545 126.543 126.522 126.514 126.425 126.395
132.014 131.973 131.883 131.781 131.69 131.61 131.576 131.488 131.434 131.375 131.287 131.183 131.096 131.018 130.923 130.843 130.735 130.643 130.532 130.453 130.367 130.274 130.22 130.089 130.021 129.964 129.806 129.733 129.653 129.585 129.465 129.436 129.312 129.273 129.138 129.026 128.979 128.85 128.817 128.697 128.614 128.52 128.378 128.296 128.263 128.123 128.098 128.012 127.918 127.81 127.722 127.605 128.648 128.553 127.204 126.985 126.999 127.844 127.81 126.875 126.44 126.333 126.347 126.345 126.325 126.308 126.252 126.225 126.135
131.882 131.829 131.747 131.623 131.544 131.466 131.393 131.334 131.261 131.184 131.108 131.036 130.932 130.825 130.727 130.637 130.531 130.426 130.34 130.268 130.133 130.055 129.94 129.86 129.774 129.701 129.589 129.513 129.415 129.278 129.26 129.124 129.057 128.95 128.905 128.771 128.646 128.632 128.525 128.42 128.333 128.249 128.152 128.04 127.989 127.905 127.797 127.753 127.645 127.512 127.36 127.783 128.521 127.323 126.715 126.761 127.065 127.958 126.883 126.226 126.143 126.122 126.107 126.125 126.102 126.051 125.998 125.905 125.885
131.789 131.705 131.613 131.496 131.411 131.325 131.253 131.18 131.103 131.013 130.935 130.85 130.75 130.625 130.529 130.449 130.358 130.254 130.11 130.057 129.945 129.85 129.751 129.667 129.565 129.433 129.364 129.23 129.155 129.049 129.012 128.904 128.783 128.673 128.577 128.531 128.399 128.28 128.26 128.147 128.061 127.948 127.863 127.819 127.659 127.588 127.558 127.425 127.32 127.225 127.097 128.37 127.625 126.425 126.495 126.785 127.662 127.329 126.073 126.049 125.95 125.928 125.939 125.887 125.868 125.775 125.702 125.665 125.59
131.678 131.612 131.498 131.389 131.304 131.188 131.145 131.07 130.963 130.914 130.783 130.64 130.58 130.467 130.388 130.275 130.12 130.083 129.945 129.848 129.771 129.63 129.54 129.408 129.352 129.225 129.123 129.019 128.918 128.837 128.706 128.6 128.568 128.43 128.32 128.205 128.145 128.045 127.975 127.862 127.738 127.665 127.56 127.473 127.39 127.318 127.216 127.143 127.039 126.905 127.573 127.814 126.513 126.233 126.29 127.079 127.21 126.205 125.92 125.782 125.758 125.738 125.705 125.675 125.599 125.551 125.453 125.372 125.318
131.545 131.423 131.333 131.26 131.125 131.058 130.963 130.931 130.829 130.693 130.651 130.531 130.425 130.302 130.217 130.089 129.997 129.886 129.769 129.681 129.558 129.436 129.34 129.19 129.085 129.02 128.873 128.801 128.697 128.605 128.496 128.385 128.266 128.18 128.051 127.955 127.87 127.775 127.679 127.599 127.503 127.375 127.311 127.23 127.113 127.088 126.965 126.839 126.745 126.722 128.09 127.128 125.88 126.041 126.263 127.52 126.096 125.688 125.618 125.567 125.552 125.478 125.485 125.388 125.348 125.268 125.201 125.11 125.016
131.404 131.296 131.189 131.124 131.015 130.898 130.829 130.748 130.687 130.551 130.458 130.355 130.275 130.11 129.96 129.895 129.787 129.691 129.533 129.442 129.346 129.214 129.155 129.01 128.928 128.798 128.66 128.55 128.458 128.349 128.269 128.169 128.008 127.938 127.807 127.682 127.624 127.453 127.408 127.3 127.223 127.129 126.98 126.919 126.86 126.731 126.685 126.562 126.43 127.338 127.01 125.737 125.715 125.86 126.805 126.667 125.51 125.442 125.37 125.358 125.278 125.24 125.245 125.143 125.013 124.975 124.878 124.805 124.715
131.229 131.153 131.029 130.943 130.866 130.741 130.679 130.581 130.469 130.398 130.277 130.175 130.059 129.984 129.851 129.723 129.613 129.476 129.345 129.21 129.133 129.02 128.893 128.788 128.706 128.595 128.471 128.348 128.25 128.065 128 127.865 127.8 127.669 127.565 127.445 127.332 127.233 127.143 127.035 126.94 126.841 126.783 126.661 126.555 126.494 126.401 126.223 126.55 127.382 125.597 125.398 125.47 126.033 126.658 125.608 125.26 125.185 125.094 125.124 125.035 125.028 124.93 124.9 124.76 124.699 124.63 124.505 124.46
131.609 131.24 130.933 130.88 130.743 130.613 130.538 130.47 130.36 130.248 130.125 129.994 129.9 129.766 129.668 129.545 129.448 129.331 129.225 129.092 128.979 128.853 128.733 128.631 128.49 128.33 128.238 128.106 128.007 127.874 127.78 127.668 127.553 127.41 127.304 127.217 127.088 126.94 126.905 126.766 126.711 126.565 126.493 126.391 126.272 126.215 126.124 126.082 127.044 126.523 125.209 125.195 125.233 126.54 125.976 125.078 124.983 124.913 124.872 124.82 124.808 124.763 124.678 124.592 124.527 124.375 124.265 124.242 124.135
132.175 131.965 131.85 132.119 131.896 132.135 132.17 131.717 130.878 130.809 130.648 130.409 130.264 129.876 129.758 129.463 129.52 129.195 129.063 128.941 128.795 128.652 128.566 128.423 128.315 128.184 128.033 127.944 127.795 127.705 127.566 127.455 127.335 127.205 127.075 126.973 126.855 126.715 126.595 126.513 126.363 126.326 126.217 126.078 126.012 125.928 125.787 126.47 127.11 125.063 124.933 124.925 125.28 126.383 124.866 124.786 124.693 124.64 124.632 124.553 124.538 124.463 124.38 124.305 124.185 124.125 124.032 123.93 123.862
130.372 130.43 130.605 130.615 130.503 131.04 132.025 133.03 130.818 130.875 131.625 132.11 131.881 130.549 130.994 130.423 131.013 130.039 130.3 130.283 129.543 129.596 129.02 128.963 128.61 128.468 128.423 127.857 127.72 127.57 127.473 127.225 127.145 127.02 126.904 126.775 126.638 126.533 126.412 126.31 126.188 126.053 125.996 125.875 125.658 125.63 125.482 126.321 125.838 124.693 124.73 124.96 125.957 125.252 124.59 124.468 124.454 124.403 124.37 124.3 124.23 124.203 124.091 123.974 123.88 123.823 123.733 123.653 123.56
130.18 130.093 129.975 129.867 129.774 129.652 129.537 129.44 129.333 129.208 129.17 129.04 129.008 129.14 128.67 128.765 128.619 128.555 128.457 128.804 128.557 128.666 128.553 128.593 128.352 128.457 128.297 128.623 128.911 128.707 128.902 128.457 128.162 127.501 127.525 127.082 126.887 126.83 126.65 126.82 126.513 126.309 126.171 125.753 125.573 125.343 125.905 125.805 124.601 124.553 124.475 125.323 125.704 124.355 124.316 124.252 124.24 124.163 124.12 124.043 123.953 123.858 123.815 123.708 123.616 123.537 123.398 123.363 123.274
130.118 130.018 129.917 129.83 129.734 129.635 129.517 129.41 129.317 129.208 129.111 129.025 128.929 128.795 128.65 128.539 128.402 128.288 128.115 127.97 127.813 127.653 127.49 127.351 127.182 127.045 126.917 126.796 126.66 126.418 127.065 126.26 126.228 126.081 126.364 125.963 125.698 126.036 126.058 126.855 127.103 125.753 125.847 125.99 125.965 126.2 125.382 124.385 124.308 124.315 124.417 125.629 124.689 124.093 123.998 124 123.936 123.931 123.805 123.757 123.653 123.593 123.498 123.432 123.365 123.225 123.156 123.07 123.003
130.043 129.918 129.83 129.755 129.655 129.54 129.445 129.343 129.25 129.113 129.025 128.925 128.835 128.737 128.598 128.479 128.347 128.24 128.097 127.934 127.778 127.63 127.47 127.314 127.145 127 126.845 126.691 126.546 126.384 126.229 126.07 125.883 125.755 125.601 125.468 125.319 125.185 125.089 124.987 124.848 124.748 124.683 124.675 124.611 124.567 124.385 124.175 124.175 124.123 125.083 125.27 123.935 123.828 123.747 123.749 123.685 123.648 123.57 123.439 123.404 123.311 123.243 123.16 123.061 122.98 122.828 122.831 122.719
129.913 129.794 129.694 129.63 129.504 129.41 129.337 129.223 129.125 129.037 128.902 128.815 128.698 128.59 128.47 128.39 128.23 128.158 127.99 127.847 127.696 127.537 127.415 127.263 127.137 126.983 126.812 126.679 126.511 126.34 126.195 126.046 125.871 125.697 125.57 125.438 125.29 125.166 125.038 124.95 124.83 124.748 124.629 124.505 124.543 124.875 124.203 124.038 123.99 124.258 125.303 124.58 123.708 123.618 123.55 123.501 123.45 123.383 123.335 123.225 123.155 123.075 122.945 122.87 122.79 122.73 122.61 122.54 122.485
129.747 129.68 129.576 129.46 129.365 129.264 129.133 129.072 128.968 128.867 128.759 128.658 128.591 128.46 128.361 128.219 128.122 127.981 127.836 127.7 127.553 127.413 127.265 127.158 126.99 126.887 126.728 126.585 126.439 126.306 126.12 125.953 125.778 125.631 125.507 125.38 125.208 125.08 124.974 124.858 124.79 124.665 124.485 124.435 125.057 124.98 123.988 123.907 123.819 125.428 125.095 123.599 123.478 123.348 123.372 123.286 123.205 123.117 123.067 122.993 122.903 122.822 122.7 122.62 122.551 122.44 122.365 122.311 122.195
129.633 129.551 129.45 129.328 129.211 129.143 129.016 128.91 128.818 128.702 128.605 128.495 128.385 128.313 128.196 128.075 128.09 127.818 127.666 127.556 127.387 127.266 127.16 127.012 126.848 126.733 126.588 126.413 126.31 126.133 126.008 125.852 125.659 125.508 125.38 125.225 125.121 124.968 124.865 124.788 124.67 124.529 124.357 124.263 125.306 124.331 123.825 123.758 124.148 124.921 123.483 123.385 123.269 123.188 123.16 123.08 122.995 122.915 122.839 122.754 122.623 122.565 122.5 122.425 122.29 122.202 122.105 122.04 121.983
129.54 129.426 129.291 129.199 129.075 128.96 128.88 128.763 128.715 128.602 128.461 128.373 128.261 128.168 128.01 127.936 127.779 127.66 127.493 127.378 127.253 127.075 126.991 126.852 126.718 126.595 126.449 126.356 126.182 126.011 125.863 125.713 125.538 125.402 125.277 125.088 124.955 124.851 124.734 124.64 124.513 124.365 124.23 124.642 124.823 123.723 123.743 123.722 124.738 124.18 123.337 123.179 123.075 123.01 122.965 122.903 122.785 122.721 122.614 122.478 122.412 122.33 122.25 122.153 122.1 121.97 121.955 121.826 121.733
129.403 129.275 129.153 129.063 128.94 128.833 128.743 128.62 128.543 128.455 128.32 128.232 128.135 128.014 127.89 127.778 127.652 127.498 127.355 127.228 127.088 126.974 126.836 126.715 126.573 126.44 126.315 126.178 126.037 125.896 125.754 125.563 125.4 125.285 125.125 124.99 124.851 124.708 124.606 124.485 124.343 124.213 124.195 124.783 124.165 123.655 123.578 124.258 124.865 123.605 123.088 123.017 122.944 122.838 122.743 122.71 122.548 122.465 122.399 122.289 122.245 122.117 122.054 121.95 121.88 121.784 121.692 121.633 121.525
129.302 129.186 129.065 128.935 128.804 128.705 128.635 128.505 128.415 128.325 128.194 128.12 128.003 127.875 127.76 127.618 127.458 127.365 127.19 127.072 126.94 126.796 126.684 126.543 126.435 126.292 126.169 126.047 125.874 125.73 125.563 125.442 125.278 125.134 124.945 124.828 124.695 124.575 124.485 124.335 124.19 124.075 124.196 124.64 123.64 123.539 123.445 124.448 124.67 123.039 122.923 122.81 122.775 122.693 122.594 122.493 122.379 122.314 122.228 122.13 122.018 121.945 121.823 121.761 121.67 121.565 121.525 121.406 121.355
129.18 129.075 128.928 128.807 128.706 128.6 128.49 128.39 128.284 128.206 128.1 128.002 127.891 127.762 127.635 127.489 127.363 127.195 127.083 126.928 126.788 126.63 126.508 126.393 126.24 126.136 125.992 125.903 125.745 125.597 125.458 125.293 125.14 124.982 124.823 124.699 124.563 124.455 124.337 124.22 124.056 123.893 124.708 124.304 123.462 123.428 123.823 124.485 123.48 122.922 122.753 122.697 122.617 122.508 122.426 122.305 122.23 122.164 122.046 121.943 121.85 121.777 121.676 121.583 121.469 121.421 121.325 121.23 121.143
129.033 128.9 128.811 128.678 128.58 128.509 128.391 128.28 128.165 128.098 128.008 127.868 127.8 127.66 127.505 127.37 127.215 127.072 126.92 126.802 126.654 126.547 126.394 126.251 126.103 125.998 125.84 125.705 125.6 125.42 125.318 125.158 124.988 124.849 124.683 124.565 124.462 124.339 124.218 124.06 123.915 124.077 124.657 123.373 123.365 123.435 124.249 123.59 122.963 122.757 122.608 122.54 122.455 122.352 122.25 122.16 122.045 121.955 121.853 121.776 121.698 121.62 121.545 121.432 121.336 121.233 121.184 121.08 120.995
128.878 128.741 128.659 128.541 128.443 128.352 128.256 128.152 128.076 127.993 127.902 127.785 127.672 127.566 127.412 127.248 127.119 126.973 126.81 126.685 126.545 126.385 126.285 126.132 125.989 125.898 125.739 125.639 125.454 125.31 125.174 125.005 124.828 124.735 124.586 124.433 124.338 124.237 124.075 123.941 123.805 124.495 124.115 123.347 123.233 123.87 124.408 123.435 122.68 122.538 122.503 122.402 122.297 122.213 122.107 122 121.893 121.815 121.759 121.625 121.56 121.469 121.365 121.31 121.208 121.088 121.025 120.931 120.83
128.715 128.59 128.498 128.415 128.29 128.213 128.123 128.02 127.938 127.838 127.755 127.635 127.522 127.411 127.283 127.152 126.991 126.819 126.709 126.566 126.404 126.259 126.133 126.013 125.875 125.773 125.598 125.475 125.338 125.188 125.042 124.886 124.723 124.558 124.415 124.333 124.233 124.108 123.933 123.758 123.767 124.601 123.585 123.138 123.256 124.228 124.316 122.668 122.588 122.441 122.333 122.273 122.183 122.067 121.96 121.876 121.759 121.678 121.603 121.51 121.437 121.348 121.284 121.17 121.053 120.983 120.898 120.8 120.72
128.566 128.443 128.377 128.253 128.145 128.085 128.003 127.899 127.814 127.725 127.612 127.512 127.393 127.293 127.14 127 126.843 126.668 126.538 126.41 126.247 126.135 125.999 125.855 125.753 125.612 125.453 125.329 125.185 125.05 124.898 124.764 124.62 124.498 124.331 124.225 124.11 123.96 123.81 123.672 124.085 124.42 123.087 123.041 123.509 124.345 123.472 122.567 122.397 122.323 122.238 122.125 122.048 121.958 121.841 121.73 121.623 121.555 121.49 121.39 121.288 121.23 121.115 121.048 120.96 120.863 120.773 120.686 120.596
128.41 128.28 128.192 128.118 128.005 127.909 127.855 127.76 127.665 127.59 127.502 127.402 127.259 127.144 127.035 126.864 126.741 126.55 126.413 126.283 126.12 125.98 125.88 125.73 125.55 125.467 125.3 125.17 125.049 124.91 124.792 124.603 124.455 124.308 124.21 124.103 123.97 123.81 123.645 123.534 124.274 123.485 122.99 122.947 123.829 123.444 122.533 122.42 122.276 122.177 122.078 122.022 121.905 121.8 121.735 121.63 121.551 121.438 121.377 121.298 121.193 121.138 121.037 120.935 120.868 120.757 120.663 120.583 120.505
128.228 128.139 128.052 127.935 127.873 127.788 127.689 127.625 127.54 127.44 127.378 127.23 127.115 127.013 126.858 126.749 126.582 126.453 126.281 126.175 126.027 125.922 125.749 125.602 125.482 125.328 125.163 125.01 124.913 124.753 124.62 124.47 124.336 124.182 124.06 123.945 123.837 123.632 123.48 123.695 124.258 123.184 122.916 123.255 124.005 122.92 122.457 122.25 122.158 122.085 122.001 121.896 121.793 121.703 121.615 121.523 121.423 121.362 121.278 121.203 121.111 121.027 120.94 120.813 120.744 120.66 120.58 120.471 120.395
128.055 127.944 127.881 127.792 127.691 127.637 127.553 127.463 127.404 127.279 127.213 127.125 126.995 126.885 126.749 126.605 126.443 126.33 126.158 126.025 125.9 125.77 125.635 125.47 125.338 125.208 125.063 124.936 124.781 124.623 124.492 124.335 124.165 124.075 123.943 123.826 123.645 123.488 123.355 123.802 123.718 122.833 122.835 123.647 124.014 122.55 122.26 122.172 122.083 121.973 121.893 121.798 121.691 121.623 121.505 121.417 121.32 121.275 121.205 121.106 121.01 120.935 120.855 120.755 120.67 120.56 120.479 120.388 120.291
127.905 127.775 127.678 127.625 127.51 127.46 127.398 127.29 127.195 127.123 127.032 126.954 126.805 126.68 126.601 126.459 126.325 126.169 126.055 125.924 125.77 125.635 125.493 125.345 125.2 125.058 124.92 124.764 124.638 124.492 124.347 124.199 124.033 123.935 123.84 123.68 123.502 123.379 123.223 124.193 123.061 122.752 123.019 124.015 123.203 122.375 122.187 122.035 122.002 121.892 121.798 121.698 121.603 121.528 121.415 121.363 121.285 121.188 121.123 121.04 120.984 120.88 120.788 120.675 120.573 120.49 120.415 120.315 120.215
127.71 127.608 127.55 127.458 127.369 127.315 127.222 127.13 127.113 126.968 126.868 126.785 126.648 126.525 126.418 126.303 126.18 126.02 125.9 125.78 125.646 125.522 125.369 125.237 125.11 124.953 124.81 124.655 124.505 124.34 124.21 124.068 123.924 123.85 123.708 123.485 123.37 123.225 123.432 123.917 122.8 122.673 123.365 123.583 122.334 122.163 122.053 121.951 121.88 121.793 121.723 121.617 121.518 121.443 121.348 121.288 121.188 121.115 121.063 120.968 120.895 120.81 120.727 120.618 120.523 120.428 120.328 120.223 120.155
