Matlab/Roost_data/braunton/dsm/ss4736_DSM_2M.asc
ncols 500
nrows 500
xllcorner    247000
yllcorner    136000
cellsize     2
NODATA_value -9999
[rows 264 to 296 of 500, columns 0 to 74 of 500]
7.048 7.087 7.072 7.063 7.037 7.09 7.128 7.143 7.231 7.06 7.087 7.089 7.111 7.056 6.969 6.971 6.986 6.981 6.961 6.941 6.869 6.926 6.919 6.819 6.814 6.738 6.642 6.678 6.625 6.548 6.451 6.351 6.423 6.485 7.239 7.664 6.811 6.15 6.187 6.234 6.176 6.077 6.008 5.982 5.933 5.534 5.699 6.189 6.569 6.644 6.904 7.146 7.221 7.239 7.366 7.384 7.341 7.369 7.369 7.356 7.349 7.374 7.376 7.379 7.366 7.336 7.316 7.306 7.266 7.259 7.256 7.284 7.284 7.266 7.236
7.054 7.096 7.079 7.095 7.036 7.088 7.118 7.161 7.157 7.09 7.083 7.139 7.119 7.026 6.971 6.944 7.066 7.009 6.956 6.936 6.874 6.831 6.894 6.829 6.819 6.686 6.688 6.722 6.627 6.522 6.44 6.51 6.477 6.958 7.754 7.063 6.346 6.119 6.121 6.201 6.221 6.149 6.023 6.043 5.974 5.777 5.502 5.699 6.281 6.594 6.684 6.944 7.151 7.206 7.264 7.361 7.331 7.316 7.314 7.311 7.369 7.374 7.354 7.384 7.329 7.306 7.301 7.294 7.246 7.221 7.251 7.269 7.284 7.286 7.286
7.068 7.072 7.075 7.079 7.087 7.14 7.104 7.109 7.066 7.114 7.085 7.149 7.131 7.106 7.031 7.036 7.051 7.066 6.994 6.979 6.841 6.789 6.786 6.856 6.739 6.696 6.678 6.723 6.614 6.443 6.368 6.589 6.885 7.82 7.574 6.517 6.153 6.076 6.116 6.173 6.178 6.15 6.066 5.982 6.013 6.037 5.738 5.258 5.936 6.376 6.569 6.764 7.009 7.164 7.221 7.291 7.324 7.299 7.324 7.319 7.339 7.354 7.361 7.311 7.299 7.296 7.311 7.279 7.239 7.244 7.249 7.246 7.246 7.284 7.259
7.067 7.076 7.05 7.091 7.128 7.135 7.117 7.093 7.094 7.144 7.062 7.094 7.139 7.141 7.061 7.069 7.086 6.976 7.046 7.021 6.946 6.821 6.819 6.801 6.639 6.721 6.751 6.7 6.567 6.404 6.616 6.779 7.734 8.058 7.036 6.246 6.059 6.063 6.086 6.161 6.128 6.094 6.08 6.01 5.983 6.026 5.967 5.46 5.358 6.1 6.451 6.596 6.849 7.104 7.206 7.226 7.329 7.349 7.314 7.336 7.339 7.331 7.319 7.311 7.306 7.269 7.279 7.256 7.229 7.249 7.279 7.284 7.284 7.244 7.246
7.086 7.066 7.044 7.097 7.134 7.137 7.106 7.136 7.098 7.15 7.08 7.146 7.094 6.994 7.066 7.021 6.984 6.981 7.061 7.019 6.996 6.871 6.861 6.781 6.761 6.726 6.699 6.644 6.56 6.538 6.704 7.323 8.002 7.283 6.413 6.11 6.069 6.081 6.052 6.14 6.115 6.063 6.004 6.01 5.998 5.975 6.003 5.939 5.443 5.684 6.232 6.529 6.626 6.941 7.159 7.184 7.216 7.316 7.346 7.329 7.289 7.336 7.324 7.289 7.286 7.289 7.271 7.226 7.224 7.239 7.284 7.294 7.321 7.276 7.286
7.07 7.053 7.084 7.107 7.148 7.1 7.107 7.1 7.101 7.071 7.136 7.119 7.109 7.076 7.084 6.991 6.989 7.011 7.064 7.041 6.949 6.894 6.814 6.769 6.749 6.736 6.699 6.609 6.625 6.758 6.996 7.994 7.81 6.568 6.201 6.107 6.083 6.079 6.062 6.128 6.095 6.046 6.022 6.029 6.006 5.972 6.018 6.006 5.701 5.434 5.943 6.305 6.519 6.699 6.976 7.164 7.184 7.231 7.311 7.311 7.284 7.301 7.316 7.309 7.279 7.286 7.276 7.261 7.234 7.256 7.264 7.294 7.311 7.301 7.301
7.051 7.071 7.117 7.117 7.136 7.112 7.126 7.126 7.098 7.083 7.149 7.066 7.041 7.111 7.061 7.096 7.029 7.056 6.996 6.999 6.966 6.841 6.769 6.776 6.736 6.706 6.651 6.53 6.757 6.914 7.656 8.116 7.144 6.316 6.173 6.106 6.081 6.075 6.078 6.093 6.059 6.043 6.028 6.036 6.017 6.009 5.96 5.985 5.967 5.523 5.461 6.016 6.373 6.536 6.731 7.024 7.149 7.164 7.249 7.294 7.286 7.296 7.324 7.301 7.281 7.274 7.279 7.251 7.256 7.259 7.291 7.266 7.286 7.286 7.319
7.052 7.096 7.101 7.101 7.138 7.094 7.148 7.188 7.095 7.155 7.096 7.109 7.081 7.129 7.094 7.151 7.056 7.096 7.011 7.016 6.971 6.919 6.849 6.889 6.759 6.646 6.64 6.705 6.858 7.322 7.881 7.48 6.413 6.203 6.162 6.115 6.101 6.086 6.08 6.074 6.035 6.031 6.039 6.041 6.04 6.019 6.008 5.976 5.965 5.943 5.436 5.535 6.044 6.379 6.47 6.751 7.059 7.159 7.171 7.261 7.284 7.271 7.291 7.311 7.286 7.299 7.261 7.231 7.241 7.294 7.304 7.266 7.291 7.314 7.339
7.097 7.114 7.11 7.12 7.126 7.082 7.166 7.127 7.141 7.098 7.052 7.176 7.169 7.161 7.074 7.131 7.116 7.111 7.006 7.026 6.944 6.904 6.829 6.836 6.736 6.661 6.693 6.864 7.305 8.045 7.645 6.705 6.264 6.205 6.16 6.154 6.124 6.143 6.097 6.077 6.068 6.04 6.042 6.056 6.047 6.046 6.025 5.976 5.967 5.985 5.814 5.275 5.629 6.127 6.378 6.528 6.799 7.059 7.154 7.154 7.239 7.279 7.281 7.289 7.309 7.276 7.261 7.239 7.241 7.279 7.266 7.291 7.309 7.326 7.321
7.097 7.099 7.123 7.128 7.08 7.093 7.183 7.146 7.151 7.136 7.098 7.156 7.154 7.164 7.124 7.136 7.171 7.096 7.094 7.014 6.809 6.884 6.869 6.836 6.706 6.642 6.833 6.89 7.811 8.165 7.295 6.369 6.253 6.199 6.203 6.141 6.164 6.135 6.102 6.076 6.063 6.072 6.084 6.06 6.033 6.079 6.053 6.028 5.967 5.982 6.009 5.686 5.265 5.817 6.239 6.356 6.583 6.884 7.091 7.101 7.189 7.261 7.266 7.279 7.311 7.296 7.269 7.286 7.299 7.299 7.279 7.306 7.314 7.304 7.279
7.124 7.082 7.121 7.133 7.11 7.122 7.125 7.172 7.121 7.093 7.071 7.164 7.139 7.171 7.156 7.119 7.121 7.091 7.054 6.891 6.811 6.904 6.801 6.804 6.689 6.678 6.95 7.464 8.094 7.66 6.536 6.313 6.252 6.199 6.215 6.184 6.19 6.149 6.116 6.092 6.089 6.09 6.07 6.062 6.047 6.062 6.076 6.069 6.018 5.988 6.019 5.989 5.46 5.374 5.926 6.284 6.387 6.643 6.961 7.101 7.106 7.164 7.264 7.291 7.291 7.294 7.296 7.349 7.349 7.309 7.279 7.271 7.279 7.279 7.261
7.127 7.13 7.133 7.145 7.133 7.135 7.143 7.089 7.131 7.177 7.102 7.224 7.074 7.126 7.129 7.079 7.066 7.041 7.001 6.954 6.881 6.874 6.811 6.749 6.694 6.863 7.367 8.244 7.902 6.935 6.369 6.278 6.264 6.23 6.238 6.223 6.203 6.157 6.126 6.124 6.123 6.093 6.078 6.07 6.06 6.063 6.06 6.067 6.049 5.997 5.959 6.012 5.917 5.436 5.489 6.009 6.344 6.464 6.735 7.001 7.124 7.169 7.234 7.271 7.314 7.304 7.284 7.319 7.316 7.304 7.286 7.256 7.251 7.254 7.249
7.15 7.13 7.132 7.136 7.14 7.106 7.13 7.059 7.137 7.15 7.153 7.186 7.111 7.111 7.099 7.086 7.079 7.049 6.976 6.951 6.944 6.954 6.786 6.681 6.729 7.118 8.219 8.093 7.283 6.461 6.364 6.305 6.278 6.244 6.261 6.26 6.222 6.154 6.19 6.135 6.129 6.097 6.068 6.064 6.077 6.078 6.045 6.076 6.078 6.036 5.981 5.974 6.034 5.746 5.459 5.658 6.11 6.327 6.529 6.858 7.074 7.149 7.176 7.279 7.296 7.311 7.316 7.291 7.286 7.279 7.294 7.269 7.239 7.209 7.239
7.156 7.144 7.157 7.177 7.147 7.123 7.143 7.105 7.076 7.103 7.149 7.199 7.181 7.091 7.114 7.131 7.076 6.996 6.926 6.934 6.931 6.891 6.776 6.751 7.049 7.779 8.404 7.931 6.563 6.406 6.335 6.306 6.311 6.269 6.262 6.245 6.212 6.199 6.174 6.167 6.13 6.123 6.074 6.085 6.051 6.071 6.069 6.066 6.083 6.047 6.038 5.981 5.999 6.013 5.565 5.224 5.832 6.191 6.417 6.646 6.952 7.118 7.164 7.196 7.279 7.311 7.301 7.261 7.256 7.259 7.231 7.244 7.216 7.214 7.231
7.16 7.156 7.189 7.15 7.169 7.126 7.077 7.146 7.126 7.128 7.151 7.124 7.159 7.064 7.124 7.044 7.004 6.894 6.921 6.934 6.954 6.799 6.746 6.986 7.611 8.336 8.211 6.943 6.466 6.385 6.348 6.333 6.32 6.276 6.258 6.237 6.223 6.208 6.183 6.146 6.139 6.121 6.111 6.077 6.065 6.054 6.067 6.066 6.06 6.068 6.049 6.006 6.007 6.031 5.98 5.408 5.412 5.947 6.295 6.513 6.768 7.03 7.14 7.166 7.231 7.296 7.291 7.241 7.224 7.224 7.244 7.236 7.241 7.211 7.244
7.184 7.19 7.184 7.169 7.177 7.093 7.158 7.174 7.169 7.138 7.219 7.196 7.141 7.044 7.094 6.984 6.986 7.016 7.031 6.914 6.831 6.799 6.951 7.506 8.411 8.362 7.43 6.56 6.444 6.36 6.346 6.314 6.32 6.281 6.262 6.22 6.234 6.227 6.231 6.181 6.161 6.143 6.126 6.094 6.082 6.052 6.046 6.088 6.062 6.058 6.07 6.049 5.986 5.975 6.045 5.88 5.406 5.66 6.107 6.386 6.608 6.876 7.105 7.145 7.156 7.269 7.254 7.224 7.221 7.226 7.241 7.274 7.241 7.231 7.254
7.181 7.203 7.173 7.181 7.158 7.163 7.134 7.154 7.217 7.209 7.17 7.214 7.154 7.074 7.086 7.006 6.969 7.019 7.014 6.926 6.754 6.784 7.294 8.066 8.631 7.8 6.677 6.457 6.424 6.413 6.364 6.331 6.325 6.309 6.285 6.275 6.248 6.237 6.231 6.201 6.186 6.164 6.134 6.107 6.09 6.082 6.084 6.11 6.071 6.057 6.096 6.063 6.026 5.974 5.965 6.054 5.858 5.367 5.797 6.197 6.453 6.654 6.987 7.147 7.158 7.169 7.226 7.241 7.211 7.226 7.239 7.266 7.289 7.264 7.251
7.191 7.185 7.178 7.157 7.15 7.12 7.123 7.122 7.138 7.208 7.198 7.191 7.151 7.146 7.084 7.021 6.994 7.039 6.931 6.824 6.791 7.114 7.434 8.541 8.546 7.088 6.524 6.412 6.421 6.41 6.388 6.341 6.331 6.299 6.293 6.311 6.294 6.269 6.253 6.226 6.186 6.171 6.126 6.135 6.093 6.08 6.102 6.068 6.05 6.042 6.067 6.077 6.068 6.009 5.959 6.001 6.049 5.62 5.456 5.832 6.268 6.541 6.802 7.062 7.133 7.148 7.176 7.196 7.206 7.239 7.231 7.239 7.244 7.254 7.241
7.255 7.197 7.168 7.13 7.162 7.131 7.134 7.158 7.085 7.222 7.149 7.189 7.199 7.149 7.084 7.049 7.041 7.024 6.884 6.829 6.999 7.179 8.294 8.414 7.532 6.621 6.497 6.452 6.469 6.415 6.39 6.37 6.35 6.322 6.351 6.331 6.297 6.27 6.279 6.246 6.254 6.214 6.184 6.139 6.089 6.109 6.083 6.049 6.022 6.046 6.069 6.08 6.101 6.065 5.965 5.936 5.989 5.954 5.46 5.405 5.961 6.369 6.65 6.868 7.066 7.092 7.113 7.176 7.229 7.229 7.231 7.249 7.236 7.221 7.216
7.215 7.189 7.186 7.172 7.202 7.154 7.193 7.217 7.222 7.249 7.16 7.156 7.154 7.114 7.064 7.004 6.996 6.969 6.814 6.986 7.259 7.726 8.571 7.931 6.764 6.483 6.457 6.438 6.448 6.416 6.453 6.426 6.4 6.383 6.38 6.358 6.316 6.331 6.296 6.231 6.244 6.189 6.191 6.166 6.139 6.121 6.126 6.105 6.042 6.031 6.058 6.058 6.065 6.086 6.049 5.938 5.95 6.037 5.876 5.33 5.577 6.114 6.496 6.676 6.877 7.027 7.097 7.094 7.143 7.196 7.226 7.214 7.211 7.219 7.241
7.174 7.165 7.138 7.136 7.22 7.203 7.222 7.232 7.236 7.195 7.167 7.146 7.096 7.179 7.154 7.019 6.921 6.876 6.809 7.091 7.599 8.361 8.114 6.979 6.636 6.526 6.5 6.443 6.514 6.478 6.456 6.418 6.396 6.396 6.392 6.355 6.347 6.318 6.299 6.266 6.251 6.221 6.219 6.174 6.161 6.136 6.139 6.078 6.08 6.059 6.081 6.089 6.072 6.055 6.084 6.018 5.928 5.948 6.005 5.704 5.335 5.711 6.192 6.548 6.733 6.927 7.045 7.065 7.088 7.138 7.181 7.166 7.174 7.196 7.199
7.143 7.147 7.138 7.152 7.178 7.233 7.238 7.207 7.229 7.211 7.176 7.174 7.041 7.174 7.106 7.056 6.934 6.849 7.181 7.574 8.329 8.479 7.294 6.734 6.631 6.551 6.521 6.452 6.496 6.479 6.435 6.421 6.437 6.402 6.409 6.382 6.371 6.339 6.331 6.309 6.284 6.239 6.219 6.189 6.174 6.151 6.111 6.081 6.074 6.06 6.062 6.047 6.054 6.03 6.035 6.027 5.963 5.908 5.968 6.002 5.612 5.374 5.926 6.3 6.607 6.806 6.995 7.058 7.092 7.118 7.168 7.159 7.134 7.156 7.196
7.1 7.141 7.156 7.177 7.211 7.258 7.265 7.265 7.237 7.26 7.176 7.099 7.084 7.119 7.089 7.009 6.914 6.956 7.469 8.371 8.501 7.689 6.771 6.691 6.624 6.542 6.469 6.519 6.529 6.475 6.431 6.436 6.456 6.426 6.402 6.408 6.372 6.349 6.33 6.314 6.301 6.239 6.219 6.226 6.204 6.156 6.126 6.111 6.106 6.068 6.03 6.047 6.074 6.023 6.011 6.045 6.031 5.928 5.917 6.037 5.91 5.353 5.537 6.072 6.449 6.68 6.876 7.027 7.099 7.098 7.109 7.133 7.119 7.114 7.154
7.115 7.151 7.104 7.208 7.253 7.25 7.251 7.255 7.231 7.236 7.179 7.139 7.189 7.124 7.049 6.924 6.864 7.284 8.064 8.589 8.096 6.941 6.734 6.654 6.581 6.536 6.523 6.55 6.529 6.489 6.469 6.447 6.468 6.44 6.415 6.42 6.378 6.361 6.324 6.321 6.301 6.259 6.256 6.214 6.246 6.204 6.146 6.149 6.109 6.079 6.064 6.032 6.029 6.019 6.019 6.006 6.005 5.975 5.93 5.912 5.985 5.785 5.29 5.634 6.174 6.526 6.737 6.921 7.036 7.084 7.092 7.118 7.091 7.106 7.146
7.114 7.137 7.151 7.168 7.236 7.241 7.225 7.264 7.248 7.193 7.134 7.111 7.166 7.084 6.996 6.946 6.814 7.724 8.304 8.141 7.189 6.714 6.631 6.571 6.531 6.517 6.555 6.537 6.499 6.485 6.513 6.504 6.485 6.471 6.476 6.445 6.419 6.39 6.349 6.316 6.299 6.274 6.261 6.239 6.221 6.201 6.156 6.174 6.141 6.084 6.046 6.021 6.022 6.02 6.019 6.023 6.022 6.003 5.973 5.881 5.936 6.02 5.708 5.349 5.892 6.287 6.583 6.795 6.961 7.029 7.05 7.074 7.107 7.05 7.081
7.12 7.141 7.173 7.177 7.186 7.191 7.212 7.253 7.174 7.096 7.119 7.206 7.156 7.056 6.979 6.904 6.904 8.309 8.509 7.621 6.744 6.636 6.576 6.548 6.507 6.539 6.577 6.519 6.509 6.51 6.511 6.564 6.517 6.502 6.51 6.47 6.415 6.41 6.359 6.339 6.339 6.319 6.261 6.261 6.234 6.219 6.189 6.201 6.164 6.106 6.061 6.026 6.049 5.965 6.004 5.992 6.016 6.018 5.971 5.946 5.898 5.966 5.924 5.588 5.534 6.002 6.4 6.661 6.832 6.961 7.03 7.062 7.063 7.049 7.022
7.124 7.146 7.168 7.171 7.186 7.189 7.201 7.203 7.173 7.092 7.164 7.209 7.096 6.986 6.901 6.914 7.749 8.494 7.956 6.924 6.681 6.611 6.601 6.549 6.602 6.572 6.569 6.545 6.516 6.541 6.562 6.557 6.507 6.508 6.483 6.465 6.433 6.411 6.359 6.366 6.339 6.316 6.299 6.276 6.266 6.246 6.226 6.194 6.169 6.151 6.096 6.069 6.054 5.981 5.98 6.012 6.017 6.019 5.994 5.991 5.916 5.889 6.026 5.783 5.475 5.631 6.116 6.462 6.695 6.846 6.948 7.01 7.059 7.056 7.041
7.119 7.149 7.154 7.156 7.141 7.197 7.166 7.156 7.122 7.034 7.169 7.114 7.006 6.971 6.796 7.289 8.564 8.491 7.269 6.759 6.674 6.671 6.626 6.573 6.616 6.589 6.588 6.569 6.553 6.558 6.552 6.581 6.522 6.523 6.478 6.458 6.463 6.407 6.379 6.384 6.351 6.314 6.301 6.291 6.256 6.246 6.224 6.244 6.189 6.139 6.086 6.091 6.089 6.036 6.034 6.008 6.01 6.02 6.004 5.993 5.973 5.893 5.921 6.033 5.736 5.28 5.785 6.246 6.558 6.7 6.882 6.972 7.009 7.052 7.058
7.125 7.157 7.169 7.131 7.131 7.129 7.163 7.064 7.057 7.097 7.086 7.014 6.951 6.871 7.039 8.246 8.944 7.561 6.756 6.711 6.681 6.659 6.649 6.624 6.608 6.607 6.598 6.617 6.583 6.585 6.544 6.565 6.537 6.511 6.489 6.489 6.461 6.414 6.394 6.399 6.364 6.344 6.314 6.324 6.286 6.274 6.256 6.219 6.194 6.131 6.111 6.051 6.016 6.006 6.036 5.954 5.918 6.018 6.033 6.026 5.997 5.937 5.905 5.969 6.04 5.595 5.403 5.77 6.32 6.595 6.742 6.886 6.995 7.03 7.056
7.129 7.154 7.147 7.127 7.096 7.129 7.12 7.056 7.081 7.088 7.096 6.971 6.839 6.916 8.171 9.039 8.226 6.884 6.739 6.679 6.686 6.596 6.636 6.627 6.598 6.568 6.607 6.621 6.6 6.601 6.567 6.586 6.559 6.532 6.509 6.458 6.469 6.439 6.424 6.379 6.384 6.329 6.351 6.346 6.281 6.274 6.281 6.229 6.211 6.164 6.126 6.076 6.046 6.051 5.926 6.014 5.979 6.026 6.007 6.003 5.997 5.966 5.943 5.909 6.011 5.894 5.463 5.263 5.933 6.418 6.594 6.763 6.946 7.022 7.052
7.126 7.107 7.124 7.136 7.111 7.095 7.058 7.038 7.05 7.047 7.066 6.964 6.786 7.671 8.754 8.559 7.204 6.814 6.721 6.681 6.661 6.636 6.606 6.623 6.588 6.578 6.612 6.606 6.635 6.63 6.578 6.555 6.542 6.527 6.515 6.471 6.476 6.469 6.446 6.434 6.399 6.359 6.374 6.361 6.339 6.304 6.299 6.234 6.231 6.201 6.149 6.129 6.089 6.051 6.044 5.996 6.041 6.014 6.021 5.997 6.013 6.004 5.986 5.944 5.917 5.996 5.774 5.361 5.476 6.151 6.458 6.623 6.816 6.975 7.025
7.09 7.081 7.125 7.111 7.08 7.068 6.977 7.046 7.091 7.034 6.969 6.759 7.196 8.494 8.829 7.474 6.839 6.816 6.746 6.676 6.616 6.609 6.604 6.62 6.592 6.614 6.626 6.627 6.612 6.603 6.572 6.539 6.549 6.555 6.525 6.532 6.48 6.456 6.426 6.436 6.421 6.379 6.356 6.341 6.351 6.296 6.319 6.246 6.216 6.179 6.169 6.144 6.094 6.066 6.066 6.106 6.056 6.054 5.994 6.046 6.033 6.015 6.022 6.025 5.931 5.939 6.056 5.715 5.203 5.695 6.26 6.476 6.678 6.871 7
7.082 7.09 7.091 7.06 7.044 7.059 7.032 7.033 7.041 6.932 6.894 6.996 7.956 8.754 7.894 7.011 6.804 6.781 6.721 6.681 6.599 6.599 6.619 6.612 6.637 6.667 6.665 6.681 6.631 6.6 6.563 6.562 6.588 6.571 6.549 6.528 6.495 6.451 6.471 6.406 6.429 6.391 6.374 6.366 6.359 6.304 6.306 6.261 6.224 6.189 6.179 6.141 6.106 6.109 6.094 6.089 6.061 6.051 6.041 6.046 6.061 6.025 6.04 6.045 5.998 5.951 5.992 6.024 5.634 5.393 5.892 6.356 6.573 6.753 6.922
