Matlab/Roost_data/braunton/dsm/ss4736_DSM_2M.asc
ncols 500
nrows 500
xllcorner    247000
yllcorner    136000
cellsize     2
NODATA_value -9999
[rows 165 to 197 of 500, columns 0 to 74 of 500]
6.078 6.136 5.856 5.765 5.959 5.645 5.626 5.721 5.787 5.713 5.747 6.045 6.092 6.351 6.114 6.124 6.357 5.957 6.027 5.944 6.359 6.392 5.779 5.762 5.624 5.834 5.787 5.899 5.744 5.932 5.919 6.814 6.974 6.289 6.514 5.664 5.639 5.734 5.777 5.584 5.532 5.519 5.464 5.497 5.492 5.499 5.487 5.524 5.574 5.559 5.497 5.617 5.602 5.629 5.562 5.477 5.504 5.472 5.497 5.452 5.467 5.459 5.452 5.454 5.459 5.482 5.682 5.697 5.422 5.427 5.419 5.447 5.404 5.309 4.997
6.133 6.024 5.87 5.698 5.719 5.764 5.684 5.669 5.608 5.676 5.634 5.801 6.192 6.271 6.219 7.724 7.382 5.952 5.919 5.899 6.034 5.824 5.574 5.677 5.894 5.844 5.814 5.872 5.839 6.024 5.894 6.434 6.877 6.352 5.909 5.772 5.584 5.594 5.584 5.497 5.427 5.472 5.492 5.494 5.507 5.529 5.487 5.502 5.507 5.499 5.542 5.517 5.554 5.577 5.574 5.572 5.487 5.527 5.487 5.459 5.427 5.472 5.479 5.497 5.494 5.454 5.542 5.517 5.519 5.442 5.454 5.477 5.409 5.359 5.172
6.168 6.016 6.028 5.655 5.689 5.657 5.622 5.617 5.733 5.719 5.634 5.636 5.812 6.042 7.052 7.137 5.832 7.344 7.027 6.424 5.457 5.454 5.679 5.767 5.854 5.897 5.749 5.709 5.737 6.129 6.047 6.114 5.924 6.029 5.634 5.554 5.544 5.554 5.497 5.514 5.434 5.449 5.479 5.509 5.589 5.542 5.619 5.457 5.489 5.479 5.432 5.459 5.422 5.507 5.709 5.674 5.612 5.514 5.497 5.467 5.439 5.444 5.487 5.457 5.454 5.462 5.489 5.489 5.619 5.532 5.462 5.534 5.492 5.409 5.242
6.178 6.067 5.972 5.918 5.682 5.678 5.658 6.239 6.617 6.075 5.673 5.62 5.645 5.784 5.882 6.189 6.162 8.564 6.854 5.499 5.457 5.687 5.814 5.882 5.832 6.014 6.174 5.792 5.644 5.699 6.044 5.737 5.677 5.554 5.574 5.557 5.572 5.532 5.527 5.469 5.457 5.457 5.467 5.467 5.557 5.567 5.622 5.744 5.579 5.519 5.477 5.454 5.429 5.467 5.584 5.632 5.577 5.487 5.484 5.512 5.474 5.462 5.447 5.444 5.434 5.434 5.429 5.474 5.602 5.509 5.482 5.492 5.467 5.407 5.329
6.277 6.162 5.998 5.945 5.838 5.758 5.919 6.034 5.824 5.66 5.695 5.694 5.626 5.6 5.689 7.827 8.089 6.939 5.604 5.579 5.632 5.862 5.922 5.924 5.894 5.944 6.209 5.634 5.517 5.529 5.529 5.642 5.667 5.479 5.479 5.532 5.587 5.534 5.517 5.474 5.469 5.462 5.477 5.562 5.639 5.549 5.509 5.637 5.637 5.482 5.477 5.477 5.477 5.469 5.522 5.517 5.514 5.489 5.502 5.502 5.467 5.467 5.439 5.414 5.457 5.437 5.447 5.492 5.422 5.447 5.499 5.524 5.509 5.434 5.414
6.252 6.258 6.037 5.944 5.916 5.971 6.007 5.708 5.685 5.669 5.689 5.778 5.612 5.598 6.094 5.802 6.712 5.922 5.707 5.807 5.862 5.929 5.752 5.724 6.084 6.169 6.014 5.957 5.884 5.587 5.534 5.544 5.499 5.487 5.522 5.502 5.562 5.562 5.544 5.469 5.417 5.454 5.574 5.644 5.604 5.594 5.534 5.517 5.519 5.542 5.507 5.497 5.492 5.499 5.497 5.534 5.559 5.527 5.559 5.484 5.452 5.437 5.427 5.427 5.442 5.444 5.517 5.642 5.582 5.449 5.444 5.477 5.494 5.477 5.392
5.954 6.568 6.101 6.078 6.271 6.766 5.722 5.689 5.654 5.646 5.741 5.679 5.607 5.568 5.547 5.359 5.449 5.714 6.004 6.067 5.907 5.627 5.709 6.359 7.182 6.639 5.792 5.709 5.654 5.707 5.567 5.537 5.592 5.497 5.499 5.524 5.537 5.704 5.514 5.457 5.499 5.517 5.514 5.567 5.609 5.737 5.579 5.487 5.507 5.602 5.674 5.632 5.517 5.489 5.449 5.534 5.504 5.534 5.497 5.477 5.469 5.487 5.467 5.437 5.447 5.467 5.504 5.594 5.432 5.419 5.434 5.577 5.589 5.499 5.394
5.287 6.724 6.182 6.048 5.976 5.847 5.768 5.741 5.72 5.654 5.634 5.62 5.579 5.706 5.579 5.664 5.774 5.944 6.132 5.944 5.984 6.192 6.337 7.169 8.782 6.049 5.914 5.727 5.657 5.672 5.552 5.524 5.527 5.499 5.529 5.529 5.549 5.539 5.547 5.482 5.457 5.492 5.544 5.649 5.719 5.732 5.629 5.549 5.547 5.632 5.629 5.672 5.549 5.512 5.449 5.462 5.507 5.522 5.497 5.454 5.454 5.449 5.452 5.507 5.457 5.492 5.499 5.552 5.444 5.459 5.572 5.719 5.687 5.534 5.414
5.296 6.576 6.186 6.09 6.029 5.878 5.809 5.866 5.832 5.775 5.654 5.602 5.679 5.585 5.707 5.827 6.012 6.064 5.919 5.724 6.022 6.469 7.144 7.002 8.142 5.814 5.867 5.769 5.657 5.617 5.537 5.474 5.479 5.554 5.609 5.534 5.469 5.452 5.467 5.524 5.519 5.504 5.522 5.644 5.662 5.682 5.624 5.667 5.597 5.677 5.607 5.607 5.602 5.547 5.477 5.447 5.502 5.532 5.517 5.527 5.504 5.464 5.467 5.439 5.444 5.457 5.514 5.544 5.569 5.569 5.494 5.487 5.477 5.459 5.439
5.201 5.967 6.641 6.198 6.066 5.859 5.823 5.977 6.015 5.749 5.646 5.688 5.582 5.809 6.082 6.002 5.999 6.044 5.962 5.952 6.422 6.374 7.234 6.692 6.219 5.789 5.714 5.724 5.614 5.514 5.479 5.532 5.472 5.569 5.662 5.619 5.509 5.519 5.504 5.547 5.562 5.577 5.554 5.492 5.567 5.677 5.607 5.677 5.702 5.652 5.604 5.632 5.582 5.552 5.479 5.472 5.457 5.522 5.529 5.522 5.524 5.549 5.507 5.447 5.484 5.509 5.534 5.562 5.537 5.569 5.599 5.612 5.637 5.847 5.482
5.492 5.478 6.749 6.309 6.107 5.943 5.832 6.089 5.86 5.589 5.638 5.685 5.917 6.076 6.044 6.032 5.907 5.979 6.329 7.254 7.362 6.204 6.662 6.377 5.542 5.589 5.569 5.684 5.629 5.532 5.477 5.532 5.479 5.577 5.549 5.587 5.487 5.489 5.564 5.544 5.554 5.554 5.514 5.519 5.482 5.592 5.692 5.714 5.752 5.634 5.557 5.594 5.624 5.592 5.649 5.522 5.517 5.444 5.582 5.489 5.502 5.604 5.649 5.604 5.592 5.544 5.564 5.632 5.692 5.592 5.632 6.377 6.147 6.364 5.612
5.586 5.257 6.356 6.28 6.156 5.941 5.947 6.458 6.519 5.833 5.628 5.916 6.007 6.089 5.947 6.069 6.207 6.554 6.429 5.904 5.529 5.577 5.857 5.499 5.479 5.582 5.487 5.639 5.734 5.644 5.552 5.619 5.544 5.589 5.679 5.582 5.489 5.477 5.519 5.534 5.514 5.542 5.514 5.534 5.517 5.637 5.702 5.787 5.787 5.684 5.499 5.567 5.557 5.542 5.484 5.544 5.434 5.452 5.559 5.612 5.564 5.524 5.537 5.629 5.659 5.567 5.632 5.587 5.697 5.657 5.607 5.864 5.947 5.712 5.922
5.73 5.273 5.933 6.262 6.18 6.03 5.884 5.89 5.852 5.732 5.942 6.06 6.026 5.922 5.977 7.432 6.132 6.564 5.682 5.677 5.579 5.524 5.514 5.504 5.552 5.547 5.504 5.612 5.629 5.704 5.649 5.587 5.559 5.532 5.627 5.632 5.527 5.462 5.474 5.462 5.532 5.537 5.519 5.509 5.484 5.614 5.734 5.712 5.692 5.719 5.657 5.564 5.522 5.569 5.539 5.577 5.507 5.517 5.632 5.619 5.569 5.542 5.489 5.552 5.587 5.642 5.637 5.619 5.672 5.634 5.589 5.592 5.734 5.664 5.904
5.921 5.403 5.487 6.243 6.116 5.994 5.827 5.742 5.656 6.052 6.216 6.23 6.459 6.811 7.332 6.554 6.882 5.772 5.572 5.774 5.749 5.629 5.554 5.644 5.619 5.679 5.542 5.579 5.594 5.612 5.729 5.642 5.554 5.612 5.679 5.622 5.514 5.484 5.452 5.517 5.539 5.554 5.479 5.467 5.472 5.559 5.694 5.679 5.807 5.794 5.799 5.824 5.709 5.689 5.669 5.584 5.664 5.582 5.477 5.599 5.609 5.517 5.502 5.552 5.559 5.564 5.652 5.684 5.687 5.634 5.584 5.627 6.974 6.059 5.532
6.163 5.851 5.881 6.603 6.245 6.087 6.043 6.109 5.982 6.146 6.166 6.211 6.476 7.597 9.864 9.294 6.809 5.827 5.762 5.807 5.952 5.804 5.687 5.712 5.757 5.682 5.597 5.539 5.572 5.652 5.672 5.669 5.594 5.607 5.692 5.692 5.582 5.524 5.452 5.452 5.537 5.527 5.477 5.484 5.494 5.484 5.634 5.767 5.807 5.769 5.904 5.754 5.762 5.704 5.609 5.574 5.599 5.669 5.492 5.554 5.577 5.562 5.499 5.487 5.522 5.629 5.642 5.777 5.639 5.559 5.614 5.589 5.642 5.532 6.104
6.331 5.87 5.417 5.629 6.49 6.227 6.24 6.172 6.125 6.046 6.019 6.291 6.58 6.862 7.092 7.157 5.722 5.772 5.844 5.912 5.912 6.012 5.979 5.909 5.987 5.852 5.834 5.772 5.789 5.704 5.754 5.667 5.617 5.592 5.652 5.684 5.662 5.639 5.579 5.512 5.517 5.487 5.459 5.554 5.574 5.612 5.577 5.659 5.884 5.909 6.022 5.852 5.824 5.697 5.597 5.639 5.687 5.722 5.667 5.504 5.542 5.494 5.469 5.432 5.422 5.452 5.594 5.694 5.559 5.487 5.629 5.604 5.627 5.682 5.794
6.365 6.13 5.764 5.548 6.219 6.281 6.312 6.263 6.203 6.067 6.146 6.458 6.112 5.884 5.769 5.832 5.889 5.994 6.042 6.067 6.074 6.047 5.994 5.902 5.919 5.887 5.897 5.802 5.949 5.807 5.807 5.819 5.744 5.807 5.827 5.814 5.819 5.762 5.627 5.622 5.622 5.532 5.474 5.599 5.632 5.699 5.634 5.637 5.739 5.829 6.019 5.769 5.717 5.709 5.729 5.732 5.702 5.679 5.784 5.537 5.507 5.474 5.459 5.434 5.439 5.412 5.484 5.547 5.687 5.649 5.659 5.689 5.654 5.574 5.559
6.337 6.228 6.224 6.146 6.085 6.265 6.326 6.188 6.295 6.488 6.443 6.075 5.857 5.854 5.967 6.072 6.154 6.234 6.287 6.379 6.399 6.322 6.202 6.067 5.974 5.907 5.819 5.732 5.677 5.684 5.642 5.667 5.759 5.764 5.812 5.939 5.907 5.962 5.869 5.752 5.649 5.604 5.544 5.592 5.632 5.737 5.672 5.662 5.729 5.664 5.667 5.697 5.689 5.677 5.707 5.749 5.727 5.764 5.787 5.659 5.607 5.569 5.624 5.537 5.484 5.412 5.404 5.489 5.612 5.699 5.664 5.662 5.727 5.639 6.067
6.337 6.269 6.219 6.066 5.699 5.862 6.275 6.251 6.49 6.611 6.16 5.955 5.933 5.997 6.172 6.332 6.454 6.552 6.627 6.657 6.639 6.559 6.429 6.259 6.117 5.992 5.894 5.794 5.707 5.644 5.597 5.607 5.609 5.619 5.589 5.604 5.614 5.652 5.679 5.699 5.649 5.609 5.624 5.712 5.847 5.924 5.777 5.702 5.802 5.859 5.747 5.672 5.767 5.677 5.674 5.819 5.872 5.777 5.719 5.722 5.704 5.864 5.839 5.567 5.507 5.412 5.399 5.387 5.449 5.522 5.637 5.607 5.594 5.649 5.752
6.235 6.142 5.985 5.912 5.872 5.466 6.305 6.296 6.388 6.212 6.103 6.05 6.029 6.217 6.459 6.652 6.842 6.939 6.969 6.922 6.854 6.777 6.637 6.434 6.224 6.104 5.977 5.902 5.814 5.737 5.694 5.702 5.662 5.659 5.682 5.682 5.669 5.674 5.702 5.689 5.652 5.619 5.547 5.532 5.564 5.622 5.674 5.674 5.747 5.737 5.819 5.767 5.909 5.857 5.877 5.947 5.872 5.812 5.742 5.739 5.687 5.807 5.792 5.709 5.632 5.442 5.379 5.417 5.379 5.362 5.427 5.477 5.699 5.737 5.762
6.019 5.992 6.035 5.959 5.956 5.533 5.874 6.149 6.109 6.145 6.135 6.107 6.164 6.442 6.737 6.989 7.167 7.242 7.292 7.242 7.067 6.932 6.809 6.639 6.437 6.227 6.124 6.012 5.914 5.852 5.802 5.792 5.784 5.772 5.779 5.792 5.787 5.787 5.782 5.792 5.792 5.737 5.687 5.629 5.624 5.667 5.744 5.777 5.769 5.792 5.759 5.767 5.732 5.772 5.804 5.892 5.867 5.859 5.844 5.799 5.932 6.027 5.877 5.699 5.597 5.439 5.389 5.404 5.402 5.404 5.442 5.419 5.494 5.604 5.742
6.086 6.105 6.044 5.996 5.881 5.791 5.422 6.003 6.153 6.138 6.161 6.162 6.276 6.662 7.034 7.287 7.409 7.474 7.507 7.479 7.367 7.194 7.014 6.832 6.617 6.389 6.234 6.117 6.034 5.954 5.914 5.892 5.914 5.944 5.939 5.947 5.907 5.909 5.922 5.904 5.927 5.882 5.852 5.812 5.782 5.797 5.829 5.862 5.894 5.884 5.877 5.889 5.882 5.897 5.909 5.879 5.844 5.784 5.787 5.764 5.747 5.737 5.714 5.644 5.619 5.519 5.467 5.414 5.372 5.389 5.397 5.417 5.439 5.414 5.459
6.041 6.119 6.142 6.091 5.947 5.764 5.546 5.782 6.27 6.234 6.187 6.22 6.43 6.879 7.242 7.479 7.579 7.642 7.677 7.669 7.584 7.409 7.237 7.072 6.827 6.537 6.387 6.254 6.139 6.089 6.079 6.069 6.124 6.157 6.174 6.169 6.114 6.064 6.059 6.042 6.054 6.022 6.004 5.977 5.959 5.929 5.949 5.977 5.984 6.004 6.039 6.042 6.014 6.044 6.064 6.022 5.964 5.904 5.877 5.817 5.762 5.739 5.717 5.654 5.619 5.654 5.592 5.542 5.452 5.399 5.389 5.397 5.427 5.404 5.392
6.119 6.2 6.211 6.116 6.06 5.864 5.863 5.531 6.067 6.408 6.312 6.351 6.591 7.032 7.394 7.639 7.739 7.777 7.804 7.809 7.729 7.569 7.434 7.264 7.032 6.779 6.584 6.444 6.357 6.329 6.359 6.399 6.447 6.514 6.519 6.497 6.412 6.327 6.284 6.259 6.242 6.214 6.177 6.172 6.154 6.119 6.124 6.119 6.092 6.159 6.214 6.224 6.207 6.252 6.299 6.297 6.227 6.069 5.982 5.894 5.842 5.834 5.799 5.732 5.714 5.659 5.614 5.607 5.609 5.527 5.432 5.404 5.472 5.442 5.422
6.257 6.332 6.33 6.204 6.078 5.974 5.818 5.692 5.709 6.407 6.461 6.485 6.702 7.112 7.499 7.757 7.864 7.899 7.894 7.869 7.829 7.704 7.572 7.437 7.264 7.079 6.932 6.814 6.719 6.699 6.744 6.784 6.827 6.874 6.844 6.832 6.744 6.659 6.599 6.544 6.464 6.422 6.434 6.442 6.402 6.344 6.344 6.332 6.322 6.347 6.377 6.417 6.484 6.574 6.577 6.549 6.502 6.339 6.132 6.014 5.954 5.907 5.877 5.859 5.824 5.744 5.674 5.632 5.597 5.584 5.579 5.492 5.432 5.402 5.437
6.363 6.379 6.339 6.226 6.095 6.027 5.867 5.945 5.59 6.035 6.531 6.563 6.76 7.104 7.469 7.759 7.894 7.952 7.967 7.899 7.854 7.819 7.722 7.619 7.489 7.342 7.262 7.179 7.129 7.074 7.087 7.099 7.117 7.144 7.132 7.109 7.059 7.002 6.952 6.912 6.812 6.769 6.754 6.739 6.707 6.659 6.632 6.649 6.657 6.609 6.574 6.622 6.757 6.792 6.784 6.732 6.659 6.549 6.349 6.162 6.092 5.994 5.972 5.959 5.912 5.867 5.789 5.712 5.662 5.612 5.584 5.602 5.572 5.489 5.492
6.354 6.336 6.303 6.235 6.137 6.033 5.985 5.881 5.674 5.652 6.434 6.676 6.725 7.032 7.392 7.689 7.839 7.917 7.949 7.899 7.869 7.899 7.837 7.762 7.674 7.592 7.522 7.489 7.432 7.402 7.369 7.357 7.342 7.297 7.327 7.329 7.307 7.282 7.232 7.199 7.097 7.042 7.022 6.997 6.994 6.989 6.964 6.942 6.957 6.934 6.857 6.882 6.969 6.959 6.932 6.889 6.799 6.697 6.529 6.297 6.199 6.117 6.067 6.037 5.997 5.959 5.909 5.822 5.719 5.689 5.654 5.602 5.584 5.734 5.794
6.346 6.329 6.31 6.256 6.181 6.054 6 5.885 5.885 5.708 6.157 6.621 6.699 6.904 7.294 7.592 7.757 7.874 7.934 7.939 7.954 7.974 7.959 7.874 7.812 7.772 7.734 7.674 7.637 7.582 7.562 7.559 7.554 7.519 7.504 7.512 7.497 7.474 7.464 7.439 7.322 7.277 7.262 7.204 7.227 7.269 7.254 7.177 7.182 7.137 7.079 7.127 7.157 7.129 7.084 7.039 6.952 6.832 6.667 6.449 6.289 6.239 6.149 6.117 6.079 6.047 6.022 5.907 5.844 5.807 5.762 5.694 5.614 5.624 5.884
6.324 6.324 6.315 6.295 6.235 6.088 5.997 5.936 5.833 5.639 5.752 6.451 6.659 6.782 7.154 7.469 7.712 7.872 7.967 8.012 8.007 8.002 7.997 7.957 7.907 7.889 7.874 7.832 7.814 7.752 7.689 7.694 7.717 7.697 7.672 7.649 7.632 7.634 7.629 7.589 7.549 7.499 7.474 7.464 7.457 7.487 7.499 7.427 7.419 7.354 7.299 7.299 7.317 7.292 7.242 7.194 7.114 6.999 6.819 6.589 6.404 6.332 6.267 6.202 6.147 6.112 6.079 5.989 5.959 5.912 5.874 5.797 5.717 5.627 5.584
6.292 6.306 6.308 6.311 6.263 6.151 6.037 6.011 5.864 5.824 5.484 6.172 6.616 6.687 6.984 7.334 7.654 7.872 7.969 8.039 8.052 8.009 7.994 7.992 7.987 7.969 7.944 7.934 7.927 7.882 7.864 7.874 7.857 7.842 7.812 7.779 7.734 7.687 7.684 7.694 7.674 7.649 7.634 7.647 7.637 7.729 7.874 7.662 7.629 7.567 7.507 7.497 7.454 7.404 7.364 7.334 7.259 7.137 6.984 6.792 6.577 6.449 6.384 6.284 6.217 6.174 6.097 6.074 6.032 6.007 5.972 5.894 5.814 5.704 5.642
6.294 6.296 6.32 6.322 6.305 6.226 6.101 6.05 5.939 5.886 5.652 5.794 6.422 6.539 6.809 7.197 7.564 7.827 7.994 8.077 8.082 8.057 8.062 8.039 8.034 8.017 7.967 8.002 8.012 7.969 7.937 7.934 7.934 7.949 7.914 7.862 7.874 7.842 7.777 7.769 7.757 7.747 7.709 7.697 7.752 7.824 7.847 7.789 7.807 7.779 7.734 7.669 7.607 7.542 7.484 7.429 7.384 7.287 7.129 6.994 6.787 6.599 6.499 6.392 6.299 6.237 6.177 6.114 6.089 6.059 6.044 5.974 5.892 5.822 5.747
6.333 6.298 6.335 6.341 6.331 6.268 6.19 6.081 6.029 5.911 5.949 5.682 6.17 6.529 6.657 6.994 7.394 7.779 7.972 8.074 8.104 8.102 8.082 8.077 8.052 8.034 8.037 8.037 8.029 7.997 7.974 7.954 7.972 7.979 7.962 7.954 7.954 7.937 7.899 7.899 7.884 7.849 7.809 7.767 7.812 7.869 7.902 7.899 7.902 7.899 7.849 7.829 7.767 7.689 7.622 7.574 7.497 7.427 7.319 7.179 6.989 6.802 6.699 6.574 6.437 6.337 6.274 6.209 6.174 6.154 6.124 6.062 5.997 5.942 5.887
6.346 6.345 6.352 6.363 6.36 6.322 6.263 6.161 6.089 5.954 5.95 5.656 5.88 6.417 6.567 6.854 7.227 7.637 7.899 8.047 8.097 8.107 8.089 8.094 8.074 8.054 8.042 8.037 8.039 8.027 8.007 8.022 8.022 8.004 7.979 7.992 8.007 7.962 7.942 7.937 7.959 7.939 7.922 7.917 7.919 7.932 7.934 7.937 7.947 7.939 7.909 7.882 7.842 7.784 7.752 7.702 7.627 7.562 7.482 7.367 7.174 7.019 6.902 6.752 6.597 6.502 6.417 6.314 6.282 6.257 6.227 6.162 6.087 6.044 5.989
