Matlab/Roost_data/braunton/dsm/ss4734_DSM_2M.asc
ncols 500
nrows 500
xllcorner    247000
yllcorner    134000
cellsize     2
NODATA_value -9999
[rows 175 to 209 of 500, columns 0 to 78 of 500]
3.785 3.733 3.707 3.735 3.755 3.685 3.678 3.715 3.76 3.757 3.723 3.715 3.65 3.713 3.79 3.81 3.693 3.562 3.65 3.743 3.74 3.633 3.69 3.727 3.737 3.703 3.65 3.597 3.655 3.685 3.747 3.757 3.757 3.763 3.743 3.693 3.602 3.648 3.648 3.658 3.713 3.755 3.79 3.797 3.8 3.81 3.86 3.827 3.933 3.945 3.87 3.9 3.96 3.99 4.015 4.015 4.043 4.062 4.065 4.07 4.065 4.065 4.07 4.088 4.095 4.09 4.095 4.088 4.092 4.1 4.108 4.113 4.108 4.137 4.142 4.145 4.153 4.17 4.18
3.822 3.787 3.783 3.785 3.765 3.685 3.653 3.673 3.688 3.665 3.62 3.597 3.642 3.745 3.755 3.707 3.58 3.585 3.72 3.757 3.713 3.62 3.717 3.733 3.688 3.61 3.555 3.523 3.572 3.638 3.73 3.74 3.747 3.75 3.713 3.61 3.662 3.753 3.763 3.767 3.783 3.777 3.8 3.805 3.817 3.847 3.86 3.807 3.97 4.01 3.987 3.928 3.908 3.938 3.963 3.997 4.038 4.065 4.095 4.113 4.115 4.115 4.115 4.108 4.115 4.115 4.115 4.135 4.14 4.153 4.145 4.16 4.135 4.122 4.148 4.165 4.185 4.198 4.22
3.83 3.835 3.82 3.812 3.725 3.678 3.705 3.737 3.73 3.688 3.582 3.63 3.745 3.733 3.597 3.545 3.575 3.682 3.755 3.745 3.645 3.602 3.653 3.568 3.507 3.52 3.54 3.545 3.57 3.56 3.572 3.608 3.638 3.675 3.64 3.642 3.75 3.785 3.807 3.82 3.817 3.82 3.795 3.817 3.85 3.88 4.685 3.88 3.995 4.017 4.033 4.02 3.983 3.918 3.925 3.993 4.033 4.052 4.085 4.115 4.145 4.162 4.157 4.148 4.145 4.16 4.16 4.182 4.205 4.21 4.193 4.193 4.188 4.18 4.15 4.193 4.227 4.242 4.237
3.84 3.83 3.832 3.763 3.673 3.688 3.743 3.755 3.75 3.65 3.602 3.733 3.773 3.625 3.533 3.622 3.705 3.757 3.77 3.723 3.612 3.642 3.535 3.497 3.608 3.663 3.617 3.587 3.635 3.645 3.693 3.69 3.65 3.635 3.607 3.72 3.787 3.805 3.82 3.835 3.827 3.8 3.775 3.807 3.86 3.947 4.655 3.938 3.993 4.025 4.068 4.055 4.008 3.967 3.935 3.965 4.015 4.045 4.08 4.105 4.15 4.188 4.235 4.217 4.225 4.215 4.233 4.235 4.233 4.24 4.233 4.222 4.222 4.225 4.19 4.195 4.253 4.278 4.283
3.842 3.857 3.845 3.747 3.707 3.757 3.76 3.757 3.7 3.58 3.66 3.757 3.727 3.533 3.59 3.75 3.763 3.757 3.725 3.632 3.553 3.533 3.485 3.63 3.693 3.655 3.582 3.567 3.633 3.678 3.723 3.745 3.743 3.713 3.63 3.75 3.81 3.825 3.825 3.817 3.777 3.753 3.787 3.837 3.868 3.925 4.025 3.997 4.005 4.033 4.08 4.062 4.015 3.995 3.985 3.98 4.01 4.04 4.073 4.085 4.135 4.188 4.25 4.283 4.298 4.278 4.278 4.265 4.25 4.25 4.253 4.25 4.253 4.247 4.247 4.233 4.255 4.283 4.29
3.837 3.875 3.86 3.785 3.767 3.793 3.78 3.755 3.66 3.588 3.747 3.737 3.572 3.49 3.668 3.755 3.765 3.73 3.622 3.523 3.453 3.475 3.588 3.678 3.642 3.553 3.54 3.572 3.645 3.683 3.73 3.74 3.72 3.715 3.663 3.747 3.82 3.837 3.822 3.75 3.72 3.795 3.845 3.875 3.903 3.955 5.253 4 4.005 4.057 4.082 4.055 4.02 4.017 4.015 4.015 4.01 4.037 4.075 4.095 4.13 4.175 4.23 4.298 4.323 4.32 4.305 4.283 4.267 4.273 4.278 4.265 4.273 4.28 4.283 4.29 4.27 4.257 4.323
3.825 3.855 3.842 3.8 3.775 3.78 3.765 3.745 3.608 3.63 3.737 3.62 3.465 3.533 3.73 3.785 3.765 3.693 3.567 3.467 3.455 3.615 3.695 3.658 3.565 3.537 3.565 3.592 3.648 3.668 3.727 3.743 3.71 3.763 3.735 3.703 3.773 3.81 3.753 3.713 3.77 3.852 3.888 3.915 3.93 4.155 4.28 4.005 4.035 4.07 4.082 4.062 4.045 4.048 4.043 4.05 4.05 4.04 4.082 4.12 4.148 4.182 4.202 4.278 4.332 4.347 4.323 4.298 4.298 4.288 4.293 4.293 4.3 4.302 4.31 4.323 4.338 4.307 4.305
3.83 3.847 3.827 3.79 3.765 3.75 3.745 3.743 3.592 3.56 3.668 3.507 3.45 3.653 3.765 3.755 3.743 3.685 3.58 3.435 3.55 3.69 3.678 3.592 3.55 3.61 3.6 3.62 3.65 3.66 3.713 3.747 3.7 3.783 3.805 3.767 3.707 3.713 3.705 3.747 3.822 3.885 3.923 3.94 3.957 4.193 4.318 4.02 4.062 4.073 4.07 4.075 4.06 4.073 4.075 4.08 4.08 4.08 4.097 4.122 4.155 4.188 4.212 4.26 4.345 4.363 4.33 4.32 4.318 4.307 4.325 4.34 4.358 4.352 4.37 4.378 4.372 4.372 4.32
3.847 3.852 3.835 3.795 3.737 3.71 3.72 3.735 3.645 3.507 3.59 3.447 3.52 3.7 3.755 3.737 3.707 3.665 3.592 3.428 3.58 3.645 3.585 3.575 3.582 3.62 3.61 3.628 3.65 3.688 3.727 3.737 3.713 3.787 3.82 3.82 3.797 3.745 3.715 3.822 3.852 3.915 3.94 3.967 3.98 4.06 4.18 4.043 4.062 4.085 4.088 4.095 4.088 4.1 4.105 4.115 4.108 4.128 4.145 4.132 4.173 4.212 4.24 4.287 4.363 4.352 4.32 4.325 4.34 4.34 4.363 4.383 4.4 4.398 4.4 4.398 4.395 4.398 4.398
3.837 3.858 3.82 3.753 3.67 3.64 3.665 3.715 3.68 3.49 3.48 3.418 3.605 3.72 3.723 3.65 3.585 3.54 3.48 3.415 3.59 3.595 3.59 3.638 3.62 3.585 3.575 3.612 3.653 3.707 3.75 3.727 3.715 3.775 3.817 3.832 3.84 3.745 3.733 3.867 3.908 3.943 3.963 3.995 4.028 4.345 4.207 4.07 4.07 4.08 4.102 4.115 4.118 4.122 4.137 4.132 4.153 4.162 4.165 4.165 4.175 4.21 4.26 4.32 4.352 4.352 4.343 4.35 4.365 4.375 4.392 4.4 4.412 4.418 4.418 4.43 4.41 4.39 4.41
3.85 3.847 3.807 3.697 3.635 3.638 3.665 3.71 3.62 3.455 3.398 3.467 3.685 3.72 3.628 3.46 3.42 3.405 3.41 3.425 3.585 3.577 3.592 3.65 3.597 3.575 3.575 3.615 3.65 3.71 3.733 3.685 3.72 3.775 3.807 3.855 3.847 3.737 3.76 3.875 3.913 3.957 3.993 4.037 4.075 4.557 4.19 4.088 4.075 4.097 4.13 4.148 4.155 4.162 4.168 4.172 4.19 4.195 4.185 4.198 4.215 4.237 4.287 4.35 4.35 4.365 4.342 4.358 4.385 4.412 4.42 4.435 4.43 4.43 4.43 4.418 4.41 4.435 4.42
3.872 3.837 3.747 3.638 3.622 3.693 3.725 3.64 3.46 3.393 3.39 3.555 3.717 3.697 3.515 3.39 3.423 3.463 3.45 3.453 3.59 3.615 3.555 3.537 3.59 3.622 3.595 3.63 3.663 3.723 3.717 3.663 3.743 3.803 3.842 3.835 3.81 3.713 3.803 3.852 3.89 3.96 4.012 4.073 4.108 4.693 4.245 4.105 4.115 4.14 4.158 4.17 4.193 4.198 4.202 4.22 4.222 4.217 4.227 4.25 4.28 4.288 4.285 4.335 4.365 4.37 4.375 4.383 4.427 4.427 4.435 4.44 4.438 4.438 4.432 4.427 4.43 4.43 4.43
3.858 3.76 3.62 3.617 3.57 3.638 3.7 3.553 3.393 3.372 3.438 3.62 3.74 3.665 3.435 3.418 3.61 3.64 3.58 3.5 3.517 3.557 3.523 3.54 3.642 3.67 3.64 3.645 3.655 3.73 3.735 3.697 3.787 3.852 3.85 3.785 3.73 3.73 3.83 3.855 3.903 3.977 4.035 4.108 4.135 4.64 4.217 4.145 4.162 4.185 4.18 4.202 4.213 4.215 4.213 4.225 4.235 4.235 4.258 4.29 4.31 4.3 4.305 4.323 4.358 4.392 4.39 4.423 4.457 4.44 4.45 4.443 4.435 4.45 4.443 4.448 4.438 4.435 4.448
3.803 3.635 3.595 3.648 3.615 3.555 3.632 3.513 3.385 3.455 3.588 3.713 3.717 3.53 3.395 3.47 3.635 3.64 3.663 3.635 3.565 3.527 3.543 3.633 3.678 3.685 3.643 3.665 3.67 3.695 3.695 3.727 3.815 3.882 3.878 3.765 3.707 3.803 3.867 3.888 3.93 3.997 4.062 4.125 4.17 4.483 4.21 4.157 4.185 4.188 4.198 4.207 4.217 4.217 4.225 4.227 4.237 4.273 4.303 4.307 4.332 4.328 4.36 4.37 4.372 4.408 4.435 4.467 4.475 4.457 4.45 4.445 4.445 4.452 4.445 4.443 4.452 4.452 4.457
3.767 3.61 3.632 3.725 3.705 3.568 3.517 3.463 3.385 3.562 3.72 3.76 3.675 3.438 3.375 3.505 3.655 3.675 3.685 3.7 3.68 3.64 3.64 3.675 3.705 3.72 3.65 3.673 3.69 3.715 3.725 3.723 3.785 3.875 3.88 3.777 3.747 3.85 3.885 3.928 3.957 4.023 4.1 4.135 4.168 4.283 4.142 4.15 4.17 4.195 4.197 4.207 4.222 4.225 4.227 4.24 4.265 4.307 4.32 4.335 4.35 4.372 4.403 4.42 4.385 4.418 4.46 4.47 4.463 4.455 4.443 4.452 4.443 4.443 4.438 4.432 4.452 4.455 4.448
3.737 3.66 3.723 3.767 3.745 3.685 3.53 3.415 3.39 3.493 3.665 3.737 3.6 3.4 3.393 3.535 3.653 3.67 3.69 3.678 3.663 3.668 3.678 3.705 3.74 3.73 3.65 3.688 3.715 3.73 3.77 3.787 3.753 3.795 3.837 3.74 3.79 3.89 3.928 3.955 4 4.052 4.115 4.162 4.162 4.13 4.095 4.142 4.205 4.217 4.225 4.233 4.247 4.25 4.26 4.28 4.305 4.328 4.358 4.385 4.39 4.387 4.405 4.427 4.435 4.408 4.438 4.48 4.472 4.447 4.452 4.452 4.447 4.443 4.438 4.42 4.457 4.465 4.46
3.72 3.743 3.773 3.77 3.755 3.705 3.515 3.375 3.378 3.447 3.612 3.67 3.487 3.38 3.43 3.527 3.605 3.648 3.663 3.645 3.645 3.658 3.675 3.717 3.735 3.715 3.645 3.707 3.743 3.77 3.757 3.82 3.797 3.743 3.755 3.755 3.835 3.93 3.965 4.003 4.033 4.077 4.148 4.198 4.188 4.157 4.148 4.165 4.22 4.265 4.278 4.275 4.283 4.29 4.302 4.328 4.363 4.378 4.415 4.447 4.438 4.435 4.435 4.443 4.463 4.46 4.43 4.46 4.462 4.457 4.45 4.455 4.447 4.47 4.46 4.455 4.465 4.463 4.462
3.767 3.8 3.79 3.765 3.753 3.582 3.39 3.37 3.362 3.413 3.59 3.56 3.395 3.408 3.525 3.605 3.658 3.683 3.665 3.62 3.6 3.597 3.63 3.678 3.697 3.668 3.65 3.73 3.765 3.8 3.767 3.82 3.79 3.717 3.765 3.84 3.892 3.957 4.005 4.037 4.062 4.12 4.215 4.29 4.257 4.202 4.19 4.242 4.273 4.302 4.307 4.325 4.318 4.34 4.355 4.387 4.422 4.452 4.46 4.452 4.445 4.455 4.455 4.475 4.493 4.5 4.475 4.438 4.435 4.452 4.46 4.467 4.45 4.455 4.47 4.47 4.48 4.472 4.475
3.822 3.805 3.787 3.775 3.725 3.46 3.378 3.49 3.432 3.38 3.443 3.418 3.375 3.445 3.597 3.673 3.69 3.69 3.645 3.587 3.567 3.57 3.61 3.653 3.673 3.658 3.68 3.743 3.767 3.812 3.78 3.822 3.835 3.737 3.85 3.928 3.957 3.997 4.033 4.068 4.102 4.153 4.265 4.335 4.327 4.24 4.255 4.302 4.312 4.35 4.375 4.378 4.378 4.39 4.425 4.452 4.475 4.475 4.477 4.463 4.472 4.465 4.485 4.513 4.53 4.533 4.512 4.462 4.443 4.445 4.472 4.477 4.46 4.47 4.467 4.475 4.475 4.485 4.49
3.81 3.787 3.773 3.755 3.7 3.405 3.41 3.668 3.57 3.39 3.378 3.368 3.368 3.47 3.65 3.697 3.707 3.7 3.66 3.607 3.605 3.608 3.66 3.713 3.71 3.653 3.67 3.727 3.755 3.842 3.832 3.875 3.87 3.75 3.88 3.943 3.985 4.037 4.075 4.11 4.122 4.17 4.285 4.358 4.325 4.255 4.278 4.328 4.363 4.425 4.43 4.427 4.45 4.452 4.5 4.497 4.483 4.48 4.497 4.472 4.483 4.505 4.517 4.537 4.543 4.523 4.51 4.475 4.45 4.43 4.455 4.472 4.467 4.485 4.49 4.49 4.495 4.503 4.503
3.82 3.785 3.77 3.747 3.66 3.375 3.432 3.697 3.648 3.418 3.37 3.375 3.463 3.633 3.69 3.695 3.703 3.688 3.68 3.62 3.61 3.62 3.66 3.7 3.695 3.668 3.68 3.723 3.763 3.82 3.84 3.905 3.908 3.807 3.92 3.98 4.028 4.055 4.11 4.148 4.137 4.177 4.25 4.285 4.275 4.267 4.302 4.355 4.438 4.45 4.465 4.457 4.465 4.497 4.512 4.49 4.492 4.495 4.517 4.51 4.533 4.545 4.56 4.557 4.548 4.517 4.488 4.463 4.455 4.445 4.45 4.465 4.475 4.5 4.497 4.5 4.508 4.52 4.515
3.807 3.787 3.783 3.753 3.62 3.382 3.422 3.705 3.705 3.517 3.385 3.445 3.62 3.678 3.683 3.693 3.688 3.693 3.673 3.605 3.61 3.658 3.673 3.658 3.66 3.66 3.685 3.723 3.75 3.795 3.815 3.855 3.918 3.865 3.933 4.015 4.068 4.093 4.155 4.177 4.142 4.173 4.233 4.263 4.29 4.342 4.347 4.363 4.472 4.512 4.505 4.485 4.492 4.503 4.513 4.483 4.505 4.523 4.533 4.555 4.58 4.582 4.573 4.562 4.537 4.52 4.495 4.492 4.472 4.462 4.472 4.465 4.487 4.5 4.497 4.503 4.505 4.517 4.528
3.773 3.75 3.773 3.747 3.69 3.418 3.38 3.64 3.66 3.51 3.44 3.608 3.693 3.68 3.633 3.632 3.668 3.67 3.63 3.577 3.638 3.707 3.695 3.663 3.668 3.69 3.678 3.733 3.76 3.842 3.84 3.86 3.862 3.915 3.993 4.045 4.102 4.155 4.18 4.255 4.158 5.23 4.725 4.608 4.385 4.318 4.378 4.385 4.465 4.533 4.533 4.51 4.515 4.538 4.538 4.515 4.533 4.528 4.545 4.568 4.6 4.605 4.59 4.56 4.54 4.515 4.508 4.497 4.49 4.485 4.487 4.483 4.488 4.525 4.508 4.495 4.51 4.545 4.55
3.69 3.697 3.747 3.755 3.73 3.477 3.342 3.515 3.548 3.433 3.46 3.618 3.69 3.663 3.577 3.585 3.615 3.587 3.572 3.562 3.648 3.697 3.693 3.668 3.683 3.695 3.69 3.763 3.767 3.858 3.883 3.892 3.913 3.983 4.043 4.088 4.142 4.177 4.19 4.21 4.56 7.613 7.367 7.03 6.878 4.253 4.352 4.435 4.493 4.523 4.512 4.515 4.56 4.575 4.557 4.548 4.533 4.55 4.562 4.597 4.595 4.6 4.568 4.56 4.543 4.525 4.513 4.503 4.492 4.503 4.503 4.495 4.49 4.508 4.513 4.523 4.548 4.573 4.562
3.658 3.68 3.757 3.757 3.665 3.438 3.335 3.41 3.477 3.46 3.543 3.635 3.642 3.58 3.547 3.597 3.608 3.592 3.577 3.55 3.633 3.64 3.63 3.642 3.66 3.675 3.695 3.777 3.793 3.905 3.947 3.963 3.943 4.017 4.075 4.125 4.16 4.202 4.245 4.21 6.023 7.585 7.355 7.135 6.822 4.247 4.31 4.432 4.525 4.54 4.53 4.517 4.53 4.545 4.55 4.533 4.545 4.568 4.592 4.6 4.613 4.605 4.578 4.562 4.548 4.535 4.54 4.517 4.497 4.505 4.51 4.505 4.512 4.525 4.543 4.56 4.565 4.568 4.58
3.65 3.7 3.743 3.67 3.47 3.33 3.362 3.392 3.485 3.605 3.665 3.665 3.6 3.533 3.59 3.673 3.683 3.683 3.595 3.543 3.592 3.612 3.64 3.67 3.668 3.678 3.707 3.795 3.865 3.997 4.015 3.945 3.923 4.003 4.09 4.142 4.193 4.253 4.33 4.358 5.327 7.573 7.363 7.148 6.767 4.245 4.315 4.443 4.523 4.552 4.553 4.537 4.528 4.53 4.517 4.548 4.575 4.595 4.608 4.608 4.605 4.605 4.595 4.593 4.565 4.55 4.548 4.533 4.503 4.497 4.508 4.52 4.523 4.523 4.54 4.565 4.568 4.565 4.568
3.635 3.707 3.705 3.533 3.358 3.335 3.428 3.477 3.588 3.655 3.62 3.598 3.527 3.507 3.622 3.703 3.735 3.723 3.588 3.545 3.597 3.683 3.733 3.763 3.737 3.717 3.725 3.812 3.902 4.005 4 3.935 3.933 4.01 4.105 4.155 4.24 4.3 4.363 4.418 5.802 7.55 7.34 7.137 6.035 4.23 4.347 4.415 4.525 4.545 4.537 4.525 4.552 4.562 4.562 4.533 4.578 4.602 4.613 4.618 4.61 4.613 4.595 4.597 4.59 4.57 4.55 4.545 4.53 4.515 4.505 4.528 4.523 4.53 4.548 4.58 4.58 4.565 4.538
3.61 3.717 3.635 3.395 3.3 3.352 3.503 3.622 3.68 3.653 3.503 3.46 3.47 3.515 3.64 3.7 3.715 3.703 3.562 3.562 3.678 3.773 3.76 3.723 3.755 3.755 3.763 3.847 3.89 3.967 3.967 3.96 3.99 4.037 4.1 4.153 4.213 4.283 4.318 4.392 6.055 7.535 7.328 7.13 5.66 4.227 4.33 4.358 4.483 4.535 4.51 4.508 4.548 4.573 4.568 4.562 4.568 4.6 4.613 4.602 4.597 4.6 4.61 4.613 4.61 4.6 4.562 4.533 4.525 4.517 4.52 4.533 4.545 4.553 4.578 4.588 4.568 4.56 4.528
3.585 3.703 3.537 3.317 3.287 3.392 3.577 3.693 3.707 3.565 3.42 3.425 3.515 3.608 3.695 3.695 3.64 3.595 3.547 3.638 3.745 3.805 3.757 3.685 3.765 3.83 3.842 3.9 3.953 4.003 4.008 4.025 4.003 4.01 4.068 4.133 4.202 4.267 4.265 4.213 4.517 5.68 5.045 5.78 4.96 4.217 4.327 4.37 4.445 4.557 4.55 4.525 4.55 4.578 4.585 4.615 4.618 4.613 4.602 4.585 4.582 4.58 4.597 4.61 4.615 4.622 4.58 4.537 4.52 4.53 4.535 4.565 4.597 4.633 4.622 4.6 4.577 4.568 4.543
3.553 3.658 3.467 3.28 3.3 3.378 3.515 3.693 3.66 3.49 3.415 3.443 3.533 3.608 3.703 3.695 3.62 3.565 3.597 3.685 3.747 3.79 3.745 3.68 3.753 3.837 3.88 3.94 4.003 4.048 4.048 4.017 3.987 4.01 4.068 4.148 4.193 4.18 4.165 4.16 4.125 4.243 4.278 4.198 4.148 4.233 4.375 4.398 4.45 4.548 4.56 4.543 4.538 4.545 4.59 4.613 4.613 4.633 4.617 4.588 4.57 4.582 4.595 4.61 4.602 4.6 4.575 4.537 4.528 4.528 4.555 4.59 4.655 4.688 4.653 4.613 4.585 4.588 4.59
3.527 3.553 3.385 3.265 3.34 3.383 3.485 3.65 3.575 3.428 3.455 3.495 3.545 3.595 3.697 3.668 3.595 3.553 3.638 3.665 3.68 3.697 3.697 3.695 3.753 3.803 3.858 3.943 3.985 3.998 4 3.967 3.965 3.98 4.055 4.12 4.168 4.205 4.255 4.283 4.233 4.245 4.243 4.345 4.483 4.322 4.418 4.445 4.485 4.555 4.557 4.562 4.56 4.545 4.565 4.57 4.59 4.602 4.608 4.59 4.597 4.593 4.58 4.575 4.582 4.6 4.573 4.528 4.523 4.54 4.55 4.628 4.695 4.693 4.617 4.585 4.57 4.613 4.637
3.497 3.403 3.295 3.28 3.398 3.398 3.483 3.642 3.507 3.428 3.562 3.54 3.567 3.62 3.703 3.622 3.555 3.557 3.595 3.653 3.697 3.735 3.765 3.757 3.763 3.787 3.875 3.92 3.933 3.938 3.957 3.977 4.015 4.053 4.108 4.153 4.195 4.215 4.262 4.318 4.343 4.323 4.283 4.645 4.727 4.408 4.438 4.472 4.505 4.543 4.555 4.585 4.585 4.557 4.557 4.568 4.585 4.593 4.575 4.58 4.582 4.59 4.57 4.568 4.565 4.565 4.55 4.535 4.528 4.548 4.597 4.662 4.69 4.668 4.6 4.573 4.58 4.597 4.632
3.443 3.287 3.28 3.443 3.595 3.495 3.44 3.54 3.455 3.45 3.615 3.638 3.618 3.642 3.66 3.557 3.54 3.582 3.64 3.71 3.755 3.81 3.835 3.837 3.842 3.835 3.885 3.9 3.915 3.957 4.003 4.025 4.053 4.08 4.108 4.157 4.19 4.225 4.273 4.303 4.34 4.342 4.33 4.717 4.722 4.438 4.497 4.52 4.535 4.548 4.562 4.595 4.577 4.555 4.568 4.575 4.615 4.608 4.597 4.602 4.595 4.585 4.582 4.57 4.538 4.53 4.54 4.543 4.543 4.568 4.602 4.637 4.66 4.63 4.577 4.562 4.57 4.585 4.602
3.318 3.27 3.435 3.668 3.71 3.58 3.463 3.497 3.413 3.49 3.655 3.675 3.628 3.62 3.57 3.525 3.577 3.645 3.683 3.727 3.775 3.807 3.842 3.88 3.92 3.913 3.913 3.933 3.95 3.983 4.03 4.04 4.06 4.073 4.118 4.162 4.2 4.227 4.25 4.278 4.312 4.34 4.372 4.735 4.673 4.467 4.515 4.53 4.575 4.585 4.57 4.58 4.555 4.543 4.555 4.582 4.615 4.62 4.62 4.622 4.62 4.605 4.588 4.57 4.555 4.543 4.543 4.552 4.57 4.585 4.613 4.635 4.63 4.613 4.573 4.55 4.57 4.582 4.59
3.257 3.335 3.543 3.65 3.688 3.53 3.485 3.46 3.428 3.57 3.69 3.71 3.663 3.577 3.527 3.535 3.577 3.62 3.63 3.668 3.703 3.74 3.77 3.85 3.925 3.963 3.983 3.987 4.015 3.993 4.012 4.04 4.053 4.07 4.108 4.142 4.198 4.22 4.24 4.258 4.305 4.34 4.395 4.725 4.938 4.472 4.51 4.555 4.595 4.588 4.565 4.555 4.535 4.515 4.525 4.568 4.597 4.6 4.602 4.6 4.582 4.562 4.533 4.523 4.528 4.503 4.507 4.523 4.56 4.835 4.578 4.608 4.668 4.622 4.795 4.747 4.673 4.795 4.815
