Matlab/Roost_data/braunton/dsm/ss4737_DSM_2M.asc
ncols 500
nrows 500
xllcorner    247000
yllcorner    137000
cellsize     2
NODATA_value -9999
[rows 256 to 287 of 500, columns 216 to 287 of 500]
36.789 36.479 38.349 36.232 36.212 36.329 36.492 36.642 36.764 36.919 37.064 37.209 37.334 37.437 37.569 37.699 37.849 37.987 38.097 38.177 38.324 38.474 38.627 38.762 38.909 39.062 39.189 39.299 39.387 39.547 39.709 39.854 39.937 40.102 40.454 40.752 40.907 41.039 41.184 41.359 41.547 41.732 41.927 42.179 42.452 42.769 43.082 43.329 43.549 43.797 44.012 44.219 44.407 44.604 44.782 44.932 45.134 45.274 45.682 46.134 47.392 45.977 45.754 45.929 47.492 48.139 47.967 48.124 48.562 50.574 52.137 55.452
36.634 36.452 36.429 35.942 35.999 36.114 36.267 36.424 36.567 36.737 36.874 37.022 37.122 37.234 37.369 37.514 37.669 37.787 37.894 38.019 38.159 38.272 38.412 38.557 38.689 38.847 38.987 39.104 39.184 39.322 39.464 39.649 39.762 39.882 40.024 40.224 40.519 40.847 41.009 41.167 41.342 41.522 41.717 41.994 42.297 42.604 42.892 43.144 43.369 43.614 43.842 44.052 44.209 44.397 44.589 44.764 44.974 45.099 45.352 46.107 47.174 45.627 45.537 45.877 47.514 48.109 48.089 48.249 48.582 48.967 51.364 52.369
36.229 37.322 38.237 35.777 35.819 35.907 36.017 36.182 36.357 36.559 36.704 36.802 36.912 37.019 37.154 37.314 37.464 37.587 37.699 37.827 37.964 38.104 38.227 38.332 38.462 38.629 38.762 38.942 39.097 39.137 39.314 39.464 39.617 39.722 39.812 39.934 40.082 40.292 40.652 40.987 41.144 41.327 41.534 41.817 42.134 42.417 42.684 42.934 43.192 43.429 43.654 43.837 44.009 44.169 44.359 44.537 44.729 44.887 45.052 45.814 46.887 45.289 45.307 45.772 47.914 48.194 48.284 48.309 48.539 49.059 49.879 50.892
35.547 35.917 35.592 35.619 35.689 35.757 35.864 35.977 36.162 36.354 36.494 36.594 36.682 36.817 36.972 37.109 37.242 37.384 37.502 37.644 37.777 37.907 38.029 38.149 38.272 38.444 38.567 38.737 38.929 39.089 39.224 39.334 39.477 39.609 39.729 39.857 39.959 40.087 40.167 40.434 40.832 41.159 41.364 41.664 41.959 42.209 42.489 42.739 43.004 43.239 43.467 43.642 43.787 43.952 44.117 44.287 44.454 44.574 44.804 45.769 46.552 45.057 45.059 45.904 48.024 48.219 48.247 48.397 48.617 49.204 50.089 51.077
36.584 35.424 35.447 35.512 35.584 35.634 35.719 35.844 35.994 36.152 36.259 36.389 36.502 36.612 36.759 36.914 37.037 37.134 37.259 37.387 37.522 37.659 37.799 37.937 38.067 38.202 38.349 38.504 38.699 38.882 39.032 39.229 39.392 39.492 39.582 39.712 39.869 39.989 40.047 40.144 40.309 40.667 41.184 41.532 41.797 42.044 42.289 42.549 42.812 43.042 43.274 43.442 43.574 43.717 43.867 44.002 44.187 44.282 44.459 45.777 46.359 44.792 44.829 45.852 47.967 48.277 48.297 48.489 48.629 49.689 50.164 51.059
35.349 35.254 35.289 35.387 35.439 35.487 35.562 35.664 35.809 35.944 36.067 36.174 36.269 36.412 36.559 36.732 36.814 36.919 37.027 37.139 37.247 37.359 37.537 37.709 37.854 37.982 38.149 38.327 38.512 38.697 38.889 39.052 39.232 39.402 39.489 39.602 39.777 39.884 39.969 40.097 40.164 40.312 40.632 41.259 41.639 41.872 42.119 42.369 42.614 42.869 43.102 43.257 43.402 43.537 43.672 43.732 43.877 43.989 44.209 45.504 46.092 44.547 44.609 46.104 47.934 48.329 48.339 48.352 48.829 49.077 52.197 52.304
34.959 35.042 35.132 35.199 35.242 35.322 35.397 35.504 35.632 35.762 35.859 35.947 36.067 36.207 36.364 36.527 36.629 36.714 36.827 36.919 37.004 37.129 37.282 37.442 37.629 37.774 37.942 38.129 38.309 38.512 38.689 38.867 39.019 39.174 39.289 39.419 39.612 39.779 39.914 40.052 40.117 40.219 40.494 40.907 41.407 41.677 41.932 42.169 42.412 42.659 42.887 43.062 43.217 43.344 43.432 43.434 43.442 43.684 44.027 45.334 45.027 44.314 44.474 46.512 47.954 48.334 48.437 48.502 48.582 49.229 49.762 50.759
34.749 34.802 34.912 34.994 35.059 35.132 35.232 35.352 35.454 35.544 35.642 35.749 35.882 36.037 36.184 36.322 36.434 36.532 36.649 36.732 36.834 36.967 37.099 37.262 37.422 37.579 37.749 37.932 38.119 38.309 38.492 38.674 38.844 38.947 39.062 39.217 39.404 39.594 39.812 40.012 40.082 40.242 40.482 40.894 41.264 41.499 41.732 41.969 42.212 42.444 42.669 42.857 43.009 43.162 43.294 43.357 43.374 43.502 44.164 45.359 44.177 44.077 44.702 46.629 47.824 48.344 48.439 48.449 48.567 48.734 50.069 51.007
34.539 34.647 34.734 34.789 34.864 34.959 35.054 35.174 35.232 35.329 35.427 35.557 35.699 35.852 35.989 36.119 36.237 36.344 36.467 36.574 36.697 36.809 36.942 37.094 37.197 37.284 37.542 37.744 37.924 38.092 38.279 38.457 38.579 38.702 38.844 39.022 39.249 39.442 39.622 39.854 40.087 40.322 40.567 40.799 41.084 41.302 41.532 41.754 41.994 42.234 42.439 42.622 42.777 42.934 43.067 43.154 43.262 43.287 44.377 45.109 43.792 43.862 44.847 46.957 47.802 48.292 48.382 48.474 48.557 48.682 49.989 51.012
34.347 34.452 34.559 34.609 34.717 34.804 34.864 34.957 35.062 35.172 35.247 35.367 35.497 35.637 35.777 35.899 36.014 36.132 36.249 36.367 36.504 36.654 36.794 36.897 36.977 37.052 37.069 37.249 37.587 37.902 38.059 38.224 38.344 38.477 38.634 38.839 39.037 39.232 39.454 39.654 39.929 40.184 40.439 40.647 40.879 41.087 41.324 41.539 41.774 42.012 42.189 42.369 42.522 42.694 42.827 42.937 43.014 43.184 44.529 44.944 43.552 43.639 45.594 47.249 47.902 48.227 48.394 48.519 48.572 48.707 50.024 50.977
34.124 34.267 34.359 34.454 34.547 34.604 34.662 34.767 34.899 34.992 35.072 35.182 35.302 35.442 35.569 35.699 35.824 35.944 36.054 36.182 36.322 36.472 36.632 36.772 36.872 36.969 36.979 37.057 37.172 37.369 37.599 37.939 38.087 38.242 38.414 38.622 38.817 39.027 39.237 39.467 39.737 40.029 40.239 40.467 40.677 40.884 41.112 41.317 41.542 41.782 41.967 42.119 42.272 42.442 42.584 42.702 42.797 43.107 44.309 43.977 43.309 43.609 46.134 47.082 47.712 48.429 48.454 48.564 48.627 48.754 49.949 51.047
33.919 34.004 34.084 34.204 34.312 34.372 34.452 34.552 34.679 34.764 34.864 34.989 35.127 35.267 35.382 35.497 35.619 35.737 35.859 35.997 36.147 36.294 36.442 36.577 36.687 36.802 36.949 37.032 37.107 37.177 37.272 37.364 37.629 37.964 38.167 38.352 38.557 38.779 39.019 39.262 39.527 39.787 40.047 40.272 40.479 40.669 40.892 41.107 41.357 41.559 41.742 41.869 42.044 42.219 42.367 42.489 42.547 43.204 44.234 43.094 43.057 43.587 46.109 47.097 47.592 48.502 48.589 48.624 48.692 48.819 49.882 51.072
33.727 33.794 33.899 34.012 34.099 34.162 34.229 34.354 34.457 34.557 34.674 34.812 34.944 35.077 35.214 35.319 35.447 35.559 35.687 35.809 35.962 36.104 36.239 36.352 36.479 36.609 36.757 36.887 36.994 37.074 37.154 37.227 37.359 37.469 37.722 38.107 38.314 38.552 38.777 39.034 39.337 39.592 39.857 40.087 40.269 40.479 40.682 40.922 41.147 41.337 41.509 41.654 41.837 42.002 42.149 42.257 42.354 43.542 44.174 42.734 42.822 44.319 46.132 46.954 47.629 48.434 48.619 48.689 48.729 48.814 49.557 50.809
33.534 33.572 33.714 33.867 33.914 33.959 34.017 34.159 34.254 34.362 34.492 34.639 34.739 34.752 34.897 35.087 35.227 35.349 35.469 35.604 35.754 35.899 36.034 36.147 36.279 36.407 36.542 36.724 36.854 36.922 37.017 37.119 37.239 37.332 37.462 37.617 37.944 38.342 38.582 38.847 39.119 39.402 39.649 39.862 40.054 40.262 40.487 40.719 40.937 41.117 41.277 41.459 41.627 41.787 41.927 42.029 42.297 43.504 43.012 42.472 42.617 44.982 46.102 46.547 47.084 48.367 48.639 48.682 48.744 48.837 49.189 50.449
33.384 33.462 33.574 33.712 33.747 33.769 33.817 33.952 34.062 34.177 34.352 34.537 34.594 34.637 34.704 34.727 34.827 35.097 35.272 35.399 35.549 35.694 35.819 35.927 36.042 36.192 36.332 36.489 36.659 36.789 36.894 36.992 37.087 37.207 37.324 37.487 37.639 37.779 38.209 38.644 38.947 39.197 39.462 39.652 39.852 40.052 40.274 40.489 40.712 40.909 41.074 41.242 41.409 41.569 41.729 41.812 42.697 43.504 42.232 42.212 42.722 45.234 46.939 46.217 46.827 47.792 48.639 48.667 48.712 48.797 48.977 49.914
33.227 33.312 33.439 33.532 33.582 33.594 33.659 33.767 33.879 33.987 34.182 34.409 34.507 34.527 34.564 34.644 34.692 34.732 34.789 35.099 35.342 35.482 35.599 35.719 35.842 36.002 36.137 36.269 36.397 36.532 36.644 36.769 36.947 37.107 37.214 37.344 37.467 37.607 37.724 38.004 38.494 38.984 39.209 39.412 39.614 39.822 40.034 40.239 40.439 40.662 40.842 41.042 41.217 41.374 41.509 41.619 42.929 43.307 41.849 41.927 43.197 45.649 46.064 46.142 47.414 48.807 49.387 48.684 48.757 48.812 48.972 49.299
33.039 33.157 33.264 33.347 33.404 33.427 33.512 33.622 33.714 33.812 33.942 34.079 34.289 34.457 34.484 34.527 34.599 34.654 34.679 34.712 34.837 35.142 35.384 35.512 35.654 35.784 35.917 36.052 36.169 36.262 36.392 36.534 36.722 36.934 37.157 37.302 37.409 37.487 37.572 37.694 37.989 38.654 38.987 39.174 39.389 39.587 39.792 39.969 40.184 40.424 40.642 40.824 40.999 41.152 41.214 41.497 42.674 42.037 41.567 41.692 44.062 45.647 45.222 45.899 47.367 48.092 47.767 48.782 48.832 48.944 49.044 49.224
32.824 32.954 33.072 33.179 33.229 33.264 33.357 33.472 33.552 33.634 33.744 33.852 33.967 34.104 34.307 34.432 34.532 34.574 34.614 34.694 34.749 34.734 34.814 35.074 35.417 35.589 35.719 35.822 35.924 36.029 36.154 36.317 36.529 36.764 36.964 37.172 37.357 37.412 37.507 37.609 37.992 38.499 38.744 38.932 39.147 39.347 39.542 39.714 39.937 40.152 40.382 40.572 40.737 40.912 41.069 41.567 42.677 41.247 41.254 41.857 44.134 45.092 44.892 45.214 45.569 47.357 47.137 48.114 48.917 49.069 49.172 49.297
32.649 32.757 32.884 32.982 33.044 33.084 33.189 33.289 33.382 33.472 33.557 33.672 33.772 33.852 33.962 34.102 34.314 34.489 34.584 34.669 34.714 34.717 34.722 34.754 34.854 35.202 35.499 35.599 35.687 35.822 35.959 36.134 36.329 36.557 36.749 36.977 37.202 37.382 37.497 37.674 37.994 38.312 38.492 38.684 38.889 39.117 39.304 39.494 39.674 39.852 40.084 40.282 40.444 40.659 40.787 42.099 42.337 40.867 40.959 42.562 44.577 44.269 44.559 44.849 45.322 45.914 46.584 47.417 48.394 49.099 49.314 49.447
32.509 32.609 32.712 32.809 32.867 32.917 33.012 33.112 33.194 33.284 33.377 33.467 33.584 33.677 33.794 33.927 34.039 34.219 34.427 34.599 34.657 34.717 34.764 34.729 34.704 34.742 34.884 35.237 35.487 35.622 35.782 35.957 36.147 36.357 36.577 36.777 36.992 37.194 37.419 37.652 37.867 38.042 38.232 38.452 38.669 38.879 39.084 39.269 39.444 39.604 39.809 39.972 40.152 40.349 40.632 41.674 40.922 40.567 40.692 43.219 45.042 43.947 44.264 44.629 45.172 45.702 46.309 46.949 47.732 48.637 49.174 49.227
32.387 32.469 32.547 32.632 32.717 32.759 32.837 32.937 33.029 33.122 33.209 33.302 33.404 33.507 33.619 33.752 33.867 33.979 34.099 34.269 34.474 34.647 34.687 34.712 34.724 34.722 34.759 34.817 34.877 35.202 35.517 35.744 35.944 36.152 36.364 36.562 36.769 36.944 37.144 37.374 37.582 37.787 37.992 38.199 38.414 38.637 38.859 39.052 39.214 39.397 39.552 39.689 39.854 40.024 40.847 41.692 40.267 40.279 40.672 43.227 43.857 43.707 44.027 44.462 44.987 45.547 46.159 46.709 47.444 48.134 48.622 48.977
32.234 32.329 32.399 32.492 32.559 32.632 32.674 32.762 32.849 32.944 33.044 33.147 33.249 33.352 33.469 33.594 33.697 33.802 33.907 34.007 34.144 34.329 34.502 34.594 34.657 34.707 34.742 34.762 34.787 34.849 34.924 35.234 35.634 35.917 36.079 36.309 36.542 36.747 36.954 37.154 37.354 37.554 37.759 37.972 38.199 38.407 38.599 38.787 38.984 39.159 39.319 39.462 39.637 39.749 40.887 41.269 39.919 40.009 41.472 43.554 43.187 43.487 43.827 44.322 44.844 45.402 45.992 46.594 47.252 47.954 48.369 48.867
32.064 32.147 32.234 32.314 32.404 32.504 32.577 32.617 32.709 32.784 32.877 32.972 33.089 33.204 33.312 33.419 33.522 33.627 33.729 33.807 33.954 34.094 34.227 34.374 34.554 34.632 34.697 34.732 34.787 34.827 34.849 34.869 34.939 35.277 35.712 36.019 36.309 36.539 36.729 36.939 37.149 37.337 37.532 37.759 37.959 38.129 38.314 38.499 38.699 38.899 39.072 39.244 39.394 39.679 40.854 39.744 39.649 39.794 42.127 43.372 42.899 43.212 43.617 44.137 44.684 45.239 45.819 46.477 47.137 47.779 48.292 48.707
31.924 32.009 32.072 32.152 32.244 32.354 32.447 32.512 32.597 32.667 32.747 32.839 32.954 33.049 33.134 33.239 33.352 33.454 33.547 33.634 33.809 33.957 34.079 34.177 34.269 34.407 34.527 34.662 34.724 34.787 34.829 34.839 34.834 34.914 35.047 35.387 35.862 36.267 36.527 36.719 36.922 37.112 37.289 37.502 37.689 37.849 38.014 38.194 38.409 38.599 38.804 39.014 39.179 39.917 40.899 39.274 39.352 40.019 42.507 42.342 42.657 42.984 43.419 43.957 44.499 45.054 45.662 46.349 46.934 47.489 48.012 48.409
31.857 31.904 31.952 31.999 32.094 32.197 32.289 32.377 32.477 32.564 32.652 32.747 32.842 32.919 32.984 33.077 33.174 33.274 33.384 33.507 33.654 33.789 33.904 33.994 34.072 34.147 34.267 34.397 34.587 34.689 34.767 34.854 34.857 34.859 34.899 34.942 35.114 35.742 36.299 36.474 36.669 36.854 37.044 37.224 37.417 37.574 37.739 37.922 38.112 38.319 38.519 38.739 38.919 40.059 39.872 38.952 39.057 40.744 42.487 42.042 42.382 42.757 43.239 43.747 44.277 44.877 45.469 46.129 46.682 47.214 47.682 48.187
31.747 31.814 31.872 31.894 31.952 32.102 32.182 32.254 32.332 32.437 32.527 32.622 32.717 32.787 32.854 32.934 33.009 33.114 33.217 33.359 33.497 33.619 33.744 33.837 33.934 34.032 34.092 34.172 34.289 34.432 34.632 34.757 34.852 34.867 34.859 34.877 34.922 35.339 35.982 36.232 36.412 36.604 36.782 36.977 37.144 37.299 37.472 37.649 37.844 38.044 38.247 38.479 38.877 40.049 38.754 38.679 38.874 41.142 42.004 41.747 42.102 42.522 43.022 43.559 44.092 44.647 45.279 45.884 46.414 46.942 47.439 47.964
31.649 31.724 31.794 31.849 31.924 32.034 32.097 32.124 32.197 32.307 32.382 32.469 32.552 32.634 32.704 32.804 32.879 32.974 33.064 33.209 33.322 33.414 33.529 33.637 33.764 33.864 33.934 33.997 34.117 34.234 34.394 34.582 34.802 34.889 34.892 34.882 34.964 35.364 35.794 35.964 36.144 36.347 36.532 36.714 36.917 37.082 37.222 37.382 37.577 37.777 37.999 38.184 39.047 39.797 38.307 38.369 39.004 41.007 41.222 41.502 41.857 42.327 42.824 43.339 43.882 44.452 45.039 45.617 46.162 46.657 47.259 47.637
31.529 31.624 31.692 31.779 31.852 31.947 32.032 32.084 32.147 32.202 32.257 32.314 32.392 32.457 32.554 32.654 32.742 32.812 32.924 33.032 33.124 33.229 33.317 33.449 33.592 33.704 33.762 33.842 33.934 34.059 34.217 34.399 34.582 34.747 34.867 34.904 35.097 35.369 35.574 35.734 35.892 36.087 36.279 36.482 36.657 36.814 36.947 37.114 37.322 37.517 37.739 37.917 38.844 38.912 37.982 38.127 39.734 41.664 40.942 41.239 41.592 42.092 42.587 43.107 43.642 44.219 44.799 45.344 45.884 46.394 46.847 47.307
31.442 31.509 31.567 31.644 31.749 31.819 31.914 31.967 32.034 32.107 32.149 32.209 32.249 32.324 32.394 32.479 32.592 32.689 32.774 32.857 32.964 33.069 33.179 33.287 33.407 33.504 33.582 33.659 33.752 33.889 34.052 34.212 34.354 34.529 34.654 34.792 34.944 35.144 35.314 35.477 35.632 35.832 36.052 36.244 36.399 36.529 36.672 36.832 37.039 37.257 37.474 37.844 38.759 37.734 37.697 37.919 39.957 40.352 40.622 41.007 41.369 41.852 42.377 42.867 43.419 43.999 44.524 45.064 45.579 46.094 46.557 46.969
31.509 32.492 31.454 31.567 31.602 31.684 31.772 31.869 31.947 31.982 32.034 32.082 32.187 32.214 32.284 32.364 32.449 32.534 32.629 32.707 32.812 32.939 33.044 33.142 33.234 33.324 33.382 33.477 33.582 33.722 33.882 34.014 34.149 34.262 34.432 34.584 34.747 34.922 35.079 35.237 35.404 35.594 35.804 35.984 36.137 36.257 36.382 36.539 36.742 36.972 37.204 37.992 38.742 37.334 37.414 37.852 40.759 40.064 40.337 40.712 41.122 41.624 42.119 42.647 43.119 43.724 44.292 44.774 45.287 45.782 46.242 46.672
31.687 31.464 31.494 32.472 31.477 31.542 31.637 31.739 31.794 31.847 31.907 31.947 31.984 32.084 32.169 32.252 32.309 32.362 32.434 32.534 32.662 32.772 32.874 32.949 33.069 33.147 33.224 33.302 33.437 33.559 33.719 33.822 33.947 34.102 34.244 34.369 34.552 34.699 34.862 35.017 35.192 35.359 35.554 35.739 35.894 35.999 36.107 36.262 36.472 36.684 36.912 37.817 37.804 37.037 37.152 38.389 39.977 39.779 40.097 40.452 40.907 41.352 41.892 42.412 42.924 43.444 43.984 44.467 44.949 45.449 45.907 46.342
31.334 32.094 32.144 33.009 33.129 32.882 32.757 31.842 31.772 31.722 31.762 31.809 31.864 31.924 31.992 32.062 32.109 32.182 32.279 32.377 32.504 32.602 32.724 32.807 32.922 32.982 33.034 33.139 33.277 33.422 33.547 33.639 33.759 33.912 34.077 34.214 34.344 34.502 34.652 34.804 34.972 35.139 35.319 35.494 35.642 35.754 35.854 36.022 36.212 36.352 36.877 37.954 36.744 36.747 36.899 39.399 39.239 39.517 39.842 40.219 40.672 41.137 41.622 42.142 42.682 43.167 43.677 44.159 44.629 45.117 45.619 46.034
