Matlab/Roost_data/braunton/dsm/ss4735_DSM_2M.asc
ncols 500
nrows 500
xllcorner    247000
yllcorner    135000
cellsize     2
NODATA_value -9999
[rows 136 to 169 of 500, columns 77 to 153 of 500]
5.722 6.905 7.981 6.641 6.282 5.714 5.497 5.257 5.019 5.039 5.132 5.12 5.129 5.135 5.131 5.039 5.034 5.074 5.154 5.164 5.191 6.214 8.549 9.089 8.186 6.741 6.641 5.741 4.916 4.909 4.946 4.996 4.994 4.989 5.001 5.041 5.039 5.031 5.069 5.089 5.124 5.136 5.126 5.151 5.104 5.096 5.086 5.086 5.074 5.019 5.041 5.076 5.044 5.039 5.051 5.031 5.046 5.069 5.069 5.066 5.049 5.064 5.071 5.081 5.119 5.121 5.111 5.109 5.114 5.109 5.134 5.144 5.136 5.149 5.174 5.211 5.209
5.052 5.337 6.233 7.382 6.492 6.672 6.188 5.986 5.569 5.019 4.995 5.162 5.112 5.196 5.071 5.089 5.014 5.086 5.109 5.096 5.174 5.109 5.771 6.396 6.576 7.701 8.149 7.116 5.109 5.174 4.889 4.911 4.944 4.979 4.984 5.011 5.026 5.004 5.016 5.044 5.084 5.079 5.109 5.111 5.091 5.116 5.074 5.094 5.021 5.059 5.069 5.044 5.034 5.011 5.036 5.021 5.034 5.064 5.056 5.069 5.111 5.116 5.094 5.091 5.094 5.114 5.119 5.086 5.084 5.116 5.116 5.134 5.126 5.126 5.134 5.171 5.191
5.042 4.985 4.988 5.926 5.944 7.306 7.187 6.594 6.02 5.739 5.112 4.936 5.035 5.051 5.059 5.206 5.086 4.999 5.109 5.144 5.074 5.044 5.181 5.199 5.186 5.829 7.314 7.971 7.326 5.541 4.984 4.926 4.896 4.911 4.939 4.971 4.991 5.011 4.981 5.021 5.044 5.066 5.074 5.089 5.079 5.094 5.116 5.104 5.059 5.071 5.064 5.034 4.996 5.031 5.061 5.064 5.059 5.061 5.036 5.081 5.081 5.076 5.101 5.104 5.089 5.109 5.106 5.099 5.094 5.099 5.086 5.114 5.129 5.116 5.124 5.144 5.156
5.076 5.033 4.965 4.912 5.057 5.673 6.305 6.744 6.725 6.999 5.952 5.465 4.984 4.949 5.061 5.079 5.044 5.031 5.086 5.046 5.069 4.974 5.046 5.026 5.059 5.064 5.336 6.424 7.556 7.874 6.214 5.181 5.041 4.919 4.859 4.886 4.941 4.964 4.986 5.026 5.029 5.036 5.049 5.049 5.036 5.059 5.081 5.101 5.086 5.096 5.094 5.066 5.064 5.034 5.069 5.031 5.046 5.059 5.034 5.059 5.051 5.069 5.091 5.119 5.156 5.119 5.109 5.091 5.101 5.074 5.069 5.094 5.089 5.121 5.099 5.116 5.114
5.052 5.039 5.009 4.973 4.902 4.961 5.66 6.186 6.186 6.724 6.291 5.529 5.509 5.024 4.949 5.041 5.029 5.016 5.004 4.966 4.961 4.939 5.016 4.966 4.956 5.126 5.109 5.119 5.344 6.476 7.514 6.676 5.569 5.146 4.914 4.836 4.896 4.961 4.941 4.986 5.011 5.011 5.019 5.039 5.069 5.031 5.054 5.079 5.101 5.144 5.089 5.081 5.056 5.079 5.086 5.054 5.036 5.056 5.056 5.051 5.091 5.086 5.071 5.106 5.116 5.136 5.139 5.081 5.096 5.111 5.099 5.104 5.114 5.089 5.156 5.114 5.146
5.012 4.981 4.941 4.9 4.936 4.923 4.914 5.317 5.929 6.48 6.314 5.648 6.324 6.316 5.559 5.016 4.921 4.926 4.996 4.924 4.921 4.921 5.036 4.931 5.116 5.054 5.064 5.109 5.156 5.124 5.631 6.591 6.819 6.839 5.199 4.996 4.946 4.886 4.936 4.966 5.006 5.039 5.086 5.054 5.091 5.036 5.061 5.054 5.046 5.074 5.096 5.094 5.059 5.046 5.091 5.076 5.094 5.079 5.056 5.074 5.069 5.086 5.094 5.119 5.116 5.124 5.111 5.109 5.111 5.104 5.096 5.124 5.119 5.111 5.131 5.139 5.144
5.056 5.042 4.995 4.973 4.919 4.893 4.888 4.891 5.008 5.442 5.669 5.897 8.404 9.026 7.769 6.884 5.601 5.164 4.894 4.856 4.939 4.939 4.886 4.886 4.956 4.996 5.054 5.051 5.099 5.144 4.939 5.516 6.171 6.969 6.874 5.781 5.269 5.124 4.904 4.891 4.939 4.964 5.024 5.034 5.041 5.041 5.051 5.056 5.049 5.024 5.059 5.061 5.101 5.089 5.086 5.091 5.116 5.116 5.104 5.084 5.086 5.116 5.146 5.139 5.124 5.141 5.139 5.144 5.124 5.129 5.086 5.094 5.096 5.124 5.134 5.111 5.126
5.101 5.116 5.038 4.959 4.943 4.931 4.836 4.822 4.865 4.865 4.958 7.337 9.366 9.209 8.806 8.314 7.646 5.636 4.829 4.864 4.829 4.876 4.986 4.926 5.024 5.019 5.071 5.106 5.029 4.954 5.049 5.086 5.119 5.351 5.999 6.626 7.534 7.939 6.286 4.944 4.886 4.936 4.971 4.999 5.029 5.041 5.051 5.031 5.034 5.049 5.049 5.051 5.044 5.064 5.101 5.084 5.086 5.084 5.134 5.111 5.134 5.136 5.126 5.146 5.136 5.121 5.109 5.106 5.116 5.131 5.114 5.101 5.119 5.134 5.134 5.139 5.134
5.076 5.098 5.028 4.926 4.911 4.886 4.845 4.817 4.853 4.807 4.815 5.262 6.066 8.091 9.774 9.469 8.564 7.519 7.341 6.366 4.889 4.834 4.926 4.906 4.951 4.964 5.046 5.059 4.981 5.009 4.999 5.071 5.129 5.019 5.086 5.901 7.881 8.599 8.461 6.521 4.841 4.911 4.889 4.979 4.976 5.029 5.034 5.049 5.046 5.049 5.039 5.041 5.056 5.066 5.106 5.126 5.149 5.094 5.106 5.109 5.119 5.101 5.089 5.089 5.094 5.104 5.106 5.081 5.086 5.111 5.074 5.119 5.124 5.119 5.131 5.119 5.121
5.155 5.042 5.058 4.94 4.896 4.865 4.84 4.823 4.826 4.801 4.815 4.85 4.929 7.379 9.804 9.794 8.959 8.816 8.704 8.316 6.159 4.821 4.844 4.824 4.819 4.889 4.991 5.006 4.991 5.036 5.044 5.059 5.166 5.091 5.124 5.024 6.406 7.891 7.991 7.336 5.809 5.404 4.939 4.916 4.934 4.976 5.016 5.011 5.056 5.074 5.069 5.086 5.081 5.081 5.091 5.094 5.101 5.111 5.061 5.089 5.111 5.119 5.099 5.079 5.076 5.091 5.091 5.089 5.069 5.099 5.076 5.109 5.139 5.149 5.121 5.149 5.141
5.178 5.07 4.976 4.934 4.934 4.883 4.955 4.869 4.875 4.804 4.811 4.851 4.871 5.526 8.001 9.081 9.699 9.504 9.109 8.626 7.001 5.469 4.766 4.814 4.801 4.911 4.886 4.961 4.931 4.989 4.979 5.029 4.999 5.114 5.046 4.994 5.284 5.541 6.226 5.911 5.969 5.676 5.854 5.201 4.966 4.929 4.981 5.011 5.021 5.036 5.071 5.084 5.099 5.076 5.054 5.079 5.086 5.106 5.106 5.054 5.029 5.066 5.074 5.059 5.081 5.094 5.081 5.121 5.109 5.116 5.116 5.111 5.116 5.139 5.131 5.134 5.129
5.162 5.113 5.031 4.955 4.901 4.885 4.933 4.872 4.81 4.795 4.806 4.764 4.794 4.816 4.799 5.956 7.786 7.884 8.209 8.014 7.384 6.811 6.066 6.021 5.066 4.836 4.846 4.859 4.889 4.919 4.981 5.101 5.006 4.976 4.954 5.084 5.069 5.024 4.979 5.184 5.506 5.379 5.451 5.664 5.936 5.451 4.941 4.924 5.009 5.004 5.021 5.069 5.049 5.066 5.061 5.051 5.036 5.049 5.034 5.081 5.056 5.071 5.066 5.081 5.121 5.119 5.101 5.074 5.069 5.094 5.084 5.116 5.094 5.114 5.129 5.114 5.134
5.146 5.116 5.072 5.012 4.961 4.901 4.886 4.874 4.807 4.793 4.812 4.774 4.771 4.811 4.789 4.816 4.826 4.871 5.274 6.664 7.309 7.314 7.294 7.451 6.266 4.976 4.791 4.866 4.889 4.896 4.964 5.046 5.101 5.011 5.001 5.026 4.971 4.929 4.946 4.936 5.086 5.409 5.661 5.519 5.694 5.891 5.201 5.211 4.919 4.924 4.989 4.989 4.989 5.031 5.024 5.041 5.041 5.049 5.074 5.081 5.081 5.094 5.101 5.069 5.084 5.079 5.099 5.089 5.086 5.081 5.106 5.106 5.124 5.089 5.101 5.109 5.111
5.161 5.134 5.08 5.056 5.003 4.943 4.929 4.91 4.814 4.817 4.828 4.766 4.799 4.816 4.774 4.801 4.804 4.861 4.836 5.169 6.226 7.214 7.446 7.814 7.211 5.986 5.446 4.814 4.836 4.929 4.904 4.884 5.014 4.994 5.024 5.041 5.014 5.014 5.004 4.964 5.081 5.074 5.221 5.569 5.524 5.714 5.646 6.104 5.809 4.899 4.914 4.979 5.004 5.019 5.029 5.076 5.071 5.089 5.066 5.054 5.064 5.061 5.089 5.096 5.084 5.084 5.109 5.104 5.084 5.094 5.104 5.094 5.089 5.096 5.076 5.076 5.116
5.111 5.112 5.101 5.08 5.022 4.977 5.013 5.041 4.976 4.914 4.918 4.849 4.806 4.806 4.811 4.859 4.809 4.841 4.839 4.831 4.844 5.571 6.351 7.116 7.319 7.574 8.191 6.606 5.229 4.819 4.884 4.906 4.936 4.904 5.091 5.014 4.979 4.959 5.036 5.099 5.054 4.916 5.059 5.136 5.571 5.649 5.679 6.171 5.909 6.014 5.271 4.996 4.936 4.964 4.989 5.004 5.046 5.061 5.066 5.049 5.054 5.061 5.044 5.071 5.106 5.114 5.109 5.089 5.101 5.071 5.081 5.049 5.089 5.084 5.104 5.101 5.104
5.12 5.054 5.087 5.086 5.082 5.029 5.083 5.14 5.07 4.928 4.895 4.949 4.819 4.816 4.836 4.899 4.876 4.864 4.846 4.824 4.831 4.824 5.106 6.226 6.409 8.126 8.566 8.126 7.389 6.034 5.404 4.856 4.869 4.929 4.904 4.926 4.906 5.034 4.974 4.909 5.036 4.924 4.986 4.979 4.999 5.074 5.341 5.614 5.651 5.721 6.144 5.411 5.009 4.959 4.956 4.969 4.979 5.014 5.011 5.049 5.056 5.019 5.049 5.061 5.061 5.074 5.111 5.116 5.096 5.081 5.084 5.079 5.079 5.059 5.086 5.089 5.091
5.133 5.097 5.063 5.064 5.124 5.05 5.009 5.107 5.226 5.016 4.996 4.984 4.941 4.956 4.979 4.946 4.884 4.894 4.879 4.831 4.809 4.874 4.876 4.869 5.521 8.164 8.036 8.786 8.696 7.879 7.966 5.246 4.794 4.876 4.866 4.904 4.921 4.931 4.931 4.989 4.984 4.974 4.946 4.939 4.961 4.994 5.166 5.376 5.531 6.129 7.381 8.029 7.614 6.254 5.206 4.949 4.984 4.979 4.994 5.019 5.046 5.051 5.041 5.041 5.069 5.061 5.099 5.106 5.099 5.109 5.074 5.071 5.066 5.066 5.059 5.076 5.094
5.048 5.075 5.038 5.083 5.058 5.093 5.042 5.078 5.144 5.099 5.074 5.039 5.009 4.966 4.966 4.899 4.894 4.874 4.849 4.836 4.834 4.846 4.836 4.869 5.121 6.001 7.276 8.814 9.426 8.904 8.634 7.866 6.041 4.876 4.834 4.884 4.859 4.904 4.951 4.956 4.969 4.946 4.951 4.984 5.009 5.039 5.084 5.114 5.144 5.651 6.564 8.446 9.126 9.359 6.964 5.689 4.926 4.956 4.999 5.009 5.016 5.054 5.044 5.079 5.061 5.061 5.056 5.099 5.106 5.114 5.104 5.071 5.071 5.069 5.076 5.084 5.079
4.961 4.993 5.037 5.028 5.063 5.055 5.067 5.095 5.135 5.03 5.096 5.159 5.066 5.014 4.971 4.859 4.881 4.891 4.844 4.831 4.794 4.814 4.839 4.844 4.864 4.834 5.681 7.621 8.501 8.531 8.884 8.519 9.109 6.939 5.436 4.784 4.844 4.884 4.889 4.939 4.961 4.999 4.931 5.036 5.071 5.039 5.061 5.096 5.159 5.194 5.154 6.621 9.314 10.684 8.261 7.486 7.071 4.974 4.949 4.991 4.971 4.996 5.001 5.079 5.036 5.059 5.049 5.076 5.061 5.069 5.089 5.106 5.066 5.076 5.066 5.101 5.111
5.221 5.144 5.077 5.046 5.031 5.098 5.03 5.11 5.131 5.029 5.017 5.031 5.071 5.049 4.934 4.909 4.864 4.854 4.864 4.846 4.814 4.831 4.841 4.836 4.801 4.829 4.839 5.509 6.039 8.084 9.201 9.139 9.546 9.249 7.524 7.029 5.331 4.774 4.861 4.906 4.886 4.921 4.936 4.944 4.926 4.971 5.024 5.021 5.129 5.221 5.136 5.174 7.334 9.561 10.299 9.351 8.626 5.719 5.634 4.951 4.941 4.921 4.969 5.016 5.024 5.034 5.054 5.019 5.031 5.059 5.061 5.091 5.109 5.084 5.091 5.089 5.111
5.283 5.54 5.612 5.1 5.013 5.132 4.984 5.03 5.053 5.149 5.04 4.961 4.946 4.916 4.904 4.994 5.011 4.986 4.864 4.869 4.856 4.826 4.804 4.781 4.789 4.799 4.819 4.881 5.069 6.244 8.404 8.844 9.546 9.644 9.254 8.629 6.704 5.231 4.779 4.809 4.861 4.859 4.974 4.996 4.974 5.044 4.989 5.036 5.139 5.081 5.234 5.144 5.226 5.926 7.181 8.091 9.434 9.729 9.181 5.149 4.849 4.896 4.911 4.949 4.981 5.016 5.034 5.066 5.049 5.076 5.069 5.089 5.094 5.104 5.084 5.091 5.091
5.082 5.639 5.924 5.634 5.096 5.015 5.033 5.055 5.041 5.099 5.075 5.026 4.991 4.951 4.921 5.019 5.036 5.004 4.931 4.859 4.831 4.824 4.786 4.801 4.816 4.846 4.874 4.886 4.874 4.879 5.499 7.004 8.259 8.599 8.406 8.396 7.641 7.151 6.429 4.829 4.841 4.871 5.019 4.956 5.011 5.154 5.144 5.099 5.029 5.046 5.051 5.109 5.204 5.084 5.129 5.449 8.136 10.036 9.284 8.594 6.859 6.674 4.864 4.936 4.954 4.956 5.029 5.049 5.036 5.036 5.029 5.051 5.054 5.056 5.079 5.106 5.076
4.443 5.089 5.6 5.769 5.563 5.112 5.117 5.024 5.012 5.099 5.062 5.097 5.069 5.024 4.974 5.006 5.009 4.989 4.894 4.839 4.801 4.814 4.821 4.836 4.826 4.826 4.801 4.834 4.841 4.819 4.831 4.849 4.904 5.776 6.559 7.194 7.786 8.901 8.799 7.264 5.081 4.789 4.904 4.936 4.966 5.029 5.229 5.129 5.144 5.061 5.064 5.019 5.081 5.194 5.139 5.136 5.826 6.519 6.889 7.666 8.969 6.469 6.626 4.964 4.896 4.904 4.926 4.931 4.991 5.019 5.031 5.026 5.039 5.056 5.076 5.136 5.111
4.813 5.289 5.491 5.559 5.401 5.326 5.175 5.063 5.071 5.046 5.054 5.109 5.101 5.079 5.021 5.001 4.994 4.906 4.899 4.891 4.844 4.809 4.796 4.809 4.821 4.809 4.864 4.869 4.881 4.836 4.814 4.824 4.829 4.794 4.991 6.066 8.011 9.051 9.331 8.879 8.746 6.379 4.876 4.851 4.874 4.944 4.994 5.039 5.019 5.059 5.021 4.991 5.006 5.034 5.054 5.139 5.154 5.084 5.256 6.259 8.691 9.626 7.109 6.316 5.141 4.816 4.864 4.919 4.934 4.984 5.016 5.024 5.056 5.079 5.054 5.084 5.099
4.691 5.129 5.533 5.585 5.406 5.432 5.434 5.132 5.098 5.03 5.097 5.059 5.029 5.064 5.081 5.056 4.986 4.949 4.921 4.924 4.919 4.869 4.859 4.814 4.804 4.791 4.811 4.809 4.829 4.826 4.831 4.801 4.791 4.761 4.831 5.139 6.614 8.179 8.726 9.061 9.336 8.594 6.359 4.831 4.831 4.891 4.964 4.961 4.946 5.049 5.076 4.974 4.981 5.041 5.004 5.021 5.084 5.154 5.116 5.249 7.086 8.629 9.439 8.014 8.909 7.596 5.474 5.099 4.916 4.971 4.946 5.024 5.019 5.056 5.049 5.066 5.091
4.689 4.707 5.014 5.706 5.736 5.574 5.658 5.773 5.557 5.094 5.051 5.124 5.079 5.094 5.094 5.071 5.069 5.009 4.979 4.976 4.946 4.919 4.879 4.839 4.789 4.749 4.794 4.841 4.859 4.804 4.794 4.766 4.746 4.756 4.856 4.856 5.461 5.839 7.231 8.454 9.086 9.486 8.929 6.924 4.849 4.861 4.884 4.949 5.031 5.034 5.006 4.934 4.981 4.944 5.001 4.996 5.049 5.051 5.241 5.191 5.304 5.699 6.296 7.426 9.384 9.366 7.231 5.594 5.661 4.901 4.934 4.959 4.996 5.021 5.054 5.064 5.054
4.788 4.715 4.751 4.952 5.179 5.172 5.412 5.789 5.958 5.022 5.104 4.984 5.054 5.096 5.094 5.096 5.111 5.069 5.014 5.024 4.969 4.929 4.891 4.861 4.826 4.796 4.766 4.829 4.859 4.834 4.804 4.824 4.736 4.829 4.811 4.859 4.859 4.824 5.064 6.426 7.591 8.839 9.289 7.856 5.904 5.371 4.911 4.849 4.896 4.899 4.996 4.951 4.961 4.989 5.011 5.069 4.979 5.066 5.116 5.096 5.174 5.214 5.134 5.341 7.249 9.464 9.724 8.146 5.941 6.154 4.884 4.894 4.956 4.976 5.026 5.036 5.076
4.669 4.705 4.72 4.704 4.673 4.643 4.495 5.041 5.667 4.969 5.011 5.056 5.084 5.071 5.074 5.109 5.069 5.096 5.069 5.054 4.986 4.931 4.896 4.896 4.854 4.859 4.829 4.839 4.836 4.829 4.884 4.784 4.779 4.811 4.839 4.809 4.831 4.844 4.851 4.856 4.826 6.809 8.481 7.656 7.574 6.916 5.686 5.074 4.851 4.871 4.971 4.994 4.944 5.011 4.999 5.036 5.056 5.036 4.989 5.041 5.149 5.144 5.179 5.189 5.311 6.126 8.571 9.294 10.081 9.896 4.884 4.864 4.901 4.926 4.994 5.009 5.039
4.664 4.774 4.805 4.714 4.742 4.628 4.607 4.423 5.139 5.317 5.218 5.404 5.021 5.026 5.036 5.074 5.051 5.054 5.034 5.051 5.014 4.981 4.974 4.904 4.906 4.874 4.849 4.851 4.976 4.901 4.911 4.764 4.824 4.821 4.829 4.849 4.816 4.789 4.831 4.846 4.831 5.704 7.146 7.104 8.109 8.496 7.536 5.764 5.066 4.836 4.836 4.881 4.946 4.951 5.034 5.004 5.001 5.044 4.954 5.019 5.074 5.214 5.136 5.224 5.139 5.099 5.496 6.651 9.496 8.871 7.266 5.486 4.849 4.889 4.904 4.956 4.996
4.655 4.821 4.788 4.744 4.822 4.663 4.644 4.589 4.893 7.031 7.874 6.626 5.251 4.996 5.021 5.021 5.054 5.056 5.099 5.014 5.039 5.024 4.969 4.949 4.924 4.859 4.896 4.956 4.931 4.924 4.936 4.976 4.846 4.824 4.834 4.789 4.826 4.814 4.821 4.839 4.844 4.834 4.851 5.296 6.574 8.316 8.561 7.679 7.854 5.581 4.849 4.814 4.879 4.921 4.921 4.974 5.034 4.996 5.011 4.979 4.996 5.144 5.109 5.101 5.131 5.149 5.221 5.226 6.436 6.904 7.904 8.726 7.531 5.174 4.891 4.876 4.919
4.609 4.711 4.722 4.711 4.748 4.743 4.788 4.657 4.554 6.506 7.724 7.249 5.039 4.879 4.979 5.029 5.044 5.049 5.041 5.036 5.019 5.014 5.006 4.979 4.906 4.846 4.881 4.974 5.009 4.969 4.926 4.871 4.859 4.819 4.811 4.821 4.781 4.796 4.791 4.801 4.781 4.819 4.814 4.784 5.386 8.764 9.641 9.004 8.814 7.011 6.354 5.229 4.849 4.859 4.869 5.031 4.989 5.029 5.084 4.981 5.011 5.079 5.049 5.029 5.096 5.116 5.119 5.144 5.176 5.589 6.551 7.594 8.396 8.346 7.794 5.431 4.874
4.576 4.57 4.637 4.751 4.71 4.786 4.705 4.735 4.749 5.732 6.331 5.811 4.434 5.114 4.964 4.969 5.029 4.991 4.974 5.021 5.009 5.011 5.011 4.984 4.969 4.916 4.896 4.891 4.904 4.931 4.966 4.994 4.859 4.831 4.809 4.814 4.789 4.791 4.791 4.781 4.779 4.781 4.794 4.784 4.964 6.949 8.419 8.716 8.449 7.526 8.259 8.306 6.276 4.891 4.829 4.856 4.884 4.969 4.969 5.034 4.964 4.996 5.024 5.046 5.051 5.014 5.134 5.146 5.131 5.166 5.204 5.869 7.131 8.649 8.729 7.669 5.641
4.519 4.548 4.602 4.642 4.711 4.856 4.707 4.722 4.805 4.63 4.602 4.504 4.344 4.396 5.044 5.231 4.926 4.984 4.941 4.966 4.976 5.001 5.014 4.986 4.981 4.951 4.914 4.906 4.901 4.926 4.989 4.891 4.899 4.921 4.831 4.786 4.821 4.794 4.751 4.744 4.766 4.759 4.786 4.771 4.786 4.991 4.849 6.509 7.089 7.159 8.031 8.949 8.569 5.986 4.784 4.829 4.796 4.901 4.914 4.941 4.979 4.964 4.966 5.084 5.101 5.049 5.069 5.124 5.124 5.151 5.214 5.169 5.484 6.396 8.204 9.636 7.586
4.493 4.543 4.61 4.573 4.667 4.775 4.786 4.747 4.826 4.739 4.635 4.659 4.559 4.336 4.324 4.969 4.911 4.839 4.899 4.954 4.951 4.959 5.001 5.006 5.014 4.956 4.874 4.739 4.844 4.924 4.869 4.861 4.886 4.881 4.854 4.806 4.841 4.821 4.819 4.771 4.751 4.734 4.786 4.819 4.819 4.811 4.879 4.916 5.614 6.531 7.619 9.134 9.136 8.161 6.139 4.941 4.909 4.799 4.861 4.921 4.954 5.029 4.996 5.094 5.131 5.039 5.024 5.066 5.026 5.109 5.069 5.134 5.226 5.216 6.469 9.011 8.706
