Matlab/Roost_data/braunton/dsm/ss4739_DSM_2M.asc
ncols 500
nrows 500
xllcorner    247000
yllcorner    139000
cellsize     2
NODATA_value -9999
[rows 132 to 164 of 500, columns 0 to 75 of 500]
100.897 101.072 101.223 101.38 101.54 101.68 101.83 101.987 102.132 102.29 102.438 102.585 102.735 102.875 103.035 103.158 103.325 103.507 103.645 103.755 103.823 103.925 104.747 104.643 104.235 104.39 104.525 104.675 104.755 104.842 104.945 105.062 105.195 105.3 105.42 105.542 105.652 105.783 105.902 106.042 106.155 106.265 106.368 106.48 106.59 106.688 106.795 106.902 107.02 107.137 107.255 107.363 107.46 107.548 107.63 107.713 107.783 107.875 107.96 108.042 108.122 108.208 108.29 108.382 108.47 108.537 108.628 108.713 108.79 108.872 108.935 -9999 -9999 -9999 -9999 -9999
100.89 101.05 101.2 101.365 101.52 101.652 101.835 101.975 102.125 102.265 102.42 102.56 102.713 102.845 103.005 103.132 103.312 103.473 103.61 103.708 103.803 103.938 104.982 104.688 104.228 104.368 104.503 104.64 104.713 104.815 104.915 105.02 105.15 105.262 105.38 105.518 105.632 105.76 105.882 106.012 106.132 106.245 106.338 106.45 106.552 106.65 106.77 106.875 106.988 107.115 107.232 107.338 107.428 107.518 107.607 107.695 107.755 107.84 107.93 108.003 108.085 108.165 108.257 108.357 108.435 108.535 108.618 108.702 108.77 108.853 108.915 -9999 -9999 -9999 -9999 -9999
100.882 101.035 101.185 101.338 101.5 101.635 101.807 101.94 102.09 102.232 102.397 102.527 102.675 102.812 102.948 103.105 103.292 103.425 103.562 103.66 103.76 104.177 104.757 104.173 104.175 104.317 104.482 104.595 104.668 104.783 104.882 104.982 105.103 105.235 105.355 105.475 105.603 105.725 105.845 105.988 106.1 106.217 106.317 106.42 106.537 106.637 106.738 106.855 106.963 107.085 107.19 107.29 107.397 107.48 107.57 107.665 107.738 107.808 107.895 107.965 108.052 108.145 108.232 108.32 108.41 108.485 108.573 108.643 108.7 108.777 108.853 -9999 -9999 -9999 -9999 -9999
100.875 101.025 101.165 101.31 101.46 101.618 101.77 101.923 102.068 102.232 102.36 102.49 102.635 102.785 102.915 103.088 103.268 103.393 103.495 103.63 103.7 104.615 104.48 104.027 104.158 104.295 104.463 104.552 104.63 104.735 104.853 104.955 105.073 105.208 105.325 105.445 105.575 105.7 105.82 105.948 106.065 106.193 106.287 106.385 106.507 106.615 106.722 106.835 106.948 107.068 107.177 107.272 107.372 107.455 107.535 107.615 107.693 107.765 107.84 107.915 108 108.092 108.188 108.275 108.355 108.445 108.533 108.597 108.655 108.743 108.81 -9999 -9999 -9999 -9999 -9999
100.863 101.005 101.15 101.302 101.443 101.605 101.75 101.895 102.04 102.198 102.32 102.465 102.605 102.738 102.878 103.055 103.225 103.345 103.458 103.59 103.645 104.515 104.225 103.973 104.115 104.268 104.435 104.525 104.607 104.71 104.825 104.923 105.035 105.167 105.283 105.41 105.535 105.66 105.805 105.92 106.035 106.155 106.257 106.365 106.48 106.592 106.695 106.8 106.923 107.037 107.145 107.243 107.333 107.42 107.49 107.575 107.65 107.735 107.81 107.887 107.963 108.062 108.137 108.235 108.322 108.395 108.49 108.558 108.632 108.715 -9999 -9999 -9999 -9999 -9999 -9999
100.84 100.973 101.12 101.272 101.42 101.57 101.73 101.863 102.01 102.165 102.285 102.428 102.567 102.698 102.848 103.028 103.18 103.285 103.438 103.545 103.588 104.57 104.14 103.927 104.098 104.235 104.387 104.475 104.57 104.668 104.798 104.897 105.005 105.125 105.253 105.375 105.51 105.632 105.76 105.875 105.988 106.115 106.215 106.333 106.435 106.537 106.65 106.762 106.89 106.995 107.107 107.202 107.3 107.38 107.45 107.53 107.607 107.69 107.768 107.855 107.938 108.025 108.13 108.215 108.308 108.385 108.465 108.548 108.613 108.68 -9999 -9999 -9999 -9999 -9999 -9999
100.805 100.943 101.095 101.232 101.37 101.52 101.665 101.827 101.972 102.135 102.26 102.4 102.525 102.673 102.82 103.003 103.125 103.26 103.405 103.475 103.775 104.618 103.952 103.918 104.075 104.235 104.355 104.438 104.545 104.647 104.76 104.853 104.967 105.08 105.213 105.34 105.465 105.59 105.725 105.832 105.952 106.068 106.175 106.29 106.4 106.5 106.625 106.715 106.855 106.958 107.068 107.173 107.26 107.345 107.432 107.515 107.592 107.662 107.757 107.835 107.917 108.01 108.107 108.193 108.277 108.353 108.443 108.518 108.58 108.645 -9999 -9999 -9999 -9999 -9999 -9999
100.772 100.93 101.067 101.213 101.342 101.493 101.637 101.78 101.93 102.085 102.215 102.353 102.488 102.625 102.787 102.96 103.083 103.24 103.368 103.402 104.037 104.378 103.808 103.9 104.04 104.21 104.31 104.382 104.488 104.612 104.715 104.818 104.932 105.048 105.173 105.295 105.423 105.552 105.673 105.787 105.893 106.02 106.132 106.243 106.355 106.467 106.585 106.69 106.812 106.927 107.04 107.13 107.215 107.31 107.39 107.485 107.542 107.637 107.715 107.798 107.888 107.98 108.065 108.152 108.243 108.325 108.393 108.472 108.53 108.59 -9999 -9999 -9999 -9999 -9999 -9999
100.772 100.895 101.052 101.188 101.317 101.455 101.605 101.747 101.905 102.042 102.183 102.317 102.442 102.588 102.735 102.9 103.042 103.185 103.302 103.312 104.257 104.062 103.728 103.878 104.018 104.173 104.262 104.342 104.445 104.568 104.658 104.765 104.887 105.003 105.122 105.26 105.382 105.515 105.635 105.747 105.863 105.982 106.095 106.2 106.312 106.423 106.535 106.645 106.76 106.882 106.985 107.09 107.18 107.283 107.347 107.427 107.49 107.572 107.665 107.738 107.842 107.93 108.02 108.103 108.192 108.285 108.363 108.432 108.493 108.555 -9999 -9999 -9999 -9999 -9999 -9999
100.755 100.895 101.035 101.168 101.29 101.438 101.567 101.715 101.87 101.993 102.132 102.262 102.4 102.55 102.68 102.865 102.993 103.14 103.225 103.245 104.447 104.17 103.665 103.84 103.985 104.12 104.2 104.3 104.402 104.52 104.628 104.732 104.853 104.965 105.082 105.21 105.335 105.47 105.58 105.7 105.815 105.94 106.052 106.158 106.268 106.385 106.49 106.605 106.72 106.83 106.932 107.037 107.132 107.205 107.277 107.365 107.445 107.533 107.603 107.702 107.798 107.887 107.97 108.06 108.155 108.243 108.31 108.393 108.448 108.515 -9999 -9999 -9999 -9999 -9999 -9999
100.75 100.88 101.025 101.137 101.275 101.415 101.545 101.685 101.832 101.967 102.085 102.228 102.353 102.49 102.645 102.82 102.952 103.082 103.135 103.232 104.378 103.728 103.643 103.802 103.963 104.08 104.155 104.257 104.368 104.457 104.575 104.69 104.798 104.917 105.03 105.173 105.3 105.427 105.54 105.662 105.777 105.882 105.993 106.107 106.205 106.325 106.43 106.552 106.67 106.787 106.89 106.995 107.103 107.165 107.24 107.315 107.402 107.5 107.55 107.66 107.743 107.842 107.938 108.03 108.113 108.193 108.27 108.345 108.403 108.46 -9999 -9999 -9999 -9999 -9999 -9999
100.755 100.89 101.007 101.132 101.265 101.39 101.518 101.658 101.798 101.933 102.052 102.193 102.31 102.425 102.622 102.787 102.908 103.045 103.052 103.46 104.253 103.613 103.61 103.75 103.918 104.03 104.115 104.215 104.318 104.423 104.527 104.645 104.745 104.875 104.985 105.107 105.253 105.372 105.482 105.613 105.732 105.83 105.948 106.06 106.165 106.28 106.385 106.503 106.618 106.738 106.853 106.95 107.043 107.107 107.198 107.275 107.36 107.463 107.503 107.625 107.7 107.79 107.878 107.975 108.068 108.147 108.23 108.295 108.37 108.425 -9999 -9999 -9999 -9999 -9999 -9999
100.74 100.888 101.01 101.128 101.263 101.378 101.518 101.655 101.777 101.908 102.035 102.152 102.272 102.4 102.603 102.745 102.875 102.985 102.96 103.625 104.16 103.5 103.583 103.72 103.887 103.975 104.06 104.173 104.28 104.38 104.485 104.603 104.71 104.835 104.95 105.075 105.21 105.32 105.443 105.565 105.68 105.798 105.905 106.007 106.128 106.243 106.35 106.465 106.575 106.685 106.802 106.902 106.99 107.05 107.14 107.213 107.32 107.4 107.475 107.58 107.667 107.755 107.842 107.935 108.02 108.107 108.188 108.25 108.31 108.37 -9999 -9999 -9999 -9999 -9999 -9999
100.743 100.88 101.003 101.12 101.24 101.375 101.51 101.643 101.763 101.887 102.022 102.147 102.253 102.403 102.58 102.728 102.842 102.925 102.942 103.65 103.567 103.385 103.545 103.688 103.845 103.948 104.022 104.125 104.228 104.33 104.435 104.555 104.665 104.798 104.908 105.025 105.165 105.272 105.4 105.528 105.637 105.738 105.842 105.97 106.065 106.193 106.295 106.408 106.53 106.637 106.755 106.857 106.94 107.012 107.103 107.175 107.283 107.348 107.43 107.522 107.607 107.702 107.805 107.89 107.975 108.065 108.158 108.22 108.277 108.347 -9999 -9999 -9999 -9999 -9999 -9999
100.737 100.87 100.985 101.11 101.235 101.37 101.503 101.618 101.747 101.88 102.003 102.122 102.247 102.382 102.545 102.692 102.807 102.848 102.902 103.673 103.45 103.363 103.528 103.67 103.812 103.882 103.978 104.083 104.17 104.292 104.402 104.512 104.625 104.738 104.872 104.988 105.128 105.243 105.353 105.475 105.588 105.698 105.792 105.917 106.025 106.135 106.25 106.37 106.488 106.585 106.702 106.792 106.882 106.97 107.048 107.125 107.208 107.283 107.387 107.478 107.565 107.662 107.76 107.848 107.938 108.025 108.095 108.167 108.228 108.298 -9999 -9999 -9999 -9999 -9999 -9999
100.725 100.845 100.952 101.088 101.23 101.355 101.482 101.595 101.732 101.865 101.982 102.077 102.247 102.387 102.545 102.665 102.772 102.795 103.035 104.015 103.277 103.36 103.507 103.652 103.765 103.845 103.943 104.055 104.143 104.25 104.353 104.463 104.59 104.7 104.823 104.948 105.08 105.195 105.305 105.43 105.537 105.645 105.735 105.865 105.963 106.08 106.19 106.32 106.435 106.54 106.662 106.74 106.837 106.912 107.003 107.092 107.162 107.245 107.338 107.432 107.525 107.618 107.713 107.805 107.902 107.975 108.052 108.122 108.195 108.25 -9999 -9999 -9999 -9999 -9999 -9999
100.72 100.825 100.948 101.08 101.202 101.353 101.465 101.592 101.713 101.842 101.93 102.09 102.225 102.387 102.542 102.645 102.725 102.753 103.537 103.762 103.255 103.348 103.485 103.625 103.732 103.81 103.915 104.03 104.122 104.225 104.345 104.433 104.568 104.673 104.792 104.917 105.033 105.13 105.25 105.378 105.482 105.603 105.695 105.815 105.92 106.033 106.152 106.268 106.39 106.488 106.61 106.708 106.783 106.865 106.95 107.037 107.115 107.217 107.295 107.39 107.482 107.557 107.667 107.762 107.847 107.932 108.005 108.082 108.147 108.208 -9999 -9999 -9999 -9999 -9999 -9999
100.713 100.812 100.95 101.07 101.202 101.333 101.46 101.575 101.705 101.787 101.938 102.055 102.213 102.38 102.507 102.605 102.67 102.732 103.88 103.575 103.21 103.345 103.475 103.615 103.72 103.79 103.9 104.01 104.092 104.192 104.308 104.397 104.53 104.64 104.75 104.872 104.995 105.1 105.21 105.325 105.43 105.54 105.64 105.762 105.878 105.988 106.103 106.215 106.342 106.445 106.557 106.65 106.725 106.82 106.9 106.985 107.067 107.162 107.255 107.353 107.448 107.53 107.628 107.723 107.81 107.882 107.96 108.055 108.103 108.155 -9999 -9999 -9999 -9999 -9999 -9999
100.705 100.805 100.938 101.062 101.195 101.312 101.443 101.555 101.683 101.772 101.915 102.033 102.2 102.355 102.488 102.592 102.613 102.79 104.012 103.255 103.188 103.323 103.467 103.598 103.68 103.772 103.895 103.988 104.077 104.183 104.28 104.375 104.49 104.592 104.717 104.833 104.945 105.072 105.162 105.283 105.393 105.5 105.598 105.713 105.84 105.945 106.06 106.175 106.295 106.4 106.512 106.595 106.685 106.765 106.853 106.932 107.022 107.113 107.205 107.315 107.408 107.495 107.59 107.673 107.768 107.853 107.923 108.007 108.06 108.12 -9999 -9999 -9999 -9999 -9999 -9999
100.7 100.823 100.948 101.072 101.198 101.325 101.448 101.548 101.63 101.8 101.897 102.04 102.2 102.345 102.452 102.555 102.56 103.01 103.79 103.15 103.197 103.323 103.473 103.583 103.67 103.765 103.872 103.978 104.06 104.177 104.265 104.363 104.47 104.57 104.702 104.81 104.915 105.033 105.128 105.253 105.35 105.457 105.557 105.673 105.79 105.885 106.007 106.122 106.243 106.363 106.45 106.542 106.625 106.72 106.798 106.882 106.978 107.065 107.167 107.268 107.368 107.465 107.555 107.643 107.738 107.825 107.895 107.952 108.02 108.092 -9999 -9999 -9999 -9999 -9999 -9999
100.698 100.827 100.948 101.075 101.198 101.325 101.43 101.537 101.675 101.785 101.908 102.052 102.22 102.33 102.45 102.537 102.505 103.4 103.61 103.115 103.188 103.323 103.475 103.577 103.655 103.757 103.868 103.963 104.058 104.175 104.257 104.35 104.46 104.56 104.673 104.785 104.895 105.003 105.107 105.223 105.322 105.42 105.527 105.63 105.753 105.847 105.967 106.09 106.2 106.312 106.408 106.503 106.598 106.675 106.762 106.853 106.948 107.04 107.14 107.238 107.317 107.43 107.522 107.618 107.695 107.795 107.853 107.92 107.993 108.062 -9999 -9999 -9999 -9999 -9999 -9999
100.717 100.835 100.965 101.083 101.21 101.342 101.412 101.537 101.665 101.783 101.9 102.037 102.21 102.308 102.427 102.505 102.495 103.618 103.345 103.08 103.183 103.333 103.475 103.57 103.65 103.745 103.868 103.95 104.052 104.178 104.25 104.347 104.445 104.552 104.653 104.78 104.878 104.99 105.095 105.202 105.302 105.395 105.5 105.61 105.732 105.835 105.933 106.057 106.165 106.285 106.37 106.46 106.552 106.635 106.72 106.823 106.912 107.003 107.11 107.205 107.295 107.405 107.49 107.582 107.66 107.747 107.82 107.89 107.965 108.033 -9999 -9999 -9999 -9999 -9999 -9999
100.723 100.857 100.975 101.09 101.217 101.34 101.415 101.558 101.662 101.78 101.905 102.045 102.215 102.312 102.423 102.478 102.55 103.762 103.215 103.077 103.19 103.355 103.463 103.555 103.64 103.735 103.845 103.938 104.028 104.143 104.217 104.33 104.433 104.533 104.652 104.772 104.87 104.978 105.08 105.188 105.29 105.39 105.488 105.597 105.695 105.812 105.918 106.033 106.147 106.257 106.34 106.43 106.522 106.605 106.675 106.792 106.875 106.967 107.075 107.175 107.275 107.382 107.465 107.56 107.637 107.728 107.795 107.862 107.94 108.012 -9999 -9999 -9999 -9999 -9999 -9999
100.745 100.86 100.987 101.107 101.245 101.34 101.445 101.56 101.675 101.78 101.908 102.06 102.217 102.3 102.417 102.425 102.715 103.838 102.993 103.067 103.188 103.347 103.445 103.533 103.632 103.73 103.825 103.927 104.025 104.122 104.228 104.32 104.415 104.525 104.647 104.76 104.868 104.965 105.067 105.177 105.28 105.38 105.482 105.595 105.693 105.812 105.908 106.01 106.13 106.228 106.32 106.415 106.505 106.575 106.673 106.777 106.865 106.947 107.048 107.145 107.253 107.353 107.45 107.533 107.62 107.722 107.792 107.86 107.93 108.005 -9999 -9999 -9999 -9999 -9999 -9999
100.75 100.875 101 101.118 101.238 101.348 101.45 101.567 101.688 101.787 101.91 102.062 102.223 102.31 102.405 102.393 102.865 103.27 102.938 103.067 103.185 103.338 103.438 103.515 103.615 103.717 103.82 103.91 104.012 104.107 104.205 104.307 104.41 104.52 104.63 104.755 104.865 104.967 105.057 105.163 105.265 105.36 105.473 105.588 105.688 105.805 105.9 106.005 106.118 106.215 106.312 106.39 106.485 106.562 106.655 106.755 106.853 106.938 107.04 107.145 107.237 107.348 107.45 107.543 107.628 107.708 107.77 107.832 107.905 107.978 -9999 -9999 -9999 -9999 -9999 -9999
100.77 100.893 101.005 101.122 101.247 101.345 101.46 101.57 101.7 101.802 101.925 102.08 102.217 102.305 102.378 102.365 102.948 102.878 102.868 103.06 103.188 103.335 103.425 103.505 103.618 103.7 103.805 103.895 104.012 104.092 104.19 104.292 104.393 104.512 104.62 104.74 104.853 104.945 105.06 105.162 105.253 105.35 105.465 105.575 105.68 105.787 105.88 105.993 106.103 106.213 106.31 106.385 106.478 106.555 106.65 106.753 106.845 106.93 107.022 107.128 107.215 107.323 107.417 107.51 107.61 107.68 107.755 107.838 107.897 107.967 -9999 -9999 -9999 -9999 -9999 -9999
100.772 100.89 101.007 101.105 101.247 101.345 101.473 101.588 101.7 101.82 101.935 102.088 102.213 102.292 102.34 102.41 103.228 102.815 102.865 103.055 103.193 103.32 103.408 103.493 103.592 103.695 103.798 103.875 103.978 104.075 104.177 104.283 104.385 104.5 104.62 104.723 104.825 104.943 105.057 105.15 105.24 105.348 105.463 105.56 105.67 105.77 105.875 105.997 106.095 106.2 106.28 106.368 106.463 106.53 106.62 106.728 106.822 106.917 107.012 107.122 107.223 107.312 107.408 107.495 107.592 107.668 107.738 107.802 107.882 107.95 -9999 -9999 -9999 -9999 -9999 -9999
100.757 100.872 100.988 101.11 101.238 101.338 101.467 101.588 101.683 101.815 101.938 102.103 102.205 102.268 102.295 102.505 103.025 102.795 102.887 103.057 103.19 103.308 103.395 103.48 103.583 103.678 103.775 103.87 103.97 104.062 104.155 104.257 104.365 104.478 104.613 104.702 104.827 104.933 105.037 105.137 105.225 105.338 105.443 105.545 105.65 105.74 105.865 105.973 106.08 106.175 106.265 106.345 106.45 106.522 106.61 106.705 106.81 106.908 106.995 107.092 107.202 107.29 107.382 107.472 107.565 107.637 107.71 107.783 107.857 107.943 -9999 -9999 -9999 -9999 -9999 -9999
100.745 100.868 100.96 101.105 101.232 101.348 101.463 101.573 101.68 101.798 101.93 102.092 102.175 102.232 102.268 102.59 103.118 102.765 102.912 103.052 103.195 103.288 103.368 103.45 103.565 103.662 103.765 103.86 103.952 104.048 104.143 104.245 104.353 104.47 104.592 104.69 104.81 104.902 105.003 105.105 105.205 105.31 105.408 105.522 105.635 105.74 105.857 105.952 106.057 106.147 106.243 106.315 106.415 106.485 106.57 106.682 106.78 106.857 106.967 107.068 107.177 107.262 107.362 107.45 107.527 107.613 107.7 107.77 107.832 -9999 -9999 -9999 -9999 -9999 -9999 -9999
100.74 100.83 100.963 101.098 101.213 101.342 101.45 101.57 101.673 101.79 101.933 102.08 102.147 102.207 102.268 102.808 102.835 102.753 102.917 103.042 103.185 103.28 103.36 103.445 103.543 103.632 103.747 103.833 103.923 104.01 104.115 104.215 104.333 104.443 104.557 104.665 104.78 104.885 104.97 105.085 105.185 105.283 105.385 105.495 105.603 105.715 105.817 105.917 106.037 106.135 106.2 106.292 106.38 106.463 106.552 106.647 106.747 106.838 106.952 107.048 107.15 107.23 107.327 107.425 107.503 107.588 107.665 107.745 107.807 -9999 -9999 -9999 -9999 -9999 -9999 -9999
100.73 100.827 100.963 101.095 101.215 101.325 101.43 101.54 101.65 101.777 101.935 102.072 102.128 102.192 102.275 102.73 102.715 102.725 102.887 103.03 103.17 103.24 103.327 103.418 103.518 103.62 103.702 103.807 103.897 103.99 104.098 104.195 104.318 104.415 104.522 104.637 104.757 104.84 104.945 105.045 105.16 105.253 105.365 105.47 105.585 105.692 105.798 105.902 106.007 106.105 106.192 106.27 106.347 106.43 106.53 106.618 106.715 106.798 106.908 107.015 107.1 107.198 107.29 107.387 107.475 107.548 107.62 107.713 107.777 -9999 -9999 -9999 -9999 -9999 -9999 -9999
100.707 100.833 100.955 101.09 101.205 101.318 101.423 101.535 101.647 101.783 101.94 102.048 102.115 102.16 102.275 102.848 102.643 102.745 102.897 103.025 103.145 103.225 103.307 103.402 103.493 103.588 103.682 103.78 103.863 103.958 104.077 104.17 104.277 104.387 104.49 104.61 104.705 104.823 104.917 105.018 105.122 105.232 105.347 105.45 105.555 105.673 105.783 105.875 105.973 106.077 106.167 106.235 106.315 106.397 106.497 106.595 106.683 106.775 106.875 106.975 107.06 107.173 107.262 107.363 107.438 107.512 107.597 107.675 107.743 -9999 -9999 -9999 -9999 -9999 -9999 -9999
100.713 100.845 100.96 101.083 101.188 101.3 101.41 101.522 101.647 101.768 101.933 102.02 102.112 102.11 102.467 102.985 102.882 102.762 102.878 103.02 103.118 103.195 103.283 103.372 103.47 103.565 103.655 103.745 103.838 103.938 104.045 104.143 104.25 104.35 104.475 104.577 104.68 104.802 104.897 105 105.113 105.215 105.333 105.433 105.537 105.645 105.757 105.855 105.938 106.027 106.13 106.213 106.295 106.382 106.467 106.562 106.662 106.753 106.85 106.95 107.033 107.125 107.225 107.317 107.397 107.478 107.57 107.635 107.708 -9999 -9999 -9999 -9999 -9999 -9999 -9999
