Matlab/Roost_data/braunton/dsm/ss4735_DSM_2M.asc
ncols 500
nrows 500
xllcorner    247000
yllcorner    135000
cellsize     2
NODATA_value -9999
[rows 408 to 441 of 500, columns 308 to 384 of 500]
4.206 4.214 4.261 4.039 3.903 4.029 4.346 4.429 4.401 4.326 4.276 4.246 4.212 4.212 4.178 4.098 3.847 3.558 3.358 3.147 2.923 2.954 3.163 3.226 3.265 3.374 3.568 3.806 3.995 4.13 4.233 4.251 4.234 4.168 4.137 4.12 4.101 4.052 4.042 3.951 3.842 3.746 3.773 3.874 3.831 3.812 3.796 3.768 3.875 3.846 3.935 4.013 4.093 4.125 4.169 4.188 4.184 4.199 4.196 4.214 4.186 4.285 4.341 4.401 4.468 4.545 4.48 4.203 3.979 3.883 3.957 4.237 4.353 4.382 4.634 6.389 7.168
4.204 4.254 4.312 4.132 3.97 4.002 4.395 4.428 4.387 4.313 4.277 4.259 4.203 4.206 4.143 4.017 3.782 3.554 3.337 3.181 2.979 2.893 3.079 3.22 3.287 3.345 3.508 3.693 3.892 4.039 4.121 4.161 4.159 4.117 4.111 4.082 4.061 4.059 4.071 4.007 3.851 3.801 3.851 3.907 3.937 3.901 3.942 3.869 3.825 3.833 3.887 3.968 4.038 4.082 4.175 4.164 4.166 4.192 4.212 4.225 4.251 4.274 4.311 4.336 4.387 4.487 4.521 4.505 4.257 3.98 3.854 3.931 4.217 4.375 4.406 4.488 5.131
4.247 4.266 4.26 3.978 3.9 4.126 4.431 4.464 4.404 4.287 4.257 4.208 4.184 4.134 4.026 3.874 3.681 3.455 3.303 3.152 2.976 2.835 3.046 3.171 3.172 3.272 3.433 3.598 3.776 3.929 4.054 4.102 4.1 4.111 4.098 4.063 4.062 4.079 4.047 3.984 3.84 3.749 3.837 3.958 4.001 3.995 3.97 3.954 3.891 3.833 3.846 3.892 3.987 4.038 4.156 4.192 4.2 4.183 4.194 4.235 4.277 4.31 4.289 4.307 4.324 4.353 4.455 4.506 4.525 4.423 3.963 3.888 3.925 4.214 4.372 4.41 4.46
4.266 4.273 4.209 3.929 3.96 4.173 4.436 4.43 4.331 4.232 4.177 4.112 4.059 3.951 3.779 3.662 3.54 3.371 3.261 3.148 3.015 2.803 2.956 3.095 3.128 3.224 3.375 3.501 3.673 3.826 3.992 4.078 4.116 4.082 4.079 4.071 4.056 4.049 3.985 3.899 3.781 3.743 3.83 3.947 4.005 4.025 4.022 4.024 4.001 3.985 3.909 3.874 3.917 4.005 4.074 4.16 4.183 4.175 4.16 4.205 4.24 4.28 4.267 4.331 4.292 4.306 4.368 4.43 4.509 4.571 4.483 4.037 3.89 3.925 4.157 4.365 4.421
4.282 4.268 4.18 4.001 3.935 4.22 4.435 4.363 4.19 4.089 3.985 3.865 3.742 3.663 3.547 3.482 3.429 3.33 3.235 3.118 3.018 2.768 2.893 3.096 3.161 3.183 3.23 3.392 3.568 3.707 3.889 4.038 4.089 4.082 4.1 4.097 4.07 4.06 3.981 3.857 3.742 3.753 3.843 3.975 4.005 4.022 4.054 4.057 4.039 4.054 4.012 3.949 3.863 3.928 3.978 4.083 4.177 4.199 4.171 4.17 4.208 4.235 4.217 4.322 4.291 4.258 4.299 4.318 4.512 4.565 4.588 4.582 4.148 3.876 3.9 4.154 4.372
4.309 4.271 4.132 3.902 3.902 4.257 4.35 4.299 4.07 3.908 3.739 3.655 3.554 3.498 3.423 3.385 3.348 3.285 3.178 3.085 3.003 2.789 2.846 3.099 3.101 3.14 3.208 3.31 3.497 3.589 3.784 3.982 4.118 4.129 4.125 4.114 4.095 4.075 4.022 3.877 3.74 3.819 3.903 4.019 4.027 4.049 4.037 4.082 4.077 4.087 4.066 4.024 3.992 3.879 3.903 3.999 4.104 4.179 4.197 4.168 4.172 4.178 4.208 4.293 4.313 4.267 4.233 4.242 4.336 4.49 4.525 4.582 4.65 4.115 3.858 3.88 4.1
4.288 4.242 4.044 3.896 4.005 4.298 4.305 4.219 3.998 3.773 3.61 3.527 3.472 3.417 3.358 3.31 3.31 3.235 3.154 3.035 3.065 2.77 2.813 3.07 3.076 3.092 3.09 3.261 3.407 3.502 3.68 3.875 4.045 4.143 4.16 4.132 4.119 4.096 4.014 3.863 3.735 3.788 3.94 4.028 4.026 4.059 4.047 4.066 4.112 4.106 4.117 4.105 4.07 3.996 3.878 3.915 4.028 4.109 4.177 4.156 4.148 4.182 4.236 4.225 4.284 4.304 4.258 4.24 4.267 4.342 4.477 4.555 4.622 4.65 4.275 3.872 3.85
4.287 4.233 3.978 3.917 4.039 4.333 4.305 4.197 3.945 3.717 3.565 3.486 3.437 3.378 3.321 3.32 3.235 3.178 3.083 3.026 3.023 2.794 2.781 2.975 3.088 3.076 3.089 3.203 3.357 3.469 3.592 3.752 3.948 4.116 4.151 4.142 4.138 4.123 4.031 3.808 3.743 3.818 3.926 3.991 4.006 4.024 4.017 4.051 4.089 4.127 4.117 4.119 4.114 4.029 3.969 3.904 3.936 3.977 4.066 4.114 4.158 4.197 4.253 4.207 4.25 4.303 4.295 4.253 4.255 4.293 4.358 4.543 4.59 4.655 4.717 4.455 3.89
4.3 4.233 3.897 3.931 4.127 4.376 4.309 4.134 3.894 3.705 3.551 3.466 3.45 3.377 3.335 3.288 3.193 3.165 3.099 3.037 2.919 2.736 2.722 3.011 3.099 3.087 3.072 3.145 3.302 3.407 3.54 3.665 3.887 4.076 4.135 4.123 4.148 4.115 4.003 3.822 3.773 3.865 3.969 4.041 3.983 3.97 4 4.043 4.063 4.102 4.147 4.138 4.108 4.077 4.048 3.975 3.895 3.92 4.02 4.08 4.16 4.175 4.195 4.2 4.177 4.23 4.288 4.247 4.275 4.293 4.328 4.38 4.505 4.648 4.695 4.688 4.47
4.277 4.193 3.863 3.905 4.128 4.389 4.267 4.073 3.837 3.668 3.53 3.451 3.402 3.361 3.31 3.255 3.181 3.129 3.092 3.043 2.896 2.666 2.719 3.027 3.034 3.014 3.063 3.159 3.241 3.404 3.445 3.571 3.788 4.006 4.113 4.131 4.123 4.119 4.041 3.873 3.743 3.796 3.952 4.046 4.008 3.97 3.975 4.055 4.105 4.125 4.135 4.117 4.133 4.13 4.12 4.068 4 3.935 3.938 4.03 4.073 4.17 4.195 4.205 4.173 4.177 4.202 4.233 4.267 4.278 4.315 4.345 4.4 4.5 4.685 4.68 4.685
4.261 4.058 3.855 3.885 4.162 4.398 4.236 4.06 3.837 3.635 3.49 3.402 3.373 3.343 3.312 3.259 3.182 3.162 3.071 3.055 2.872 2.648 2.756 3.092 3.042 3.067 3.067 3.152 3.249 3.35 3.409 3.536 3.687 3.858 4.014 4.119 4.113 4.068 4.017 3.892 3.715 3.757 3.943 4.017 4.025 3.97 3.975 4.048 4.08 4.125 4.102 4.15 4.135 4.122 4.153 4.113 4.062 4.07 4.028 3.953 3.983 4.013 4.128 4.213 4.19 4.188 4.145 4.2 4.255 4.315 4.338 4.33 4.347 4.422 4.55 4.653 4.675
4.228 4.018 3.868 4.004 4.223 4.385 4.282 4.127 3.901 3.641 3.469 3.358 3.354 3.394 3.35 3.256 3.211 3.142 3.081 3.091 2.87 2.617 2.831 3.057 3.094 3.104 3.087 3.175 3.252 3.31 3.398 3.513 3.64 3.817 3.905 4.055 4.097 4.062 3.985 3.805 3.68 3.753 3.94 4.023 4.015 3.97 3.945 4.003 4.085 4.122 4.133 4.14 4.142 4.155 4.168 4.142 4.168 4.122 4.09 4.02 3.96 3.94 3.995 4.13 4.193 4.197 4.145 4.185 4.227 4.307 4.325 4.332 4.34 4.365 4.403 4.483 4.682
4.179 3.975 3.908 4.049 4.25 4.378 4.272 4.138 3.919 3.686 3.475 3.343 3.342 3.376 3.327 3.239 3.183 3.135 3.158 3.055 2.697 2.667 2.943 2.981 2.997 3.053 3.102 3.2 3.345 3.347 3.435 3.53 3.632 3.74 3.82 3.938 3.988 3.933 3.795 3.678 3.64 3.72 3.89 3.985 4.01 3.967 3.925 3.965 4.08 4.102 4.11 4.122 4.118 4.148 4.17 4.177 4.17 4.175 4.148 4.117 4.068 3.983 3.957 3.953 4.055 4.1 4.115 4.19 4.177 4.262 4.342 4.358 4.385 4.372 4.395 4.44 4.53
4.158 3.897 3.874 4.007 4.236 4.262 4.22 4.126 3.968 3.77 3.517 3.349 3.319 3.273 3.278 3.193 3.142 3.138 3.178 2.835 2.57 2.835 3.072 3.1 3.128 3.182 3.19 3.225 3.287 3.368 3.497 3.503 3.592 3.66 3.715 3.79 3.817 3.777 3.707 3.69 3.653 3.68 3.78 3.912 3.943 3.945 3.908 3.905 4.043 4.115 4.137 4.105 4.15 4.145 4.155 4.14 4.172 4.177 4.21 4.142 4.113 4.065 4.01 3.953 3.953 3.98 4.015 4.085 4.135 4.202 4.28 4.382 4.425 4.385 4.385 4.42 4.435
4.109 3.896 3.941 3.973 4.244 4.233 4.137 4.065 4.003 3.79 3.525 3.352 3.245 3.19 3.168 3.175 3.085 3.125 3.033 2.655 2.648 2.952 3.122 3.125 3.178 3.295 3.317 3.382 3.358 3.368 3.395 3.457 3.463 3.545 3.557 3.57 3.535 3.543 3.57 3.62 3.605 3.62 3.615 3.755 3.812 3.88 3.885 3.885 3.983 4.085 4.168 4.12 4.128 4.137 4.145 4.14 4.16 4.16 4.155 4.18 4.12 4.128 4.092 4.062 3.997 3.99 3.97 3.96 4.073 4.17 4.242 4.363 4.447 4.415 4.378 4.365 4.395
4.04 3.852 3.895 4.045 4.19 4.168 4.052 4.005 3.99 3.795 3.55 3.355 3.195 3.158 3.11 3.097 3.068 3.06 2.822 2.557 2.827 3.025 3.057 3.202 3.247 3.35 3.352 3.385 3.428 3.485 3.527 3.607 3.582 3.63 3.615 3.668 3.697 3.745 3.787 3.777 3.757 3.75 3.67 3.62 3.612 3.717 3.812 3.888 3.938 3.975 4.088 4.115 4.135 4.122 4.132 4.165 4.148 4.14 4.158 4.15 4.12 4.14 4.122 4.102 4.048 4.065 3.987 3.93 3.98 4.113 4.195 4.307 4.425 4.41 4.355 4.315 4.345
3.97 3.837 3.85 4.01 4.182 4.182 4.11 4.025 3.943 3.757 3.515 3.335 3.168 3.12 3.09 3.015 3.017 2.95 2.612 2.695 2.945 3.03 3.11 3.235 3.33 3.438 3.455 3.453 3.47 3.485 3.555 3.62 3.648 3.63 3.697 3.763 3.855 3.945 3.95 3.943 3.908 3.878 3.857 3.827 3.76 3.66 3.655 3.777 3.875 3.908 3.997 4.1 4.14 4.128 4.142 4.145 4.12 4.193 4.148 4.177 4.137 4.137 4.142 4.105 4.092 4.105 4.082 4.003 3.938 4.005 4.088 4.215 4.315 4.375 4.365 4.345 4.35
3.97 3.822 3.832 4.582 5.12 4.97 4.407 4.095 3.948 3.793 3.51 3.25 3.128 3.095 3.025 3.027 3.055 2.78 2.59 2.86 3.05 3.085 3.168 3.335 3.49 3.557 3.595 3.543 3.513 3.495 3.525 3.628 3.658 3.678 3.735 3.818 3.953 4.06 4.07 4.045 4.048 4.012 3.973 3.888 3.852 3.803 3.73 3.65 3.773 3.9 3.955 4.023 4.102 4.132 4.182 4.173 4.137 4.122 4.133 4.145 4.153 4.14 4.1 4.108 4.1 4.115 4.153 4.11 4.108 4.017 4.005 4.073 4.19 4.318 4.365 4.403 4.365
3.94 3.832 4.01 4.54 5 5.29 4.818 5.055 4.713 3.895 3.568 3.298 3.14 3.092 3.043 3.128 2.938 2.58 2.7 2.928 3.065 3.153 3.332 3.49 3.597 3.703 3.72 3.673 3.612 3.615 3.66 3.745 3.84 3.862 3.858 3.855 3.973 4.105 4.122 4.088 4.085 4.082 4.05 4.02 4.037 3.955 3.86 3.72 3.66 3.837 3.94 3.997 4.043 4.102 4.14 4.153 4.12 4.133 4.115 4.137 4.137 4.13 4.162 4.11 4.117 4.162 4.168 4.14 4.148 4.095 4.045 4.048 4.048 4.202 4.312 4.427 4.438
3.883 3.87 3.953 4.182 4.205 4.13 4.22 4.8 5.05 4.988 3.918 3.267 3.22 3.09 3.115 3.142 2.73 2.585 2.883 3.003 3.112 3.277 3.443 3.662 3.807 3.875 3.87 3.77 3.693 3.727 3.82 3.903 4.02 4.03 3.99 3.925 3.973 4.1 4.135 4.122 4.097 4.085 4.1 4.06 4.08 4.075 3.98 3.845 3.707 3.757 3.858 3.983 4.068 4.128 4.148 4.162 4.155 4.16 4.177 4.213 4.16 4.18 4.185 4.153 4.133 4.153 4.125 4.155 4.153 4.185 4.13 4.04 3.973 4.075 4.222 4.312 4.405
3.902 3.969 3.995 4.165 4.15 4.05 3.963 3.885 3.89 4.158 4.375 4.96 3.908 3.327 3.095 2.865 2.565 2.787 3.1 3.142 3.22 3.368 3.598 3.8 3.928 3.95 3.89 3.783 3.77 3.793 3.88 3.943 4.065 4.105 4.102 4.05 3.995 4.037 4.105 4.145 4.133 4.095 4.108 4.115 4.113 4.1 4.06 3.943 3.807 3.717 3.805 3.91 4.003 4.115 4.16 4.158 4.13 4.135 4.193 4.165 4.142 4.188 4.188 4.177 4.165 4.162 4.155 4.21 4.158 4.202 4.16 4.17 4.07 4.01 4.062 4.205 4.29
3.918 3.98 3.989 4.19 4.13 4.068 3.98 3.815 3.592 3.375 3.19 3.335 3.685 3.975 3.858 2.735 2.6 3.02 3.237 3.257 3.325 3.47 3.695 3.852 3.918 3.925 3.9 3.865 3.832 3.82 3.875 3.895 3.987 4.065 4.11 4.095 4.075 4.057 4.055 4.088 4.125 4.1 4.115 4.135 4.132 4.115 4.08 4.033 3.9 3.777 3.727 3.825 3.943 4.08 4.15 4.142 4.158 4.135 4.14 4.153 4.125 4.153 4.175 4.175 4.238 4.222 4.195 4.18 4.182 4.173 4.173 4.168 4.162 4.008 3.963 4.06 4.155
3.947 4.137 4.052 4.221 4.103 4.037 3.97 3.773 3.503 3.287 3.152 3.057 2.985 3.005 3.108 2.727 3.057 3.102 3.26 3.415 3.555 3.628 3.618 3.75 3.855 3.935 3.955 3.933 3.9 3.868 3.847 3.867 3.89 4.005 4.062 4.092 4.095 4.117 4.105 4.053 4.08 4.118 4.142 4.145 4.142 4.122 4.13 4.108 4 3.875 3.793 3.793 3.915 4.005 4.11 4.132 4.155 4.12 4.13 4.122 4.11 4.12 4.185 4.222 4.238 4.233 4.202 4.177 4.2 4.182 4.21 4.18 4.207 4.133 3.975 3.963 4.075
3.839 3.91 4.129 4.194 4.091 4.01 3.918 3.725 3.43 3.223 3.11 3.035 2.963 2.88 2.847 2.935 3.168 3.858 4.323 4.05 3.87 3.84 3.807 3.793 3.838 3.913 3.955 3.967 3.965 3.938 3.872 3.867 3.888 3.91 4.012 4.053 4.065 4.08 4.102 4.082 4.052 4.073 4.105 4.108 4.117 4.12 4.122 4.11 4.095 3.945 3.812 3.727 3.842 3.955 4.07 4.13 4.135 4.14 4.133 4.125 4.118 4.097 4.122 4.193 4.235 4.217 4.197 4.195 4.177 4.198 4.242 4.225 4.22 4.18 4.095 3.997 3.997
3.85 3.95 4.213 4.154 4.062 3.979 3.885 3.66 3.398 3.195 3.095 3.015 3.007 2.93 2.747 2.915 3.075 3.263 3.683 4.45 5.045 4.682 4.037 3.983 3.96 3.963 3.993 4.013 3.965 3.94 3.923 3.872 3.878 3.88 3.95 3.995 4.003 4.045 4.073 4.088 4.073 4.03 4 4.035 4.108 4.115 4.113 4.11 4.052 3.923 3.825 3.74 3.787 3.888 3.988 4.082 4.125 4.12 4.128 4.137 4.105 4.062 4.088 4.148 4.2 4.23 4.233 4.177 4.16 4.198 4.21 4.242 4.182 4.168 4.185 4.11 4.005
3.832 3.958 4.19 4.099 4.011 3.932 3.839 3.648 3.4 3.193 3.072 3.035 3.09 2.838 2.38 2.898 3.125 3.317 3.515 3.818 4.175 4.655 5.005 4.565 4.432 3.957 4.033 4.01 3.96 3.96 3.918 3.865 3.862 3.86 3.88 3.957 3.995 4.023 4.045 4.05 4.053 4.06 4.003 3.993 4.015 4.085 4.09 4.108 4.008 3.885 3.807 3.777 3.797 3.86 3.89 3.965 4.068 4.097 4.12 4.137 4.075 3.995 4.003 4.06 4.108 4.185 4.207 4.165 4.188 4.18 4.2 4.202 4.177 4.153 4.168 4.177 4.11
3.873 4 4.186 4.034 3.93 3.85 3.735 3.56 3.375 3.2 3.043 3.03 3.06 2.65 2.398 3.005 3.17 3.37 3.648 3.94 4.01 4.015 4.14 4.302 4.855 4.962 4.688 3.967 3.977 4.035 4.048 3.97 3.888 3.835 3.842 3.88 3.913 3.963 4.02 4.033 4.023 4.068 4.035 4.015 3.965 3.945 3.983 3.985 3.938 3.882 3.793 3.767 3.743 3.81 3.903 3.935 4.035 4.095 4.09 4.088 4.005 3.947 3.95 3.95 4.01 4.077 4.17 4.175 4.185 4.195 4.193 4.188 4.193 4.185 4.173 4.185 4.177
3.88 4.108 4.135 3.928 3.789 3.674 3.552 3.456 3.342 3.178 3.08 3.047 2.985 2.585 2.432 3.122 3.255 3.425 3.713 3.935 4.005 3.987 3.983 3.99 3.99 4.2 4.788 4.975 4.94 4.383 4.01 4.05 3.955 3.933 3.898 3.868 3.865 3.86 3.898 3.91 3.923 3.967 4.02 4.003 4.008 3.938 3.858 3.847 3.832 3.815 3.8 3.805 3.765 3.8 3.862 3.885 3.965 4.052 4.07 4.02 3.935 3.99 4.043 4.048 3.985 3.967 4.048 4.175 4.188 4.19 4.195 4.185 4.185 4.205 4.215 4.202 4.22
3.928 4.18 3.978 3.658 3.556 3.484 3.404 3.355 3.283 3.168 3.125 3.025 2.945 2.585 2.472 3.197 3.362 3.48 3.71 3.953 3.995 3.993 3.983 3.99 3.99 4.008 4.015 4.235 4.8 5.137 5.03 4.012 3.953 3.99 4.038 3.997 3.94 3.86 3.817 3.832 3.837 3.89 3.95 3.965 4.01 3.967 3.848 3.773 3.805 3.807 3.807 3.77 3.745 3.785 3.81 3.855 3.855 3.925 3.955 3.913 3.977 4.06 4.08 4.09 4.053 4.037 4.008 4.093 4.18 4.19 4.19 4.2 4.202 4.19 4.217 4.22 4.22
3.951 4.16 3.888 3.517 3.405 3.363 3.254 3.122 3.028 2.94 2.895 2.85 2.75 2.44 2.472 3.195 3.395 3.483 3.69 3.933 4.023 3.995 3.997 3.987 3.983 3.995 4.015 3.99 3.975 4.09 4.585 4.75 4.382 3.967 3.933 3.98 3.97 3.888 3.827 3.87 3.842 3.825 3.855 3.892 3.955 3.95 3.882 3.797 3.773 3.75 3.777 3.76 3.74 3.785 3.815 3.805 3.817 3.875 3.86 3.898 4.065 4.12 4.11 4.1 4.068 4.08 4.028 4.003 4.135 4.177 4.168 4.188 4.227 4.247 4.24 4.227 4.23
4.01 4.109 3.924 3.562 3.462 3.272 3.023 3.216 2.928 2.923 2.97 2.872 2.738 2.39 2.48 3.25 3.433 3.49 3.675 3.902 4.013 4.013 3.997 3.977 3.977 3.98 4 3.988 3.975 3.965 3.913 3.967 4.275 4.602 4.562 4.287 3.947 3.888 3.85 3.933 3.995 3.95 3.848 3.812 3.905 3.885 3.85 3.78 3.767 3.787 3.737 3.727 3.837 3.815 3.797 3.78 3.793 3.812 3.84 3.943 4.065 4.135 4.135 4.105 4.1 4.108 4.062 4.015 4.092 4.168 4.177 4.18 4.22 4.27 4.238 4.205 4.225
4.07 4.064 3.886 3.548 3.371 3.287 3.33 3.399 3.338 3.183 3.253 3.173 3.027 2.483 2.428 3.212 3.395 3.477 3.675 3.9 3.977 3.993 4.015 3.98 3.965 3.967 3.97 3.98 3.967 3.963 3.92 3.92 3.935 3.923 3.995 4.18 4.648 4.088 3.852 3.96 3.995 3.987 3.9 3.805 3.795 3.835 3.817 3.82 3.757 3.83 3.733 3.757 3.815 3.85 3.837 3.77 3.743 3.822 3.83 3.875 4.005 4.122 4.125 4.142 4.135 4.13 4.115 4.045 4.015 4.113 4.168 4.188 4.215 4.217 4.185 4.182 4.195
4.081 4.036 3.895 3.671 3.502 3.462 3.598 3.564 3.412 3.25 3.332 3.265 3.122 2.568 2.42 3.18 3.405 3.445 3.655 3.882 3.953 3.97 3.99 3.933 3.905 3.908 3.953 3.985 3.96 3.957 3.947 3.908 3.895 3.908 3.933 3.908 3.918 4.385 4.56 5.082 4.552 4.193 3.888 3.807 3.803 3.79 3.795 3.8 3.76 3.743 3.72 3.785 3.81 3.81 3.842 3.885 3.845 3.803 3.78 3.83 3.888 4.062 4.148 4.153 4.15 4.148 4.135 4.062 4.05 4.073 4.117 4.168 4.212 4.193 4.198 4.19 4.193
4.111 4.123 4.019 3.896 3.789 3.802 3.776 3.628 3.455 3.312 3.24 3.205 3.133 2.662 2.38 3.118 3.385 3.428 3.615 3.86 3.957 3.935 3.943 3.915 3.855 3.872 3.943 3.975 3.943 3.938 3.94 3.938 3.943 3.905 3.908 3.903 3.957 3.967 3.977 4.375 4.787 5.2 4.6 3.817 3.822 3.817 3.793 3.815 3.763 3.777 3.735 3.81 3.805 3.875 3.918 3.995 3.92 3.89 3.815 3.805 3.785 3.882 4.035 4.135 4.17 4.162 4.165 4.108 4.055 4.013 4.08 4.153 4.193 4.21 4.202 4.205 4.2
