Matlab/Roost_data/braunton/dsm/ss4737_DSM_2M.asc
ncols 500
nrows 500
xllcorner    247000
yllcorner    137000
cellsize     2
NODATA_value -9999
[rows 0 to 31 of 500, columns 72 to 143 of 500]
47.58 47.728 47.833 47.958 48.083 48.21 48.328 48.455 48.57 48.698 48.768 48.853 48.975 49.043 49.118 49.178 49.21 49.533 50.53 49.445 49.265 49.36 50.703 51.548 51.355 50.873 51.04 51.238 51.53 51.683 51.845 52.025 52.265 52.68 53.068 53.275 53.358 53.438 53.568 54.2 54.853 55.278 55.103 55.098 55.433 55.65 55.76 55.825 55.903 55.948 56.123 59.218 62.348 63.35 63.968 63.033 61.15 59.635 59.63 59.635 59.355 57.345 58.46 58.705 58.825 58.675 58.805 58.945 59.105 59.263 59.51 59.743
47.53 47.678 47.798 47.91 48.065 48.198 48.318 48.45 48.57 48.683 48.773 48.855 48.938 49.025 49.083 49.153 49.21 50.098 51.085 49.335 49.24 49.573 51.035 51.143 51.225 51.27 51.163 51.423 51.508 51.64 51.815 51.998 52.203 52.54 52.948 53.18 53.28 53.423 53.603 54.318 54.803 55.17 55.093 55.358 55.235 55.56 55.695 55.815 55.85 55.908 56.018 58.47 61.243 61.468 60.898 58.695 59.055 59.045 58.603 57.385 57.14 57.565 58.165 58.348 58.53 58.67 58.828 58.995 59.15 59.355 59.56 59.775
47.465 47.61 47.77 47.92 48.048 48.188 48.313 48.445 48.58 48.67 48.753 48.835 48.915 48.968 49.06 49.163 49.203 50.075 50.865 49.16 49.158 50.055 51.13 51.16 51.12 51.16 51.245 51.32 51.453 51.603 51.78 51.938 52.135 52.418 52.805 53.115 53.305 53.49 53.67 53.97 54.518 55.003 55.313 55.06 55.088 55.498 55.655 55.76 55.803 55.965 55.935 56.81 58.713 56.733 57.19 57.24 57.808 56.985 57.163 57.383 57.605 57.835 58.068 58.285 58.515 58.678 58.853 59.045 59.198 59.413 59.62 59.805
47.465 47.628 47.793 47.945 48.1 48.225 48.34 48.445 48.543 48.645 48.748 48.793 48.863 48.93 49.01 49.078 49.168 49.788 50.735 49.283 49.083 50 51.008 51.15 51.065 51.048 51.153 51.23 51.403 51.55 51.713 51.91 52.055 52.285 52.623 52.96 53.25 53.51 53.683 53.84 54.255 54.65 54.805 54.805 55.168 55.345 56.055 55.86 56.55 56.698 56.738 56.565 56.818 56.938 57.21 57.143 57.01 57.078 57.223 57.408 57.56 57.778 58.028 58.268 58.495 58.695 58.888 59.08 59.248 59.403 59.645 59.855
47.505 47.663 47.818 47.975 48.128 48.225 48.335 48.423 48.505 48.59 48.673 48.738 48.828 48.908 48.965 49.028 49.108 49.83 50.443 48.985 49.033 49.985 51.045 51.06 50.965 50.993 51.098 51.178 51.34 51.498 51.708 51.88 52.018 52.193 52.453 52.76 53.055 53.368 53.628 53.82 53.983 54.088 54.17 54.568 54.835 55.625 58.458 56.315 57.09 57.13 56.805 56.665 56.613 56.678 56.77 56.86 56.993 57.128 57.285 57.435 57.595 57.795 58.018 58.253 58.483 58.708 58.893 59.085 59.278 59.455 59.685 59.913
47.535 47.658 47.803 47.938 48.053 48.15 48.25 48.35 48.443 48.553 48.618 48.678 48.763 48.843 48.943 48.998 49.068 49.583 50.458 48.98 48.93 49.888 51.033 50.978 50.918 50.968 51.053 51.125 51.258 51.445 51.64 51.795 51.948 52.138 52.295 52.55 52.903 53.28 53.603 53.815 53.955 54.045 54.083 54.368 54.928 55.158 55.285 55.648 56.113 55.808 55.445 55.913 56.378 56.638 56.8 56.918 57.035 57.16 57.31 57.493 57.66 57.85 58.038 58.238 58.5 58.735 58.953 59.143 59.295 59.51 59.743 59.945
47.518 47.635 47.743 47.888 47.958 48.085 48.175 48.26 48.375 48.465 48.545 48.605 48.685 48.765 48.87 48.935 48.995 49.663 50.54 48.85 48.83 49.863 51.073 50.895 50.858 50.91 51.005 51.083 51.2 51.418 51.583 51.738 51.925 52.078 52.258 52.45 52.778 53.175 53.555 53.798 53.995 54.115 54.058 54.168 54.458 54.708 54.818 54.843 54.958 55.113 55.345 55.745 56.2 56.618 56.84 56.93 57.085 57.21 57.35 57.55 57.723 57.865 58.06 58.25 58.515 58.765 58.97 59.18 59.37 59.583 59.778 59.975
47.48 47.59 47.678 47.773 47.875 47.97 48.078 48.183 48.28 48.375 48.45 48.51 48.613 48.718 48.793 48.875 48.955 49.368 50.733 49.168 48.768 49.69 50.858 50.82 50.815 50.87 50.948 51.053 51.17 51.355 51.528 51.683 51.898 52.05 52.18 52.393 52.698 53.058 53.49 53.755 53.925 53.988 54.093 54.163 54.305 54.398 54.525 54.758 54.928 55.113 55.31 55.605 56.06 56.565 56.855 56.99 57.093 57.23 57.398 57.568 57.743 57.883 58.053 58.253 58.523 58.773 58.968 59.185 59.425 59.595 59.79 59.998
47.385 47.485 47.608 47.688 47.775 47.873 47.978 48.088 48.185 48.283 48.38 48.44 48.543 48.648 48.723 48.8 48.918 49.178 50.18 48.795 48.713 49.445 50.735 50.725 50.753 50.8 50.893 50.99 51.123 51.315 51.483 51.663 51.845 51.993 52.143 52.315 52.568 52.95 53.355 53.718 53.895 53.985 54.095 54.158 54.285 54.44 54.535 54.69 54.885 55.083 55.288 55.533 55.908 56.463 56.858 57.023 57.14 57.288 57.433 57.61 57.768 57.888 58.045 58.268 58.55 58.738 58.96 59.183 59.425 59.625 59.838 60.02
47.315 47.41 47.503 47.588 47.705 47.823 47.895 48.018 48.123 48.2 48.3 48.355 48.455 48.55 48.643 48.758 48.84 49.003 50.368 49.23 48.63 49.233 50.833 50.705 50.688 50.773 50.845 50.948 51.073 51.245 51.428 51.58 51.778 51.935 52.1 52.265 52.5 52.84 53.213 53.613 53.86 54.008 54.108 54.178 54.298 54.485 54.543 54.698 54.893 55.105 55.263 55.478 55.8 56.3 56.77 57.045 57.178 57.318 57.488 57.663 57.823 57.94 58.083 58.288 58.475 58.69 58.955 59.193 59.445 59.648 59.835 60.025
47.21 47.33 47.438 47.533 47.625 47.72 47.823 47.908 48.02 48.103 48.198 48.258 48.353 48.46 48.595 48.698 48.76 49.21 50.2 49.565 48.578 49.355 50.46 50.695 50.643 50.73 50.795 50.885 51.005 51.18 51.368 51.543 51.713 51.84 52.005 52.18 52.383 52.66 53.078 53.503 53.815 53.988 54.125 54.195 54.318 54.49 54.618 54.745 54.91 55.118 55.265 55.475 55.723 56.153 56.708 57.058 57.223 57.365 57.538 57.713 57.825 57.96 58.098 58.25 58.39 58.65 58.955 59.255 59.445 59.655 59.845 60.018
47.135 47.255 47.35 47.445 47.523 47.618 47.73 47.823 47.9 48.003 48.11 48.183 48.28 48.383 48.51 48.613 48.683 48.9 50.145 49.46 48.528 48.693 50.55 50.633 50.605 50.683 50.753 50.833 50.935 51.115 51.345 51.445 51.613 51.768 51.91 52.125 52.335 52.593 52.94 53.365 53.785 54.035 54.153 54.223 54.295 54.575 54.878 54.808 54.925 55.113 55.288 55.473 55.695 56.05 56.575 57.025 57.25 57.418 57.583 57.733 57.878 58.015 58.133 58.22 58.383 58.66 58.958 59.24 59.475 59.668 59.843 60.003
47.048 47.143 47.228 47.363 47.425 47.52 47.603 47.713 47.798 47.898 48.008 48.113 48.173 48.288 48.403 48.523 48.63 48.72 49.805 49.623 48.468 48.57 50.418 50.608 50.563 50.625 50.705 50.803 50.898 51.068 51.238 51.398 51.573 51.748 51.918 52.115 52.293 52.5 52.86 53.3 53.753 54.028 54.165 54.215 54.26 54.463 54.88 54.865 54.968 55.085 55.298 55.503 55.705 56.01 56.47 56.973 57.28 57.473 57.643 57.805 57.933 58.045 58.138 58.235 58.445 58.715 59.033 59.283 59.493 59.648 59.85 59.978
46.948 47.05 47.163 47.238 47.315 47.435 47.54 47.623 47.73 47.805 47.913 48.008 48.073 48.2 48.313 48.44 48.553 48.625 49.928 49.838 48.38 48.405 50.21 50.635 50.495 50.598 50.658 50.743 50.87 51.033 51.17 51.348 51.545 51.728 51.915 52.078 52.25 52.473 52.803 53.253 53.725 54.028 54.195 54.235 54.303 54.405 54.843 54.913 54.973 55.095 55.315 55.528 55.735 55.995 56.358 56.873 57.29 57.518 57.685 57.835 58.008 58.078 58.125 58.29 58.503 58.768 59.063 59.313 59.498 59.66 59.825 59.97
46.855 46.958 47.045 47.145 47.225 47.338 47.443 47.545 47.618 47.713 47.81 47.905 47.98 48.1 48.233 48.328 48.428 48.503 49.548 49.93 48.328 48.363 50.198 50.59 50.403 50.54 50.628 50.71 50.813 50.97 51.145 51.333 51.508 51.698 51.868 52.023 52.198 52.415 52.783 53.24 53.743 54.1 54.21 54.25 54.32 54.345 54.81 54.993 54.95 55.113 55.335 55.55 55.77 55.973 56.27 56.74 57.193 57.498 57.74 57.938 58.048 58.118 58.188 58.365 58.555 58.813 59.098 59.34 59.495 59.668 59.868 60.028
46.788 46.865 46.943 47.04 47.16 47.258 47.343 47.443 47.55 47.638 47.725 47.825 47.898 47.998 48.123 48.22 48.333 48.435 49.385 49.803 48.273 48.285 49.923 50.413 50.313 50.465 50.573 50.653 50.775 50.93 51.105 51.288 51.46 51.653 51.835 51.99 52.155 52.385 52.738 53.245 53.785 54.14 54.24 54.255 54.318 54.365 54.658 55.185 55.01 55.113 55.338 55.553 55.755 55.958 56.205 56.618 57.083 57.49 57.858 58.01 58.073 58.17 58.3 58.45 58.668 58.893 59.153 59.323 59.5 59.698 59.875 60.035
46.645 46.74 46.825 46.943 47.07 47.143 47.248 47.358 47.448 47.555 47.64 47.733 47.835 47.958 48.04 48.14 48.233 48.288 48.743 49.508 48.243 48.215 49.91 50.253 50.233 50.38 50.523 50.623 50.743 50.903 51.075 51.213 51.42 51.633 51.808 51.983 52.115 52.37 52.73 53.235 53.798 54.145 54.25 54.263 54.323 54.373 54.635 55.21 54.995 55.113 55.338 55.575 55.778 55.963 56.17 56.533 56.955 57.43 57.86 58.023 58.143 58.273 58.408 58.598 58.76 58.99 59.215 59.398 59.553 59.748 59.923 60.043
46.573 46.66 46.783 46.89 46.983 47.088 47.17 47.273 47.368 47.463 47.553 47.658 47.76 47.85 47.93 48.035 48.11 48.14 48.48 48.968 48.163 48.195 50.33 50.198 50.158 50.325 50.45 50.563 50.675 50.84 51.038 51.215 51.388 51.585 51.813 51.948 52.11 52.34 52.74 53.238 53.74 54.148 54.238 54.265 54.31 54.348 54.495 55.15 54.953 55.118 55.363 55.593 55.778 56.003 56.188 56.48 56.88 57.34 57.753 58.003 58.205 58.373 58.538 58.72 58.868 59.045 59.255 59.48 59.678 59.838 59.97 60.1
46.498 46.615 46.71 46.793 46.89 47.005 47.11 47.21 47.308 47.39 47.508 47.598 47.688 47.783 47.855 47.925 48.005 48.07 48.513 49.36 48.148 48.133 50.17 49.993 50.113 50.273 50.388 50.5 50.618 50.8 51 51.163 51.353 51.563 51.755 51.923 52.108 52.358 52.74 53.233 53.735 54.08 54.203 54.248 54.328 54.37 54.493 55.1 55.1 55.125 55.38 55.663 55.885 56.093 56.285 56.555 56.84 57.255 57.655 57.963 58.213 58.46 58.673 58.79 58.953 59.14 59.345 59.585 59.808 59.938 60.03 60.165
46.433 46.558 46.625 46.733 46.85 46.933 47.063 47.153 47.255 47.335 47.473 47.573 47.678 47.783 47.82 48.225 48.993 51.07 51.538 50.548 48.055 48.183 49.998 49.93 50.063 50.22 50.34 50.468 50.575 50.75 50.953 51.14 51.298 51.51 51.728 51.898 52.095 52.345 52.735 53.208 53.748 54.095 54.193 54.268 54.31 54.38 54.495 54.768 54.968 55.123 55.388 55.653 55.903 56.105 56.308 56.528 56.798 57.173 57.563 57.915 58.178 58.498 58.718 58.9 59.058 59.26 59.47 59.713 59.838 59.935 60.063 60.235
46.353 46.47 46.585 46.675 46.8 46.888 47.025 47.138 47.245 47.373 47.473 47.595 47.755 48.228 49.503 50.528 52.013 52.423 51.463 49.54 47.995 48.158 50.158 49.783 50.01 50.183 50.295 50.383 50.51 50.66 50.888 51.093 51.29 51.473 51.71 51.908 52.07 52.328 52.705 53.218 53.743 54.055 54.19 54.265 54.328 54.393 54.54 54.683 54.915 55.19 55.44 55.608 55.835 56.098 56.338 56.593 56.863 57.15 57.52 57.818 58.17 58.5 58.753 58.935 59.118 59.305 59.538 59.765 59.88 59.988 60.118 60.29
46.285 46.415 46.545 46.693 46.803 46.903 47.018 47.133 47.29 47.528 47.68 48.028 48.535 48.263 49.168 47.798 47.99 47.975 47.7 48.345 47.97 48.083 49.715 49.788 49.935 50.1 50.228 50.315 50.438 50.59 50.828 51.085 51.24 51.433 51.665 51.875 52.053 52.28 52.673 53.18 53.713 54.083 54.17 54.225 54.32 54.41 54.538 54.693 54.888 55.175 55.398 55.685 55.868 56.24 56.468 56.753 56.935 57.38 57.705 58.285 58.263 58.445 58.703 58.925 59.093 59.26 59.523 59.745 59.918 60.035 60.16 60.33
46.258 46.425 46.563 46.65 46.768 46.888 47.143 47.44 47.893 48.043 47.945 47.865 47.558 47.523 47.553 47.59 47.593 47.588 47.67 48.438 47.93 48.098 50.04 49.75 49.873 50.013 50.153 50.26 50.373 50.545 50.81 51.053 51.228 51.438 51.673 51.843 52.05 52.3 52.655 53.178 53.72 54.065 54.17 54.223 54.335 54.413 54.553 54.675 54.875 55.393 56.228 57.078 56.993 58.065 58.485 57.093 56.975 57.753 57.585 57.618 58.1 58.565 58.74 58.9 59.11 59.18 59.51 59.733 59.85 60.018 60.183 60.373
46.575 47.023 47.62 48.645 48.22 47.873 47.708 47.653 47.535 47.39 47.31 47.348 47.435 47.495 47.528 47.553 47.573 47.573 47.613 48.65 47.91 48.053 49.763 49.693 49.803 49.935 50.09 50.213 50.345 50.523 50.758 50.98 51.198 51.44 51.693 51.818 52.005 52.278 52.618 53.125 53.698 54.035 54.148 54.23 54.328 54.418 54.54 54.663 55.225 56.525 56.71 56.54 56.44 58.263 59.305 57.538 57.13 57.748 58.385 58.778 58.128 58.35 58.573 59.515 60.355 59.545 59.465 59.738 59.865 60.043 60.34 60.593
48.505 47.77 49.38 50.54 48.53 47.16 47.053 47.053 47.065 47.14 47.218 47.293 47.378 47.42 47.463 47.518 47.558 47.568 47.563 48.328 47.833 48.018 50.108 49.615 49.75 49.92 50.043 50.193 50.34 50.495 50.708 50.948 51.185 51.423 51.618 51.775 51.985 52.238 52.58 53.09 53.653 54.018 54.123 54.223 54.308 54.413 54.54 54.65 54.948 55.73 55.443 55.605 55.88 56.21 56.71 58.2 57.16 57.245 58.583 59.945 58.43 58.34 60.168 60.535 60.63 59.76 59.38 59.63 59.813 60.115 60.483 60.75
46.84 47.355 47.643 47.335 46.83 46.885 46.923 46.975 47.038 47.073 47.15 47.23 47.31 47.335 47.395 47.573 47.67 47.545 47.57 48.603 47.773 48.113 49.815 49.525 49.725 49.893 50.035 50.155 50.308 50.478 50.678 50.925 51.158 51.373 51.58 51.76 51.955 52.205 52.558 53.078 53.618 53.983 54.125 54.2 54.31 54.43 54.53 54.648 54.933 55.81 55.335 55.605 55.875 56.158 57.403 58.62 57.058 57.525 57.39 59.063 59.98 58.248 59.87 60.485 58.693 58.605 59.143 59.365 59.733 60.073 60.583 61.65
46.978 47.325 47.583 46.978 46.763 46.843 46.883 46.913 46.955 47.013 47.083 47.145 47.235 47.278 47.348 47.545 47.738 47.575 47.548 48.423 47.718 47.985 49.735 49.57 49.685 49.858 49.98 50.123 50.288 50.458 50.648 50.885 51.133 51.358 51.548 51.72 51.945 52.188 52.545 53.033 53.59 53.973 54.105 54.19 54.303 54.415 54.51 54.673 54.87 55.635 55.315 55.573 56.06 56.14 57.798 60.308 57.218 57.1 57.443 58.035 59.705 59.718 58.843 58.495 58.205 58.355 58.795 59.43 59.743 59.983 60.905 60.438
47.035 47.15 47.01 47.13 46.703 46.78 46.808 46.843 46.893 46.935 47.025 47.085 47.153 47.203 47.34 47.453 47.523 47.533 47.54 48.425 47.68 47.903 49.675 49.613 49.648 49.83 49.965 50.073 50.25 50.393 50.588 50.85 51.103 51.318 51.528 51.71 51.903 52.205 52.55 53.025 53.55 53.97 54.098 54.185 54.29 54.413 54.548 54.675 54.91 55.795 55.658 55.538 56.82 57.81 56.42 56.833 56.753 56.96 57.338 57.363 58.148 59.785 58.54 58.118 58.133 59.44 60.52 60.66 60.293 60.568 59.248 58.86
45.983 46.41 46.413 46.73 46.645 46.685 46.74 46.76 46.81 46.878 46.938 47.02 47.088 47.173 47.268 47.355 47.445 47.483 47.513 48.443 47.678 47.84 49.535 49.575 49.59 49.78 49.923 50.053 50.21 50.373 50.575 50.815 51.05 51.293 51.485 51.68 51.905 52.178 52.543 52.993 53.518 53.923 54.08 54.163 54.313 54.435 54.56 54.7 54.863 55.623 55.388 55.533 55.773 57.033 56.29 56.455 56.855 57.073 57 57.27 57.26 57.818 57.34 58.505 60.78 62.273 62.563 61.298 60.418 58.825 58.57 59.805
45.705 45.953 46.165 46.47 46.518 46.61 46.673 46.708 46.755 46.793 46.89 46.968 47.06 47.14 47.24 47.335 47.39 47.46 47.515 48.133 47.77 47.65 49.333 49.613 49.57 49.733 49.878 50.05 50.205 50.36 50.548 50.75 50.983 51.205 51.435 51.683 51.905 52.175 52.533 52.993 53.495 53.913 54.085 54.185 54.293 54.418 54.575 54.753 54.898 55.67 55.513 55.553 55.79 55.998 56.203 56.413 56.55 56.805 56.76 56.978 57.448 57.513 59.155 61.585 62.653 63.035 62.328 60.675 58.433 58.103 60.75 62.788
45.578 45.78 46.035 46.26 46.468 46.538 46.623 46.638 46.718 46.775 46.838 46.9 47.003 47.098 47.185 47.293 47.343 47.423 47.48 48.173 47.628 47.61 49.293 49.665 49.543 49.693 49.868 50.03 50.203 50.363 50.518 50.705 50.933 51.155 51.39 51.64 51.87 52.138 52.503 52.96 53.448 53.858 54.073 54.195 54.32 54.458 54.605 54.738 54.935 55.463 55.833 55.565 55.743 55.95 56.148 56.35 56.475 56.545 57.38 57.543 57.655 60.265 61.963 62.775 62.568 61.58 59.82 57.818 57.838 59.235 62.225 63.413
45.5 45.625 45.88 45.943 46.335 46.445 46.52 46.595 46.658 46.71 46.77 46.868 46.963 47.033 47.12 47.235 47.33 47.378 47.46 47.895 47.868 47.483 49.008 49.745 49.57 49.683 49.848 50.01 50.19 50.335 50.488 50.678 50.878 51.1 51.34 51.62 51.84 52.118 52.465 52.948 53.38 53.73 53.983 54.188 54.373 54.52 54.643 54.765 54.963 55.41 55.903 55.51 55.695 55.895 56.085 56.308 57.585 58.398 59.138 60.063 61.093 62.28 62.733 61.985 60.473 57.94 57.345 57.355 60.803 60.918 63.878 64.465
