Matlab/Roost_data/braunton/dsm/ss4737_DSM_2M.asc
ncols 500
nrows 500
xllcorner    247000
yllcorner    137000
cellsize     2
NODATA_value -9999
[rows 288 to 319 of 500, columns 0 to 71 of 500]
17.39 17.43 17.47 17.49 17.545 17.513 17.542 18.01 18.407 17.145 17.233 17.315 17.372 17.415 17.423 17.458 17.478 17.495 17.498 17.52 17.541 17.573 17.592 17.601 17.632 17.675 17.722 17.745 17.786 17.816 17.856 17.88 17.915 17.985 18.037 18.105 18.157 18.217 18.267 18.327 18.405 18.42 18.402 18.395 18.39 18.367 18.517 19.027 19.487 19.237 18.93 18.955 19.012 19.042 19.02 19.057 19.105 19.165 19.22 19.235 19.227 19.307 19.317 19.335 19.37 19.417 19.492 19.49 19.572 19.61 19.632 19.64
17.33 17.37 17.407 17.438 17.44 17.44 17.483 18.795 18.2 17.09 17.2 17.255 17.302 17.34 17.35 17.368 17.405 17.413 17.419 17.451 17.468 17.48 17.489 17.511 17.546 17.58 17.625 17.665 17.706 17.729 17.773 17.785 17.825 17.88 17.92 17.987 18.04 18.082 18.152 18.227 18.272 18.347 18.387 18.397 18.405 18.355 18.352 18.397 18.647 19.255 19.36 18.99 18.915 18.96 18.98 18.992 19.005 19.075 19.15 19.172 19.195 19.175 19.24 19.277 19.295 19.342 19.375 19.447 19.497 19.497 19.537 19.675
17.265 17.298 17.368 17.405 17.343 17.342 17.603 18.692 17.38 17.065 17.153 17.205 17.253 17.27 17.28 17.298 17.32 17.325 17.332 17.351 17.37 17.401 17.409 17.426 17.453 17.495 17.532 17.573 17.61 17.634 17.674 17.718 17.755 17.777 17.85 17.905 17.94 17.987 18.045 18.115 18.175 18.247 18.307 18.382 18.392 18.372 18.36 18.33 18.327 18.465 18.852 19.25 19.135 18.9 18.902 18.955 18.99 18.992 19.01 19.095 19.127 19.15 19.187 19.205 19.24 19.302 19.322 19.365 19.387 19.437 19.39 20.055
17.202 17.243 17.307 17.285 17.27 17.31 18.122 18.13 16.923 17.017 17.08 17.138 17.173 17.185 17.195 17.222 17.247 17.26 17.269 17.28 17.305 17.328 17.326 17.35 17.384 17.421 17.465 17.493 17.528 17.551 17.572 17.612 17.675 17.692 17.752 17.802 17.847 17.897 17.967 18.007 18.092 18.137 18.222 18.262 18.337 18.367 18.35 18.33 18.315 18.32 18.305 18.552 19.057 19.29 18.975 18.85 18.922 18.965 18.95 18.987 19.062 19.07 19.097 19.13 19.18 19.187 19.26 19.265 19.347 19.27 19.537 20.07
17.128 17.17 17.188 17.188 17.182 17.278 18.185 17.385 16.872 16.972 17.028 17.083 17.112 17.118 17.135 17.155 17.167 17.19 17.189 17.198 17.218 17.239 17.248 17.278 17.289 17.338 17.385 17.414 17.447 17.474 17.498 17.532 17.575 17.602 17.637 17.707 17.775 17.815 17.855 17.925 18.002 18.047 18.112 18.167 18.217 18.287 18.33 18.33 18.302 18.3 18.297 18.27 18.322 18.68 19.155 19.08 18.885 18.877 18.902 18.922 18.97 18.987 19.052 19.112 19.125 19.12 19.17 19.21 19.24 19.22 19.91 19.93
17.07 17.095 17.125 17.1 17.138 17.615 18.017 16.79 16.84 16.915 16.972 17.028 17.04 17.057 17.07 17.09 17.103 17.105 17.118 17.127 17.157 17.162 17.174 17.191 17.226 17.256 17.301 17.329 17.359 17.387 17.425 17.459 17.49 17.547 17.567 17.622 17.67 17.715 17.775 17.837 17.905 17.967 18.007 18.075 18.117 18.175 18.217 18.272 18.315 18.29 18.29 18.26 18.247 18.217 18.33 18.852 19.245 19.017 18.847 18.882 18.905 18.937 18.95 19 18.995 19.092 19.12 19.157 19.092 19.57 19.867 19.66
16.99 17.005 17.033 17.042 17.073 18.075 17.462 16.667 16.792 16.858 16.913 16.945 16.972 16.978 17 17.01 17.02 17.038 17.026 17.042 17.07 17.086 17.116 17.131 17.16 17.187 17.24 17.266 17.276 17.311 17.322 17.37 17.417 17.44 17.497 17.542 17.572 17.627 17.685 17.747 17.812 17.872 17.935 17.985 18.042 18.07 18.097 18.162 18.2 18.267 18.252 18.232 18.245 18.232 18.192 18.245 18.587 19.272 19.35 18.975 18.885 18.86 18.885 18.88 18.94 18.995 19.047 19.065 19.16 19.88 19.72 19.025
16.925 16.935 16.938 16.96 17.132 18.077 16.845 16.61 16.725 16.78 16.83 16.862 16.88 16.897 16.927 16.95 16.955 16.96 16.966 16.971 17.008 17.019 17.046 17.051 17.087 17.126 17.158 17.179 17.208 17.234 17.248 17.3 17.332 17.347 17.432 17.457 17.497 17.557 17.607 17.662 17.727 17.775 17.822 17.902 17.93 17.992 18 18.035 18.097 18.135 18.175 18.21 18.217 18.222 18.21 18.16 18.15 18.362 19.087 19.51 19.25 18.847 18.79 18.802 18.815 18.862 18.93 18.962 19.347 19.55 19.347 18.86
16.858 16.843 16.812 16.84 17.438 17.983 16.605 16.58 16.68 16.725 16.775 16.792 16.812 16.833 16.865 16.872 16.878 16.888 16.898 16.911 16.943 16.94 16.964 16.988 17.007 17.052 17.077 17.103 17.123 17.136 17.165 17.22 17.245 17.307 17.33 17.375 17.4 17.47 17.512 17.575 17.637 17.677 17.752 17.777 17.832 17.882 17.902 17.937 17.987 18.027 18.077 18.105 18.18 18.21 18.205 18.175 18.137 18.11 18.152 18.655 19.272 19.435 19 18.7 18.702 18.755 18.797 18.992 19.477 19.295 18.927 18.77
16.772 16.753 16.753 16.78 17.557 17.202 16.413 16.535 16.597 16.653 16.69 16.71 16.737 16.767 16.792 16.798 16.805 16.825 16.833 16.845 16.865 16.878 16.902 16.929 16.939 16.975 17.011 17.042 17.043 17.066 17.095 17.136 17.165 17.21 17.247 17.282 17.34 17.387 17.435 17.497 17.552 17.627 17.662 17.697 17.73 17.77 17.81 17.847 17.867 17.92 17.985 18 18.045 18.115 18.157 18.167 18.14 18.11 18.11 18.08 18.222 18.95 19.497 19.077 18.805 18.647 18.707 19.42 18.955 18.582 18.625 18.69
16.68 16.673 16.675 16.74 17.765 16.575 16.378 16.493 16.54 16.597 16.628 16.657 16.675 16.708 16.718 16.737 16.733 16.75 16.756 16.782 16.79 16.818 16.839 16.867 16.882 16.92 16.937 16.934 16.965 16.976 17.03 17.069 17.092 17.13 17.172 17.227 17.28 17.302 17.372 17.442 17.487 17.532 17.567 17.607 17.632 17.69 17.715 17.77 17.785 17.82 17.87 17.912 17.96 17.975 18.047 18.115 18.132 18.11 18.1 18.095 18.065 18.092 18.452 19.115 19.647 18.96 18.982 19.262 18.6 18.565 18.515 18.64
16.587 16.585 16.632 16.885 17.845 16.255 16.325 16.405 16.465 16.522 16.542 16.577 16.595 16.63 16.622 16.642 16.655 16.673 16.672 16.704 16.709 16.738 16.753 16.779 16.807 16.844 16.853 16.88 16.906 16.925 16.956 16.993 17.025 17.05 17.09 17.117 17.2 17.25 17.285 17.32 17.392 17.47 17.497 17.52 17.555 17.597 17.647 17.657 17.682 17.715 17.777 17.805 17.837 17.892 17.945 17.98 18.025 18.09 18.075 18.077 18.047 18.015 18 18.18 18.69 18.992 19.212 18.837 18.487 18.415 18.47 18.587
16.528 16.505 16.545 17.22 16.997 16.183 16.275 16.337 16.4 16.423 16.46 16.49 16.505 16.535 16.55 16.567 16.57 16.59 16.604 16.645 16.65 16.685 16.697 16.712 16.76 16.759 16.772 16.798 16.82 16.837 16.892 16.926 16.952 16.977 17.015 17.065 17.11 17.15 17.22 17.255 17.322 17.367 17.407 17.437 17.48 17.505 17.532 17.57 17.592 17.615 17.637 17.692 17.752 17.792 17.837 17.887 17.94 17.98 18.027 18.042 18.02 18.01 17.902 17.872 18.012 19.057 18.705 18.237 18.185 18.342 18.425 18.515
16.42 16.413 16.483 17.325 16.538 16.1 16.22 16.265 16.323 16.355 16.395 16.417 16.443 16.468 16.485 16.5 16.513 16.5 16.535 16.553 16.58 16.6 16.634 16.656 16.674 16.691 16.707 16.728 16.756 16.802 16.812 16.837 16.877 16.897 16.932 16.987 17.04 17.085 17.132 17.167 17.237 17.267 17.325 17.342 17.38 17.422 17.417 17.477 17.495 17.545 17.575 17.605 17.645 17.685 17.742 17.787 17.805 17.86 17.9 17.93 17.927 17.96 17.852 17.802 18.287 18.882 18.395 18.207 18.14 18.257 18.357 18.45
16.33 16.33 16.455 17.478 16.105 16.065 16.165 16.21 16.26 16.278 16.32 16.34 16.36 16.375 16.407 16.413 16.433 16.433 16.471 16.49 16.512 16.546 16.566 16.593 16.598 16.61 16.634 16.661 16.675 16.703 16.74 16.762 16.797 16.822 16.865 16.922 16.955 16.98 17.04 17.112 17.15 17.175 17.235 17.26 17.292 17.33 17.345 17.397 17.41 17.43 17.462 17.522 17.57 17.612 17.65 17.695 17.732 17.762 17.782 17.805 17.815 17.83 17.847 17.875 18.697 18.702 18.245 17.992 18.09 18.202 18.29 18.367
16.245 16.265 16.507 17.188 15.92 16.005 16.087 16.145 16.175 16.205 16.24 16.27 16.292 16.312 16.335 16.325 16.345 16.347 16.391 16.399 16.434 16.466 16.49 16.521 16.544 16.56 16.574 16.583 16.609 16.644 16.648 16.683 16.73 16.755 16.797 16.845 16.885 16.942 16.992 17.02 17.05 17.092 17.135 17.165 17.2 17.225 17.27 17.28 17.3 17.35 17.402 17.417 17.462 17.515 17.562 17.597 17.635 17.677 17.69 17.702 17.727 17.762 17.79 18.09 18.89 18.387 17.865 17.927 18.03 18.112 18.18 18.28
16.147 16.177 16.82 16.913 15.855 15.967 16.038 16.073 16.097 16.128 16.165 16.193 16.215 16.245 16.257 16.278 16.278 16.307 16.326 16.349 16.364 16.405 16.429 16.455 16.459 16.471 16.505 16.519 16.548 16.572 16.59 16.63 16.647 16.677 16.722 16.77 16.82 16.87 16.915 16.95 16.972 17.02 17.042 17.092 17.11 17.147 17.185 17.227 17.24 17.272 17.33 17.37 17.397 17.437 17.48 17.502 17.55 17.552 17.585 17.63 17.665 17.717 17.73 18.64 18.482 17.887 17.76 17.867 17.965 18.055 18.12 18.2
16.065 16.118 17.017 16.605 15.802 15.913 15.975 16.007 16.045 16.077 16.105 16.132 16.15 16.173 16.182 16.195 16.202 16.22 16.24 16.27 16.295 16.341 16.366 16.385 16.399 16.425 16.432 16.441 16.455 16.494 16.523 16.568 16.59 16.625 16.652 16.695 16.732 16.787 16.822 16.89 16.917 16.935 16.98 17.01 17.025 17.065 17.107 17.117 17.15 17.17 17.24 17.295 17.312 17.365 17.392 17.405 17.422 17.452 17.502 17.515 17.582 17.625 18.042 18.522 18.255 17.657 17.712 17.797 17.907 18 18.037 18.12
15.997 16.06 17.285 16.125 15.74 15.847 15.903 15.93 15.967 16.003 16.033 16.05 16.075 16.108 16.115 16.135 16.142 16.167 16.186 16.212 16.224 16.266 16.299 16.303 16.323 16.342 16.356 16.369 16.396 16.427 16.457 16.497 16.527 16.572 16.585 16.632 16.67 16.717 16.772 16.805 16.852 16.862 16.895 16.922 16.937 16.965 17 17.047 17.077 17.117 17.157 17.215 17.24 17.28 17.31 17.327 17.322 17.345 17.39 17.417 17.49 17.54 18.117 18.257 17.67 17.585 17.655 17.747 17.827 17.905 17.997 18.052
15.935 16.087 17.247 15.615 15.692 15.802 15.842 15.877 15.92 15.938 15.975 15.995 16.017 16.028 16.045 16.052 16.085 16.105 16.122 16.151 16.183 16.207 16.228 16.243 16.254 16.276 16.264 16.302 16.331 16.342 16.382 16.437 16.462 16.482 16.515 16.562 16.61 16.642 16.692 16.725 16.757 16.812 16.817 16.842 16.86 16.887 16.922 16.942 16.987 17.035 17.075 17.112 17.152 17.2 17.217 17.21 17.242 17.262 17.307 17.322 17.387 17.485 18.29 17.83 17.462 17.542 17.612 17.697 17.775 17.872 17.897 17.972
15.858 16.312 16.932 15.528 15.653 15.725 15.767 15.807 15.845 15.873 15.917 15.943 15.975 15.993 16.003 16.003 16.025 16.035 16.065 16.085 16.114 16.135 16.147 16.161 16.189 16.181 16.215 16.227 16.254 16.292 16.315 16.383 16.385 16.42 16.475 16.507 16.535 16.562 16.615 16.647 16.672 16.69 16.735 16.745 16.795 16.807 16.832 16.867 16.9 16.955 16.987 17.022 17.065 17.095 17.132 17.132 17.142 17.172 17.215 17.262 17.307 17.667 18.205 17.61 17.41 17.477 17.555 17.63 17.695 17.777 17.815 17.862
15.8 16.415 16.368 15.49 15.64 15.695 15.725 15.76 15.783 15.833 15.852 15.88 15.9 15.92 15.93 15.948 15.957 15.977 16.003 16.031 16.055 16.064 16.081 16.099 16.126 16.12 16.124 16.163 16.185 16.22 16.259 16.286 16.325 16.34 16.385 16.422 16.477 16.492 16.517 16.547 16.61 16.63 16.635 16.662 16.687 16.725 16.77 16.775 16.83 16.897 16.912 16.932 16.975 17 17.035 17.035 17.062 17.092 17.127 17.167 17.297 17.997 17.945 17.365 17.38 17.442 17.502 17.575 17.642 17.722 17.75 17.785
15.757 17.145 16.763 15.44 15.585 15.622 15.665 15.698 15.717 15.783 15.795 15.823 15.837 15.852 15.873 15.89 15.898 15.885 15.919 15.948 15.964 16.005 16.012 16.032 16.052 16.048 16.067 16.077 16.114 16.154 16.193 16.212 16.245 16.28 16.332 16.345 16.387 16.422 16.45 16.485 16.502 16.542 16.582 16.607 16.632 16.647 16.68 16.722 16.75 16.782 16.83 16.855 16.877 16.912 16.922 16.945 16.947 16.992 17.027 17.087 17.48 18.112 17.677 17.277 17.335 17.415 17.457 17.532 17.58 17.63 17.66 17.72
15.85 16.85 15.842 15.403 15.517 15.56 15.6 15.64 15.682 15.705 15.727 15.745 15.765 15.783 15.797 15.815 15.837 15.843 15.873 15.897 15.913 15.948 15.954 15.969 15.986 15.997 16 16.011 16.036 16.083 16.106 16.14 16.17 16.22 16.247 16.292 16.31 16.37 16.392 16.415 16.447 16.46 16.485 16.515 16.537 16.57 16.59 16.627 16.68 16.7 16.73 16.782 16.805 16.825 16.815 16.847 16.88 16.927 16.94 17.057 17.872 17.75 17.242 17.277 17.322 17.39 17.407 17.475 17.5 17.552 17.612 17.647
15.77 17.292 15.773 15.35 15.45 15.495 15.538 15.585 15.637 15.658 15.68 15.702 15.72 15.727 15.733 15.757 15.773 15.788 15.804 15.84 15.857 15.877 15.897 15.911 15.909 15.931 15.942 15.956 15.978 16.021 16.051 16.088 16.11 16.155 16.187 16.195 16.245 16.292 16.32 16.325 16.362 16.382 16.417 16.452 16.482 16.485 16.525 16.57 16.595 16.62 16.665 16.7 16.707 16.752 16.747 16.752 16.795 16.827 16.862 17.412 17.812 17.625 17.187 17.24 17.295 17.35 17.382 17.41 17.457 17.502 17.55 17.567
15.852 17.18 15.34 15.323 15.403 15.443 15.483 15.523 15.562 15.6 15.61 15.632 15.645 15.667 15.675 15.705 15.725 15.75 15.769 15.787 15.808 15.823 15.832 15.849 15.843 15.863 15.879 15.897 15.927 15.944 15.989 16.02 16.045 16.09 16.125 16.15 16.19 16.207 16.222 16.26 16.277 16.292 16.332 16.352 16.402 16.395 16.425 16.475 16.517 16.542 16.58 16.607 16.64 16.637 16.635 16.665 16.712 16.74 16.88 17.595 17.595 17.212 17.142 17.202 17.275 17.287 17.33 17.347 17.395 17.432 17.467 17.495
15.983 16.708 15.165 15.273 15.337 15.385 15.432 15.467 15.517 15.535 15.56 15.583 15.597 15.61 15.628 15.65 15.665 15.693 15.718 15.725 15.759 15.756 15.773 15.774 15.785 15.784 15.809 15.83 15.877 15.896 15.919 15.949 15.982 16.027 16.065 16.085 16.112 16.147 16.15 16.175 16.19 16.23 16.247 16.27 16.29 16.33 16.357 16.402 16.44 16.465 16.507 16.53 16.542 16.557 16.547 16.592 16.625 16.665 17.107 17.577 17.195 17.11 17.1 17.172 17.222 17.275 17.3 17.31 17.342 17.372 17.412 17.43
16.1 16.202 15.113 15.233 15.292 15.335 15.382 15.422 15.457 15.475 15.507 15.528 15.548 15.56 15.565 15.58 15.602 15.632 15.651 15.673 15.704 15.713 15.716 15.723 15.732 15.737 15.754 15.779 15.806 15.824 15.858 15.878 15.942 15.97 15.982 15.997 16.047 16.08 16.075 16.107 16.117 16.162 16.172 16.18 16.22 16.26 16.285 16.335 16.352 16.382 16.422 16.425 16.45 16.442 16.485 16.507 16.555 16.62 17.432 17.767 17.007 17.037 17.042 17.095 17.175 17.225 17.282 17.287 17.292 17.31 17.332 17.385
16.237 15.9 15.08 15.19 15.225 15.285 15.312 15.36 15.4 15.422 15.435 15.475 15.493 15.503 15.517 15.538 15.557 15.573 15.587 15.615 15.637 15.645 15.642 15.643 15.664 15.686 15.697 15.711 15.74 15.774 15.808 15.825 15.862 15.897 15.91 15.957 15.945 15.987 16.005 16.01 16.032 16.072 16.11 16.122 16.13 16.162 16.235 16.242 16.28 16.315 16.347 16.35 16.35 16.382 16.402 16.442 16.475 16.787 17.565 17.247 17.33 17.107 17.01 17.055 17.08 17.165 17.222 17.222 17.267 17.285 17.307 17.337
16.42 15.858 15.03 15.16 15.19 15.243 15.28 15.315 15.342 15.35 15.37 15.417 15.438 15.445 15.44 15.472 15.488 15.517 15.538 15.558 15.582 15.584 15.576 15.594 15.598 15.624 15.638 15.656 15.682 15.713 15.73 15.761 15.795 15.827 15.845 15.87 15.897 15.907 15.92 15.952 15.975 15.992 16.025 16.032 16.075 16.102 16.14 16.177 16.217 16.245 16.24 16.262 16.255 16.29 16.322 16.35 16.392 17.27 17.872 18.537 18.49 17.02 16.945 16.965 17.027 17.08 17.112 17.17 17.225 17.26 17.27 17.31
16.445 15.265 14.975 15.095 15.12 15.172 15.215 15.245 15.273 15.29 15.315 15.352 15.38 15.372 15.388 15.415 15.455 15.458 15.479 15.496 15.525 15.514 15.52 15.526 15.545 15.549 15.576 15.596 15.61 15.661 15.673 15.708 15.732 15.747 15.787 15.805 15.832 15.837 15.87 15.887 15.897 15.92 15.947 15.965 15.992 16.02 16.057 16.097 16.12 16.147 16.165 16.192 16.165 16.195 16.235 16.277 16.462 17.43 18.392 17.752 18.092 18.762 17.777 17.06 17.032 16.997 17.025 17.077 17.152 17.2 17.237 17.26
16.495 15.265 14.923 15.035 15.062 15.13 15.165 15.205 15.227 15.24 15.257 15.302 15.32 15.318 15.345 15.36 15.38 15.403 15.425 15.443 15.466 15.462 15.466 15.458 15.483 15.492 15.506 15.528 15.569 15.586 15.622 15.648 15.662 15.685 15.73 15.75 15.765 15.762 15.78 15.805 15.835 15.837 15.877 15.89 15.93 15.945 15.987 16.032 16.06 16.065 16.075 16.072 16.077 16.122 16.15 16.195 16.62 17.417 18.097 16.987 16.607 19.745 18.88 18.387 17.825 17.14 16.975 16.992 17.025 17.112 17.165 17.205
