Matlab/Roost_data/braunton/dsm/ss4734_DSM_2M.asc
ncols 500
nrows 500
xllcorner    247000
yllcorner    134000
cellsize     2
NODATA_value -9999
[rows 140 to 174 of 500, columns 79 to 157 of 500]
3.91 3.957 3.947 3.92 3.898 3.91 3.915 3.913 3.928 3.93 3.905 3.757 3.567 3.69 3.76 3.727 3.807 3.908 3.928 3.953 3.95 3.94 3.925 3.903 3.91 3.928 3.938 3.945 3.93 3.928 3.923 3.955 3.967 3.983 3.99 3.985 3.84 3.928 3.97 3.963 3.975 3.987 4.03 3.995 3.973 3.993 3.977 3.9 3.923 3.987 4.025 4.03 4.057 4.085 4.14 4.182 4.233 4.3 4.25 3.815 3.907 4.418 4.503 4.11 3.81 4.305 4.422 4.243 4.135 4.115 4.077 4.025 4.017 4.025 4.055 4.092 4.128 4.145 4.177
3.943 3.957 3.947 3.91 3.903 3.915 3.915 3.913 3.94 3.91 3.842 3.717 3.678 3.87 3.913 3.872 3.723 3.733 3.835 3.878 3.925 3.9 3.885 3.893 3.928 3.933 3.93 3.93 3.923 3.91 3.928 3.938 3.933 3.96 3.975 3.985 3.845 3.87 3.967 3.995 3.977 3.96 3.993 3.995 3.965 3.96 3.91 3.95 3.935 4.003 4.033 4.03 4.033 4.07 4.102 4.162 4.207 4.307 4.073 3.82 4.14 4.443 4.468 3.875 3.875 4.432 4.338 4.195 4.122 4.105 4.065 4.035 4.025 4.057 4.045 4.06 4.088 4.113 4.13
3.963 3.957 3.938 3.925 3.92 3.918 3.913 3.91 3.898 3.838 3.8 3.832 3.8 3.86 3.91 3.882 3.822 3.775 3.74 3.72 3.75 3.8 3.787 3.825 3.88 3.903 3.903 3.89 3.888 3.9 3.898 3.89 3.898 3.96 3.955 3.912 3.803 3.938 3.993 4 3.963 3.928 3.985 4.013 3.977 3.908 3.963 3.955 3.95 4.008 4.013 4.025 4.038 4.052 4.075 4.13 4.22 4.358 3.902 3.832 4.298 4.475 4.338 3.765 4.055 4.423 4.28 4.157 4.085 4.088 4.05 4.057 4.068 4.048 4.035 4.062 4.073 4.095 4.11
3.963 3.963 3.957 3.935 3.938 3.945 3.91 3.878 3.847 3.872 3.885 3.87 3.865 3.825 3.88 3.852 3.825 3.865 3.878 3.837 3.767 3.71 3.695 3.645 3.76 3.865 3.903 3.9 3.9 3.903 3.862 3.827 3.875 3.965 3.94 3.803 3.832 3.977 3.99 3.975 3.953 3.91 3.943 3.975 3.938 3.97 4 3.953 3.957 3.997 4.01 4.005 4.038 4.043 4.07 4.133 4.26 4.26 3.79 3.918 4.405 4.472 4.108 3.85 4.213 4.375 4.24 4.12 4.092 4.062 4.073 4.055 4.073 4.043 4.035 4.07 4.06 4.073 4.082
3.967 3.97 3.957 3.955 3.945 3.928 3.87 3.872 3.898 3.905 3.885 3.89 3.885 3.812 3.852 3.85 3.84 3.84 3.86 3.87 3.872 3.852 3.835 3.707 3.723 3.76 3.83 3.88 3.903 3.908 3.852 3.817 3.875 3.955 3.93 3.767 3.925 3.96 3.97 3.973 3.96 3.908 3.908 3.895 3.918 3.988 3.963 3.947 3.967 4.005 4.013 4.015 4.015 4.03 4.065 4.113 4.262 4.03 3.777 4.085 4.427 4.463 3.87 3.895 4.335 4.323 4.173 4.095 4.068 4.055 4.068 4.055 4.05 4.038 4.025 4.055 4.045 4.05 4.055
3.987 3.973 3.963 3.967 3.95 3.918 3.903 3.918 3.928 3.915 3.908 3.893 3.88 3.862 3.832 3.855 3.845 3.852 3.857 3.883 3.888 3.878 3.87 3.743 3.745 3.82 3.797 3.787 3.82 3.885 3.865 3.803 3.852 3.933 3.912 3.76 3.925 3.943 3.945 3.923 3.945 3.963 3.96 3.872 3.928 3.953 3.97 3.99 3.995 4.008 4.003 4.015 4.033 4.052 4.082 4.13 4.315 3.855 3.835 4.298 4.447 4.32 3.848 3.92 4.408 4.285 4.168 4.108 4.075 4.07 4.045 4.05 4.037 4.03 4.035 4.04 4.048 4.048 4.025
3.993 3.983 3.975 3.97 3.963 3.943 3.938 3.938 3.95 3.94 3.928 3.918 3.908 3.893 3.85 3.893 3.892 3.885 3.888 3.888 3.888 3.875 3.852 3.793 3.72 3.785 3.803 3.8 3.763 3.745 3.747 3.765 3.842 3.923 3.882 3.753 3.862 3.85 3.85 3.82 3.867 3.943 3.945 3.812 3.852 3.838 3.898 3.912 3.947 3.963 3.97 4.01 4.037 4.04 4.075 4.18 4.21 3.803 3.865 4.407 4.457 4.125 3.8 3.87 4.102 4.188 4.148 4.105 4.085 4.068 4.075 4.055 4.033 4.03 4.04 4.025 4.033 4.03 4.035
3.963 3.938 3.913 3.915 3.925 3.93 3.943 3.943 3.955 3.947 3.94 3.925 3.925 3.928 3.875 3.895 3.913 3.905 3.905 3.905 3.888 3.865 3.862 3.865 3.793 3.837 3.842 3.827 3.837 3.84 3.767 3.705 3.805 3.87 3.78 3.78 3.825 3.86 3.872 3.838 3.773 3.795 3.815 3.805 3.803 3.797 3.835 3.855 3.815 3.815 3.845 3.932 4 4.023 4.09 4.18 3.947 3.787 4.015 4.435 4.438 3.908 3.793 3.995 3.887 3.995 4.023 4.062 4.082 4.062 4.062 4.05 4.025 4.028 4.04 4.023 4.028 4.035 4.025
3.913 3.928 3.925 3.923 3.945 3.96 3.95 3.943 3.95 3.957 3.945 3.928 3.908 3.908 3.885 3.89 3.94 3.923 3.915 3.888 3.862 3.878 3.875 3.883 3.842 3.84 3.893 3.888 3.875 3.84 3.837 3.803 3.76 3.703 3.79 3.88 3.872 3.893 3.91 3.9 3.837 3.852 3.898 3.893 3.915 3.938 3.93 3.943 3.947 3.888 3.817 3.822 3.88 3.963 4.065 4.195 3.84 3.83 4.203 4.43 4.36 3.812 3.973 4.495 4.18 3.918 3.83 3.925 3.988 4.038 4.037 4.043 4.05 4.005 4.023 4.025 4.013 4.02 4.01
3.967 3.985 3.963 3.957 3.95 3.955 3.953 3.945 3.943 3.928 3.928 3.903 3.923 3.925 3.945 3.905 3.953 3.957 3.938 3.898 3.89 3.913 3.908 3.903 3.888 3.83 3.913 3.905 3.86 3.895 3.892 3.893 3.88 3.803 3.82 3.872 3.89 3.91 3.913 3.913 3.892 3.883 3.908 3.92 3.94 3.95 3.95 3.957 3.963 3.89 3.945 3.89 3.832 3.9 4.07 4.095 3.8 3.885 4.345 4.45 4.205 3.79 4.242 4.403 4.26 4.068 3.953 3.915 3.862 3.915 3.938 4.01 4.02 4.015 4.02 4.01 4.015 4.035 4.025
3.997 4.005 3.967 3.965 3.965 3.928 3.933 3.933 3.955 3.987 3.98 3.977 3.96 3.953 3.975 3.94 3.945 3.965 3.963 3.905 3.915 3.95 3.938 3.925 3.918 3.847 3.91 3.905 3.858 3.925 3.928 3.908 3.875 3.87 3.918 3.86 3.852 3.908 3.913 3.923 3.923 3.898 3.895 3.915 3.943 3.95 3.945 3.925 3.925 3.905 3.97 3.947 3.918 3.98 4.148 3.943 3.842 3.997 4.4 4.46 3.947 3.787 4.31 4.375 4.255 4.082 3.97 4.017 3.94 3.947 3.955 3.965 3.985 3.955 3.99 4.003 4.008 4.008 4.01
4.01 3.99 3.973 3.995 3.998 3.988 3.995 3.99 3.98 3.98 3.983 3.963 3.97 3.973 3.993 3.99 3.96 3.98 3.985 3.933 3.938 3.97 3.955 3.95 3.938 3.86 3.862 3.908 3.88 3.938 3.953 3.925 3.87 3.913 3.94 3.93 3.88 3.842 3.892 3.923 3.92 3.918 3.893 3.913 3.92 3.94 3.943 3.878 3.883 3.938 3.963 3.975 3.99 4.048 4.21 3.832 3.807 4.128 4.42 4.375 3.783 3.9 4.427 4.32 4.16 4.057 4.035 4.023 3.993 4 4.017 4.003 3.98 3.93 3.973 3.987 3.995 4.017 3.99
4.003 3.99 3.98 4.005 4.03 4.035 4.012 4.012 4 3.993 3.983 3.963 3.987 3.985 3.987 3.993 3.957 3.99 3.988 3.938 3.988 4.008 4.005 3.99 3.97 3.88 3.8 3.91 3.935 3.977 3.983 3.945 3.905 3.945 3.975 3.95 3.93 3.925 3.855 3.872 3.92 3.935 3.938 3.928 3.91 3.923 3.947 3.883 3.92 3.953 3.99 3.987 4.033 4.093 4.06 3.817 3.835 4.312 4.42 4.17 3.767 4.213 4.432 4.283 4.1 4.033 4.028 4.038 4.01 4.008 4.005 3.99 3.967 3.933 3.977 3.983 4.023 4.003 3.985
3.977 3.98 3.98 4 4.02 4.043 4.023 4.023 4.02 4.023 3.97 3.963 3.993 3.993 3.983 4 3.988 3.985 3.97 3.95 4.015 4.02 4.043 4.038 4.015 3.902 3.8 3.947 3.99 4.015 4.003 3.983 3.96 3.943 3.987 3.977 3.945 3.943 3.872 3.892 3.862 3.93 3.938 3.938 3.923 3.92 3.933 3.88 3.938 3.98 3.987 4.003 4.055 4.132 3.908 3.815 3.942 4.405 4.412 3.935 3.793 4.342 4.383 4.19 4.057 4.025 4.03 4.028 4.005 4.005 4.015 4.003 3.96 3.95 3.985 4.012 4.013 4.003 4
3.875 3.943 3.97 3.98 4.005 4.035 4.023 4.035 4.035 3.997 3.903 3.912 3.99 4.005 3.995 3.997 4 3.953 3.955 3.953 3.967 3.993 4.023 4.038 4.015 3.885 3.85 3.94 4.017 4.025 4.035 3.997 3.975 3.943 3.995 3.995 3.97 3.94 3.892 3.95 3.93 3.892 3.932 3.967 3.96 3.925 3.905 3.898 3.92 3.95 3.965 4.008 4.08 4.065 3.86 3.8 4.198 4.407 4.335 3.797 3.967 4.41 4.312 4.157 4.062 4.012 4.015 4.017 4.015 4.015 4.008 4.023 3.995 3.995 4.003 3.993 4.015 4.015 3.993
3.678 3.835 3.945 3.947 3.973 4.008 4.005 3.997 3.947 3.84 3.785 3.797 3.903 3.995 4.01 4.015 4 3.943 3.935 3.96 3.947 3.938 3.963 4.005 3.97 3.85 3.938 3.9 4 4.033 4.04 4.03 3.99 3.953 3.993 4.008 4.008 3.967 3.9 3.987 3.97 3.955 3.918 3.923 3.998 3.955 3.928 3.943 3.94 3.96 3.975 4.048 4.14 4.068 3.835 3.845 4.298 4.427 4.132 3.785 4.145 4.4 4.27 4.095 4.035 4.025 4.033 4.025 4.017 4.01 4.03 4.025 4.003 4.025 4.012 4.023 4.003 4.003 3.998
3.798 3.717 3.89 3.93 3.928 3.943 3.923 3.858 3.785 3.775 3.898 3.903 3.81 3.872 3.98 3.997 3.993 3.967 3.945 3.945 3.908 3.938 3.945 3.96 3.915 3.852 3.955 3.9 3.97 4.003 4.035 4.04 4.005 3.965 4.008 4.02 4.033 3.997 3.915 3.98 3.98 3.985 3.983 3.957 3.888 3.933 3.963 3.975 3.99 4.003 4.023 4.082 4.202 4.072 3.807 3.888 4.385 4.43 4.028 3.88 4.375 4.352 4.215 4.065 4.035 4.025 4.025 4.03 4.033 4.033 4.015 4.028 4.015 4.012 4.023 4.017 4.02 3.993 3.963
3.868 3.72 3.84 3.908 3.885 3.845 3.763 3.78 3.86 3.825 3.94 3.973 3.932 3.827 3.858 3.947 3.96 3.915 3.87 3.847 3.86 3.878 3.913 3.925 3.865 3.875 3.905 3.888 3.915 3.967 4.012 4.03 4.023 3.975 4.008 4.035 4.057 4.035 3.955 3.947 4.01 4.012 4.015 3.99 3.967 3.915 3.933 3.975 4.012 4.035 4.07 4.12 4.227 3.86 3.865 4.222 4.408 4.372 3.763 3.96 4.42 4.288 4.155 4.048 4.048 4.038 4.053 4.048 4.037 4.053 4.043 4.037 4.023 4.023 4.025 4.012 3.985 3.955 3.967
3.88 3.783 3.767 3.862 3.795 3.753 3.862 3.95 3.98 3.888 3.9 3.975 3.965 3.933 3.842 3.838 3.847 3.84 3.89 3.935 3.945 3.905 3.872 3.872 3.858 3.918 3.918 3.92 3.87 3.943 3.993 4.017 4 3.975 4.005 4.035 4.065 4.053 4.003 3.94 3.993 4.013 4.023 3.997 3.988 3.977 3.955 3.955 4.015 4.06 4.08 4.158 4.162 3.775 3.803 4.287 4.427 4.217 3.825 4.193 4.418 4.258 4.09 4.062 4.065 4.05 4.043 4.048 4.038 4.05 4.043 4.048 4.045 4.038 4 3.98 3.963 3.973 3.993
3.888 3.832 3.723 3.73 3.77 3.883 3.973 4 3.993 3.945 3.852 3.935 3.967 3.967 3.91 3.885 3.895 3.935 3.983 3.967 3.955 3.96 3.945 3.905 3.882 3.928 3.953 3.983 3.888 3.903 3.988 3.99 3.988 4 3.997 4.04 4.062 4.055 4.03 4.003 3.945 4.028 4.033 4.015 4.013 4.013 4.013 3.987 3.977 4.053 4.097 4.173 4.155 3.842 3.973 4.38 4.415 4.03 3.86 4.35 4.368 4.235 4.077 4.078 4.057 4.055 4.075 4.052 4.05 4.043 4.053 4.043 4.04 4.025 4 3.965 3.975 4.003 4.008
3.89 3.89 3.855 3.848 3.872 3.938 4.01 4.028 4.003 3.963 3.865 3.888 3.957 3.985 3.915 3.95 3.965 3.975 3.99 3.973 3.97 3.965 3.957 3.91 3.918 3.973 3.995 4.015 3.963 3.947 3.95 3.987 4.025 4.025 4.025 4.037 4.057 4.073 4.04 4.048 4.025 3.99 4.045 4.04 4.035 4.028 4.03 4.028 4.052 4.05 4.097 4.283 4.03 3.86 4.153 4.423 4.395 3.943 3.905 4.512 4.382 4.193 4.088 4.068 4.065 4.057 4.05 4.05 4.057 4.043 4.043 4.055 4.023 4.03 4.01 3.985 4 4.01 3.977
3.898 3.91 3.913 3.938 3.93 3.973 4.02 4.017 3.985 3.933 3.885 3.878 3.965 3.995 3.935 3.938 3.96 3.995 4.005 4.01 4.01 3.998 3.98 3.913 3.967 4.008 4.02 4.03 4.003 3.977 4.035 3.977 3.993 4.045 4.062 4.073 4.088 4.09 4.07 4.078 4.062 4.037 4.035 4.06 4.052 4.05 4.05 4.048 4.065 4.08 4.142 4.205 3.878 3.875 4.338 4.445 4.27 3.845 4.18 4.47 4.312 4.128 4.082 4.078 4.06 4.073 4.068 4.06 4.055 4.057 4.04 4.043 4.03 4.043 4.028 4.015 4.017 3.997 3.965
3.898 3.943 3.938 3.933 3.935 3.99 4.023 4.02 3.977 3.908 3.872 3.895 3.963 4.005 3.955 3.965 3.983 4.023 4.04 4.048 4.043 4.028 4.015 3.963 4.025 4.043 4.05 4.048 4.043 3.993 4.078 4.082 4.02 4.01 4.09 4.108 4.113 4.1 4.095 4.095 4.095 4.082 4.03 4.062 4.077 4.09 4.075 4.07 4.088 4.095 4.278 4.18 3.775 3.938 4.422 4.457 4.062 3.858 4.37 4.48 4.3 4.113 4.082 4.108 4.09 4.075 4.075 4.09 4.06 4.065 4.077 4.065 4.055 4.028 4.043 4.028 4.025 4.023 4.003
3.868 3.957 3.945 3.94 3.953 3.995 3.995 3.973 3.953 3.903 3.923 3.925 3.928 3.977 3.973 3.995 4.025 4.057 4.07 4.08 4.088 4.075 4.033 4.028 4.07 4.065 4.073 4.078 4.075 4.04 4.073 4.115 4.11 4.057 4.03 4.113 4.128 4.12 4.113 4.105 4.117 4.125 4.095 4.015 4.088 4.088 4.078 4.062 4.077 4.155 4.41 4.057 3.95 4.16 4.452 4.435 3.87 3.878 4.635 4.475 4.26 4.097 4.08 4.097 4.082 4.088 4.073 4.08 4.085 4.065 4.06 4.068 4.068 4.062 4.065 4.06 4.052 4.048 4.04
3.87 3.915 3.945 3.993 3.985 3.993 3.983 3.983 3.953 3.933 3.993 3.977 3.945 3.967 3.995 4.025 4.065 4.073 4.093 4.11 4.125 4.12 4.033 4.088 4.097 4.097 4.1 4.097 4.11 4.093 4.057 4.13 4.128 4.12 4.095 4.057 4.09 4.128 4.137 4.12 4.122 4.13 4.128 4.085 4.055 4.105 4.095 4.07 4.113 4.25 4.507 3.878 3.835 4.383 4.483 4.32 3.777 4.227 4.645 4.427 4.182 4.085 4.1 4.097 4.085 4.092 4.095 4.077 4.088 4.082 4.085 4.073 4.082 4.09 4.068 4.07 4.073 4.09 4.06
3.89 3.915 3.943 3.99 4.012 4.012 4.01 4.008 3.973 4.008 4.045 4.04 4.017 3.993 4.043 4.068 4.093 4.108 4.115 4.135 4.14 4.118 4.06 4.14 4.142 4.135 4.122 4.128 4.132 4.115 4.065 4.128 4.145 4.15 4.16 4.128 4.075 4.09 4.14 4.15 4.145 4.168 4.15 4.137 4.085 4.09 4.108 4.105 4.148 4.36 4.36 3.817 4.023 4.462 4.488 4.09 3.827 4.42 4.555 4.37 4.117 4.075 4.088 4.09 4.088 4.088 4.102 4.093 4.082 4.082 4.1 4.07 4.082 4.093 4.097 4.08 4.073 4.08 4.07
3.94 3.943 3.965 3.993 4.005 4.025 4.035 4.025 4.01 4.057 4.075 4.077 4.073 4.045 4.078 4.128 4.137 4.15 4.155 4.165 4.177 4.128 4.13 4.193 4.18 4.173 4.16 4.14 4.142 4.148 4.102 4.102 4.162 4.157 4.157 4.172 4.128 4.057 4.095 4.135 4.16 4.172 4.16 4.153 4.142 4.105 4.105 4.115 4.207 4.475 4.13 3.807 4.168 4.503 4.46 3.895 3.947 4.665 4.523 4.305 4.137 4.1 4.102 4.1 4.105 4.097 4.102 4.095 4.088 4.1 4.082 4.085 4.092 4.09 4.11 4.14 4.11 4.108 4.105
3.977 3.975 3.983 4.008 4.017 4.035 4.062 4.053 4.07 4.095 4.1 4.113 4.108 4.108 4.113 4.165 4.165 4.18 4.195 4.213 4.222 4.165 4.193 4.227 4.215 4.21 4.195 4.18 4.168 4.17 4.137 4.105 4.165 4.17 4.177 4.165 4.117 4.097 4.12 4.11 4.15 4.162 4.168 4.188 4.165 4.13 4.137 4.137 4.342 4.553 4.028 3.807 4.395 4.503 4.358 3.797 4.137 4.727 4.5 4.255 4.135 4.142 4.125 4.125 4.13 4.148 4.13 4.113 4.11 4.117 4.12 4.108 4.113 4.125 4.13 4.15 4.153 4.137 4.135
4.008 3.99 4.02 4.048 4.055 4.073 4.088 4.09 4.128 4.122 4.14 4.145 4.16 4.168 4.175 4.21 4.215 4.243 4.247 4.265 4.237 4.21 4.24 4.24 4.235 4.238 4.222 4.215 4.21 4.195 4.172 4.115 4.162 4.172 4.182 4.168 4.128 4.118 4.162 4.15 4.142 4.172 4.185 4.22 4.19 4.165 4.153 4.23 4.44 4.543 3.898 3.99 4.517 4.525 4.125 3.78 4.488 4.695 4.465 4.227 4.177 4.162 4.137 4.135 4.15 4.157 4.157 4.153 4.15 4.182 4.17 4.162 4.175 4.162 4.16 4.162 4.195 4.207 4.188
4.04 4.03 4.055 4.075 4.097 4.097 4.088 4.108 4.13 4.155 4.18 4.173 4.145 4.182 4.235 4.263 4.288 4.298 4.302 4.298 4.262 4.247 4.273 4.263 4.255 4.255 4.24 4.247 4.245 4.233 4.225 4.175 4.173 4.207 4.2 4.193 4.158 4.165 4.205 4.2 4.195 4.195 4.195 4.227 4.225 4.195 4.205 4.342 4.528 4.438 3.817 4.15 4.537 4.508 3.908 3.838 4.693 4.595 4.42 4.235 4.185 4.177 4.17 4.17 4.18 4.198 4.195 4.193 4.19 4.205 4.22 4.225 4.22 4.237 4.23 4.22 4.215 4.22 4.222
5.055 4.682 4.605 4.74 4.802 4.535 4.227 4.193 4.175 4.22 4.198 4.133 4.128 4.188 4.267 4.275 4.29 4.288 4.305 4.3 4.283 4.302 4.302 4.287 4.28 4.273 4.275 4.27 4.253 4.262 4.245 4.217 4.195 4.217 4.227 4.22 4.185 4.2 4.23 4.233 4.235 4.253 4.222 4.22 4.217 4.21 4.265 4.43 4.605 4.073 3.815 4.378 4.523 4.392 3.81 4.19 4.75 4.577 4.392 4.24 4.213 4.225 4.22 4.225 4.22 4.235 4.242 4.247 4.26 4.262 4.285 4.275 4.275 4.278 4.27 4.263 4.267 4.26 4.262
4.09 4.29 4.222 4.42 4.44 4.722 4.875 4.677 4.588 4.932 5.545 5.26 4.785 4.688 4.495 4.497 4.283 4.233 4.255 4.233 4.275 4.315 4.323 4.312 4.307 4.285 4.283 4.295 4.305 4.312 4.278 4.27 4.253 4.253 4.275 4.25 4.22 4.215 4.22 4.212 4.247 4.238 4.225 4.238 4.24 4.23 4.307 4.495 4.633 3.822 3.912 4.515 4.535 4.165 3.76 4.503 4.707 4.557 4.375 4.288 4.262 4.273 4.265 4.27 4.265 4.255 4.28 4.283 4.285 4.293 4.295 4.305 4.295 4.288 4.305 4.293 4.283 4.285 4.283
4.088 4.108 4.125 4.13 4.142 4.162 4.17 4.193 4.173 4.217 4.293 4.588 4.585 4.693 4.885 4.85 5.485 5.965 4.18 4.3 4.392 4.43 4.47 4.615 4.568 4.43 4.3 4.3 4.597 4.452 4.35 4.31 4.312 4.298 4.278 4.265 4.233 4.217 4.217 4.24 4.263 4.285 4.275 4.255 4.257 4.295 4.398 4.552 4.36 3.81 4.097 4.555 4.53 3.943 3.925 4.733 4.69 4.548 4.358 4.31 4.298 4.302 4.295 4.287 4.283 4.287 4.283 4.315 4.302 4.293 4.295 4.298 4.298 4.32 4.29 4.305 4.3 4.307 4.307
4.133 4.12 4.135 4.153 4.177 4.19 4.213 4.21 4.242 4.24 4.26 4.258 4.212 4.205 4.188 4.16 4.168 4.175 4.212 4.307 4.415 4.463 4.543 4.637 4.682 5.325 5.245 5.395 6.432 5.4 4.367 4.395 4.507 4.448 4.412 4.295 4.405 4.25 4.258 4.28 4.335 4.338 4.325 4.31 4.305 4.323 4.403 4.577 4.125 3.807 4.37 4.55 4.44 3.862 3.918 4.788 4.622 4.512 4.375 4.342 4.32 4.305 4.31 4.295 4.293 4.302 4.32 4.303 4.307 4.302 4.315 4.323 4.31 4.307 4.347 4.32 4.318 4.33 4.318
4.168 4.158 4.158 4.162 4.195 4.227 4.235 4.245 4.283 4.283 4.295 4.295 4.27 4.27 4.273 4.262 4.267 4.29 4.323 4.365 4.415 4.412 4.37 4.378 4.37 4.378 4.47 4.42 4.372 4.365 4.358 4.38 4.457 4.463 4.517 4.515 5.425 4.95 4.525 4.358 4.488 4.372 4.34 4.367 4.477 4.335 4.423 4.58 3.88 3.908 4.495 4.545 4.175 3.767 4.247 4.775 4.613 4.492 4.368 4.35 4.338 4.33 4.325 4.327 4.335 4.332 4.318 4.32 4.328 4.32 4.328 4.318 4.33 4.345 4.345 4.34 4.325 4.323 4.33
