Matlab/Roost_data/braunton/dsm/ss4734_DSM_2M.asc
ncols 500
nrows 500
xllcorner    247000
yllcorner    134000
cellsize     2
NODATA_value -9999
[rows 350 to 384 of 500, columns 316 to 394 of 500]
3.825 3.923 3.945 3.95 3.92 3.913 3.918 3.925 3.953 3.975 3.94 3.895 3.842 4.96 4.588 3.815 3.83 3.753 3.662 3.612 3.58 3.597 3.635 3.67 3.68 3.695 3.683 3.535 3.47 3.63 3.688 3.715 3.725 3.592 3.517 3.642 3.587 3.597 3.622 3.62 3.618 3.597 3.602 3.602 3.608 3.597 3.64 3.663 3.68 3.68 3.66 3.612 3.662 3.725 3.77 3.785 3.785 3.785 3.725 3.653 3.635 3.665 3.625 3.638 3.673 3.71 3.7 3.675 3.658 3.645 3.61 3.632 3.75 3.803 3.812 3.825 3.825 3.81 3.77
3.9 3.93 3.945 3.943 3.935 3.92 3.915 3.918 3.953 4 3.98 3.913 4 5.085 4.035 3.82 3.765 3.67 3.64 3.635 3.597 3.597 3.605 3.63 3.64 3.658 3.638 3.495 3.525 3.69 3.685 3.683 3.622 3.487 3.61 3.622 3.638 3.638 3.582 3.595 3.62 3.645 3.695 3.678 3.65 3.65 3.653 3.668 3.665 3.665 3.668 3.63 3.62 3.688 3.74 3.755 3.763 3.75 3.767 3.818 3.643 3.65 3.645 3.622 3.628 3.628 3.628 3.645 3.615 3.595 3.615 3.705 3.767 3.79 3.803 3.817 3.81 3.835 3.8
3.928 3.943 3.947 3.945 3.94 3.933 3.925 3.93 3.957 4.015 4.013 3.915 4.345 4.658 3.803 3.817 3.73 3.658 3.69 3.717 3.695 3.632 3.59 3.587 3.59 3.58 3.54 3.487 3.487 3.62 3.6 3.547 3.505 3.48 3.54 3.602 3.73 3.715 3.62 3.61 3.653 3.707 3.745 3.713 3.673 3.673 3.665 3.665 3.675 3.668 3.66 3.64 3.61 3.658 3.725 3.747 3.753 3.723 3.885 3.76 3.635 3.638 3.66 3.655 3.628 3.635 3.633 3.605 3.572 3.633 3.697 3.755 3.765 3.803 3.805 3.797 3.812 3.822 3.795
3.918 3.97 3.96 3.955 3.953 3.945 3.94 3.938 3.953 4.015 4.003 3.9 4.762 4.29 3.812 3.832 3.743 3.665 3.665 3.693 3.73 3.715 3.63 3.6 3.625 3.628 3.65 3.673 3.507 3.477 3.477 3.47 3.485 3.545 3.642 3.67 3.76 3.737 3.658 3.605 3.693 3.763 3.743 3.727 3.69 3.683 3.685 3.67 3.645 3.665 3.648 3.633 3.605 3.645 3.707 3.74 3.73 3.713 3.97 3.628 3.618 3.648 3.678 3.67 3.658 3.612 3.62 3.61 3.622 3.688 3.737 3.757 3.765 3.797 3.807 3.8 3.805 3.795 3.79
3.943 3.995 3.997 3.977 3.957 3.947 3.955 3.953 3.983 4.025 3.975 4.088 4.863 3.875 3.825 3.835 3.783 3.713 3.665 3.66 3.717 3.755 3.72 3.715 3.723 3.735 3.737 3.77 3.725 3.678 3.685 3.615 3.513 3.652 3.675 3.68 3.753 3.725 3.673 3.605 3.67 3.765 3.765 3.733 3.688 3.688 3.697 3.668 3.643 3.66 3.643 3.612 3.622 3.69 3.72 3.737 3.727 3.763 3.81 3.612 3.633 3.665 3.675 3.673 3.658 3.62 3.597 3.673 3.7 3.715 3.713 3.735 3.743 3.77 3.79 3.803 3.807 3.797 3.785
3.973 4.003 4.012 4.003 3.983 3.97 3.973 3.987 4.055 4.065 3.947 4.668 4.605 3.777 3.803 3.827 3.803 3.755 3.683 3.658 3.723 3.78 3.763 3.76 3.757 3.747 3.755 3.773 3.775 3.77 3.747 3.71 3.5 3.727 3.663 3.68 3.703 3.67 3.602 3.602 3.688 3.75 3.747 3.737 3.735 3.7 3.697 3.66 3.645 3.643 3.63 3.602 3.65 3.707 3.745 3.74 3.725 3.875 3.727 3.64 3.673 3.67 3.683 3.668 3.655 3.638 3.605 3.665 3.69 3.715 3.735 3.743 3.755 3.767 3.775 3.77 3.77 3.775 3.777
4.01 4.01 4.043 4.015 3.993 3.98 3.99 4.035 4.11 4.077 3.96 5.028 4.213 3.795 3.805 3.812 3.775 3.733 3.675 3.665 3.735 3.825 3.825 3.822 3.8 3.763 3.76 3.767 3.77 3.725 3.622 3.53 3.517 3.693 3.612 3.597 3.63 3.6 3.597 3.685 3.737 3.763 3.76 3.75 3.73 3.705 3.697 3.66 3.658 3.63 3.633 3.617 3.65 3.697 3.737 3.725 3.705 4.02 3.638 3.653 3.693 3.678 3.685 3.668 3.653 3.655 3.612 3.63 3.69 3.717 3.74 3.743 3.757 3.767 3.777 3.78 3.78 3.763 3.765
4.02 4.02 4.037 4.025 4.008 4.003 3.997 4.055 4.13 4.097 4.177 5.235 4.02 3.88 3.852 3.81 3.763 3.72 3.683 3.71 3.795 3.855 3.87 3.85 3.805 3.765 3.765 3.765 3.73 3.592 3.575 3.515 3.66 3.733 3.658 3.63 3.597 3.615 3.688 3.733 3.75 3.767 3.755 3.737 3.745 3.715 3.693 3.678 3.673 3.64 3.63 3.632 3.668 3.705 3.723 3.72 3.793 3.872 3.625 3.673 3.685 3.67 3.665 3.678 3.668 3.67 3.635 3.625 3.665 3.693 3.723 3.72 3.75 3.77 3.78 3.78 3.785 3.785 3.783
4.057 4.04 4.04 4.048 4.02 4.02 4.017 4.038 4.095 4.065 4.648 4.79 3.963 3.977 3.918 3.845 3.793 3.765 3.767 3.8 3.855 3.888 3.898 3.875 3.815 3.777 3.757 3.727 3.68 3.547 3.642 3.523 3.83 3.815 3.78 3.753 3.707 3.63 3.693 3.735 3.74 3.75 3.757 3.76 3.735 3.725 3.68 3.673 3.668 3.648 3.632 3.642 3.688 3.707 3.715 3.717 3.888 3.747 3.635 3.695 3.688 3.648 3.638 3.67 3.665 3.655 3.648 3.64 3.64 3.673 3.707 3.723 3.735 3.77 3.775 3.763 3.773 3.775 3.787
4.122 4.055 4.045 4.052 4.037 4.028 4.03 4.033 4.053 4.03 5.14 4.512 3.963 4.03 3.985 3.92 3.875 3.855 3.857 3.862 3.872 3.9 3.908 3.905 3.865 3.817 3.775 3.735 3.683 3.577 3.537 3.585 3.888 3.812 3.812 3.81 3.773 3.71 3.643 3.678 3.745 3.737 3.745 3.763 3.75 3.713 3.7 3.68 3.67 3.643 3.602 3.645 3.688 3.68 3.695 3.697 4.003 3.643 3.66 3.713 3.703 3.65 3.64 3.65 3.635 3.64 3.628 3.628 3.645 3.648 3.688 3.723 3.723 3.745 3.763 3.773 3.755 3.775 3.793
4.137 4.082 4.065 4.065 4.06 4.035 4.028 4.04 4.045 4.295 6.008 4.012 4.028 4.077 4 3.957 3.93 3.915 3.91 3.905 3.903 3.92 3.933 3.93 3.925 3.91 3.868 3.845 3.775 3.645 3.525 3.73 3.812 3.767 3.787 3.795 3.773 3.75 3.688 3.685 3.747 3.753 3.733 3.745 3.723 3.703 3.68 3.67 3.663 3.648 3.6 3.625 3.645 3.63 3.653 3.767 3.983 3.635 3.69 3.715 3.68 3.64 3.638 3.63 3.633 3.635 3.64 3.66 3.675 3.655 3.678 3.713 3.725 3.74 3.75 3.763 3.755 3.773 3.793
4.153 4.097 4.08 4.095 4.102 4.073 4.048 4.043 4.033 4.733 4.51 4.043 4.118 4.08 4.012 3.977 3.957 3.94 3.93 3.915 3.935 3.95 3.955 3.965 3.96 3.953 3.915 3.915 3.903 3.767 3.5 3.705 3.7 3.69 3.685 3.683 3.707 3.72 3.733 3.72 3.74 3.75 3.71 3.715 3.688 3.697 3.69 3.673 3.65 3.653 3.607 3.597 3.572 3.585 3.622 3.842 3.8 3.645 3.703 3.695 3.665 3.678 3.643 3.655 3.64 3.653 3.66 3.665 3.655 3.653 3.68 3.707 3.715 3.73 3.74 3.737 3.725 3.765 3.76
4.133 4.113 4.105 4.115 4.132 4.13 4.095 4.06 4.06 5.443 4.267 4.057 4.093 4.04 3.993 3.975 3.965 3.945 3.947 3.933 3.947 3.947 3.953 3.953 3.965 3.965 3.953 3.933 3.925 3.745 3.55 3.62 3.645 3.635 3.648 3.653 3.638 3.64 3.675 3.668 3.683 3.688 3.695 3.68 3.673 3.68 3.67 3.668 3.65 3.668 3.635 3.605 3.605 3.582 3.635 3.97 3.662 3.655 3.697 3.685 3.703 3.703 3.663 3.7 3.663 3.668 3.655 3.648 3.655 3.675 3.703 3.725 3.725 3.715 3.71 3.683 3.688 3.737 3.753
4.142 4.115 4.113 4.11 4.122 4.157 4.157 4.095 4.392 5.045 4.005 4.055 4.057 4.028 3.983 3.98 3.967 3.953 3.938 3.935 3.938 3.925 3.945 3.957 3.957 3.963 3.953 3.928 3.918 3.655 3.77 3.862 3.745 3.725 3.69 3.67 3.65 3.658 3.658 3.653 3.675 3.69 3.69 3.67 3.645 3.653 3.68 3.688 3.685 3.693 3.66 3.635 3.602 3.587 3.688 3.91 3.625 3.668 3.717 3.745 3.727 3.72 3.71 3.703 3.678 3.683 3.643 3.685 3.683 3.68 3.703 3.73 3.713 3.695 3.675 3.628 3.625 3.67 3.715
4.145 4.137 4.128 4.11 4.113 4.162 4.168 4.095 4.665 4.85 4.023 4.068 4.075 4.015 3.977 3.97 3.965 3.95 3.938 3.925 3.908 3.9 3.933 3.935 3.953 3.955 3.947 3.94 3.88 3.618 3.975 3.91 3.855 3.815 3.727 3.67 3.675 3.695 3.705 3.737 3.755 3.743 3.713 3.675 3.68 3.68 3.725 3.733 3.72 3.72 3.703 3.675 3.618 3.582 3.743 3.783 3.62 3.685 3.753 3.75 3.723 3.723 3.727 3.713 3.675 3.663 3.665 3.703 3.727 3.71 3.715 3.725 3.688 3.635 3.605 3.605 3.58 3.622 3.683
4.182 4.188 4.17 4.128 4.108 4.148 4.148 4.145 5.082 4.235 4.062 4.068 4.05 4.008 3.985 3.967 3.96 3.95 3.938 3.923 3.878 3.903 3.915 3.92 3.93 3.935 3.928 3.93 3.798 3.707 4.033 3.938 3.895 3.852 3.765 3.685 3.69 3.737 3.76 3.79 3.81 3.783 3.755 3.693 3.705 3.733 3.773 3.795 3.79 3.763 3.74 3.693 3.63 3.602 3.75 3.66 3.632 3.725 3.737 3.707 3.735 3.73 3.74 3.743 3.697 3.68 3.697 3.73 3.74 3.725 3.723 3.697 3.685 3.64 3.64 3.63 3.577 3.585 3.653
4.222 4.242 4.233 4.177 4.115 4.13 4.108 4.145 4.945 4.008 4.082 4.095 4.057 4.008 3.98 3.965 3.975 3.96 3.925 3.908 3.885 3.915 3.92 3.923 3.925 3.925 3.933 3.9 3.7 3.828 3.997 3.935 3.878 3.852 3.773 3.688 3.73 3.803 3.817 3.82 3.812 3.812 3.783 3.765 3.793 3.82 3.81 3.83 3.803 3.78 3.76 3.695 3.622 3.653 3.713 3.625 3.675 3.717 3.72 3.727 3.743 3.75 3.755 3.727 3.7 3.7 3.707 3.73 3.743 3.725 3.715 3.69 3.68 3.685 3.685 3.628 3.575 3.565 3.628
4.247 4.255 4.295 4.247 4.158 4.158 4.093 4.635 4.595 4.025 4.097 4.115 4.1 4.04 4.005 3.987 3.973 3.947 3.928 3.895 3.89 3.923 3.923 3.918 3.915 3.93 3.93 3.895 3.655 3.912 3.94 3.903 3.85 3.793 3.72 3.727 3.79 3.837 3.82 3.817 3.822 3.82 3.852 3.852 3.845 3.835 3.832 3.827 3.837 3.825 3.767 3.67 3.693 3.785 3.747 3.66 3.745 3.77 3.747 3.733 3.743 3.755 3.745 3.735 3.713 3.71 3.703 3.725 3.735 3.703 3.695 3.715 3.71 3.703 3.678 3.62 3.595 3.577 3.565
4.258 4.278 4.3 4.27 4.207 4.177 4.16 5.188 4.177 4.095 4.135 4.137 4.102 4.06 4.012 3.983 3.945 3.928 3.905 3.883 3.893 3.885 3.858 3.83 3.837 3.868 3.888 3.79 3.707 3.983 3.908 3.883 3.78 3.737 3.743 3.79 3.82 3.827 3.805 3.817 3.84 3.857 3.89 3.875 3.878 3.837 3.81 3.858 3.878 3.852 3.735 3.73 3.74 3.88 3.763 3.735 3.8 3.793 3.82 3.78 3.75 3.763 3.75 3.757 3.725 3.7 3.7 3.737 3.743 3.723 3.683 3.693 3.723 3.713 3.693 3.653 3.645 3.62 3.582
4.283 4.273 4.298 4.293 4.27 4.197 4.452 5.023 4.132 4.14 4.15 4.145 4.108 4.085 4.04 3.957 3.925 3.915 3.91 3.898 3.88 3.842 3.817 3.803 3.803 3.787 3.76 3.665 3.822 4.013 3.908 3.868 3.76 3.733 3.765 3.793 3.797 3.81 3.803 3.817 3.845 3.867 3.885 3.88 3.87 3.835 3.807 3.84 3.865 3.807 3.715 3.79 3.733 3.82 3.69 3.803 3.822 3.763 3.767 3.763 3.747 3.753 3.747 3.76 3.735 3.727 3.703 3.705 3.707 3.697 3.673 3.683 3.733 3.74 3.727 3.703 3.688 3.68 3.65
4.323 4.315 4.34 4.335 4.303 4.222 4.885 4.568 4.15 4.165 4.168 4.142 4.125 4.095 4.077 4 3.95 3.938 3.933 3.925 3.898 3.86 3.832 3.832 3.815 3.765 3.715 3.645 3.885 3.97 3.918 3.882 3.747 3.76 3.807 3.827 3.84 3.835 3.832 3.837 3.855 3.878 3.875 3.857 3.822 3.795 3.79 3.79 3.81 3.76 3.76 3.79 3.757 3.745 3.705 3.787 3.81 3.787 3.767 3.745 3.737 3.757 3.755 3.75 3.757 3.745 3.727 3.735 3.71 3.688 3.688 3.705 3.747 3.745 3.755 3.743 3.733 3.745 3.727
4.355 4.35 4.347 4.355 4.32 4.343 5.365 4.287 4.213 4.202 4.168 4.135 4.108 4.1 4.09 4.065 4.003 3.965 3.97 3.94 3.915 3.9 3.892 3.878 3.797 3.785 3.7 3.69 3.95 3.947 3.92 3.88 3.773 3.787 3.85 3.87 3.865 3.855 3.845 3.87 3.892 3.875 3.878 3.878 3.832 3.78 3.747 3.743 3.755 3.75 3.803 3.803 3.755 3.723 3.755 3.803 3.807 3.803 3.793 3.79 3.785 3.773 3.76 3.76 3.763 3.737 3.735 3.74 3.715 3.705 3.713 3.755 3.777 3.775 3.767 3.755 3.763 3.757 3.747
4.395 4.365 4.358 4.355 4.31 4.648 5.253 4.255 4.275 4.267 4.207 4.153 4.105 4.09 4.068 4.035 3.99 3.965 3.955 3.943 3.925 3.898 3.9 3.88 3.8 3.785 3.673 3.78 3.963 3.933 3.967 3.933 3.815 3.783 3.822 3.86 3.88 3.875 3.893 3.903 3.918 3.867 3.89 3.875 3.868 3.847 3.825 3.785 3.79 3.81 3.847 3.838 3.91 3.723 3.785 3.807 3.815 3.803 3.805 3.8 3.78 3.797 3.785 3.773 3.75 3.755 3.78 3.75 3.75 3.72 3.743 3.76 3.787 3.773 3.765 3.755 3.767 3.765 3.75
4.427 4.385 4.37 4.355 4.312 5.057 4.953 4.323 4.32 4.31 4.28 4.215 4.142 4.082 4.05 4.015 4.008 3.988 4 4.025 4.005 3.918 3.883 3.885 3.807 3.74 3.665 3.872 3.903 3.903 3.96 3.943 3.862 3.78 3.805 3.835 3.903 3.91 3.905 3.93 3.933 3.89 3.885 3.905 3.89 3.918 3.91 3.9 3.883 3.867 3.845 3.912 3.938 3.725 3.795 3.803 3.81 3.797 3.797 3.787 3.757 3.797 3.797 3.78 3.783 3.805 3.79 3.78 3.745 3.75 3.77 3.775 3.767 3.765 3.755 3.737 3.745 3.733 3.707
4.457 4.418 4.398 4.355 4.425 5.585 4.512 4.36 4.365 4.372 4.318 4.25 4.198 4.14 4.1 4.1 4.095 4.085 4.07 4.068 4.033 3.97 3.92 3.905 3.86 3.725 3.71 3.81 3.85 3.868 3.905 3.91 3.905 3.84 3.78 3.81 3.885 3.915 3.91 3.938 3.93 3.938 3.895 3.905 3.928 3.928 3.93 3.913 3.888 3.857 3.845 3.97 3.822 3.76 3.812 3.81 3.793 3.797 3.79 3.745 3.747 3.785 3.797 3.795 3.827 3.803 3.815 3.817 3.777 3.773 3.785 3.78 3.755 3.753 3.743 3.75 3.733 3.707 3.678
4.51 4.472 4.443 4.36 4.648 5.562 4.263 4.328 4.385 4.418 4.372 4.328 4.285 4.243 4.202 4.173 4.122 4.115 4.07 4.033 3.997 3.973 3.97 3.957 3.95 3.898 3.797 3.852 3.847 3.84 3.872 3.867 3.888 3.923 3.872 3.812 3.822 3.862 3.913 3.947 3.965 3.955 3.94 3.938 3.93 3.923 3.925 3.903 3.88 3.867 3.847 3.9 3.747 3.773 3.793 3.793 3.78 3.767 3.765 3.703 3.737 3.755 3.73 3.827 3.827 3.817 3.85 3.835 3.81 3.795 3.775 3.775 3.767 3.767 3.747 3.753 3.727 3.703 3.668
4.525 4.515 4.483 4.387 5.34 5.323 4.533 4.207 4.34 4.425 4.435 4.398 4.37 4.3 4.238 4.21 4.155 4.12 4.062 4.035 4.03 4.053 4.048 4.043 4.08 4.137 3.993 3.892 3.895 3.862 3.852 3.862 3.875 3.93 3.975 3.93 3.85 3.84 3.878 3.943 3.97 3.963 3.938 3.947 3.93 3.94 3.938 3.908 3.888 3.86 3.812 3.765 3.747 3.803 3.783 3.76 3.745 3.76 3.743 3.707 3.705 3.688 3.69 3.773 3.822 3.84 3.84 3.832 3.83 3.807 3.79 3.775 3.773 3.753 3.755 3.73 3.697 3.678 3.615
4.548 4.523 4.49 4.485 5.62 4.332 4.29 4.185 4.265 4.405 4.435 4.41 4.372 4.32 4.26 4.22 4.175 4.133 4.1 4.085 4.097 4.097 4.073 4.078 4.128 4.13 3.975 3.908 3.955 3.92 3.935 3.892 3.875 3.925 3.965 3.98 3.945 3.855 3.847 3.933 3.96 3.95 3.943 3.935 3.955 3.945 3.938 3.91 3.878 3.847 3.765 3.693 3.74 3.77 3.773 3.767 3.753 3.74 3.707 3.71 3.675 3.675 3.683 3.727 3.793 3.805 3.837 3.845 3.832 3.822 3.817 3.78 3.755 3.735 3.737 3.715 3.685 3.655 3.6
4.545 4.535 4.483 4.91 4.332 4.185 4.2 4.193 4.238 4.387 4.438 4.42 4.38 4.32 4.27 4.222 4.193 4.172 4.125 4.11 4.108 4.095 4.082 4.108 4.155 4.095 3.938 3.91 3.957 3.983 3.998 3.915 3.872 3.89 3.89 3.93 3.98 3.888 3.862 3.945 3.965 3.95 3.935 3.95 3.963 3.943 3.933 3.88 3.852 3.875 3.8 3.68 3.725 3.74 3.76 3.755 3.743 3.683 3.69 3.683 3.675 3.678 3.683 3.74 3.775 3.797 3.81 3.845 3.865 3.842 3.817 3.78 3.755 3.75 3.757 3.735 3.717 3.695 3.65
4.55 4.54 4.463 4.977 4.213 4.182 4.23 4.193 4.273 4.398 4.443 4.412 4.378 4.343 4.293 4.253 4.21 4.18 4.175 4.155 4.128 4.097 4.1 4.142 4.2 4.095 3.977 4.02 4.085 4.082 4.057 3.947 3.89 3.893 3.88 3.9 3.965 3.888 3.892 3.955 3.977 3.973 3.96 3.95 3.95 3.928 3.878 3.862 3.865 3.898 3.82 3.703 3.757 3.763 3.75 3.733 3.703 3.66 3.72 3.747 3.713 3.678 3.693 3.74 3.8 3.817 3.815 3.812 3.832 3.835 3.835 3.807 3.785 3.775 3.773 3.76 3.747 3.723 3.7
4.523 4.503 4.62 5.905 4.215 4.798 4.322 4.21 4.33 4.438 4.455 4.435 4.423 4.375 4.35 4.29 4.267 4.225 4.217 4.2 4.16 4.148 4.137 4.17 4.207 4.115 4.07 4.13 4.135 4.113 4.097 4.035 3.993 3.973 3.903 3.885 3.94 3.885 3.898 3.973 3.993 3.97 3.955 3.977 3.933 3.888 3.888 3.875 3.857 3.89 3.787 3.707 3.785 3.775 3.743 3.72 3.678 3.695 3.773 3.783 3.763 3.697 3.685 3.707 3.805 3.817 3.81 3.825 3.842 3.835 3.855 3.832 3.803 3.783 3.785 3.775 3.765 3.73 3.668
4.465 4.422 5.073 5.89 6.125 6.073 4.19 4.27 4.385 4.455 4.457 4.467 4.467 4.41 4.387 4.365 4.323 4.325 4.298 4.26 4.217 4.198 4.175 4.162 4.15 4.08 4.115 4.14 4.137 4.09 4.05 4.033 4.023 3.99 3.898 3.872 3.885 3.885 3.93 3.995 3.99 3.975 3.957 3.955 3.91 3.9 3.878 3.91 3.91 3.86 3.737 3.703 3.747 3.735 3.727 3.715 3.735 3.767 3.81 3.783 3.77 3.75 3.715 3.717 3.81 3.812 3.773 3.807 3.835 3.835 3.832 3.822 3.777 3.785 3.773 3.773 3.763 3.7 3.51
4.375 4.372 5.343 5.003 4.238 4.26 4.33 4.423 4.447 4.465 4.465 4.46 4.485 4.455 4.42 4.427 4.405 4.387 4.365 4.318 4.29 4.24 4.23 4.24 4.148 4.102 4.142 4.155 4.105 4.038 3.993 3.973 3.953 3.933 3.905 3.883 3.875 3.925 3.993 4.023 3.993 3.975 3.97 3.945 3.905 3.898 3.89 3.905 3.943 3.838 3.727 3.717 3.787 3.783 3.773 3.797 3.797 3.822 3.807 3.783 3.78 3.785 3.767 3.733 3.795 3.787 3.753 3.755 3.763 3.812 3.832 3.825 3.793 3.77 3.777 3.783 3.697 3.54 3.398
4.318 4.515 5.693 4.287 4.342 4.387 4.427 4.462 4.47 4.47 4.455 4.465 4.488 4.465 4.457 4.47 4.462 4.438 4.405 4.363 4.35 4.305 4.285 4.26 4.193 4.17 4.207 4.172 4.078 4.013 3.995 3.985 3.967 3.945 3.94 3.943 3.977 4.043 4.05 4.053 4.02 3.997 3.99 3.945 3.9 3.89 3.898 3.908 3.947 3.852 3.8 3.815 3.85 3.858 3.837 3.837 3.835 3.825 3.795 3.793 3.787 3.83 3.83 3.795 3.753 3.747 3.747 3.717 3.747 3.793 3.78 3.763 3.747 3.763 3.75 3.645 3.527 3.497 3.21
4.295 4.818 5.003 4.238 4.305 4.33 4.345 4.368 4.395 4.415 4.42 4.435 4.475 4.463 4.497 4.51 4.508 4.483 4.452 4.427 4.41 4.392 4.342 4.307 4.23 4.242 4.245 4.175 4.073 4.075 4.093 4.09 4.09 4.07 4.07 4.08 4.093 4.088 4.068 4.07 4.05 4.045 4.015 3.97 3.91 3.903 3.918 3.967 3.977 3.867 3.882 3.898 3.908 3.908 3.88 3.87 3.86 3.847 3.812 3.78 3.815 3.875 3.895 3.883 3.838 3.777 3.79 3.77 3.812 3.797 3.717 3.668 3.688 3.65 3.54 3.477 3.322 3.18 3.287
