Matlab/Roost_data/braunton/dsm/ss4740_DSM_2M.asc
ncols 500
nrows 500
xllcorner    247000
yllcorner    140000
cellsize     2
NODATA_value -9999
[rows 408 to 441 of 500, columns 0 to 76 of 500]
116.11 116.2 116.295 116.393 116.47 116.558 116.62 116.705 116.75 116.83 116.905 116.975 117.052 117.12 117.208 117.27 117.315 117.368 117.395 117.425 117.482 117.54 117.573 117.592 117.605 117.643 117.7 118.65 118.637 117.683 117.77 117.84 117.857 117.85 117.857 117.853 117.848 117.86 117.863 117.868 117.87 117.887 117.908 117.905 117.912 117.882 117.865 117.848 117.842 117.817 117.805 117.765 117.738 117.71 117.693 117.677 117.66 117.647 117.64 117.653 117.643 117.635 117.628 117.62 117.62 117.583 117.56 117.543 117.53 117.527 117.513 -9999 -9999 -9999 -9999 -9999 -9999
115.963 116.048 116.15 116.243 116.335 116.412 116.49 116.55 116.622 116.682 116.757 116.838 116.925 116.99 117.062 117.12 117.175 117.213 117.243 117.287 117.345 117.395 117.438 117.45 117.475 117.485 117.688 118.637 118.268 117.537 117.635 117.695 117.702 117.698 117.698 117.698 117.7 117.702 117.702 117.71 117.717 117.725 117.732 117.753 117.75 117.728 117.715 117.693 117.685 117.67 117.65 117.613 117.59 117.56 117.535 117.527 117.5 117.485 117.488 117.495 117.475 117.473 117.467 117.455 117.448 117.43 117.415 117.397 117.385 117.375 117.372 -9999 -9999 -9999 -9999 -9999 -9999
115.832 115.912 116.015 116.103 116.2 116.268 116.345 116.415 116.48 116.542 116.607 116.688 116.765 116.835 116.915 116.985 117.022 117.065 117.092 117.14 117.192 117.235 117.287 117.3 117.312 117.312 117.67 118.64 118.033 117.397 117.485 117.548 117.555 117.545 117.54 117.543 117.535 117.543 117.542 117.548 117.56 117.56 117.57 117.583 117.595 117.583 117.577 117.548 117.522 117.518 117.493 117.463 117.44 117.402 117.382 117.365 117.34 117.333 117.312 117.335 117.323 117.327 117.312 117.307 117.295 117.283 117.26 117.237 117.232 117.228 117.215 -9999 -9999 -9999 -9999 -9999 -9999
115.705 115.798 115.885 115.975 116.06 116.135 116.2 116.268 116.335 116.4 116.488 116.537 116.613 116.695 116.77 116.832 116.878 116.908 116.943 116.993 117.035 117.088 117.125 117.15 117.165 117.145 117.857 118.405 117.665 117.262 117.35 117.402 117.403 117.387 117.378 117.387 117.38 117.39 117.382 117.393 117.395 117.405 117.412 117.425 117.45 117.443 117.425 117.397 117.372 117.353 117.338 117.302 117.285 117.247 117.235 117.225 117.202 117.183 117.173 117.185 117.167 117.175 117.17 117.158 117.143 117.125 117.115 117.092 117.08 117.06 117.052 -9999 -9999 -9999 -9999 -9999 -9999
115.595 115.682 115.772 115.855 115.955 116.007 116.083 116.145 116.213 116.283 116.342 116.405 116.485 116.555 116.628 116.688 116.728 116.757 116.78 116.827 116.89 116.938 116.965 116.995 117.01 116.982 117.423 118.433 117.507 117.128 117.21 117.265 117.253 117.245 117.238 117.23 117.232 117.228 117.225 117.24 117.243 117.243 117.243 117.262 117.29 117.293 117.272 117.24 117.22 117.208 117.183 117.15 117.13 117.095 117.083 117.067 117.055 117.033 117.025 117.028 117.033 117.022 117.02 116.993 116.982 116.975 116.952 116.927 116.915 116.89 116.885 -9999 -9999 -9999 -9999 -9999 -9999
115.475 115.575 115.667 115.738 115.82 115.89 115.96 116.018 116.077 116.152 116.225 116.292 116.355 116.433 116.49 116.54 116.585 116.618 116.63 116.673 116.732 116.777 116.805 116.833 116.85 116.908 117.993 118.45 117.31 116.988 117.085 117.11 117.113 117.1 117.092 117.077 117.077 117.067 117.077 117.083 117.082 117.092 117.103 117.107 117.13 117.135 117.118 117.077 117.06 117.048 117.035 117.015 116.975 116.945 116.917 116.91 116.908 116.882 116.868 116.868 116.87 116.865 116.86 116.838 116.82 116.807 116.793 116.77 116.74 116.723 116.725 -9999 -9999 -9999 -9999 -9999 -9999
115.378 115.452 115.542 115.635 115.708 115.755 115.827 115.902 115.958 116.033 116.103 116.163 116.243 116.302 116.357 116.423 116.46 116.478 116.488 116.535 116.58 116.632 116.645 116.675 116.698 116.777 117.67 118.368 117.137 116.86 116.945 116.955 116.952 116.948 116.938 116.933 116.92 116.925 116.93 116.933 116.938 116.938 116.96 116.96 116.973 116.987 116.973 116.938 116.897 116.893 116.88 116.845 116.823 116.795 116.772 116.75 116.73 116.73 116.698 116.698 116.695 116.708 116.693 116.675 116.647 116.647 116.628 116.598 116.575 116.56 116.548 -9999 -9999 -9999 -9999 -9999 -9999
115.253 115.348 115.433 115.512 115.573 115.645 115.708 115.78 115.842 115.928 115.98 116.04 116.12 116.183 116.247 116.283 116.315 116.345 116.363 116.412 116.455 116.493 116.512 116.53 116.548 116.905 117.63 118.103 116.647 116.723 116.802 116.82 116.81 116.807 116.79 116.783 116.775 116.78 116.785 116.792 116.783 116.787 116.795 116.8 116.81 116.825 116.817 116.785 116.76 116.728 116.713 116.685 116.655 116.622 116.592 116.585 116.565 116.55 116.548 116.533 116.54 116.535 116.518 116.497 116.475 116.465 116.45 116.427 116.395 116.38 116.378 -9999 -9999 -9999 -9999 -9999 -9999
115.122 115.213 115.312 115.395 115.45 115.528 115.595 115.65 115.728 115.795 115.865 115.925 115.997 116.065 116.113 116.165 116.19 116.205 116.23 116.278 116.325 116.35 116.357 116.393 116.4 116.615 117.678 117.66 116.493 116.592 116.658 116.667 116.667 116.665 116.65 116.637 116.632 116.637 116.635 116.647 116.647 116.645 116.637 116.647 116.645 116.665 116.66 116.628 116.597 116.567 116.537 116.518 116.49 116.458 116.43 116.417 116.402 116.382 116.368 116.363 116.365 116.36 116.348 116.342 116.31 116.29 116.268 116.247 116.225 116.217 116.193 -9999 -9999 -9999 -9999 -9999 -9999
114.982 115.085 115.173 115.257 115.318 115.402 115.46 115.528 115.61 115.68 115.753 115.81 115.875 115.945 115.995 116.03 116.065 116.095 116.113 116.165 116.193 116.213 116.223 116.253 116.232 117.135 117.68 117.263 116.363 116.458 116.518 116.522 116.522 116.522 116.51 116.497 116.49 116.49 116.493 116.488 116.49 116.49 116.478 116.48 116.485 116.497 116.495 116.47 116.432 116.39 116.36 116.338 116.323 116.28 116.265 116.25 116.228 116.215 116.202 116.185 116.185 116.18 116.17 116.173 116.155 116.135 116.113 116.088 116.073 116.06 116.04 -9999 -9999 -9999 -9999 -9999 -9999
114.855 114.957 115.045 115.12 115.185 115.262 115.327 115.382 115.47 115.54 115.613 115.688 115.755 115.815 115.868 115.908 115.927 115.945 115.98 116.033 116.043 116.065 116.088 116.1 116.077 117.107 117.338 116.652 116.228 116.338 116.382 116.363 116.375 116.365 116.357 116.35 116.342 116.338 116.325 116.327 116.323 116.31 116.305 116.305 116.31 116.315 116.312 116.293 116.255 116.23 116.19 116.17 116.152 116.107 116.085 116.073 116.057 116.048 116.042 116.037 116.02 116.02 116.03 116.018 115.997 115.967 115.94 115.927 115.91 115.88 115.868 -9999 -9999 -9999 -9999 -9999 -9999
114.71 114.802 114.905 114.975 115.052 115.118 115.177 115.235 115.323 115.408 115.475 115.562 115.63 115.69 115.74 115.775 115.787 115.815 115.853 115.897 115.925 115.923 115.93 115.963 116.255 117.332 116.97 116.37 116.107 116.213 116.225 116.23 116.223 116.217 116.205 116.185 116.177 116.17 116.165 116.165 116.147 116.147 116.132 116.137 116.143 116.143 116.137 116.118 116.092 116.052 116.018 116.003 115.973 115.965 115.935 115.917 115.91 115.89 115.882 115.878 115.863 115.86 115.855 115.853 115.835 115.815 115.79 115.77 115.747 115.715 115.69 -9999 -9999 -9999 -9999 -9999 -9999
114.555 114.64 114.745 114.815 114.902 114.967 115.04 115.098 115.182 115.262 115.342 115.423 115.49 115.55 115.59 115.62 115.647 115.68 115.705 115.753 115.78 115.775 115.787 115.82 116.23 117.452 116.607 115.912 115.978 116.062 116.073 116.062 116.06 116.06 116.055 116.042 116.035 116.022 116.02 116.013 116 115.99 115.982 115.98 115.982 115.975 115.98 115.978 115.95 115.917 115.87 115.842 115.82 115.787 115.768 115.75 115.743 115.737 115.73 115.728 115.715 115.702 115.705 115.695 115.668 115.64 115.618 115.592 115.575 115.55 115.52 -9999 -9999 -9999 -9999 -9999 -9999
114.397 114.488 114.592 114.65 114.725 114.802 114.878 114.967 115.045 115.12 115.2 115.268 115.33 115.4 115.423 115.458 115.5 115.533 115.572 115.618 115.628 115.622 115.625 115.652 116.61 117.027 116.525 115.753 115.85 115.923 115.93 115.925 115.917 115.917 115.908 115.893 115.88 115.868 115.86 115.872 115.863 115.857 115.85 115.842 115.833 115.823 115.812 115.818 115.785 115.765 115.71 115.677 115.655 115.635 115.622 115.598 115.59 115.582 115.57 115.555 115.545 115.518 115.518 115.515 115.51 115.485 115.467 115.44 115.423 115.4 115.335 -9999 -9999 -9999 -9999 -9999 -9999
114.25 114.35 114.428 114.497 114.575 114.632 114.702 114.785 114.885 114.96 115.048 115.125 115.185 115.257 115.277 115.305 115.34 115.36 115.405 115.448 115.465 115.463 115.465 115.473 116.915 117.232 116.458 115.615 115.713 115.765 115.777 115.772 115.755 115.77 115.765 115.757 115.74 115.738 115.72 115.72 115.715 115.702 115.69 115.673 115.673 115.67 115.667 115.655 115.635 115.607 115.548 115.512 115.482 115.46 115.435 115.415 115.425 115.42 115.408 115.4 115.387 115.372 115.357 115.338 115.317 115.31 115.272 115.25 115.235 115.2 115.16 -9999 -9999 -9999 -9999 -9999 -9999
114.095 114.185 114.268 114.368 114.44 114.503 114.562 114.645 114.73 114.792 114.875 114.948 115.022 115.08 115.118 115.158 115.177 115.202 115.25 115.285 115.31 115.283 115.315 115.485 116.79 116.81 115.798 115.485 115.585 115.63 115.63 115.64 115.62 115.622 115.615 115.605 115.58 115.58 115.567 115.565 115.555 115.542 115.533 115.518 115.512 115.5 115.485 115.473 115.452 115.425 115.38 115.345 115.315 115.305 115.292 115.272 115.268 115.257 115.25 115.235 115.235 115.232 115.18 115.175 115.167 115.14 115.1 115.055 115.037 115.012 114.965 -9999 -9999 -9999 -9999 -9999 -9999
113.925 114.015 114.1 114.2 114.287 114.355 114.435 114.505 114.57 114.647 114.72 114.798 114.862 114.917 114.973 114.99 115.012 115.062 115.113 115.135 115.13 115.105 115.173 115.29 116.603 116.003 115.387 115.36 115.442 115.47 115.482 115.478 115.482 115.478 115.478 115.45 115.435 115.42 115.415 115.395 115.38 115.363 115.348 115.345 115.34 115.338 115.327 115.315 115.3 115.275 115.24 115.198 115.16 115.135 115.145 115.115 115.105 115.095 115.092 115.077 115.052 115.042 115.022 115.007 114.982 114.97 114.93 114.895 114.86 114.842 114.798 -9999 -9999 -9999 -9999 -9999 -9999
113.805 113.848 113.933 114.025 114.118 114.21 114.295 114.37 114.442 114.51 114.585 114.643 114.705 114.765 114.812 114.84 114.875 114.92 114.95 114.96 114.975 114.95 114.995 115.357 116.765 116.02 115.125 115.238 115.31 115.327 115.335 115.342 115.342 115.315 115.3 115.287 115.265 115.263 115.253 115.235 115.228 115.215 115.202 115.195 115.185 115.167 115.165 115.16 115.147 115.12 115.08 115.03 115.007 114.993 114.963 114.948 114.945 114.93 114.92 114.92 114.897 114.882 114.863 114.842 114.81 114.795 114.757 114.717 114.685 114.658 114.615 -9999 -9999 -9999 -9999 -9999 -9999
114.363 114.318 114.438 114.402 114.132 114.048 114.098 114.188 114.295 114.387 114.463 114.525 114.585 114.632 114.677 114.702 114.743 114.772 114.77 114.743 114.75 114.75 114.842 115.357 116.14 115.55 114.988 115.1 115.173 115.173 115.175 115.18 115.173 115.16 115.155 115.13 115.12 115.103 115.09 115.088 115.073 115.062 115.05 115.045 115.035 115.033 115.025 115.003 114.985 114.96 114.935 114.887 114.842 114.823 114.8 114.787 114.78 114.77 114.757 114.757 114.723 114.708 114.675 114.673 114.64 114.628 114.588 114.552 114.515 114.47 114.423 -9999 -9999 -9999 -9999 -9999 -9999
114 114.105 114.365 114.632 114.503 114.51 114.493 114.47 114.355 114.268 114.268 114.342 114.427 114.482 114.535 114.585 114.592 114.598 114.59 114.535 114.51 114.558 114.673 115.425 115.8 114.917 114.875 114.985 115.033 115.037 115.022 115.033 115.012 115.007 114.985 114.98 114.97 114.963 114.948 114.94 114.925 114.912 114.897 114.905 114.917 114.89 114.865 114.855 114.845 114.817 114.792 114.732 114.685 114.66 114.628 114.613 114.605 114.595 114.583 114.575 114.568 114.535 114.507 114.493 114.465 114.44 114.41 114.38 114.345 114.305 114.25 -9999 -9999 -9999 -9999 -9999 -9999
113.322 113.412 113.488 113.85 113.97 114.447 114.683 114.967 114.882 115.03 115.228 114.868 114.62 114.423 114.402 114.433 114.463 114.455 114.44 114.37 114.327 114.375 114.488 115.363 115.432 114.665 114.747 114.855 114.89 114.897 114.893 114.88 114.872 114.865 114.842 114.827 114.823 114.825 114.835 114.81 114.78 114.787 114.76 114.76 114.753 114.732 114.717 114.685 114.668 114.652 114.622 114.572 114.52 114.49 114.463 114.445 114.43 114.417 114.412 114.393 114.38 114.365 114.363 114.34 114.308 114.295 114.27 114.238 114.178 114.132 114.03 -9999 -9999 -9999 -9999 -9999 -9999
113.215 113.292 113.342 113.39 113.445 113.525 113.73 113.73 114.103 114.14 114.965 115.78 115.403 115.095 115.14 114.805 114.863 114.647 114.493 114.333 114.155 114.13 114.283 115.48 115.147 114.518 114.632 114.73 114.76 114.768 114.76 114.753 114.735 114.728 114.715 114.715 114.708 114.702 114.685 114.667 114.653 114.632 114.61 114.595 114.588 114.577 114.555 114.522 114.505 114.488 114.463 114.41 114.37 114.32 114.31 114.283 114.28 114.277 114.277 114.26 114.232 114.21 114.2 114.173 114.152 114.128 114.107 114.073 114.02 113.98 113.882 -9999 -9999 -9999 -9999 -9999 -9999
113.143 113.195 113.247 113.315 113.375 113.443 113.515 113.575 113.592 113.67 113.802 114.137 114.363 114.365 114.665 115.135 115.147 114.995 115.052 115.07 114.605 114.07 114.46 115.575 115 114.412 114.527 114.618 114.637 114.66 114.667 114.637 114.615 114.607 114.583 114.56 114.548 114.537 114.527 114.527 114.507 114.478 114.465 114.448 114.432 114.408 114.385 114.355 114.35 114.34 114.312 114.28 114.243 114.185 114.15 114.143 114.125 114.113 114.12 114.098 114.08 114.065 114.04 114.012 113.985 113.96 113.93 113.897 113.848 113.795 113.732 -9999 -9999 -9999 -9999 -9999 -9999
113.042 113.1 113.165 113.238 113.315 113.372 113.448 113.505 113.57 113.64 113.695 113.755 113.802 113.848 113.905 114.122 114.512 114.147 114.345 115.018 114.37 113.98 114.935 115.202 114.537 114.317 114.438 114.503 114.527 114.545 114.535 114.52 114.503 114.488 114.458 114.425 114.412 114.395 114.393 114.378 114.35 114.335 114.31 114.298 114.283 114.26 114.235 114.215 114.198 114.177 114.152 114.122 114.085 114.033 113.993 113.978 113.973 113.965 113.958 113.948 113.915 113.887 113.863 113.84 113.802 113.77 113.753 113.715 113.673 113.62 113.585 -9999 -9999 -9999 -9999 -9999 -9999
112.93 113.003 113.075 113.143 113.215 113.287 113.35 113.423 113.49 113.54 113.605 113.65 113.71 113.747 113.772 113.835 113.88 113.855 114.338 113.87 113.833 113.87 115.42 114.845 114.183 114.198 114.312 114.375 114.393 114.408 114.423 114.402 114.387 114.353 114.315 114.283 114.268 114.26 114.26 114.243 114.23 114.195 114.17 114.145 114.13 114.105 114.075 114.052 114.033 114.012 113.99 113.955 113.915 113.868 113.825 113.805 113.798 113.785 113.78 113.768 113.75 113.71 113.7 113.675 113.637 113.59 113.595 113.552 113.512 113.473 113.427 -9999 -9999 -9999 -9999 -9999 -9999
112.85 112.925 112.997 113.065 113.132 113.18 113.243 113.32 113.39 113.452 113.505 113.562 113.637 113.688 113.707 113.73 113.777 113.755 114.542 113.72 113.78 114.165 115.055 114.432 114.015 114.122 114.217 114.25 114.27 114.287 114.29 114.275 114.253 114.235 114.2 114.16 114.132 114.122 114.105 114.092 114.075 114.042 114.015 113.99 113.97 113.94 113.9 113.89 113.868 113.842 113.817 113.798 113.76 113.71 113.665 113.647 113.632 113.622 113.615 113.598 113.585 113.552 113.545 113.518 113.49 113.442 113.427 113.4 113.365 113.317 113.262 -9999 -9999 -9999 -9999 -9999 -9999
112.762 112.835 112.92 112.988 113.05 113.1 113.158 113.238 113.305 113.36 113.393 113.455 113.527 113.592 113.637 113.647 113.683 113.67 114.147 113.673 113.71 114.62 114.777 114.058 113.923 114.045 114.11 114.137 114.143 114.153 114.143 114.13 114.107 114.08 114.05 114.012 113.978 113.97 113.955 113.948 113.925 113.89 113.865 113.83 113.81 113.777 113.753 113.735 113.71 113.695 113.67 113.647 113.613 113.573 113.525 113.495 113.48 113.478 113.458 113.443 113.423 113.4 113.382 113.36 113.327 113.278 113.26 113.24 113.205 113.162 113.115 -9999 -9999 -9999 -9999 -9999 -9999
112.665 112.75 112.83 112.89 112.985 113.033 113.098 113.188 113.232 113.27 113.315 113.34 113.4 113.467 113.527 113.558 113.54 113.647 113.653 113.512 113.643 114.71 114.775 113.787 113.835 113.938 113.985 114.005 114.01 114.003 113.997 113.99 113.963 113.93 113.895 113.853 113.827 113.81 113.8 113.795 113.768 113.745 113.71 113.68 113.652 113.632 113.607 113.583 113.567 113.55 113.525 113.51 113.488 113.432 113.39 113.357 113.33 113.323 113.31 113.285 113.255 113.25 113.22 113.205 113.185 113.135 113.098 113.083 113.05 113.01 112.963 -9999 -9999 -9999 -9999 -9999 -9999
112.597 112.67 112.747 112.827 112.915 112.98 113.005 113.077 113.14 113.17 113.235 113.268 113.327 113.387 113.438 113.467 113.45 113.335 113.33 113.365 113.715 115.01 114.567 113.643 113.743 113.835 113.87 113.868 113.878 113.865 113.855 113.84 113.812 113.787 113.747 113.715 113.683 113.662 113.655 113.65 113.625 113.603 113.577 113.535 113.515 113.485 113.475 113.448 113.433 113.41 113.385 113.37 113.345 113.3 113.262 113.223 113.18 113.165 113.155 113.135 113.118 113.09 113.062 113.04 113.018 112.978 112.933 112.917 112.887 112.84 112.802 -9999 -9999 -9999 -9999 -9999 -9999
112.48 112.562 112.64 112.715 112.798 112.878 112.94 112.985 113.06 113.103 113.143 113.198 113.275 113.325 113.368 113.368 113.32 113.257 113.247 113.315 113.988 114.745 113.982 113.552 113.643 113.72 113.743 113.753 113.74 113.728 113.71 113.695 113.67 113.645 113.613 113.575 113.545 113.51 113.512 113.512 113.493 113.467 113.44 113.405 113.38 113.355 113.342 113.325 113.287 113.275 113.247 113.23 113.205 113.167 113.13 113.085 113.045 113.022 113.007 112.98 112.97 112.93 112.902 112.872 112.863 112.833 112.787 112.768 112.738 112.69 112.645 -9999 -9999 -9999 -9999 -9999 -9999
112.365 112.44 112.533 112.613 112.688 112.762 112.82 112.882 112.952 112.995 113.042 113.11 113.175 113.222 113.275 113.247 113.2 113.15 113.15 113.213 114.333 114.575 113.512 113.455 113.54 113.607 113.632 113.628 113.615 113.605 113.58 113.565 113.537 113.518 113.475 113.445 113.412 113.387 113.382 113.382 113.363 113.338 113.312 113.28 113.253 113.225 113.2 113.173 113.158 113.14 113.118 113.09 113.062 113.025 112.982 112.938 112.89 112.863 112.855 112.835 112.815 112.783 112.757 112.732 112.7 112.673 112.635 112.613 112.573 112.542 112.505 -9999 -9999 -9999 -9999 -9999 -9999
112.24 112.323 112.415 112.51 112.577 112.643 112.71 112.787 112.85 112.89 112.952 113.012 113.073 113.122 113.177 113.15 113.095 113.025 113.075 113.22 114.455 114.363 113.335 113.355 113.443 113.495 113.52 113.518 113.495 113.485 113.452 113.433 113.402 113.39 113.355 113.317 113.285 113.265 113.255 113.243 113.225 113.205 113.188 113.152 113.122 113.088 113.055 113.035 113.007 112.995 112.96 112.94 112.91 112.88 112.842 112.802 112.755 112.723 112.702 112.682 112.658 112.632 112.605 112.577 112.548 112.522 112.485 112.452 112.43 112.375 112.348 -9999 -9999 -9999 -9999 -9999 -9999
112.125 112.205 112.307 112.393 112.467 112.545 112.613 112.675 112.73 112.762 112.835 112.882 112.952 113.012 113.06 113.052 113.027 112.97 113.055 113.268 114.13 114.158 113.232 113.268 113.35 113.378 113.39 113.397 113.387 113.36 113.333 113.315 113.292 113.262 113.23 113.198 113.17 113.145 113.125 113.115 113.092 113.057 113.042 113.012 112.978 112.948 112.92 112.908 112.882 112.853 112.83 112.798 112.768 112.738 112.708 112.652 112.615 112.573 112.545 112.535 112.505 112.48 112.448 112.423 112.397 112.372 112.338 112.312 112.268 112.217 112.188 -9999 -9999 -9999 -9999 -9999 -9999
112.027 112.11 112.192 112.28 112.36 112.423 112.507 112.567 112.62 112.647 112.71 112.783 112.845 112.9 112.95 112.948 112.943 112.915 113.003 113.5 114.122 113.495 113.092 113.175 113.25 113.26 113.272 113.275 113.272 113.253 113.223 113.193 113.17 113.14 113.103 113.073 113.05 113.015 113.003 112.993 112.97 112.94 112.918 112.882 112.855 112.82 112.792 112.772 112.74 112.713 112.69 112.652 112.628 112.588 112.558 112.505 112.467 112.435 112.408 112.382 112.36 112.335 112.295 112.27 112.24 112.215 112.183 112.147 112.107 112.055 112.04 -9999 -9999 -9999 -9999 -9999 -9999
