Matlab/Roost_data/braunton/dsm/ss4738_DSM_2M.asc
ncols 500
nrows 500
xllcorner    247000
yllcorner    138000
cellsize     2
NODATA_value -9999
[rows 90 to 119 of 500, columns 276 to 344 of 500]
-9999 -9999 -9999 -9999 -9999 -9999 -9999 -9999 -9999 -9999 -9999 -9999 -9999 -9999 -9999 -9999 -9999 -9999 -9999 -9999 -9999 -9999 -9999 -9999 -9999 -9999 -9999 -9999 -9999 -9999 -9999 -9999 -9999 -9999 -9999 -9999 -9999 -9999 -9999 -9999 -9999 -9999 -9999 -9999 -9999 -9999 -9999 -9999 131.777 131.778 131.778 131.777 131.771 131.727 131.723 131.711 131.637 131.651 131.685 131.635 131.634 131.641 131.667 131.643 131.605 131.571 131.558 131.594 131.603
-9999 -9999 -9999 -9999 -9999 -9999 -9999 -9999 -9999 -9999 -9999 -9999 -9999 -9999 -9999 -9999 -9999 -9999 -9999 -9999 -9999 -9999 -9999 -9999 -9999 -9999 -9999 -9999 -9999 -9999 -9999 -9999 -9999 -9999 -9999 -9999 -9999 -9999 -9999 -9999 -9999 -9999 -9999 -9999 -9999 -9999 -9999 -9999 -9999 131.817 131.767 131.806 131.887 131.889 131.915 131.973 131.994 131.986 132.035 131.958 131.989 131.935 131.93 131.839 131.775 131.714 131.641 131.648 131.664
-9999 -9999 -9999 -9999 -9999 -9999 -9999 -9999 -9999 -9999 -9999 -9999 -9999 -9999 -9999 -9999 -9999 -9999 -9999 -9999 -9999 -9999 -9999 -9999 -9999 -9999 -9999 -9999 -9999 -9999 -9999 -9999 -9999 -9999 -9999 -9999 -9999 -9999 -9999 -9999 -9999 -9999 -9999 -9999 -9999 -9999 -9999 -9999 132.064 132.083 132.085 132.068 132.058 132.09 132.084 132.104 132.11 132.115 132.14 132.131 132.162 132.075 132.046 132.091 132.037 131.97 131.947 131.987 131.931
-9999 -9999 -9999 -9999 -9999 -9999 -9999 -9999 -9999 -9999 -9999 -9999 -9999 -9999 -9999 -9999 -9999 -9999 -9999 -9999 -9999 -9999 -9999 -9999 -9999 -9999 -9999 -9999 -9999 -9999 -9999 -9999 -9999 -9999 -9999 -9999 -9999 -9999 -9999 -9999 -9999 -9999 -9999 -9999 -9999 -9999 -9999 -9999 132.293 132.234 132.192 132.205 132.182 132.285 132.355 132.358 132.402 132.416 132.46 132.46 132.399 132.322 132.323 132.208 132.101 132.078 132.108 132.109 132.077
-9999 -9999 -9999 -9999 -9999 -9999 -9999 -9999 -9999 -9999 -9999 -9999 -9999 -9999 -9999 -9999 -9999 -9999 -9999 -9999 -9999 -9999 -9999 -9999 -9999 -9999 -9999 -9999 -9999 -9999 -9999 -9999 -9999 -9999 -9999 -9999 -9999 -9999 -9999 -9999 -9999 -9999 -9999 -9999 -9999 -9999 -9999 -9999 132.44 132.441 132.441 132.398 132.336 132.395 132.433 132.427 132.416 132.477 132.53 132.543 132.527 132.527 132.538 132.555 132.518 132.485 132.424 132.454 132.396
-9999 -9999 -9999 -9999 -9999 -9999 -9999 -9999 -9999 -9999 -9999 -9999 -9999 -9999 -9999 -9999 -9999 -9999 -9999 -9999 -9999 -9999 -9999 -9999 -9999 -9999 -9999 -9999 -9999 -9999 -9999 -9999 -9999 -9999 -9999 -9999 -9999 -9999 -9999 -9999 -9999 -9999 -9999 -9999 -9999 -9999 -9999 132.532 132.504 132.465 132.522 132.589 132.658 132.691 132.743 132.812 132.768 132.738 132.738 132.749 132.726 132.658 132.672 132.66 132.63 132.582 132.576 132.601 132.527
-9999 -9999 -9999 -9999 -9999 -9999 -9999 -9999 -9999 -9999 -9999 -9999 -9999 -9999 -9999 -9999 -9999 -9999 -9999 -9999 -9999 -9999 -9999 -9999 -9999 -9999 -9999 -9999 -9999 -9999 -9999 -9999 -9999 -9999 -9999 -9999 -9999 -9999 -9999 -9999 -9999 -9999 -9999 -9999 -9999 -9999 -9999 132.653 132.645 132.589 132.572 132.688 132.783 132.776 132.811 132.839 132.878 132.892 132.891 132.911 132.963 132.997 132.994 132.953 132.949 132.93 132.93 132.89 132.789
-9999 -9999 -9999 -9999 -9999 -9999 -9999 -9999 -9999 -9999 -9999 -9999 -9999 -9999 -9999 -9999 -9999 -9999 -9999 -9999 -9999 -9999 -9999 -9999 -9999 -9999 -9999 -9999 -9999 -9999 -9999 -9999 -9999 -9999 -9999 -9999 -9999 -9999 -9999 -9999 -9999 -9999 -9999 -9999 -9999 -9999 -9999 132.742 132.724 132.775 132.792 132.94 133.035 133.064 133.086 133.083 133.067 133.063 133.034 133.076 133.061 133.066 133.076 133.045 133.026 133.013 133.029 133.049 133.027
-9999 -9999 -9999 -9999 -9999 -9999 -9999 -9999 -9999 -9999 -9999 -9999 -9999 -9999 -9999 -9999 -9999 -9999 -9999 -9999 -9999 -9999 -9999 -9999 -9999 -9999 -9999 -9999 -9999 -9999 -9999 -9999 -9999 -9999 -9999 -9999 -9999 -9999 -9999 -9999 -9999 -9999 -9999 -9999 -9999 -9999 132.767 132.766 132.78 132.805 132.848 132.956 133.059 133.101 133.152 133.146 133.124 133.147 133.206 133.233 133.228 133.239 133.214 133.192 133.186 133.097 133.104 133.095 133.057
-9999 -9999 -9999 -9999 -9999 -9999 -9999 -9999 -9999 -9999 -9999 -9999 -9999 -9999 -9999 -9999 -9999 -9999 -9999 -9999 -9999 -9999 -9999 -9999 -9999 -9999 -9999 -9999 -9999 -9999 -9999 -9999 -9999 -9999 -9999 -9999 -9999 -9999 -9999 -9999 -9999 -9999 -9999 -9999 -9999 -9999 132.801 132.771 132.793 132.882 132.995 133.061 133.178 133.224 133.235 133.212 133.184 133.206 133.243 133.265 133.275 133.3 133.279 133.26 133.32 133.186 133.142 133.135 133.116
-9999 -9999 -9999 -9999 -9999 -9999 -9999 -9999 -9999 -9999 -9999 -9999 -9999 -9999 -9999 -9999 -9999 -9999 -9999 -9999 -9999 -9999 -9999 -9999 -9999 -9999 -9999 -9999 -9999 -9999 -9999 -9999 -9999 -9999 -9999 -9999 -9999 -9999 -9999 -9999 -9999 -9999 -9999 -9999 -9999 -9999 132.936 132.897 132.884 133.194 133.271 133.194 133.3 133.318 133.314 133.272 133.239 133.289 133.354 133.342 133.431 133.645 133.873 134.404 134.279 133.781 133.596 133.415 133.305
-9999 -9999 -9999 -9999 -9999 -9999 -9999 -9999 -9999 -9999 -9999 -9999 -9999 -9999 -9999 -9999 -9999 -9999 -9999 -9999 -9999 -9999 -9999 -9999 -9999 -9999 -9999 -9999 -9999 -9999 -9999 -9999 -9999 -9999 -9999 -9999 -9999 -9999 -9999 -9999 -9999 -9999 -9999 -9999 -9999 133.358 133.242 133.184 133.206 134.141 134.502 134.457 134.417 134.083 133.69 133.587 133.492 133.46 133.48 133.437 133.658 133.985 134.614 134.742 134.65 134.081 133.957 133.831 133.77
-9999 -9999 -9999 -9999 -9999 -9999 -9999 -9999 -9999 -9999 -9999 -9999 -9999 -9999 -9999 -9999 -9999 -9999 -9999 -9999 -9999 -9999 -9999 -9999 -9999 -9999 -9999 -9999 -9999 -9999 -9999 -9999 -9999 -9999 -9999 -9999 -9999 -9999 -9999 -9999 -9999 -9999 -9999 -9999 -9999 133.43 133.445 133.37 133.342 134.106 134.589 134.61 134.241 134.211 133.832 133.766 133.773 133.772 133.842 133.862 133.896 133.935 134.081 134.197 134.084 133.949 133.892 133.856 133.8
-9999 -9999 -9999 -9999 -9999 -9999 -9999 -9999 -9999 -9999 -9999 -9999 -9999 -9999 -9999 -9999 -9999 -9999 -9999 -9999 -9999 -9999 -9999 -9999 -9999 -9999 -9999 -9999 -9999 -9999 -9999 -9999 -9999 -9999 -9999 -9999 -9999 -9999 -9999 -9999 -9999 -9999 -9999 -9999 -9999 133.665 133.68 133.662 133.726 133.83 133.897 133.91 134.019 134.052 133.893 133.889 133.883 133.854 133.915 133.919 133.904 133.887 133.893 133.922 133.953 133.986 134.023 133.994 133.965
-9999 -9999 -9999 -9999 -9999 -9999 -9999 -9999 -9999 -9999 -9999 -9999 -9999 -9999 -9999 -9999 -9999 -9999 -9999 -9999 -9999 -9999 -9999 -9999 -9999 -9999 -9999 -9999 -9999 -9999 -9999 -9999 -9999 -9999 -9999 -9999 -9999 -9999 -9999 -9999 -9999 -9999 -9999 -9999 -9999 133.828 133.824 133.805 133.808 133.874 133.887 133.894 133.936 133.991 133.981 133.977 134.003 134.091 134.082 134.109 134.125 134.142 134.104 134.057 134.072 134.078 134.091 134.043 134.015
-9999 -9999 -9999 -9999 -9999 -9999 -9999 -9999 -9999 132.684 132.681 132.693 132.711 132.868 -9999 -9999 -9999 -9999 -9999 133.356 -9999 -9999 -9999 -9999 -9999 -9999 -9999 -9999 -9999 -9999 -9999 -9999 -9999 -9999 -9999 -9999 -9999 -9999 -9999 -9999 -9999 -9999 -9999 -9999 -9999 134.036 133.937 134.022 134.038 134.069 134.118 134.15 134.183 134.224 134.186 134.146 134.151 134.2 134.164 134.188 134.207 134.195 134.213 134.217 134.197 134.214 134.212 134.162 134.154
-9999 -9999 -9999 -9999 -9999 -9999 -9999 -9999 -9999 132.686 132.674 132.669 132.733 132.849 132.919 132.949 -9999 -9999 133.338 133.349 133.362 133.38 -9999 -9999 -9999 -9999 -9999 -9999 -9999 -9999 -9999 -9999 -9999 -9999 -9999 -9999 -9999 -9999 -9999 -9999 -9999 -9999 -9999 -9999 134.223 134.206 134.168 134.127 134.114 134.177 134.242 134.233 134.232 134.298 134.327 134.409 134.405 134.395 134.338 134.363 134.362 134.35 134.338 134.321 134.314 134.284 134.258 134.193 134.199
-9999 -9999 -9999 -9999 -9999 -9999 -9999 -9999 -9999 132.686 132.687 132.693 132.781 132.88 132.923 132.975 133.158 133.372 133.33 133.331 133.362 133.396 133.403 133.518 -9999 -9999 -9999 -9999 -9999 -9999 -9999 -9999 -9999 -9999 -9999 -9999 -9999 -9999 -9999 -9999 -9999 -9999 -9999 -9999 134.28 134.266 134.275 134.333 134.355 134.334 134.376 134.427 134.431 134.458 134.471 134.525 134.493 134.482 134.443 134.492 134.413 134.419 134.401 134.43 134.431 134.392 134.429 134.327 134.27
-9999 -9999 -9999 -9999 -9999 -9999 -9999 -9999 -9999 132.828 132.822 132.749 132.747 133.007 132.921 133.038 133.352 133.839 133.576 133.364 133.372 133.405 133.427 133.74 134.191 -9999 -9999 -9999 -9999 -9999 -9999 -9999 -9999 -9999 -9999 -9999 -9999 -9999 -9999 -9999 -9999 -9999 -9999 -9999 134.418 134.381 134.379 134.413 134.422 134.477 134.455 134.478 134.527 134.564 134.585 134.641 134.664 134.733 134.719 134.692 134.677 134.655 134.584 134.57 134.54 134.471 134.459 134.433 134.409
-9999 -9999 -9999 132.866 132.858 132.858 132.886 132.954 132.999 133.199 133.381 133.653 133.746 133.975 133.613 133.778 133.745 134.239 134.101 133.872 133.832 133.791 133.855 133.902 134.435 134.597 134.422 134.122 -9999 -9999 -9999 -9999 -9999 -9999 -9999 -9999 -9999 -9999 -9999 -9999 -9999 -9999 -9999 134.602 134.537 134.488 134.5 134.596 134.681 134.736 134.702 134.7 134.707 134.745 134.719 134.712 134.741 134.787 134.836 134.797 134.795 134.736 134.706 134.721 134.711 134.684 134.649 134.597 134.571
-9999 -9999 -9999 132.871 132.853 132.839 132.901 132.96 133.03 133.137 133.517 133.671 133.661 133.836 133.768 134.05 134.086 134.107 134.024 134.187 134.367 134.646 134.591 134.784 134.782 134.823 134.196 134.025 134.037 134.083 -9999 -9999 -9999 -9999 -9999 -9999 -9999 -9999 -9999 -9999 -9999 -9999 -9999 134.67 134.671 134.613 134.633 134.667 134.728 134.779 134.81 134.827 134.773 134.812 134.862 134.893 134.907 134.921 134.892 134.923 134.9 134.878 134.848 134.807 134.789 134.74 134.721 134.691 134.68
-9999 -9999 -9999 132.902 132.889 132.894 132.941 132.984 133.057 133.129 133.188 133.328 133.302 133.305 133.395 133.462 133.52 133.569 133.582 133.662 133.668 133.811 133.864 133.999 134.037 134.013 133.979 134.051 134.047 134.092 134.139 134.196 134.238 -9999 -9999 -9999 -9999 -9999 -9999 -9999 -9999 -9999 -9999 134.733 134.717 134.719 134.779 134.827 134.895 134.932 134.936 134.916 134.99 135.016 134.995 134.997 134.981 134.987 134.974 135.002 135.031 134.982 134.942 134.903 134.876 134.866 134.878 134.833 134.796
-9999 -9999 -9999 132.959 133.008 133.022 133.058 133.104 133.144 133.18 133.207 133.368 133.412 133.367 133.471 133.51 133.571 133.591 133.66 133.673 133.722 133.795 133.817 133.87 133.897 133.971 134.01 134.008 134.05 134.14 134.168 134.209 134.246 134.293 134.344 -9999 134.474 134.502 134.521 134.546 134.555 134.599 134.785 134.787 134.791 134.839 134.887 134.924 134.944 134.985 134.989 134.996 135.075 135.094 135.085 135.111 135.148 135.188 135.141 135.147 135.122 135.107 135.044 135.001 134.976 134.949 134.923 134.899 134.865
-9999 -9999 -9999 133.069 133.112 133.148 133.185 133.244 133.259 133.304 133.359 133.449 133.48 133.52 133.588 133.623 133.691 133.727 133.767 133.775 133.855 133.909 133.944 133.965 134.014 134.058 134.098 134.099 134.158 134.181 134.203 134.239 134.265 134.312 134.363 134.426 134.479 134.499 134.524 134.55 134.566 134.596 134.844 134.841 134.827 134.892 134.933 135.029 135.075 135.107 135.108 135.127 135.17 135.194 135.192 135.206 135.209 135.227 135.199 135.19 135.173 135.18 135.129 135.093 135.07 135.046 135.002 135 134.977
-9999 -9999 -9999 -9999 133.235 133.259 133.279 133.331 133.387 133.437 133.451 133.532 133.591 133.627 133.646 133.743 133.807 133.807 133.872 133.909 133.987 134.004 134.06 134.106 134.115 134.141 134.178 134.202 134.219 134.225 134.285 134.305 134.297 134.347 134.399 134.42 134.485 134.501 134.536 134.569 134.574 134.575 134.888 134.909 134.868 134.925 134.987 135.03 135.066 135.102 135.11 135.154 135.201 135.241 135.263 135.267 135.263 135.306 135.31 135.295 135.302 135.269 135.187 135.177 135.153 135.118 135.069 135.082 135.056
133.348 -9999 -9999 -9999 133.335 133.387 133.414 133.435 133.466 133.496 133.535 133.633 133.667 133.695 133.756 133.839 133.874 133.905 133.963 133.999 134.035 134.087 134.159 134.161 134.169 134.248 134.282 134.27 134.297 134.331 134.345 134.364 134.369 134.421 134.464 134.462 134.517 134.526 134.572 134.622 134.579 134.766 134.996 134.964 134.89 134.948 135.024 135.061 135.073 135.137 135.161 135.166 135.202 135.222 135.252 135.263 135.283 135.313 135.322 135.324 135.319 135.292 135.239 135.221 135.205 135.185 135.154 135.155 135.136
133.329 133.391 133.446 133.498 133.52 133.497 133.489 133.49 133.539 133.603 133.652 133.661 133.744 133.813 133.839 133.907 133.958 133.989 134.032 134.063 134.128 134.154 134.181 134.213 134.257 134.313 134.299 134.318 134.332 134.374 134.378 134.41 134.404 134.43 134.487 134.529 134.54 134.575 134.608 134.636 134.627 134.929 135.121 134.905 134.932 134.983 135.072 135.106 135.125 135.177 135.19 135.208 135.223 135.247 135.255 135.283 135.311 135.329 135.341 135.332 135.314 135.296 135.271 135.247 135.238 135.217 135.2 135.183 135.163
133.329 133.398 133.466 133.507 133.563 133.596 133.613 133.598 133.66 133.703 133.727 133.774 133.843 133.869 133.918 133.998 134.035 134.054 134.111 134.162 134.206 134.227 134.28 134.317 134.325 134.368 134.403 134.395 134.385 134.425 134.439 134.457 134.457 134.485 134.512 134.558 134.583 134.617 134.641 134.653 134.642 134.98 135.305 134.977 134.987 135.048 135.096 135.116 135.144 135.204 135.251 135.287 135.311 135.337 135.336 135.332 135.359 135.379 135.366 135.367 135.356 135.343 135.314 135.29 135.285 135.269 135.257 135.242 135.224
133.381 133.44 133.502 133.52 133.579 133.611 133.65 133.691 133.713 133.783 133.823 133.855 133.913 133.968 134.019 134.077 134.127 134.165 134.198 134.235 134.27 134.302 134.333 134.385 134.4 134.457 134.46 134.455 134.468 134.48 134.503 134.507 134.516 134.546 134.54 134.612 134.634 134.645 134.644 134.676 134.89 135.162 135.265 135.06 135.053 135.115 135.128 135.178 135.201 135.251 135.273 135.292 135.341 135.341 135.357 135.367 135.392 135.424 135.451 135.427 135.384 135.389 135.353 135.318 135.301 135.303 135.294 135.265 135.26
133.472 133.535 133.606 133.595 133.628 133.655 133.701 133.755 133.779 133.857 133.888 133.911 133.984 134.037 134.096 134.128 134.173 134.185 134.231 134.283 134.349 134.379 134.417 134.438 134.453 134.488 134.506 134.506 134.519 134.53 134.553 134.562 134.565 134.586 134.609 134.656 134.663 134.643 134.699 134.725 134.685 135.281 135.103 135.014 135.098 135.153 135.201 135.235 135.253 135.276 135.289 135.298 135.346 135.376 135.386 135.398 135.416 135.445 135.456 135.429 135.412 135.421 135.364 135.354 135.336 135.336 135.45 135.306 135.315
