Matlab/Roost_data/braunton/dsm/ss4738_DSM_2M.asc
ncols 500
nrows 500
xllcorner    247000
yllcorner    138000
cellsize     2
NODATA_value -9999
[rows 30 to 59 of 500, columns 0 to 68 of 500]
107.155 107.162 107.183 107.062 107.083 107.69 106.195 106.875 107.393 107.143 107.307 107.467 107.582 107.75 107.835 107.942 107.965 108.033 108.105 108.083 108.077 108.225 108.222 108.783 108.65 108.37 108.518 108.592 108.67 108.738 108.825 108.91 109.007 109.098 109.165 109.245 109.307 109.37 109.414 109.46 109.506 109.562 109.607 109.655 109.686 109.752 109.775 109.812 109.84 109.898 109.918 109.93 110 110.045 110.093 110.123 110.168 110.19 110.19 110.18 110.275 110.288 110.725 111.698 111.148 110.678 110.338 110.393 110.428
107.35 107.368 107.375 107.247 107.173 107.863 106.46 106.855 107.798 107.363 107.503 107.605 107.7 107.87 107.965 108.035 108.195 108.183 108.22 108.208 108.19 108.332 108.36 108.945 108.55 108.488 108.65 108.735 108.777 108.865 108.94 109.028 109.122 109.213 109.288 109.372 109.442 109.51 109.557 109.597 109.653 109.713 109.759 109.792 109.841 109.884 109.93 109.951 109.966 110.048 110.065 110.083 110.133 110.178 110.228 110.263 110.303 110.345 110.32 110.348 110.405 110.435 110.96 111.843 111.12 110.9 110.5 110.52 110.565
107.528 107.56 107.56 107.46 107.357 108.018 107.163 106.592 108.055 107.527 107.597 107.765 107.815 108.018 108.188 108.27 108.345 108.4 108.51 108.503 108.317 108.49 108.518 109.018 108.708 108.607 108.757 108.845 108.908 108.97 109.058 109.145 109.247 109.34 109.43 109.497 109.569 109.642 109.69 109.734 109.789 109.831 109.892 109.932 109.98 110.016 110.058 110.106 110.125 110.181 110.2 110.215 110.288 110.36 110.378 110.4 110.455 110.483 110.498 110.518 110.555 110.588 110.83 111.713 111.528 111.048 110.663 110.66 110.725
107.722 107.75 107.725 107.658 107.535 108.397 107.56 106.643 108.255 107.69 107.722 107.973 107.967 108.067 108.255 108.49 108.51 108.475 108.515 108.543 108.455 108.628 108.615 109.158 108.955 108.735 108.895 108.993 109.03 109.083 109.17 109.26 109.35 109.463 109.545 109.632 109.698 109.774 109.816 109.849 109.923 109.969 110.019 110.057 110.108 110.154 110.168 110.22 110.25 110.319 110.355 110.373 110.44 110.485 110.538 110.573 110.618 110.628 110.658 110.663 110.72 110.733 110.833 111.77 111.385 110.73 110.773 110.843 110.848
107.895 107.93 107.897 107.865 107.71 108.073 108.312 106.69 108.125 107.777 107.84 108.113 108.155 108.195 108.415 108.567 108.632 108.632 108.632 108.643 108.603 108.735 108.897 109.355 109.103 108.863 109.04 109.107 109.165 109.223 109.295 109.385 109.488 109.588 109.685 109.76 109.826 109.891 109.941 109.975 110.04 110.091 110.126 110.177 110.234 110.279 110.299 110.354 110.384 110.444 110.468 110.49 110.585 110.628 110.663 110.703 110.755 110.763 110.778 110.79 110.84 110.885 111.015 111.755 111.803 110.845 110.908 110.958 110.998
108.06 108.09 108.068 108.055 107.89 108.287 109.035 107.135 108.173 108.077 108.003 108.202 108.35 108.335 108.493 108.705 108.822 108.812 108.717 108.785 108.775 108.87 108.92 109.317 109.47 109.005 109.16 109.25 109.295 109.353 109.425 109.51 109.618 109.717 109.815 109.88 109.954 110.008 110.063 110.1 110.152 110.207 110.236 110.289 110.336 110.376 110.416 110.482 110.525 110.585 110.588 110.628 110.715 110.745 110.808 110.82 110.873 110.883 110.913 110.918 110.963 111.008 111.228 112.035 112.12 111.08 111.073 111.123 111.15
108.232 108.253 108.257 108.255 108.085 108.207 108.787 107.51 108.423 108.855 108.165 108.342 108.507 108.493 108.67 108.842 109.037 108.985 108.848 108.965 108.982 108.955 109.075 109.302 109.525 109.15 109.31 109.4 109.445 109.497 109.56 109.637 109.73 109.842 109.923 110.003 110.067 110.137 110.174 110.216 110.268 110.321 110.362 110.424 110.474 110.497 110.542 110.598 110.628 110.665 110.708 110.743 110.825 110.88 110.915 110.94 110.98 110.973 111.055 111.043 111.113 111.14 111.39 111.985 112.175 111.335 111.235 111.27 111.315
108.382 108.395 108.405 108.402 108.25 108.18 109.213 109.073 108.598 110.935 108.473 108.49 108.68 108.615 108.86 108.935 109.308 109.02 109.005 109.145 109.208 109.073 109.302 109.378 109.725 109.307 109.445 109.533 109.583 109.632 109.693 109.765 109.872 109.97 110.05 110.115 110.176 110.251 110.266 110.325 110.373 110.426 110.478 110.53 110.578 110.597 110.654 110.725 110.743 110.771 110.825 110.865 110.945 111 111.028 111.07 111.103 111.15 111.158 111.188 111.24 111.268 111.548 112.235 112.168 111.248 111.365 111.398 111.47
108.54 108.55 108.552 108.543 108.412 108.33 109.298 108.13 107.69 109.302 108.73 108.618 108.795 108.78 108.945 109.077 109.13 109.085 109.16 109.29 109.268 109.21 109.36 109.433 110.042 109.525 109.588 109.675 109.728 109.775 109.842 109.9 110 110.1 110.18 110.251 110.314 110.37 110.393 110.447 110.501 110.555 110.612 110.639 110.692 110.731 110.789 110.83 110.853 110.877 110.938 110.973 111.053 111.1 111.135 111.168 111.23 111.268 111.288 111.308 111.373 111.41 111.893 112.545 112.508 111.933 111.485 111.523 111.593
108.688 108.69 108.698 108.688 108.605 108.515 109.465 108.378 107.64 109.16 108.723 108.735 108.87 108.89 109.085 109.183 109.195 109.293 109.265 109.41 109.385 109.332 109.47 109.615 110.402 109.598 109.728 109.82 109.875 109.92 109.965 110.033 110.128 110.23 110.315 110.398 110.448 110.508 110.529 110.587 110.638 110.685 110.733 110.759 110.818 110.844 110.896 110.939 110.972 110.999 111.06 111.068 111.168 111.228 111.26 111.305 111.338 111.378 111.418 111.42 111.498 111.498 112.395 112.885 112.128 111.805 111.598 111.68 111.725
108.848 108.833 108.842 108.817 108.762 108.632 109.405 108.79 107.8 109.39 109.038 108.825 108.975 109.035 109.15 109.272 109.277 109.368 109.445 109.53 109.59 109.542 109.622 109.81 110.878 109.827 109.87 109.96 110.03 110.062 110.115 110.188 110.277 110.368 110.455 110.536 110.586 110.643 110.664 110.712 110.75 110.806 110.859 110.891 110.936 110.975 111.022 111.05 111.076 111.104 111.158 111.19 111.29 111.355 111.383 111.435 111.47 111.495 111.528 111.548 111.585 111.603 112.183 112.875 111.895 111.64 111.758 111.78 111.843
109.003 109.007 109.005 108.982 108.935 108.775 109.56 109.375 107.955 109.22 109.302 109.06 109.285 109.177 109.35 109.452 109.47 109.53 109.585 109.73 109.655 109.68 109.882 109.832 110.527 110.152 110.005 110.103 110.175 110.213 110.268 110.335 110.43 110.515 110.605 110.679 110.724 110.78 110.807 110.829 110.882 110.923 110.979 111.001 111.073 111.091 111.137 111.174 111.2 111.248 111.27 111.31 111.4 111.453 111.488 111.555 111.593 111.598 111.663 111.66 111.703 111.708 112.19 113.083 112.01 111.743 111.893 111.885 111.95
109.135 109.15 109.152 109.125 109.105 108.933 109.615 109.735 108.107 109.31 109.582 109.197 109.357 109.33 109.425 109.613 109.575 109.628 109.743 109.835 109.74 109.927 109.952 110 110.768 110.292 110.088 110.243 110.305 110.353 110.41 110.48 110.558 110.652 110.732 110.818 110.866 110.929 110.95 110.98 111.012 111.067 111.092 111.122 111.194 111.227 111.266 111.308 111.33 111.363 111.41 111.438 111.508 111.565 111.62 111.678 111.688 111.723 111.76 111.75 111.825 111.823 112.455 113.238 112.098 111.848 111.955 112.003 112.07
109.295 109.31 109.302 109.263 109.25 109.08 109.62 110.397 108.463 110.137 109.605 109.402 109.382 109.522 109.52 109.652 109.735 109.768 110.037 110.035 109.87 110.042 110.147 110.115 110.882 110.317 110.21 110.375 110.435 110.503 110.558 110.622 110.705 110.787 110.857 110.953 110.997 111.053 111.087 111.116 111.151 111.205 111.242 111.265 111.329 111.353 111.392 111.443 111.472 111.485 111.533 111.543 111.638 111.7 111.743 111.793 111.83 111.83 111.858 111.875 111.913 111.93 112.408 112.945 112.21 111.95 112.095 112.123 112.165
109.445 109.463 109.455 109.41 109.41 109.268 109.622 110.302 108.745 109.335 110.348 110.217 109.52 109.665 109.692 109.765 109.875 109.965 109.963 110.1 110.005 110.19 110.255 110.31 110.708 110.488 110.325 110.488 110.552 110.605 110.67 110.738 110.83 110.915 111.003 111.081 111.147 111.189 111.225 111.244 111.284 111.321 111.369 111.409 111.446 111.498 111.516 111.58 111.61 111.615 111.673 111.698 111.738 111.82 111.858 111.923 111.953 111.955 111.988 111.995 112.038 112.043 112.28 113.168 112.31 112.038 112.185 112.21 112.245
109.61 109.62 109.598 109.565 109.548 109.43 109.685 110.71 108.825 109.333 110.132 110.145 109.68 109.75 109.82 109.848 110.072 110.037 110.12 110.183 110.152 110.268 110.353 110.327 110.762 110.682 110.438 110.595 110.68 110.745 110.795 110.875 110.955 111.042 111.132 111.198 111.267 111.321 111.349 111.376 111.428 111.468 111.506 111.541 111.589 111.651 111.659 111.695 111.741 111.753 111.79 111.815 111.88 111.923 111.988 112.035 112.03 112.085 112.08 112.128 112.155 112.153 112.738 113.153 112.47 112.15 112.28 112.298 112.338
109.757 109.755 109.732 109.715 109.683 109.585 109.645 110.81 109.55 109.405 110.213 110.342 109.753 109.952 109.967 110.045 110.045 110.137 110.32 110.338 110.283 110.31 110.415 110.465 110.853 110.923 110.55 110.695 110.787 110.853 110.928 110.993 111.082 111.17 111.245 111.341 111.392 111.445 111.475 111.518 111.558 111.594 111.64 111.671 111.704 111.764 111.784 111.838 111.875 111.883 111.905 111.94 111.99 112.045 112.103 112.125 112.16 112.2 112.198 112.235 112.248 112.255 112.895 112.99 112.525 112.27 112.378 112.41 112.463
109.91 109.895 109.87 109.86 109.823 109.723 109.753 110.908 109.592 109.335 110.488 109.878 109.89 110.073 110.143 110.14 110.147 110.325 110.452 110.427 110.418 110.412 110.692 110.555 110.91 111.155 110.643 110.79 110.905 110.97 111.035 111.11 111.19 111.292 111.37 111.449 111.518 111.567 111.604 111.642 111.669 111.71 111.771 111.817 111.832 111.896 111.926 111.956 111.98 112.023 112.043 112.07 112.128 112.183 112.21 112.258 112.273 112.293 112.338 112.323 112.348 112.34 112.845 112.92 112.543 112.35 112.465 112.505 112.563
110.055 110.037 110.02 110.035 109.965 109.885 109.88 110.895 109.838 109.353 110.503 110.327 109.985 110.173 110.255 110.308 110.268 110.595 110.605 110.567 110.573 110.525 110.71 110.732 110.9 111.257 110.735 110.9 111.015 111.07 111.128 111.205 111.285 111.395 111.485 111.569 111.625 111.69 111.723 111.759 111.807 111.855 111.9 111.939 111.989 112.029 112.045 112.075 112.131 112.133 112.165 112.18 112.233 112.293 112.34 112.365 112.388 112.405 112.42 112.425 112.46 112.445 113 113.125 112.625 112.445 112.578 112.603 112.658
110.18 110.17 110.165 110.195 110.13 110.037 110.007 111.09 110.055 109.357 110.745 110.048 110.103 110.213 110.345 110.44 110.405 110.695 110.658 110.735 110.783 110.717 110.7 110.95 111.132 111.75 111.208 110.997 111.118 111.188 111.238 111.32 111.397 111.503 111.607 111.67 111.739 111.816 111.85 111.895 111.939 111.983 112.038 112.049 112.096 112.122 112.161 112.201 112.225 112.258 112.278 112.298 112.343 112.418 112.44 112.468 112.498 112.51 112.535 112.553 112.588 112.578 112.825 113.183 112.71 112.54 112.673 112.725 112.765
110.32 110.317 110.31 110.345 110.29 110.185 110.135 111.317 110.268 109.455 110.645 110.485 110.223 110.37 110.52 110.53 110.545 110.71 110.708 110.805 110.908 110.817 110.832 110.967 111.092 111.527 111.06 111.115 111.25 111.295 111.352 111.43 111.505 111.603 111.695 111.769 111.841 111.909 111.962 112.003 112.058 112.118 112.152 112.181 112.214 112.26 112.28 112.315 112.347 112.388 112.408 112.405 112.478 112.518 112.545 112.605 112.623 112.623 112.635 112.67 112.688 112.7 112.913 113.285 112.923 112.693 112.795 112.823 112.89
110.443 110.445 110.433 110.473 110.425 110.322 110.272 111.31 110.257 109.792 111.618 110.518 110.345 110.49 110.652 110.63 110.67 110.75 110.78 110.823 110.965 111.042 110.948 111 111.177 111.765 111.152 111.213 111.353 111.408 111.458 111.527 111.603 111.698 111.783 111.858 111.945 112.011 112.07 112.111 112.157 112.217 112.269 112.294 112.325 112.363 112.399 112.43 112.464 112.48 112.513 112.53 112.585 112.653 112.68 112.728 112.738 112.768 112.773 112.805 112.815 112.818 112.893 113.35 113.238 112.865 112.908 112.943 112.99
110.577 110.588 110.583 110.6 110.55 110.46 110.385 111.537 110.655 109.705 111.963 110.557 110.497 110.637 110.787 110.76 110.812 110.897 110.912 110.96 111 111.09 111.107 111.122 111.333 111.915 111.302 111.303 111.452 111.518 111.555 111.622 111.702 111.793 111.903 111.981 112.061 112.117 112.172 112.218 112.261 112.316 112.378 112.396 112.442 112.486 112.521 112.534 112.568 112.615 112.62 112.65 112.693 112.783 112.803 112.845 112.89 112.895 112.908 112.918 112.963 112.965 112.905 113.483 113.18 112.913 113.05 113.063 113.123
110.698 110.71 110.725 110.732 110.68 110.598 110.503 111.438 111.043 109.772 111.03 110.585 110.595 110.747 110.882 110.86 110.988 111.012 111.025 111.06 111.132 111.25 111.228 111.232 111.467 112.012 111.54 111.397 111.57 111.632 111.67 111.74 111.82 111.915 111.995 112.098 112.168 112.227 112.273 112.329 112.377 112.417 112.477 112.504 112.556 112.594 112.624 112.65 112.677 112.728 112.757 112.755 112.835 112.9 112.92 112.968 113.013 113.018 113.033 113.058 113.08 113.08 113.023 113.645 113.295 113.008 113.168 113.198 113.248
110.825 110.835 110.842 110.863 110.815 110.728 110.652 111.21 111.62 110.005 111.137 110.82 110.855 110.9 111.04 110.967 111.103 111.158 111.158 111.2 111.275 111.363 111.378 111.357 111.582 112.06 111.768 111.525 111.692 111.765 111.798 111.863 111.935 112.02 112.122 112.199 112.269 112.339 112.39 112.452 112.502 112.542 112.591 112.626 112.669 112.72 112.747 112.779 112.801 112.844 112.876 112.905 112.945 113 113.05 113.098 113.118 113.138 113.158 113.218 113.205 113.213 113.143 113.79 113.298 113.135 113.28 113.328 113.37
110.965 110.987 110.97 111.003 110.967 110.887 110.787 111.192 111.945 110.158 111.512 111.055 111.007 110.98 111.06 111.135 111.247 111.305 111.285 111.41 111.405 111.51 111.518 111.5 111.757 112.3 112.405 111.65 111.812 111.893 111.923 111.98 112.06 112.14 112.223 112.303 112.382 112.454 112.514 112.555 112.607 112.656 112.715 112.746 112.787 112.823 112.86 112.901 112.928 112.972 112.979 113.007 113.07 113.127 113.175 113.228 113.243 113.255 113.275 113.323 113.345 113.328 113.29 113.895 113.395 113.245 113.408 113.44 113.503
111.095 111.118 111.1 111.128 111.105 111.042 110.957 111.213 112.533 110.465 111.243 111.225 111.027 111.158 111.2 111.295 111.37 111.455 111.455 111.543 111.598 111.62 111.677 111.632 111.868 112.535 112.537 111.78 111.917 112.013 112.058 112.11 112.18 112.262 112.333 112.422 112.511 112.574 112.63 112.675 112.72 112.771 112.84 112.852 112.899 112.947 112.983 112.997 113.055 113.075 113.09 113.14 113.186 113.228 113.29 113.315 113.343 113.36 113.4 113.438 113.46 113.468 113.41 113.973 113.528 113.405 113.558 113.585 113.648
111.24 111.247 111.235 111.265 111.243 111.18 111.092 111.262 112.4 110.723 111.307 111.628 111.23 111.235 111.31 111.38 111.52 111.597 111.632 111.67 111.787 111.825 111.762 111.893 111.895 112.408 113.088 111.93 112.05 112.145 112.19 112.243 112.308 112.387 112.464 112.555 112.633 112.697 112.765 112.812 112.854 112.915 112.96 112.986 113.02 113.053 113.082 113.126 113.153 113.183 113.222 113.24 113.328 113.354 113.407 113.435 113.464 113.505 113.53 113.595 113.603 113.6 113.555 114.123 113.648 113.578 113.68 113.733 113.778
111.363 111.382 111.375 111.39 111.395 111.345 111.245 111.188 112.317 111.62 111.545 111.378 111.382 111.363 111.495 111.53 111.62 111.717 111.785 111.885 111.96 111.923 111.88 112.062 112.018 112.395 113.132 112.077 112.177 112.277 112.33 112.385 112.455 112.52 112.6 112.686 112.762 112.834 112.874 112.927 112.978 113.034 113.066 113.099 113.127 113.165 113.199 113.252 113.277 113.298 113.35 113.352 113.429 113.463 113.509 113.554 113.56 113.627 113.638 113.659 113.723 113.708 113.693 114.258 113.828 113.685 113.8 113.86 113.89
111.485 111.475 111.49 111.53 111.518 111.482 111.393 111.307 112.25 111.247 111.562 111.815 111.53 111.49 111.643 111.698 111.698 111.81 111.978 112.027 112.07 111.955 112.107 112.217 112.235 112.43 113.49 112.21 112.298 112.425 112.465 112.518 112.575 112.647 112.739 112.817 112.878 112.953 112.998 113.04 113.09 113.143 113.176 113.2 113.238 113.269 113.312 113.357 113.381 113.403 113.451 113.453 113.501 113.559 113.618 113.652 113.675 113.715 113.771 113.769 113.807 113.8 113.805 114.35 114.043 113.798 113.913 113.975 114.005
