Matlab/Roost_data/braunton/dsm/ss4739_DSM_2M.asc
ncols 500
nrows 500
xllcorner    247000
yllcorner    139000
cellsize     2
NODATA_value -9999
[rows 66 to 98 of 500, columns 0 to 75 of 500]
98.482 98.152 97.81 98.018 98.543 98.605 98.688 98.38 98.295 99.162 98.91 98.595 98.562 98.79 98.948 99.05 99.208 99.417 99.61 99.835 100.005 100.22 100.408 100.613 100.795 100.973 101.16 101.335 101.527 101.702 101.885 102.067 102.262 102.463 102.662 102.878 103.098 103.312 103.545 103.785 104.033 104.265 104.53 104.787 105.04 105.29 105.542 105.783 106.018 106.257 106.495 106.71 106.92 107.128 107.327 107.525 107.717 107.902 108.075 108.265 108.44 108.628 108.802 108.975 109.155 109.318 109.49 109.658 109.787 109.93 110.073 110.223 -9999 -9999 -9999 -9999
97.732 97.46 97.897 97.938 97.94 98.072 98.198 98.478 98.985 99.065 98.678 98.405 98.548 98.72 98.863 99.015 99.225 99.443 99.698 99.89 100.105 100.305 100.503 100.698 100.887 101.067 101.247 101.427 101.605 101.783 101.97 102.165 102.37 102.583 102.79 103.015 103.23 103.452 103.675 103.943 104.17 104.42 104.675 104.938 105.183 105.442 105.695 105.94 106.175 106.415 106.643 106.857 107.067 107.262 107.458 107.628 107.808 107.982 108.155 108.335 108.52 108.695 108.865 109.04 109.205 109.372 109.52 109.67 109.81 109.963 110.098 110.237 -9999 -9999 -9999 -9999
97.707 97.52 97.433 97.52 97.665 97.757 98.387 99.118 98.607 98.607 98.3 98.342 98.518 98.647 98.838 99.035 99.255 99.497 99.735 99.963 100.18 100.382 100.6 100.785 100.97 101.152 101.33 101.512 101.69 101.86 102.062 102.265 102.478 102.695 102.908 103.128 103.365 103.595 103.842 104.09 104.323 104.58 104.833 105.082 105.338 105.592 105.842 106.092 106.315 106.555 106.775 106.982 107.2 107.393 107.567 107.74 107.91 108.075 108.247 108.423 108.6 108.76 108.932 109.097 109.257 109.41 109.565 109.713 109.848 109.99 110.122 110.27 -9999 -9999 -9999 -9999
98.035 98.62 97.3 97.495 98.327 97.868 98.753 98.155 98.018 98.1 98.228 98.325 98.478 98.65 98.842 99.06 99.295 99.56 99.785 100.015 100.262 100.48 100.683 100.872 101.052 101.235 101.42 101.603 101.785 101.967 102.16 102.363 102.585 102.802 103.035 103.262 103.493 103.73 103.975 104.222 104.475 104.722 104.973 105.215 105.475 105.725 105.98 106.223 106.458 106.682 106.905 107.11 107.308 107.488 107.667 107.835 108.01 108.16 108.34 108.507 108.667 108.825 108.995 109.162 109.31 109.458 109.613 109.755 109.895 110.02 110.162 110.29 -9999 -9999 -9999 -9999
97.52 97.357 98.655 98.95 99.245 98.908 98.118 98 98.05 98.175 98.243 98.357 98.497 98.652 98.865 99.105 99.363 99.603 99.882 100.1 100.33 100.555 100.77 100.965 101.147 101.333 101.512 101.7 101.885 102.073 102.285 102.48 102.695 102.917 103.15 103.38 103.615 103.855 104.118 104.37 104.62 104.872 105.125 105.357 105.613 105.857 106.105 106.353 106.577 106.805 107.022 107.213 107.393 107.577 107.753 107.905 108.065 108.243 108.405 108.57 108.74 108.897 109.06 109.228 109.36 109.518 109.662 109.787 109.923 110.065 110.195 110.332 -9999 -9999 -9999 -9999
97.42 97.63 98.3 99.943 99.415 98.613 97.988 97.978 98.09 98.175 98.29 98.425 98.57 98.713 98.938 99.177 99.452 99.7 99.955 100.195 100.415 100.637 100.857 101.04 101.22 101.42 101.607 101.787 101.975 102.182 102.4 102.607 102.815 103.033 103.257 103.495 103.74 104 104.24 104.503 104.762 105.015 105.265 105.522 105.762 106.003 106.232 106.465 106.68 106.887 107.08 107.283 107.467 107.638 107.798 107.95 108.11 108.287 108.455 108.63 108.798 108.95 109.128 109.28 109.427 109.572 109.71 109.845 109.973 110.115 110.238 110.382 -9999 -9999 -9999 -9999
97.77 98.35 99.482 99.062 98.28 98.035 98.067 98.18 98.215 98.28 98.412 98.548 98.673 98.827 99.027 99.292 99.533 99.78 100.03 100.253 100.48 100.72 100.92 101.118 101.303 101.503 101.692 101.88 102.085 102.298 102.515 102.738 102.958 103.173 103.395 103.628 103.878 104.122 104.368 104.63 104.887 105.145 105.4 105.655 105.875 106.115 106.35 106.562 106.78 106.972 107.153 107.33 107.505 107.67 107.827 107.98 108.152 108.327 108.507 108.688 108.85 109.02 109.193 109.335 109.485 109.618 109.76 109.895 110.025 110.155 110.29 110.445 -9999 -9999 -9999 -9999
98.062 97.882 98.503 98.122 98.027 98.122 98.198 98.257 98.243 98.385 98.598 98.7 98.777 98.965 99.15 99.368 99.622 99.865 100.1 100.327 100.552 100.78 100.985 101.18 101.38 101.573 101.787 101.993 102.18 102.408 102.632 102.853 103.075 103.305 103.533 103.768 104.025 104.26 104.518 104.757 105.02 105.268 105.527 105.757 105.98 106.202 106.43 106.635 106.835 107.025 107.217 107.378 107.54 107.713 107.872 108.02 108.195 108.375 108.56 108.732 108.89 109.055 109.22 109.385 109.53 109.68 109.812 109.95 110.08 110.223 110.353 110.503 -9999 -9999 -9999 -9999
97.808 97.753 97.857 97.993 98.077 98.158 98.275 98.35 98.435 98.59 98.732 98.787 98.91 99.11 99.27 99.473 99.743 99.955 100.185 100.405 100.615 100.835 101.045 101.245 101.448 101.66 101.875 102.08 102.298 102.525 102.747 102.97 103.2 103.43 103.667 103.91 104.155 104.395 104.645 104.908 105.15 105.402 105.63 105.857 106.07 106.287 106.497 106.695 106.897 107.082 107.262 107.425 107.585 107.753 107.903 108.058 108.23 108.408 108.575 108.755 108.93 109.098 109.265 109.435 109.573 109.72 109.857 109.99 110.125 110.262 110.4 110.545 -9999 -9999 -9999 -9999
97.818 97.842 97.975 98.03 98.147 98.21 98.3 98.41 98.543 98.702 98.825 98.923 99.065 99.208 99.378 99.6 99.81 100.052 100.275 100.48 100.695 100.903 101.113 101.317 101.512 101.728 101.963 102.175 102.39 102.618 102.86 103.1 103.325 103.562 103.792 104.037 104.28 104.522 104.785 105.033 105.277 105.507 105.745 105.963 106.165 106.365 106.557 106.753 106.94 107.14 107.317 107.478 107.643 107.8 107.95 108.118 108.287 108.45 108.632 108.802 108.975 109.122 109.295 109.45 109.59 109.738 109.872 110.005 110.15 110.298 110.442 110.59 -9999 -9999 -9999 -9999
97.792 97.925 97.982 98.052 98.13 98.235 98.342 98.488 98.643 98.777 98.887 98.993 99.14 99.332 99.512 99.715 99.927 100.14 100.357 100.57 100.76 100.973 101.195 101.382 101.59 101.812 102.04 102.253 102.497 102.743 102.96 103.205 103.463 103.69 103.923 104.173 104.417 104.662 104.918 105.15 105.39 105.615 105.848 106.055 106.257 106.458 106.647 106.815 107.012 107.195 107.378 107.545 107.708 107.853 108.007 108.162 108.327 108.49 108.66 108.84 109.003 109.175 109.34 109.472 109.625 109.763 109.893 110.035 110.167 110.32 110.47 -9999 -9999 -9999 -9999 -9999
97.863 97.908 97.955 98.052 98.162 98.283 98.4 98.555 98.68 98.81 98.95 99.083 99.265 99.417 99.613 99.81 100.022 100.24 100.445 100.637 100.845 101.045 101.25 101.452 101.667 101.902 102.118 102.34 102.59 102.835 103.073 103.3 103.542 103.798 104.04 104.287 104.54 104.787 105.027 105.285 105.507 105.728 105.958 106.147 106.342 106.533 106.715 106.882 107.062 107.245 107.415 107.567 107.753 107.905 108.067 108.223 108.387 108.545 108.713 108.885 109.04 109.208 109.378 109.512 109.653 109.79 109.915 110.05 110.195 110.338 110.485 -9999 -9999 -9999 -9999 -9999
97.833 97.905 97.985 98.103 98.217 98.338 98.452 98.59 98.753 98.87 99.048 99.175 99.333 99.507 99.693 99.908 100.115 100.307 100.512 100.713 100.92 101.13 101.325 101.53 101.75 101.975 102.188 102.44 102.688 102.925 103.165 103.405 103.658 103.897 104.14 104.397 104.665 104.905 105.147 105.387 105.613 105.817 106.035 106.247 106.417 106.61 106.783 106.963 107.13 107.305 107.473 107.628 107.798 107.952 108.113 108.272 108.43 108.592 108.76 108.92 109.083 109.243 109.397 109.545 109.675 109.807 109.938 110.075 110.217 110.353 110.497 -9999 -9999 -9999 -9999 -9999
97.84 97.963 98.057 98.135 98.272 98.387 98.533 98.643 98.8 98.935 99.07 99.245 99.41 99.59 99.787 99.982 100.183 100.37 100.58 100.787 100.99 101.188 101.403 101.628 101.842 102.057 102.287 102.537 102.785 103.018 103.26 103.51 103.732 103.995 104.243 104.488 104.738 104.99 105.245 105.503 105.717 105.925 106.132 106.33 106.515 106.7 106.878 107.035 107.198 107.378 107.533 107.685 107.842 107.997 108.155 108.305 108.465 108.63 108.798 108.958 109.122 109.283 109.423 109.575 109.713 109.84 109.97 110.092 110.243 110.38 110.518 -9999 -9999 -9999 -9999 -9999
97.902 97.997 98.1 98.217 98.327 98.455 98.57 98.693 98.835 98.978 99.13 99.3 99.482 99.685 99.86 100.055 100.253 100.438 100.64 100.85 101.048 101.26 101.485 101.702 101.923 102.147 102.378 102.615 102.872 103.11 103.34 103.59 103.838 104.083 104.34 104.6 104.86 105.092 105.335 105.583 105.815 106.018 106.232 106.412 106.592 106.787 106.955 107.103 107.268 107.432 107.573 107.738 107.897 108.033 108.195 108.348 108.507 108.65 108.825 108.993 109.162 109.315 109.467 109.6 109.735 109.848 109.985 110.113 110.238 110.38 110.505 -9999 -9999 -9999 -9999 -9999
97.925 98.057 98.155 98.262 98.37 98.493 98.618 98.743 98.893 99.07 99.215 99.393 99.575 99.753 99.943 100.132 100.312 100.5 100.705 100.908 101.113 101.325 101.54 101.76 101.997 102.243 102.488 102.728 102.97 103.198 103.438 103.683 103.932 104.183 104.45 104.708 104.958 105.193 105.438 105.665 105.882 106.107 106.308 106.5 106.68 106.855 107.028 107.18 107.34 107.482 107.625 107.79 107.935 108.095 108.245 108.4 108.548 108.688 108.835 108.995 109.162 109.307 109.47 109.592 109.738 109.85 109.995 110.125 110.257 110.393 110.53 -9999 -9999 -9999 -9999 -9999
98.007 98.113 98.21 98.302 98.412 98.545 98.685 98.827 98.985 99.145 99.312 99.488 99.665 99.838 100.005 100.193 100.387 100.57 100.768 100.98 101.188 101.408 101.628 101.857 102.083 102.333 102.58 102.81 103.055 103.302 103.54 103.785 104.035 104.29 104.54 104.798 105.045 105.292 105.53 105.753 105.97 106.18 106.368 106.557 106.755 106.938 107.095 107.257 107.415 107.548 107.695 107.84 107.973 108.12 108.262 108.415 108.57 108.72 108.878 109.03 109.188 109.333 109.465 109.603 109.725 109.86 109.985 110.113 110.25 110.387 110.512 -9999 -9999 -9999 -9999 -9999
98.027 98.132 98.245 98.338 98.458 98.595 98.755 98.902 99.067 99.24 99.397 99.56 99.75 99.92 100.092 100.27 100.455 100.652 100.848 101.062 101.275 101.493 101.702 101.94 102.182 102.425 102.655 102.912 103.162 103.395 103.643 103.895 104.135 104.4 104.643 104.895 105.158 105.387 105.62 105.847 106.065 106.257 106.455 106.625 106.8 106.967 107.132 107.298 107.452 107.605 107.753 107.895 108.022 108.182 108.32 108.47 108.618 108.753 108.9 109.043 109.195 109.33 109.47 109.6 109.723 109.848 109.985 110.13 110.255 110.39 110.512 -9999 -9999 -9999 -9999 -9999
98.075 98.173 98.295 98.405 98.525 98.668 98.83 98.98 99.152 99.325 99.493 99.658 99.822 100 100.173 100.348 100.548 100.732 100.923 101.158 101.363 101.57 101.807 102.033 102.277 102.525 102.762 102.997 103.25 103.5 103.745 103.993 104.265 104.533 104.77 105.012 105.26 105.49 105.705 105.935 106.143 106.333 106.522 106.688 106.863 107.027 107.18 107.35 107.5 107.67 107.798 107.945 108.092 108.235 108.37 108.507 108.647 108.792 108.943 109.083 109.223 109.36 109.495 109.603 109.728 109.848 109.98 110.11 110.245 110.375 110.505 -9999 -9999 -9999 -9999 -9999
98.113 98.222 98.348 98.478 98.615 98.75 98.918 99.083 99.247 99.423 99.575 99.747 99.91 100.08 100.262 100.45 100.635 100.833 101.035 101.238 101.458 101.685 101.912 102.138 102.387 102.632 102.865 103.107 103.34 103.595 103.85 104.103 104.37 104.635 104.887 105.12 105.362 105.585 105.812 106.022 106.217 106.412 106.583 106.75 106.915 107.082 107.235 107.382 107.54 107.7 107.848 107.988 108.145 108.293 108.43 108.565 108.7 108.83 108.97 109.105 109.247 109.38 109.495 109.61 109.743 109.855 109.978 110.115 110.25 110.375 110.515 -9999 -9999 -9999 -9999 -9999
98.162 98.275 98.423 98.565 98.705 98.86 99.018 99.173 99.335 99.5 99.673 99.82 100 100.175 100.357 100.54 100.74 100.935 101.132 101.355 101.57 101.783 102.003 102.245 102.48 102.728 102.98 103.22 103.452 103.713 103.973 104.228 104.49 104.765 105.007 105.24 105.473 105.693 105.893 106.107 106.298 106.49 106.645 106.808 106.967 107.122 107.285 107.448 107.592 107.74 107.882 108.03 108.175 108.325 108.473 108.598 108.732 108.87 109.012 109.145 109.272 109.408 109.518 109.63 109.76 109.868 109.995 110.132 110.253 110.4 110.535 -9999 -9999 -9999 -9999 -9999
98.228 98.35 98.5 98.665 98.817 98.945 99.107 99.268 99.417 99.598 99.757 99.91 100.08 100.26 100.43 100.625 100.827 101.03 101.238 101.46 101.667 101.895 102.122 102.378 102.618 102.863 103.098 103.34 103.585 103.838 104.095 104.372 104.645 104.902 105.152 105.375 105.592 105.8 106 106.205 106.38 106.542 106.707 106.882 107.033 107.19 107.338 107.503 107.647 107.79 107.938 108.077 108.213 108.365 108.512 108.64 108.772 108.905 109.048 109.177 109.312 109.443 109.558 109.67 109.795 109.91 110.033 110.16 110.287 110.415 110.537 -9999 -9999 -9999 -9999 -9999
98.31 98.45 98.59 98.75 98.887 99.05 99.195 99.365 99.525 99.668 99.815 99.993 100.158 100.35 100.54 100.715 100.923 101.137 101.342 101.557 101.783 102.022 102.268 102.512 102.75 102.988 103.24 103.488 103.717 103.982 104.262 104.533 104.793 105.055 105.292 105.503 105.705 105.915 106.103 106.272 106.445 106.605 106.757 106.91 107.08 107.24 107.395 107.537 107.69 107.84 107.98 108.13 108.272 108.408 108.545 108.685 108.815 108.963 109.08 109.213 109.33 109.452 109.583 109.685 109.825 109.927 110.052 110.185 110.298 110.423 110.53 -9999 -9999 -9999 -9999 -9999
98.408 98.53 98.67 98.83 98.99 99.15 99.3 99.463 99.607 99.75 99.897 100.07 100.245 100.445 100.622 100.825 101.012 101.235 101.452 101.675 101.913 102.17 102.397 102.632 102.882 103.137 103.393 103.635 103.908 104.173 104.45 104.717 104.948 105.192 105.408 105.62 105.808 105.997 106.183 106.345 106.51 106.66 106.807 106.973 107.122 107.277 107.43 107.592 107.747 107.893 108.025 108.177 108.317 108.445 108.577 108.723 108.838 108.963 109.092 109.235 109.338 109.463 109.588 109.715 109.835 109.948 110.065 110.198 110.317 110.433 110.552 -9999 -9999 -9999 -9999 -9999
98.47 98.622 98.762 98.91 99.07 99.225 99.378 99.528 99.688 99.845 100.007 100.175 100.353 100.537 100.73 100.915 101.125 101.338 101.565 101.805 102.04 102.287 102.515 102.765 103.025 103.288 103.562 103.823 104.088 104.375 104.645 104.887 105.107 105.333 105.533 105.73 105.91 106.09 106.25 106.4 106.565 106.717 106.86 107.012 107.162 107.325 107.475 107.62 107.775 107.928 108.07 108.21 108.348 108.488 108.607 108.743 108.865 108.995 109.12 109.235 109.348 109.47 109.595 109.723 109.833 109.957 110.083 110.202 110.332 110.443 110.562 -9999 -9999 -9999 -9999 -9999
98.545 98.693 98.853 99 99.143 99.315 99.463 99.6 99.772 99.932 100.105 100.268 100.45 100.63 100.825 101.022 101.243 101.46 101.695 101.92 102.158 102.395 102.658 102.91 103.19 103.473 103.735 104.018 104.283 104.542 104.805 105.042 105.255 105.465 105.655 105.83 105.993 106.162 106.317 106.46 106.61 106.753 106.902 107.048 107.192 107.36 107.518 107.67 107.812 107.967 108.092 108.243 108.38 108.507 108.643 108.765 108.897 109.018 109.135 109.247 109.375 109.485 109.605 109.725 109.842 109.967 110.08 110.198 110.32 110.44 110.56 -9999 -9999 -9999 -9999 -9999
98.622 98.787 98.942 99.092 99.243 99.387 99.537 99.692 99.85 100.012 100.18 100.363 100.537 100.74 100.933 101.132 101.345 101.575 101.8 102.03 102.283 102.542 102.81 103.075 103.35 103.63 103.908 104.177 104.457 104.713 104.952 105.167 105.37 105.565 105.75 105.915 106.07 106.225 106.368 106.51 106.652 106.795 106.95 107.092 107.24 107.39 107.548 107.702 107.857 108.003 108.132 108.268 108.4 108.52 108.658 108.783 108.905 109.027 109.155 109.262 109.39 109.495 109.607 109.72 109.838 109.958 110.077 110.205 110.32 110.433 110.555 -9999 -9999 -9999 -9999 -9999
98.695 98.857 99.015 99.17 99.312 99.465 99.607 99.762 99.925 100.09 100.26 100.455 100.643 100.833 101.015 101.247 101.455 101.667 101.923 102.173 102.427 102.685 102.965 103.225 103.51 103.79 104.077 104.348 104.605 104.845 105.065 105.27 105.475 105.66 105.815 105.985 106.147 106.295 106.435 106.567 106.713 106.85 106.995 107.14 107.293 107.427 107.587 107.732 107.878 108.025 108.175 108.293 108.417 108.548 108.67 108.783 108.912 109.042 109.162 109.285 109.395 109.503 109.618 109.73 109.85 109.963 110.075 110.2 110.307 110.427 110.545 -9999 -9999 -9999 -9999 -9999
98.753 98.917 99.073 99.223 99.382 99.537 99.688 99.84 99.997 100.175 100.365 100.543 100.73 100.93 101.122 101.337 101.565 101.805 102.05 102.302 102.57 102.827 103.11 103.402 103.677 103.978 104.245 104.497 104.732 104.963 105.18 105.387 105.57 105.745 105.893 106.065 106.215 106.36 106.49 106.62 106.762 106.91 107.04 107.19 107.34 107.482 107.625 107.78 107.91 108.035 108.18 108.31 108.443 108.572 108.69 108.802 108.925 109.037 109.155 109.275 109.38 109.495 109.6 109.722 109.845 109.973 110.077 110.205 110.312 110.43 110.543 -9999 -9999 -9999 -9999 -9999
98.827 98.975 99.135 99.298 99.45 99.615 99.768 99.925 100.092 100.272 100.455 100.628 100.82 101.015 101.225 101.448 101.662 101.912 102.165 102.425 102.705 102.988 103.28 103.577 103.875 104.15 104.41 104.648 104.878 105.09 105.283 105.482 105.665 105.818 105.978 106.122 106.268 106.402 106.525 106.67 106.807 106.935 107.09 107.24 107.38 107.52 107.667 107.815 107.948 108.083 108.2 108.325 108.455 108.575 108.693 108.815 108.93 109.043 109.162 109.272 109.382 109.5 109.615 109.715 109.835 109.958 110.067 110.188 110.302 110.42 110.522 -9999 -9999 -9999 -9999 -9999
98.902 99.037 99.2 99.36 99.515 99.668 99.838 99.997 100.177 100.355 100.537 100.72 100.927 101.138 101.342 101.557 101.798 102.05 102.3 102.58 102.857 103.132 103.44 103.75 104.028 104.302 104.537 104.768 104.975 105.183 105.378 105.56 105.717 105.87 106.03 106.175 106.305 106.455 106.575 106.705 106.83 106.978 107.122 107.265 107.412 107.555 107.708 107.84 107.973 108.115 108.238 108.357 108.475 108.588 108.702 108.83 108.933 109.05 109.165 109.272 109.375 109.488 109.607 109.715 109.827 109.963 110.062 110.183 110.3 110.42 110.52 -9999 -9999 -9999 -9999 -9999
98.955 99.11 99.283 99.43 99.577 99.735 99.918 100.09 100.262 100.438 100.628 100.825 101.022 101.24 101.46 101.682 101.925 102.185 102.455 102.735 103.02 103.31 103.592 103.875 104.155 104.405 104.64 104.855 105.067 105.26 105.438 105.61 105.765 105.92 106.068 106.213 106.35 106.482 106.62 106.738 106.878 107.018 107.15 107.29 107.443 107.588 107.723 107.868 108 108.135 108.25 108.37 108.495 108.595 108.713 108.833 108.967 109.073 109.182 109.292 109.403 109.515 109.612 109.72 109.832 109.945 110.055 110.175 110.292 110.408 110.513 -9999 -9999 -9999 -9999 -9999
99.025 99.185 99.353 99.512 99.67 99.835 100.005 100.177 100.35 100.53 100.717 100.923 101.118 101.338 101.56 101.807 102.065 102.327 102.613 102.895 103.192 103.472 103.755 104.022 104.283 104.515 104.73 104.935 105.13 105.325 105.488 105.655 105.817 105.97 106.115 106.253 106.39 106.505 106.637 106.78 106.91 107.045 107.18 107.33 107.467 107.61 107.757 107.89 108.022 108.143 108.277 108.387 108.493 108.615 108.732 108.848 108.955 109.067 109.183 109.285 109.402 109.515 109.62 109.725 109.84 109.945 110.06 110.16 110.273 110.38 110.488 -9999 -9999 -9999 -9999 -9999
