Matlab/Roost_data/braunton/dsm/ss4735_DSM_2M.asc
ncols 500
nrows 500
xllcorner    247000
yllcorner    135000
cellsize     2
NODATA_value -9999
[rows 68 to 101 of 500, columns 231 to 307 of 500]
7.173 7.215 7.247 7.266 7.307 7.335 7.362 7.38 7.406 7.424 7.444 7.474 7.516 7.558 7.58 7.6 7.604 7.614 7.636 7.661 7.694 7.711 7.744 7.731 7.756 7.761 7.766 7.779 7.831 7.849 7.864 7.894 7.939 8.016 8.071 8.134 8.194 8.249 8.394 8.486 8.519 8.496 8.436 8.474 8.526 8.499 8.426 8.374 8.326 8.279 8.284 8.259 8.269 8.279 8.246 8.231 8.246 8.279 8.239 8.251 8.269 8.261 8.239 8.251 8.259 8.241 8.231 8.251 8.281 8.286 8.293 8.293 8.266 8.301 8.281 8.313 8.281
7.176 7.183 7.207 7.247 7.269 7.311 7.326 7.342 7.389 7.416 7.436 7.477 7.493 7.532 7.562 7.578 7.606 7.621 7.654 7.671 7.679 7.719 7.701 7.734 7.741 7.769 7.756 7.786 7.811 7.821 7.861 7.936 8.004 8.041 8.084 8.161 8.236 8.329 8.436 8.511 8.494 8.489 8.454 8.436 8.479 8.486 8.441 8.394 8.369 8.366 8.311 8.291 8.286 8.251 8.246 8.249 8.224 8.251 8.239 8.229 8.271 8.254 8.244 8.276 8.254 8.221 8.234 8.289 8.304 8.276 8.286 8.278 8.303 8.306 8.296 8.306 8.298
7.149 7.165 7.215 7.235 7.27 7.308 7.33 7.354 7.379 7.4 7.426 7.447 7.478 7.521 7.547 7.561 7.584 7.624 7.644 7.664 7.701 7.704 7.706 7.739 7.781 7.751 7.766 7.786 7.806 7.834 7.904 7.956 8.034 8.069 8.124 8.226 8.256 8.431 8.431 8.479 8.489 8.421 8.359 8.376 8.391 8.414 8.416 8.421 8.396 8.399 8.374 8.324 8.299 8.254 8.244 8.249 8.229 8.226 8.246 8.254 8.269 8.259 8.236 8.244 8.211 8.236 8.241 8.246 8.274 8.273 8.263 8.286 8.291 8.298 8.306 8.263 8.306
7.154 7.158 7.187 7.215 7.234 7.252 7.3 7.338 7.365 7.384 7.412 7.435 7.478 7.484 7.505 7.53 7.573 7.619 7.619 7.681 7.709 7.689 7.714 7.714 7.721 7.739 7.786 7.779 7.786 7.856 7.906 7.986 8.019 8.099 8.196 8.236 8.341 8.391 8.464 8.504 8.456 8.401 8.299 8.261 8.289 8.331 8.361 8.426 8.424 8.429 8.411 8.364 8.329 8.274 8.244 8.229 8.226 8.281 8.269 8.266 8.264 8.234 8.249 8.241 8.231 8.226 8.254 8.251 8.244 8.281 8.296 8.266 8.271 8.288 8.268 8.276 8.263
7.096 7.127 7.175 7.2 7.233 7.259 7.283 7.321 7.356 7.379 7.406 7.434 7.458 7.477 7.524 7.535 7.562 7.581 7.599 7.654 7.671 7.694 7.696 7.689 7.726 7.744 7.739 7.769 7.804 7.879 7.949 7.981 8.044 8.139 8.216 8.266 8.394 8.421 8.406 8.456 8.394 8.356 8.316 8.269 8.229 8.246 8.311 8.409 8.459 8.471 8.471 8.369 8.326 8.289 8.249 8.239 8.224 8.226 8.239 8.274 8.231 8.246 8.244 8.226 8.224 8.246 8.284 8.276 8.266 8.286 8.276 8.276 8.266 8.268 8.276 8.288 8.283
7.104 7.149 7.166 7.183 7.207 7.24 7.269 7.309 7.332 7.35 7.4 7.43 7.443 7.482 7.51 7.525 7.54 7.556 7.604 7.631 7.656 7.669 7.689 7.674 7.681 7.724 7.746 7.784 7.826 7.911 7.941 7.979 8.081 8.154 8.221 8.311 8.366 8.239 8.314 8.366 8.356 8.344 8.291 8.289 8.244 8.286 8.251 8.329 8.401 8.476 8.474 8.426 8.384 8.301 8.219 8.239 8.229 8.209 8.226 8.229 8.239 8.216 8.196 8.236 8.234 8.261 8.266 8.259 8.271 8.266 8.271 8.241 8.248 8.268 8.283 8.248 8.263
7.074 7.121 7.149 7.174 7.209 7.25 7.277 7.301 7.321 7.327 7.379 7.402 7.441 7.46 7.485 7.51 7.55 7.569 7.611 7.614 7.611 7.634 7.669 7.664 7.694 7.736 7.749 7.779 7.816 7.909 7.929 8.009 8.106 8.214 8.291 8.366 8.189 8.194 8.291 8.314 8.299 8.294 8.329 8.291 8.334 8.316 8.269 8.264 8.369 8.434 8.489 8.436 8.391 8.356 8.306 8.251 8.256 8.216 8.226 8.211 8.204 8.186 8.224 8.249 8.256 8.296 8.274 8.271 8.266 8.248 8.233 8.263 8.273 8.236 8.266 8.266 8.251
7.081 7.099 7.109 7.143 7.192 7.205 7.236 7.285 7.312 7.35 7.374 7.373 7.4 7.429 7.456 7.49 7.534 7.553 7.584 7.596 7.606 7.629 7.641 7.659 7.674 7.684 7.749 7.776 7.846 7.911 7.976 8.059 8.126 8.271 8.361 8.269 8.056 8.176 8.236 8.289 8.296 8.301 8.286 8.306 8.304 8.346 8.361 8.281 8.311 8.376 8.424 8.434 8.409 8.376 8.364 8.329 8.279 8.214 8.236 8.216 8.224 8.226 8.261 8.261 8.284 8.281 8.261 8.269 8.261 8.253 8.256 8.276 8.251 8.243 8.243 8.248 8.238
7.051 7.099 7.119 7.158 7.168 7.195 7.211 7.254 7.257 7.302 7.334 7.36 7.4 7.432 7.47 7.474 7.491 7.515 7.551 7.566 7.591 7.609 7.644 7.651 7.664 7.696 7.741 7.794 7.879 7.921 8.006 8.091 8.199 8.301 8.291 8.009 8.064 8.181 8.216 8.239 8.274 8.311 8.306 8.276 8.326 8.361 8.391 8.361 8.281 8.271 8.396 8.431 8.416 8.411 8.389 8.356 8.276 8.236 8.231 8.216 8.161 8.266 8.279 8.279 8.304 8.294 8.294 8.241 8.246 8.263 8.238 8.241 8.248 8.251 8.233 8.243 8.193
7.034 7.071 7.126 7.147 7.156 7.17 7.195 7.227 7.253 7.273 7.334 7.351 7.374 7.398 7.42 7.466 7.483 7.497 7.519 7.576 7.576 7.574 7.614 7.651 7.676 7.731 7.719 7.819 7.859 7.969 8.019 8.089 8.246 8.294 8.051 7.966 8.099 8.136 8.169 8.226 8.274 8.289 8.329 8.309 8.301 8.319 8.379 8.434 8.411 8.341 8.334 8.371 8.409 8.416 8.439 8.384 8.326 8.304 8.264 8.226 8.251 8.261 8.276 8.284 8.299 8.296 8.281 8.251 8.261 8.276 8.261 8.243 8.246 8.233 8.228 8.226 8.196
7.049 7.039 7.064 7.119 7.152 7.18 7.194 7.217 7.265 7.275 7.3 7.33 7.354 7.385 7.416 7.452 7.456 7.499 7.526 7.551 7.544 7.586 7.609 7.629 7.676 7.741 7.804 7.844 7.906 7.991 8.019 8.169 8.244 8.129 7.894 8.004 8.074 8.101 8.179 8.219 8.236 8.251 8.301 8.334 8.336 8.321 8.334 8.394 8.454 8.459 8.294 8.296 8.381 8.411 8.466 8.436 8.439 8.359 8.309 8.324 8.299 8.294 8.316 8.286 8.286 8.304 8.279 8.259 8.236 8.258 8.261 8.233 8.216 8.258 8.226 8.196 8.203
6.991 7.046 7.054 7.1 7.127 7.137 7.209 7.209 7.245 7.276 7.3 7.331 7.364 7.393 7.445 7.468 7.481 7.484 7.484 7.516 7.536 7.566 7.591 7.616 7.689 7.761 7.814 7.856 7.954 7.996 8.104 8.264 8.209 7.901 7.939 8.024 8.056 8.101 8.159 8.184 8.191 8.236 8.274 8.321 8.341 8.361 8.364 8.346 8.386 8.449 8.436 8.346 8.344 8.381 8.414 8.471 8.441 8.406 8.396 8.379 8.366 8.324 8.329 8.331 8.306 8.286 8.256 8.256 8.239 8.236 8.266 8.228 8.213 8.223 8.233 8.183 8.181
7.029 7.039 7.046 7.076 7.108 7.14 7.191 7.204 7.236 7.269 7.308 7.332 7.357 7.408 7.427 7.457 7.485 7.509 7.529 7.529 7.541 7.546 7.586 7.639 7.696 7.774 7.824 7.899 7.976 8.061 8.209 8.236 7.939 7.879 7.971 8.009 8.049 8.079 8.124 8.151 8.166 8.221 8.241 8.281 8.314 8.366 8.401 8.384 8.381 8.369 8.431 8.474 8.419 8.331 8.376 8.429 8.456 8.481 8.496 8.459 8.399 8.426 8.411 8.371 8.339 8.296 8.266 8.239 8.261 8.246 8.236 8.238 8.221 8.223 8.211 8.173 8.186
6.991 7.039 7.051 7.091 7.112 7.142 7.188 7.218 7.253 7.276 7.328 7.341 7.365 7.401 7.424 7.437 7.475 7.485 7.497 7.536 7.539 7.546 7.574 7.656 7.741 7.779 7.854 7.926 8.009 8.186 8.224 8.069 7.814 7.926 7.946 7.999 8.049 8.066 8.089 8.109 8.166 8.184 8.201 8.241 8.299 8.329 8.369 8.424 8.401 8.391 8.381 8.484 8.501 8.426 8.369 8.399 8.451 8.461 8.491 8.476 8.474 8.494 8.471 8.434 8.414 8.344 8.276 8.266 8.279 8.241 8.231 8.236 8.221 8.208 8.196 8.173 8.186
7.016 7.046 7.079 7.106 7.138 7.165 7.182 7.228 7.257 7.27 7.309 7.324 7.36 7.398 7.426 7.436 7.468 7.493 7.515 7.514 7.529 7.541 7.604 7.661 7.776 7.806 7.889 7.956 8.074 8.196 8.244 7.856 7.844 7.896 7.956 7.989 8.031 8.046 8.061 8.084 8.139 8.171 8.184 8.224 8.266 8.286 8.351 8.399 8.411 8.429 8.419 8.439 8.479 8.524 8.446 8.331 8.356 8.426 8.461 8.536 8.551 8.546 8.509 8.496 8.471 8.399 8.316 8.291 8.269 8.271 8.258 8.241 8.211 8.198 8.188 8.183 8.171
7.034 7.041 7.076 7.106 7.122 7.169 7.187 7.209 7.223 7.277 7.294 7.32 7.329 7.358 7.401 7.441 7.436 7.463 7.479 7.488 7.511 7.549 7.599 7.711 7.769 7.856 7.931 8.004 8.136 8.204 8.186 7.774 7.854 7.901 7.944 8.011 8.024 8.006 8.021 8.061 8.114 8.151 8.181 8.224 8.254 8.279 8.334 8.339 8.384 8.456 8.456 8.431 8.431 8.504 8.526 8.471 8.334 8.369 8.476 8.509 8.551 8.594 8.614 8.591 8.504 8.434 8.379 8.316 8.274 8.283 8.241 8.231 8.201 8.196 8.191 8.191 8.173
7.024 7.034 7.046 7.091 7.096 7.131 7.149 7.187 7.206 7.259 7.27 7.292 7.32 7.345 7.379 7.396 7.441 7.473 7.485 7.462 7.501 7.534 7.651 7.724 7.791 7.884 7.954 8.086 8.144 8.171 7.799 7.801 7.861 7.906 7.959 7.976 7.999 8.006 8.014 8.041 8.071 8.111 8.174 8.209 8.226 8.259 8.279 8.321 8.366 8.394 8.424 8.461 8.446 8.469 8.521 8.571 8.559 8.349 8.391 8.496 8.546 8.596 8.606 8.611 8.566 8.501 8.444 8.319 8.306 8.278 8.266 8.213 8.196 8.188 8.183 8.208 8.193
6.986 7.009 7.021 7.051 7.094 7.124 7.155 7.179 7.18 7.234 7.267 7.281 7.311 7.361 7.386 7.402 7.421 7.437 7.459 7.469 7.499 7.581 7.704 7.744 7.836 7.911 8.006 8.136 8.111 7.744 7.779 7.849 7.894 7.911 7.951 7.974 7.986 8.011 8.014 8.061 8.069 8.109 8.139 8.174 8.199 8.244 8.244 8.286 8.331 8.354 8.374 8.431 8.466 8.486 8.481 8.511 8.589 8.599 8.464 8.429 8.506 8.559 8.586 8.584 8.569 8.536 8.469 8.424 8.364 8.306 8.263 8.241 8.183 8.223 8.196 8.206 8.208
6.971 6.994 7.044 7.039 7.066 7.112 7.151 7.177 7.187 7.245 7.253 7.285 7.316 7.338 7.359 7.369 7.418 7.43 7.451 7.468 7.519 7.616 7.696 7.809 7.884 7.929 8.081 8.144 7.816 7.749 7.831 7.859 7.881 7.914 7.944 7.944 7.961 7.984 8.016 8.049 8.089 8.096 8.116 8.134 8.194 8.216 8.231 8.249 8.301 8.316 8.344 8.379 8.449 8.459 8.479 8.476 8.504 8.579 8.601 8.474 8.434 8.516 8.521 8.536 8.574 8.574 8.529 8.434 8.389 8.321 8.283 8.238 8.198 8.206 8.208 8.181 8.183
6.941 6.986 7.014 7.034 7.059 7.091 7.113 7.157 7.181 7.21 7.24 7.291 7.291 7.314 7.352 7.387 7.424 7.412 7.451 7.475 7.603 7.669 7.734 7.809 7.909 7.941 8.064 7.966 7.681 7.786 7.831 7.879 7.904 7.896 7.921 7.914 7.934 7.954 8.024 8.049 8.076 8.101 8.109 8.106 8.144 8.179 8.209 8.264 8.259 8.286 8.319 8.339 8.384 8.439 8.484 8.476 8.451 8.454 8.536 8.601 8.531 8.441 8.464 8.504 8.519 8.531 8.531 8.466 8.401 8.398 8.308 8.283 8.208 8.171 8.196 8.196 8.198
6.954 6.964 6.969 6.979 7.016 7.059 7.077 7.113 7.171 7.2 7.219 7.256 7.288 7.321 7.354 7.369 7.373 7.416 7.445 7.512 7.6 7.681 7.764 7.826 7.956 8.006 7.986 7.696 7.721 7.824 7.851 7.866 7.896 7.901 7.896 7.911 7.946 7.964 7.966 8.044 8.066 8.081 8.096 8.126 8.106 8.139 8.204 8.214 8.224 8.269 8.314 8.319 8.339 8.411 8.459 8.464 8.464 8.484 8.449 8.519 8.566 8.501 8.426 8.449 8.496 8.486 8.509 8.494 8.464 8.411 8.363 8.273 8.203 8.203 8.171 8.181 8.193
6.926 6.951 6.959 7.006 7.016 7.056 7.098 7.105 7.128 7.187 7.224 7.251 7.273 7.282 7.338 7.356 7.41 7.435 7.479 7.571 7.61 7.711 7.774 7.894 8.001 8.009 7.764 7.679 7.774 7.801 7.849 7.881 7.871 7.889 7.889 7.924 7.926 7.941 7.974 8.026 8.034 8.051 8.079 8.111 8.111 8.121 8.149 8.181 8.194 8.239 8.251 8.294 8.309 8.356 8.381 8.429 8.489 8.461 8.471 8.464 8.469 8.566 8.516 8.409 8.429 8.479 8.456 8.486 8.481 8.453 8.378 8.298 8.206 8.186 8.201 8.181 8.193
6.894 6.951 6.951 6.986 7.026 7.041 7.093 7.118 7.137 7.167 7.181 7.204 7.256 7.288 7.312 7.341 7.396 7.428 7.509 7.562 7.647 7.741 7.774 7.961 8.044 7.926 7.626 7.731 7.789 7.836 7.861 7.861 7.884 7.899 7.876 7.876 7.919 7.966 8.009 8.009 8.026 8.044 8.064 8.084 8.106 8.121 8.139 8.139 8.161 8.201 8.219 8.259 8.289 8.309 8.326 8.389 8.429 8.464 8.446 8.469 8.409 8.459 8.554 8.531 8.386 8.386 8.436 8.456 8.454 8.436 8.378 8.331 8.276 8.231 8.223 8.206 8.236
6.836 6.879 6.866 6.949 7.029 7.056 7.082 7.062 7.129 7.141 7.16 7.216 7.255 7.287 7.315 7.353 7.398 7.448 7.523 7.56 7.651 7.714 7.851 8.016 7.944 7.611 7.696 7.776 7.771 7.816 7.841 7.854 7.876 7.861 7.859 7.909 7.916 7.944 7.981 8.016 8.014 8.019 8.034 8.064 8.101 8.096 8.101 8.129 8.131 8.179 8.206 8.244 8.266 8.281 8.301 8.341 8.376 8.426 8.454 8.424 8.419 8.416 8.446 8.514 8.446 8.369 8.351 8.429 8.424 8.396 8.378 8.361 8.323 8.291 8.276 8.281 8.251
6.856 6.889 6.924 6.936 6.961 7.019 7.034 7.061 7.106 7.125 7.178 7.2 7.225 7.254 7.304 7.364 7.392 7.467 7.523 7.561 7.642 7.795 7.964 7.971 7.706 7.614 7.701 7.739 7.791 7.829 7.841 7.844 7.861 7.854 7.884 7.896 7.919 7.956 7.961 7.986 8.006 8.004 8.031 8.051 8.066 8.101 8.086 8.111 8.134 8.176 8.186 8.209 8.239 8.256 8.299 8.326 8.336 8.369 8.389 8.419 8.406 8.446 8.406 8.434 8.489 8.446 8.344 8.349 8.394 8.371 8.403 8.406 8.368 8.346 8.313 8.336 8.326
6.819 6.844 6.884 6.911 6.969 7.006 7.009 7.041 7.045 7.105 7.133 7.18 7.221 7.259 7.305 7.362 7.4 7.484 7.519 7.571 7.649 7.881 7.969 7.799 7.589 7.659 7.711 7.764 7.806 7.821 7.824 7.831 7.831 7.831 7.871 7.901 7.924 7.939 7.971 7.979 7.986 8.001 8.034 8.044 8.024 8.061 8.086 8.121 8.119 8.129 8.179 8.179 8.216 8.239 8.286 8.284 8.331 8.329 8.334 8.389 8.404 8.396 8.409 8.411 8.444 8.404 8.374 8.356 8.316 8.378 8.393 8.423 8.398 8.398 8.398 8.378 8.416
6.809 6.804 6.851 6.911 6.946 6.964 7.004 7.066 7.07 7.116 7.101 7.113 7.148 7.228 7.31 7.342 7.426 7.457 7.514 7.589 7.737 7.9 7.861 7.579 7.654 7.716 7.736 7.771 7.804 7.809 7.796 7.814 7.816 7.864 7.866 7.899 7.909 7.941 7.941 7.954 7.974 7.966 8.019 8.019 8.039 8.061 8.066 8.111 8.129 8.151 8.151 8.156 8.191 8.216 8.239 8.256 8.291 8.294 8.309 8.324 8.366 8.401 8.406 8.394 8.391 8.419 8.394 8.391 8.334 8.288 8.353 8.386 8.403 8.423 8.431 8.438 8.456
6.921 6.894 6.896 6.906 6.926 6.959 6.951 7.014 7.03 7.08 7.136 7.173 7.195 7.256 7.296 7.352 7.416 7.477 7.539 7.674 7.841 7.896 7.592 7.586 7.681 7.711 7.766 7.781 7.779 7.804 7.804 7.826 7.814 7.826 7.869 7.906 7.889 7.901 7.931 7.939 7.969 7.951 7.981 8.016 8.021 8.036 8.069 8.086 8.099 8.111 8.151 8.136 8.144 8.191 8.211 8.256 8.256 8.271 8.291 8.281 8.309 8.356 8.381 8.356 8.339 8.366 8.356 8.374 8.389 8.326 8.263 8.331 8.371 8.398 8.431 8.466 8.466
7.051 7.004 7.001 7.091 7.039 7.024 7.004 7.034 7.059 7.075 7.099 7.137 7.149 7.241 7.302 7.372 7.407 7.533 7.609 7.749 7.82 7.751 7.513 7.626 7.681 7.714 7.759 7.756 7.781 7.776 7.794 7.799 7.814 7.839 7.874 7.876 7.906 7.896 7.914 7.906 7.949 7.964 7.986 7.991 8.004 8.026 8.061 8.079 8.104 8.096 8.106 8.149 8.159 8.154 8.159 8.206 8.221 8.249 8.264 8.281 8.294 8.324 8.326 8.364 8.351 8.349 8.334 8.324 8.354 8.353 8.293 8.246 8.306 8.331 8.401 8.443 8.438
7.076 7.086 7.086 7.086 7.066 7.091 7.126 7.151 7.141 7.126 7.101 7.101 7.115 7.127 7.247 7.312 7.413 7.551 7.722 7.788 7.773 7.521 7.604 7.651 7.696 7.761 7.771 7.761 7.766 7.769 7.796 7.811 7.846 7.831 7.864 7.876 7.879 7.896 7.919 7.904 7.919 7.986 7.959 7.976 7.999 8.021 8.051 8.054 8.064 8.084 8.086 8.124 8.121 8.124 8.154 8.166 8.169 8.219 8.241 8.236 8.269 8.269 8.296 8.316 8.361 8.356 8.349 8.346 8.316 8.353 8.361 8.318 8.308 8.318 8.346 8.391 8.406
6.856 6.951 6.949 7.081 7.139 7.214 7.229 7.194 7.205 7.239 7.25 7.222 7.192 7.213 7.217 7.307 7.438 7.608 7.758 7.806 7.536 7.552 7.634 7.655 7.671 7.744 7.726 7.739 7.744 7.759 7.769 7.819 7.829 7.846 7.846 7.884 7.879 7.894 7.911 7.909 7.916 7.936 7.959 7.969 8.004 8.014 8.031 8.061 8.066 8.074 8.071 8.106 8.096 8.139 8.126 8.154 8.151 8.181 8.211 8.216 8.269 8.276 8.279 8.314 8.321 8.359 8.349 8.316 8.344 8.308 8.351 8.396 8.313 8.251 8.266 8.326 8.373
6.809 6.859 6.894 6.946 6.966 7.116 7.176 7.249 7.267 7.254 7.28 7.258 7.325 7.334 7.392 7.425 7.563 7.696 7.76 7.604 7.534 7.597 7.655 7.673 7.696 7.711 7.719 7.744 7.746 7.749 7.786 7.796 7.811 7.826 7.874 7.861 7.869 7.879 7.906 7.906 7.924 7.909 7.949 7.974 7.991 8.001 8.031 8.031 8.039 8.064 8.074 8.081 8.061 8.091 8.114 8.151 8.144 8.161 8.181 8.214 8.214 8.251 8.259 8.284 8.284 8.304 8.354 8.354 8.349 8.343 8.328 8.361 8.393 8.368 8.311 8.256 8.381
6.806 6.856 6.851 6.909 6.969 7.009 7.009 7.116 7.219 7.279 7.308 7.312 7.397 7.454 7.519 7.602 7.656 7.674 7.631 7.513 7.588 7.642 7.654 7.693 7.691 7.689 7.726 7.729 7.721 7.764 7.781 7.781 7.814 7.821 7.851 7.854 7.864 7.874 7.886 7.899 7.909 7.919 7.934 7.961 7.979 8.014 8.016 8.026 8.026 8.041 8.056 8.069 8.079 8.054 8.114 8.129 8.144 8.141 8.144 8.164 8.204 8.219 8.241 8.276 8.271 8.306 8.314 8.361 8.366 8.379 8.386 8.346 8.411 8.461 8.381 8.311 8.341
6.836 6.879 6.949 6.966 6.984 7.001 7.029 7.046 7.104 7.141 7.207 7.284 7.408 7.511 7.641 7.648 7.634 7.629 7.524 7.542 7.6 7.655 7.69 7.685 7.686 7.699 7.701 7.706 7.711 7.731 7.769 7.804 7.789 7.806 7.826 7.834 7.846 7.871 7.899 7.881 7.869 7.919 7.931 7.939 7.979 7.996 8.006 7.994 7.999 8.041 8.051 8.024 8.039 8.056 8.074 8.081 8.106 8.134 8.149 8.151 8.174 8.189 8.219 8.246 8.256 8.276 8.316 8.336 8.381 8.419 8.391 8.411 8.374 8.396 8.461 8.451 8.359
