Matlab/Roost_data/braunton/dsm/ss4839_DSM_2M.asc
ncols 500
nrows 500
xllcorner    248000
yllcorner    139000
cellsize     2
NODATA_value -9999
[rows 384 to 415 of 500, columns 71 to 141 of 500]
92.77 92.479 92.122 91.703 91.316 90.954 90.584 90.246 89.949 89.686 89.429 89.169 88.931 88.719 88.461 88.176 87.879 87.596 87.284 86.984 86.671 86.394 86.116 85.864 85.604 85.364 85.141 84.949 84.771 84.566 84.736 85.351 83.269 82.901 82.576 82.306 81.909 81.349 80.646 80.196 79.874 79.764 79.706 80.126 82.274 81.286 79.719 78.769 78.126 78.251 77.856 77.636 77.559 77.941 76.861 75.786 75.351 75.201 75.139 75.081 75.091 75.056 75.026 74.881 74.676 74.549 75.369 74.734 77.561 79.426 78.891
93.255 93.01 92.672 92.269 91.854 91.506 91.089 90.789 90.466 90.179 89.926 89.681 89.449 89.211 88.946 88.644 88.339 88.049 87.734 87.431 87.096 86.819 86.511 86.254 86.001 85.749 85.481 85.299 85.091 84.919 85.069 87.026 84.274 83.264 82.989 82.671 82.271 81.671 81.099 80.619 80.344 80.086 80.064 80.756 81.676 80.836 80.211 78.819 78.316 78.186 77.939 77.771 78.116 78.176 77.286 77.129 77.031 76.506 75.819 75.364 75.116 75.106 75.071 74.934 74.779 74.714 74.616 74.984 78.439 79.381 78.699
93.738 93.515 93.197 92.833 92.396 92.036 91.651 91.324 90.994 90.691 90.429 90.189 89.946 89.699 89.436 89.136 88.854 88.536 88.206 87.904 87.566 87.254 86.964 86.689 86.409 86.129 85.871 85.661 85.434 85.284 87.259 89.274 88.896 83.641 83.536 83.264 82.616 82.131 81.566 81.126 80.769 80.579 80.496 80.706 81.286 80.826 80.019 79.049 78.854 78.396 78.096 78.024 78.609 77.794 77.471 77.404 77.256 77.149 77.064 76.691 76.084 75.176 75.134 75.056 74.951 74.874 74.726 75.091 78.259 79.536 78.686
94.217 93.998 93.705 93.364 92.959 92.596 92.234 91.884 91.529 91.231 90.964 90.701 90.456 90.199 89.926 89.634 89.324 89.024 88.684 88.371 88.066 87.744 87.429 87.141 86.839 86.541 86.269 86.031 85.836 85.629 88.009 90.621 88.996 84.086 84.589 84.016 83.191 82.576 82.056 81.671 81.379 81.114 81.026 80.869 80.639 80.496 79.584 79.404 79.424 78.849 78.276 78.169 78.789 77.801 77.899 77.764 77.424 77.401 77.264 77.001 76.791 75.361 75.154 75.099 75.091 75.066 75.001 75.696 77.316 77.389 77.534
94.644 94.442 94.187 93.866 93.494 93.099 92.751 92.394 92.069 91.764 91.486 91.236 90.971 90.704 90.426 90.144 89.846 89.541 89.189 88.879 88.574 88.234 87.921 87.611 87.309 86.991 86.686 86.454 86.271 86.026 85.851 86.476 85.691 84.276 84.744 84.314 83.366 83.066 82.471 82.026 81.739 81.481 81.244 81.131 80.756 80.214 79.724 79.639 79.544 79.014 78.496 78.446 78.921 77.884 77.816 77.796 77.449 77.321 77.121 76.816 76.651 75.459 75.246 75.181 75.166 75.159 75.206 75.226 75.219 75.276 75.256
95.09 94.889 94.669 94.361 94.009 93.634 93.309 92.929 92.584 92.294 92.026 91.766 91.509 91.224 90.946 90.661 90.369 90.049 89.729 89.399 89.069 88.734 88.426 88.081 87.784 87.461 87.146 86.879 86.649 86.441 86.209 86.689 86.514 84.684 85.004 84.921 83.781 83.504 82.966 82.429 82.099 81.831 81.569 81.364 81.046 80.451 79.984 79.741 79.561 79.244 78.761 78.654 79.084 78.106 77.859 77.586 77.439 77.084 76.761 76.514 76.111 75.749 75.454 77.304 78.499 77.849 77.479 76.344 76.071 75.991 75.554
95.525 95.308 95.101 94.834 94.554 94.161 93.824 93.466 93.121 92.814 92.564 92.304 92.014 91.756 91.479 91.216 90.901 90.591 90.279 89.919 89.584 89.251 88.921 88.594 88.266 87.944 87.599 87.334 87.089 86.861 86.606 86.681 87.254 85.629 85.046 84.761 84.254 83.774 83.206 82.804 82.411 82.081 81.836 81.661 81.379 80.666 80.274 79.941 79.744 79.586 79.086 78.984 80.719 78.256 77.914 77.719 77.451 77.064 76.851 77.849 77.134 75.954 75.644 79.691 81.919 81.704 81.519 81.311 81.019 80.546 80.319
95.976 95.788 95.551 95.299 95.021 94.646 94.336 93.984 93.646 93.356 93.086 92.824 92.566 92.276 92.041 91.739 91.441 91.154 90.809 90.469 90.099 89.774 89.444 89.109 88.749 88.429 88.101 87.816 87.544 87.319 87.041 87.144 87.926 86.159 85.434 84.721 84.386 83.921 83.531 83.166 82.739 82.431 82.164 81.954 81.609 81.004 80.531 80.179 79.899 79.696 79.209 79.219 79.311 78.484 78.046 77.884 77.576 77.376 77.479 77.514 77.236 76.046 75.816 80.256 82.089 82.256 82.344 82.391 82.409 82.251 82.191
96.404 96.189 95.976 95.716 95.416 95.126 94.821 94.501 94.169 93.899 93.596 93.359 93.106 92.841 92.584 92.276 91.981 91.684 91.369 91.006 90.666 90.316 89.971 89.621 89.284 88.931 88.596 88.274 87.999 87.754 87.466 87.311 88.506 87.634 85.959 85.296 84.801 84.321 83.926 83.556 83.186 82.779 82.531 82.201 81.894 81.264 80.724 80.286 80.016 79.754 79.486 79.544 80.106 79.701 79.239 78.529 77.784 77.711 77.856 77.836 77.461 76.121 76.014 77.879 79.251 79.669 80.344 80.846 81.494 81.639 81.826
96.782 96.586 96.399 96.194 95.849 95.544 95.236 94.951 94.679 94.404 94.124 93.866 93.619 93.371 93.096 92.816 92.541 92.219 91.896 91.554 91.184 90.851 90.496 90.154 89.791 89.476 89.129 88.786 88.486 88.231 87.929 87.656 88.771 88.621 86.501 85.884 85.201 84.689 84.291 83.896 83.461 83.114 82.784 82.461 82.159 81.611 80.979 80.466 80.216 79.994 79.591 79.476 79.574 82.231 84.626 81.409 77.996 78.071 78.284 78.216 76.959 76.294 76.391 76.689 77.124 77.194 77.229 77.179 77.516 78.291 78.779
97.168 96.994 96.801 96.601 96.321 95.999 95.686 95.384 95.136 94.864 94.606 94.371 94.101 93.876 93.611 93.354 93.091 92.764 92.416 92.079 91.711 91.399 91.041 90.671 90.331 89.976 89.619 89.306 88.969 88.674 88.389 88.106 88.656 89.406 86.871 86.164 85.566 85.059 84.631 84.204 83.734 83.374 83.069 82.741 82.404 81.934 81.259 80.761 80.309 80.131 79.599 79.501 79.271 82.871 84.581 81.284 78.194 78.271 78.384 78.399 77.146 76.604 76.786 79.361 77.064 77.459 77.656 77.809 78.604 78.366 78.364
97.561 97.386 97.181 96.959 96.699 96.416 96.126 95.836 95.554 95.299 95.056 94.826 94.611 94.351 94.121 93.874 93.591 93.274 92.954 92.594 92.254 91.924 91.554 91.199 90.859 90.509 90.126 89.769 89.434 89.134 88.841 88.541 88.959 89.641 87.734 86.471 85.909 85.441 84.989 84.554 84.129 83.656 83.426 82.991 82.631 82.169 81.514 80.926 80.464 80.286 79.684 80.434 79.331 83.794 84.586 80.914 78.344 78.434 78.444 78.441 77.154 76.946 77.971 78.616 78.471 78.581 78.261 78.101 78.781 79.186 79.951
97.941 97.776 97.556 97.334 97.076 96.811 96.534 96.249 95.974 95.734 95.481 95.211 95.039 94.819 94.596 94.349 94.069 93.774 93.446 93.104 92.761 92.429 92.069 91.724 91.371 91.021 90.651 90.271 89.924 89.594 89.289 88.954 89.014 90.059 87.836 86.789 86.349 85.936 85.389 84.981 84.431 83.979 83.664 83.239 82.781 82.374 81.726 81.089 80.771 80.854 80.446 79.901 79.914 83.801 84.534 80.689 78.561 78.636 78.704 78.506 77.131 77.084 77.401 78.666 78.886 78.674 78.566 79.069 80.016 80.189 80.346
98.279 98.091 97.919 97.686 97.439 97.176 96.889 96.631 96.366 96.114 95.889 95.689 95.436 95.231 95.046 94.804 94.551 94.259 93.921 93.616 93.264 92.926 92.611 92.249 91.891 91.516 91.154 90.784 90.396 90.059 89.746 89.431 89.536 90.626 88.249 87.036 86.546 86.139 85.729 85.234 84.821 84.386 83.979 83.561 82.959 82.601 81.894 81.281 81.724 83.426 82.881 80.334 79.696 84.189 84.461 79.931 78.851 78.834 78.846 78.569 77.449 77.201 78.489 79.221 79.374 79.281 79.359 79.931 80.904 80.804 80.676
98.574 98.384 98.251 98.064 97.804 97.519 97.241 96.966 96.709 96.514 96.274 96.051 95.841 95.629 95.404 95.191 94.951 94.691 94.414 94.081 93.734 93.401 93.101 92.744 92.379 91.996 91.659 91.269 90.854 90.516 90.216 89.871 89.989 90.971 89.711 87.959 87.046 86.529 86.029 85.551 85.141 84.684 84.244 83.871 83.254 82.761 82.106 81.461 81.731 83.331 82.139 80.739 80.606 84.349 84.039 79.321 79.064 79.014 79.064 78.661 77.446 77.549 78.331 79.791 79.971 79.956 80.281 80.741 81.244 81.309 81.396
98.871 98.704 98.529 98.361 98.124 97.849 97.551 97.296 97.039 96.834 96.631 96.424 96.231 96.014 95.816 95.584 95.341 95.114 94.844 94.526 94.196 93.879 93.566 93.221 92.849 92.494 92.116 91.724 91.349 90.986 90.676 90.294 90.781 91.811 89.809 88.484 87.991 86.959 86.509 85.989 85.566 85.064 84.619 84.194 83.586 82.919 82.364 81.656 81.171 81.151 81.269 81.379 80.191 83.464 83.639 79.229 79.231 79.309 79.306 78.759 79.364 80.356 82.561 80.254 80.589 81.419 81.336 81.664 81.876 81.894 81.991
99.159 98.993 98.821 98.644 98.389 98.149 97.861 97.601 97.354 97.161 96.944 96.761 96.586 96.381 96.176 95.951 95.754 95.521 95.236 94.941 94.664 94.349 94.034 93.696 93.329 92.969 92.581 92.189 91.799 91.446 91.096 90.711 91.301 92.234 89.859 88.618 88.296 87.368 86.811 86.361 85.791 85.256 84.809 84.371 83.804 83.166 82.706 81.909 81.291 80.926 83.011 84.081 83.629 81.091 80.273 79.486 79.438 79.491 79.511 78.294 77.959 78.881 83.756 80.984 81.094 81.276 81.474 81.604 82.106 82.384 82.744
99.424 99.274 99.096 98.919 98.661 98.419 98.149 97.898 97.656 97.449 97.241 97.089 96.883 96.701 96.524 96.314 96.126 95.891 95.611 95.309 95.069 94.771 94.456 94.116 93.761 93.404 92.996 92.609 92.234 91.864 91.519 91.149 91.396 92.354 90.259 88.851 88.386 87.631 87.114 86.671 86.086 85.514 84.984 84.414 83.926 83.454 83.009 82.243 81.604 81.119 82.006 84.216 84.254 81.451 79.811 79.726 79.929 79.904 79.671 78.246 78.284 78.886 80.276 81.274 81.301 81.301 81.461 81.769 84.044 84.566 84.764
99.719 99.556 99.376 99.189 98.924 98.674 98.419 98.166 97.934 97.731 97.551 97.371 97.166 96.979 96.824 96.656 96.459 96.214 95.951 95.699 95.429 95.148 94.851 94.521 94.166 93.789 93.441 93.034 92.646 92.284 91.949 91.559 91.631 92.656 90.156 89.156 89.024 88.279 87.416 86.921 86.344 85.774 85.186 84.724 84.154 83.714 83.809 82.711 82.114 81.716 80.999 82.254 81.784 80.826 80.288 80.076 80.414 80.474 79.249 78.421 78.616 79.761 80.484 81.291 81.281 81.389 81.699 81.889 84.039 85.214 85.446
99.974 99.829 99.651 99.451 99.191 98.926 98.711 98.444 98.216 98.034 97.839 97.664 97.449 97.259 97.104 96.961 96.754 96.526 96.299 96.041 95.774 95.501 95.174 94.884 94.576 94.204 93.829 93.469 93.046 92.686 92.319 91.941 92.106 92.816 90.354 89.471 89.254 88.354 87.776 87.154 86.616 86.001 85.439 84.881 84.376 84.356 84.186 83.499 82.891 81.844 81.349 81.441 80.789 80.424 80.334 80.496 81.001 80.794 78.929 78.691 79.841 80.516 80.739 81.041 81.396 82.334 82.546 82.734 83.131 83.171 83.514
100.239 100.094 99.914 99.714 99.471 99.226 98.989 98.741 98.479 98.306 98.114 97.926 97.739 97.559 97.379 97.206 97.011 96.811 96.591 96.361 96.101 95.814 95.539 95.221 94.906 94.554 94.199 93.834 93.416 93.059 92.709 92.301 92.459 93.299 91.114 89.674 89.164 88.659 88.096 87.474 86.991 86.224 85.646 85.086 84.604 84.724 84.711 84.186 83.346 82.291 81.429 82.521 81.319 80.788 80.646 80.681 81.081 79.806 79.094 79.514 80.086 81.154 80.676 80.936 81.241 82.381 82.054 82.334 83.331 83.741 83.844
100.526 100.336 100.156 99.961 99.749 99.504 99.271 99.009 98.784 98.581 98.384 98.204 98.041 97.836 97.644 97.461 97.276 97.071 96.854 96.611 96.389 96.124 95.831 95.541 95.186 94.856 94.564 94.186 93.769 93.416 93.059 92.671 92.656 93.216 91.039 90.096 89.444 88.984 88.436 87.874 87.226 86.534 85.906 85.311 84.914 84.889 84.604 84.281 83.431 82.266 81.664 84.544 85.071 80.854 80.754 80.676 80.376 79.481 79.331 79.794 80.131 85.576 81.461 82.056 83.014 84.051 84.681 83.976 84.394 84.936 84.886
100.749 100.584 100.414 100.236 100.021 99.799 99.556 99.324 99.056 98.871 98.659 98.464 98.304 98.101 97.926 97.724 97.544 97.354 97.104 96.856 96.634 96.394 96.101 95.806 95.491 95.166 94.824 94.484 94.096 93.721 93.361 93.023 92.936 93.094 91.429 90.334 89.814 89.324 88.866 88.319 88.039 86.941 86.368 85.894 85.461 84.909 84.624 84.644 83.286 82.369 81.996 83.584 83.301 81.519 80.781 80.361 79.944 79.868 79.681 82.636 81.656 84.319 83.209 83.626 82.969 82.794 83.321 84.594 84.694 85.054 85.214
100.996 100.821 100.639 100.476 100.271 100.049 99.849 99.611 99.354 99.136 98.921 98.716 98.561 98.359 98.169 97.981 97.786 97.599 97.368 97.126 96.889 96.649 96.361 96.089 95.769 95.439 95.118 94.784 94.361 94.021 93.674 93.319 93.186 93.309 92.036 90.596 89.956 89.476 89.096 88.771 89.239 87.669 86.621 86.154 85.639 85.241 84.639 84.256 83.471 82.506 82.189 82.394 83.069 87.229 80.879 80.409 80.159 80.104 80.019 80.511 82.849 83.529 83.766 84.436 83.249 83.464 84.036 85.324 85.301 85.199 85.611
101.179 101.034 100.849 100.674 100.479 100.276 100.059 99.856 99.618 99.401 99.174 98.984 98.809 98.616 98.414 98.241 98.054 97.844 97.616 97.411 97.164 96.894 96.624 96.319 96.064 95.721 95.376 95.039 94.689 94.289 93.936 93.579 93.429 94.074 91.871 90.736 90.133 89.696 89.244 88.949 88.641 87.529 86.506 85.966 85.564 85.254 84.596 84.396 84.659 83.114 82.581 82.479 81.771 81.169 80.774 80.406 80.474 80.321 80.431 82.546 83.379 83.821 84.331 85.366 85.729 85.309 85.246 85.094 85.239 85.676 85.989
101.396 101.234 101.036 100.864 100.684 100.481 100.294 100.084 99.826 99.626 99.401 99.226 99.036 98.851 98.664 98.508 98.319 98.121 97.866 97.676 97.409 97.166 96.871 96.584 96.309 95.986 95.654 95.309 94.939 94.544 94.179 93.841 93.759 93.899 91.481 90.906 90.491 90.066 89.454 89.069 88.766 87.364 86.531 86.006 85.699 85.371 84.726 84.339 85.099 84.201 82.561 82.118 81.566 81.164 80.879 81.014 80.656 80.476 81.681 83.746 84.009 84.084 84.249 84.401 84.641 84.916 85.159 85.486 85.851 86.161 86.454
101.584 101.421 101.229 101.056 100.866 100.686 100.474 100.276 100.039 99.821 99.629 99.416 99.256 99.054 98.899 98.724 98.544 98.356 98.118 97.929 97.674 97.424 97.146 96.868 96.566 96.256 95.931 95.581 95.151 94.771 94.406 94.074 93.904 94.016 91.779 91.371 91.118 90.434 89.686 89.239 88.699 87.574 86.729 86.184 85.716 85.426 84.814 84.376 83.879 83.944 82.776 82.219 81.549 81.159 81.124 82.974 82.121 83.221 83.326 84.079 84.261 84.404 84.656 84.856 85.146 85.426 85.749 86.029 86.359 86.596 86.859
101.799 101.616 101.434 101.251 101.071 100.876 100.684 100.484 100.243 100.041 99.826 99.611 99.444 99.269 99.094 98.961 98.786 98.591 98.364 98.149 97.916 97.676 97.409 97.146 96.819 96.496 96.184 95.811 95.411 94.996 94.606 94.281 94.184 94.633 91.966 91.739 91.531 90.694 89.951 89.279 89.741 87.974 87.941 86.341 85.831 85.451 84.881 84.611 83.906 83.039 82.926 82.399 81.721 81.726 82.004 82.699 83.606 83.949 84.156 84.389 84.524 84.774 85.069 85.354 85.646 85.901 86.194 86.526 86.801 87.056 87.294
101.993 101.821 101.616 101.444 101.254 101.056 100.861 100.676 100.454 100.249 100.051 99.839 99.656 99.476 99.316 99.164 98.993 98.821 98.574 98.404 98.161 97.941 97.676 97.389 97.106 96.744 96.399 96.039 95.624 95.196 94.789 94.441 94.436 95.081 92.764 91.731 91.596 91.031 90.156 89.329 89.216 87.991 87.334 87.326 86.104 85.711 85.254 84.701 84.364 83.694 83.184 82.189 82.179 82.634 83.191 83.656 84.136 84.261 84.484 84.656 84.894 85.166 85.476 85.864 86.076 86.329 86.649 86.994 87.256 87.499 87.751
102.194 102.014 101.814 101.661 101.429 101.249 101.064 100.886 100.669 100.456 100.271 100.061 99.886 99.709 99.536 99.399 99.214 99.044 98.806 98.611 98.379 98.161 97.886 97.604 97.329 96.984 96.644 96.234 95.819 95.406 94.961 94.554 94.806 95.399 93.961 92.954 94.694 93.136 91.694 91.719 90.869 88.836 88.699 87.919 86.299 85.766 85.694 85.211 84.454 83.274 82.799 82.539 82.989 84.309 84.099 84.304 84.383 84.614 84.811 85.039 85.286 85.554 85.881 86.231 86.446 86.711 87.069 87.409 87.689 87.974 88.236
102.424 102.236 102.036 101.864 101.651 101.449 101.284 101.086 100.881 100.661 100.461 100.276 100.109 99.939 99.781 99.633 99.434 99.243 99.019 98.814 98.618 98.366 98.104 97.816 97.536 97.189 96.854 96.449 96.004 95.576 95.091 94.586 94.476 95.504 95.264 93.636 92.836 92.129 92.076 90.801 91.831 89.236 88.541 88.144 86.556 86.351 86.026 85.804 84.796 83.326 82.791 83.681 84.274 85.046 84.516 84.434 84.709 84.939 85.141 85.411 85.674 85.969 86.321 86.609 86.904 87.179 87.516 87.841 88.149 88.444 88.699
102.631 102.454 102.264 102.061 101.861 101.691 101.496 101.319 101.091 100.871 100.699 100.509 100.341 100.161 99.984 99.844 99.649 99.459 99.224 99.034 98.806 98.576 98.314 98.021 97.729 97.401 97.066 96.641 96.196 95.749 95.234 94.649 94.111 93.756 93.239 92.491 91.939 91.391 90.821 90.526 90.581 88.211 88.279 87.461 86.529 86.379 86.184 85.484 84.939 83.454 83.384 85.566 86.411 85.306 84.481 84.784 85.036 85.244 85.484 85.764 86.086 86.398 86.724 87.059 87.434 87.706 88.001 88.301 88.596 88.876 89.171
