Matlab/Roost_data/braunton/dsm/ss4839_DSM_2M.asc
ncols 500
nrows 500
xllcorner    248000
yllcorner    139000
cellsize     2
NODATA_value -9999
[rows 192 to 223 of 500, columns 284 to 354 of 500]
93.779 94.014 94.256 94.509 94.761 95.019 95.276 95.511 95.769 96.029 96.259 96.509 96.731 96.989 97.224 97.489 97.726 97.949 98.196 98.436 98.676 98.906 99.121 99.321 99.541 99.736 99.954 100.161 100.364 100.579 100.756 100.961 101.131 101.326 101.529 101.716 101.899 102.106 102.284 102.461 102.634 102.814 102.994 103.169 103.354 103.504 103.679 103.856 104.054 104.231 104.406 104.576 104.769 104.969 105.124 105.319 105.481 105.664 105.824 106.016 106.186 106.331 106.531 106.721 106.864 106.996 107.181 107.309 107.474 107.596 107.789
93.704 93.946 94.211 94.484 94.744 94.989 95.239 95.471 95.736 95.981 96.231 96.491 96.734 96.969 97.206 97.461 97.699 97.941 98.191 98.426 98.664 98.874 99.104 99.329 99.529 99.706 99.911 100.119 100.329 100.539 100.721 100.924 101.099 101.304 101.491 101.694 101.869 102.064 102.234 102.401 102.584 102.776 102.964 103.126 103.301 103.471 103.656 103.824 104.004 104.161 104.346 104.524 104.704 104.889 105.061 105.261 105.441 105.601 105.764 105.949 106.119 106.261 106.449 106.634 106.794 106.944 107.074 107.241 107.381 107.526 107.694
93.656 93.904 94.171 94.439 94.699 94.946 95.201 95.456 95.701 95.956 96.226 96.464 96.689 96.971 97.191 97.419 97.681 97.916 98.174 98.394 98.629 98.854 99.071 99.291 99.471 99.651 99.876 100.091 100.309 100.491 100.696 100.894 101.064 101.244 101.444 101.636 101.826 102.021 102.209 102.396 102.544 102.731 102.909 103.046 103.229 103.419 103.576 103.771 103.946 104.126 104.284 104.446 104.644 104.826 105.011 105.194 105.354 105.546 105.704 105.879 106.056 106.216 106.386 106.544 106.694 106.846 107.011 107.159 107.301 107.426 107.581
93.589 93.856 94.139 94.386 94.656 94.919 95.154 95.409 95.684 95.931 96.201 96.431 96.679 96.929 97.174 97.419 97.664 97.869 98.114 98.354 98.581 98.796 99.014 99.231 99.426 99.626 99.839 100.036 100.259 100.434 100.634 100.831 101.011 101.206 101.416 101.581 101.779 101.966 102.149 102.321 102.504 102.691 102.874 103.041 103.211 103.379 103.556 103.696 103.891 104.059 104.241 104.406 104.579 104.779 104.971 105.129 105.296 105.474 105.626 105.786 105.966 106.129 106.284 106.446 106.601 106.746 106.924 107.076 107.214 107.334 107.499
93.536 93.824 94.091 94.359 94.626 94.869 95.116 95.386 95.639 95.909 96.154 96.384 96.644 96.901 97.129 97.376 97.604 97.844 98.091 98.336 98.534 98.761 98.996 99.186 99.384 99.581 99.794 100.001 100.191 100.359 100.564 100.761 100.959 101.154 101.351 101.531 101.726 101.909 102.101 102.264 102.461 102.649 102.829 103.001 103.146 103.326 103.486 103.661 103.829 104.016 104.176 104.344 104.529 104.721 104.889 105.054 105.226 105.389 105.539 105.694 105.876 106.009 106.189 106.359 106.529 106.686 106.856 106.999 107.144 107.291 107.426
93.489 93.781 94.039 94.324 94.581 94.836 95.061 95.344 95.586 95.859 96.106 96.349 96.589 96.824 97.094 97.321 97.544 97.814 98.011 98.234 98.484 98.709 98.921 99.116 99.316 99.556 99.736 99.924 100.146 100.336 100.526 100.736 100.929 101.099 101.286 101.464 101.656 101.879 102.059 102.239 102.411 102.586 102.766 102.941 103.101 103.276 103.439 103.624 103.779 103.949 104.114 104.294 104.469 104.629 104.791 104.984 105.169 105.304 105.461 105.644 105.824 105.971 106.134 106.304 106.449 106.606 106.756 106.924 107.146 107.421 107.829
93.441 93.714 93.954 94.246 94.519 94.789 95.019 95.266 95.524 95.766 96.046 96.269 96.539 96.771 97.004 97.264 97.504 97.739 97.964 98.184 98.436 98.646 98.881 99.041 99.264 99.464 99.694 99.894 100.099 100.296 100.491 100.671 100.874 101.049 101.226 101.414 101.621 101.836 102.026 102.194 102.386 102.561 102.699 102.879 103.059 103.244 103.396 103.546 103.716 103.891 104.059 104.249 104.406 104.561 104.766 104.939 105.124 105.261 105.426 105.571 105.696 105.961 106.334 106.726 107.121 107.509 107.711 108.214 108.576 108.571 108.724
93.379 93.659 93.926 94.206 94.441 94.699 94.979 95.216 95.456 95.704 95.944 96.184 96.459 96.706 96.946 97.191 97.426 97.641 97.876 98.124 98.379 98.586 98.771 98.991 99.226 99.421 99.631 99.844 100.029 100.224 100.411 100.604 100.801 100.979 101.189 101.361 101.599 101.796 101.966 102.139 102.314 102.481 102.651 102.819 102.981 103.186 103.329 103.491 103.676 103.859 104.019 104.199 104.376 104.536 104.701 104.839 105.081 105.289 105.799 106.364 106.659 107.239 107.546 107.754 107.746 107.991 107.991 108.226 107.691 107.899 107.759
93.319 93.574 93.854 94.129 94.404 94.639 94.901 95.151 95.374 95.619 95.891 96.129 96.396 96.629 96.884 97.109 97.341 97.589 97.829 98.044 98.289 98.501 98.696 98.924 99.129 99.346 99.561 99.776 99.974 100.191 100.379 100.556 100.746 100.949 101.149 101.331 101.544 101.704 101.896 102.076 102.256 102.411 102.579 102.761 102.934 103.116 103.289 103.464 103.634 103.776 103.931 104.161 104.349 105.061 105.504 105.874 106.286 106.609 106.649 106.839 107.079 107.144 106.941 106.779 106.634 106.749 106.624 106.741 106.904 107.051 107.191
93.246 93.519 93.784 94.044 94.309 94.554 94.801 95.061 95.304 95.531 95.779 96.041 96.264 96.529 96.799 97.064 97.261 97.511 97.739 97.976 98.201 98.421 98.621 98.854 99.069 99.299 99.516 99.694 99.899 100.101 100.314 100.514 100.721 100.914 101.094 101.274 101.469 101.634 101.809 102.016 102.179 102.359 102.536 102.716 102.859 103.101 103.381 103.636 104.036 104.474 105.016 105.404 105.826 105.891 105.946 105.901 105.919 105.771 105.939 105.764 105.611 105.731 105.916 106.094 106.284 106.444 106.609 106.744 106.891 107.021 107.206
93.191 93.451 93.706 93.959 94.204 94.456 94.706 94.951 95.194 95.414 95.686 95.934 96.194 96.464 96.701 96.961 97.194 97.421 97.676 97.879 98.096 98.314 98.551 98.769 98.994 99.216 99.426 99.636 99.844 100.064 100.261 100.444 100.639 100.836 101.036 101.221 101.404 101.569 101.744 101.926 102.096 102.244 102.744 103.206 103.724 104.236 104.661 104.811 104.864 104.954 105.176 105.324 105.036 104.876 104.719 104.674 104.871 105.069 105.259 105.421 105.584 105.769 105.949 106.121 106.256 106.431 106.599 106.719 106.869 106.979 107.176
93.101 93.364 93.604 93.879 94.119 94.356 94.614 94.854 95.099 95.334 95.571 95.836 96.091 96.339 96.611 96.879 97.104 97.354 97.601 97.804 98.001 98.204 98.461 98.696 98.909 99.129 99.344 99.556 99.766 99.974 100.184 100.394 100.559 100.781 100.956 101.131 101.361 101.596 101.924 102.686 103.039 103.629 103.911 103.996 104.209 104.166 104.319 104.401 104.246 103.909 103.834 103.971 104.171 104.364 104.539 104.724 104.894 105.041 105.226 105.389 105.584 105.761 105.926 106.079 106.224 106.389 106.571 106.691 106.799 106.981 107.141
92.994 93.284 93.544 93.789 94.034 94.251 94.491 94.759 94.976 95.231 95.471 95.731 95.999 96.239 96.504 96.794 97.041 97.276 97.514 97.719 97.859 98.086 98.356 98.589 98.829 99.029 99.264 99.466 99.671 99.884 100.089 100.266 100.479 100.719 101.219 101.814 102.241 102.789 103.176 103.239 103.456 103.551 103.224 103.274 103.016 102.906 103.064 103.249 103.456 103.634 103.809 103.981 104.151 104.331 104.509 104.696 104.861 105.039 105.199 105.371 105.539 105.726 105.869 105.999 106.131 106.349 106.504 106.659 106.806 106.959 107.071
92.919 93.171 93.434 93.691 93.931 94.176 94.426 94.619 94.854 95.109 95.349 95.641 95.909 96.151 96.424 96.711 96.971 97.196 97.434 97.601 97.711 97.976 98.251 98.476 98.716 98.956 99.189 99.389 99.576 99.794 100.006 100.794 101.319 101.944 102.224 102.361 102.384 102.386 102.386 102.331 102.251 102.186 102.281 102.479 102.696 102.866 103.054 103.251 103.429 103.611 103.786 103.956 104.139 104.299 104.499 104.651 104.841 104.999 105.166 105.354 105.491 105.661 105.829 105.939 106.076 106.261 106.421 106.594 106.734 106.889 107.009
92.816 93.064 93.324 93.576 93.794 94.051 94.284 94.494 94.751 95.009 95.279 95.551 95.846 96.116 96.354 96.601 96.889 97.134 97.329 97.466 97.696 97.974 98.239 98.446 98.624 98.846 99.206 99.631 100.476 100.929 101.389 101.506 101.691 101.794 101.734 101.536 101.514 101.244 101.376 101.636 101.904 102.094 102.304 102.476 102.659 102.826 103.029 103.221 103.386 103.589 103.751 103.916 104.086 104.266 104.449 104.601 104.781 104.919 105.074 105.261 105.446 105.581 105.754 105.921 106.059 106.221 106.361 106.519 106.659 106.799 106.954
92.679 92.929 93.206 93.436 93.676 93.921 94.156 94.414 94.661 94.949 95.229 95.506 95.889 96.264 96.404 96.524 96.756 96.974 97.154 97.331 97.621 97.891 98.141 98.489 99.104 99.626 100.341 100.634 100.679 100.919 101.131 100.651 100.841 100.624 100.614 100.791 101.001 101.141 101.341 101.526 101.839 102.064 102.274 102.451 102.616 102.809 102.984 103.186 103.379 103.541 103.674 103.859 104.034 104.209 104.389 104.501 104.651 104.841 105.009 105.211 105.356 105.481 105.664 105.849 105.996 106.151 106.286 106.429 106.606 106.729 106.894
92.566 92.819 93.074 93.334 93.579 93.834 94.076 94.346 94.656 95.191 95.796 96.371 96.844 97.326 97.649 96.794 96.706 96.819 96.931 97.161 97.554 98.186 99.184 99.511 99.739 99.846 99.819 99.756 99.654 99.726 99.774 99.994 100.209 100.366 100.511 100.684 100.941 101.126 101.314 101.504 101.811 102.014 102.204 102.376 102.554 102.736 102.926 103.094 103.301 103.464 103.609 103.786 103.959 104.134 104.294 104.411 104.581 104.766 104.976 105.154 105.284 105.419 105.566 105.774 105.919 106.076 106.214 106.364 106.544 106.664 106.791
92.471 92.721 92.991 93.249 93.469 93.971 94.586 95.231 95.679 96.174 96.274 96.509 96.304 96.264 96.871 97.444 96.746 96.881 97.419 97.981 98.724 99.104 99.294 99.121 98.846 98.716 98.929 99.169 99.381 99.576 99.714 99.924 100.161 100.311 100.454 100.694 100.964 101.119 101.276 101.519 101.764 101.959 102.159 102.329 102.524 102.676 102.851 103.036 103.239 103.394 103.561 103.726 103.909 104.081 104.226 104.376 104.536 104.736 104.916 105.101 105.224 105.344 105.501 105.704 105.854 106.036 106.164 106.319 106.456 106.561 106.709
92.364 92.639 93.131 93.696 94.416 94.969 95.121 95.619 95.704 95.811 95.579 95.601 95.569 95.711 96.174 97.644 96.869 97.749 98.251 98.266 98.186 98.064 97.934 98.136 98.431 98.709 98.974 99.224 99.421 99.504 99.681 99.864 100.074 100.231 100.464 100.721 100.966 101.154 101.299 101.496 101.724 101.896 102.064 102.254 102.444 102.636 102.809 102.986 103.164 103.326 103.474 103.666 103.859 104.026 104.174 104.319 104.511 104.671 104.851 105.029 105.166 105.309 105.449 105.624 105.791 105.936 106.069 106.226 106.374 106.491 106.599
93.276 93.596 94.204 94.616 95.059 95.099 95.054 94.701 94.744 94.879 95.114 95.359 95.574 95.744 96.089 97.401 96.929 96.899 96.996 96.964 97.141 97.444 97.836 98.189 98.454 98.696 98.986 99.196 99.396 99.476 99.599 99.799 99.984 100.244 100.481 100.746 100.964 101.121 101.296 101.484 101.676 101.866 102.061 102.214 102.386 102.576 102.769 102.934 103.101 103.281 103.444 103.611 103.791 103.921 104.071 104.246 104.429 104.614 104.769 104.951 105.114 105.276 105.404 105.554 105.671 105.846 105.996 106.121 106.254 106.386 106.524
93.699 94.029 94.101 94.156 93.871 93.909 94.111 94.361 94.606 94.799 95.049 95.266 95.521 95.736 95.999 97.466 97.166 96.766 96.896 96.979 97.186 97.509 97.846 98.116 98.376 98.644 98.929 99.159 99.296 99.426 99.599 99.794 99.979 100.216 100.446 100.704 100.926 101.106 101.291 101.461 101.634 101.841 101.999 102.156 102.349 102.514 102.719 102.874 103.024 103.219 103.394 103.549 103.734 103.876 103.996 104.186 104.366 104.531 104.721 104.866 105.024 105.204 105.349 105.469 105.609 105.756 105.896 106.039 106.159 106.319 106.446
93.109 93.024 93.046 93.269 93.526 93.771 94.036 94.274 94.521 94.751 94.974 95.184 95.444 95.666 95.846 97.094 97.391 96.796 96.941 97.031 97.254 97.591 97.874 98.064 98.284 98.549 98.871 99.086 99.216 99.356 99.561 99.744 99.961 100.201 100.449 100.686 100.906 101.054 101.241 101.421 101.591 101.776 101.949 102.116 102.311 102.484 102.641 102.829 102.964 103.176 103.314 103.519 103.699 103.789 103.964 104.114 104.284 104.469 104.649 104.791 104.964 105.124 105.269 105.386 105.519 105.666 105.819 105.976 106.101 106.239 106.366
92.426 92.676 92.926 93.189 93.439 93.711 93.966 94.214 94.471 94.721 94.901 95.124 95.381 95.591 95.816 96.674 97.599 96.936 96.929 97.029 97.219 97.586 97.849 98.046 98.229 98.461 98.774 99.034 99.159 99.296 99.506 99.709 99.939 100.211 100.446 100.634 100.839 101.029 101.181 101.344 101.551 101.726 101.894 102.081 102.261 102.421 102.566 102.734 102.921 103.101 103.284 103.436 103.604 103.774 103.914 104.079 104.241 104.396 104.589 104.724 104.881 105.021 105.154 105.319 105.469 105.599 105.739 105.879 105.999 106.156 106.274
92.339 92.596 92.869 93.146 93.391 93.676 93.906 94.161 94.399 94.641 94.841 95.064 95.301 95.514 95.779 96.296 97.969 97.516 96.924 97.029 97.254 97.629 97.859 98.009 98.199 98.444 98.706 98.981 99.131 99.264 99.471 99.734 99.966 100.181 100.379 100.599 100.786 100.986 101.159 101.314 101.511 101.656 101.814 102.014 102.181 102.339 102.489 102.671 102.869 103.066 103.246 103.396 103.536 103.691 103.839 104.011 104.184 104.324 104.486 104.651 104.804 104.971 105.111 105.251 105.399 105.536 105.674 105.809 105.946 106.076 106.201
92.256 92.519 92.801 93.071 93.341 93.586 93.821 94.086 94.336 94.569 94.801 94.986 95.236 95.479 95.714 95.919 97.414 97.724 96.909 97.061 97.284 97.576 97.834 98.006 98.209 98.426 98.701 98.906 99.034 99.194 99.461 99.719 99.951 100.139 100.349 100.536 100.741 100.956 101.109 101.276 101.426 101.586 101.759 101.926 102.106 102.296 102.481 102.646 102.809 102.996 103.174 103.331 103.481 103.634 103.799 103.934 104.111 104.266 104.421 104.569 104.739 104.914 105.054 105.199 105.369 105.506 105.616 105.769 105.889 106.001 106.104
92.189 92.444 92.704 92.979 93.236 93.484 93.734 93.996 94.226 94.474 94.674 94.899 95.119 95.401 95.586 95.794 97.004 97.884 97.039 97.019 97.241 97.511 97.744 98.001 98.174 98.389 98.659 98.896 99.061 99.231 99.416 99.661 99.899 100.111 100.276 100.471 100.646 100.824 101.001 101.196 101.374 101.511 101.711 101.896 102.069 102.246 102.436 102.599 102.784 102.941 103.126 103.276 103.411 103.554 103.721 103.849 104.049 104.191 104.371 104.549 104.734 104.869 105.016 105.169 105.326 105.434 105.559 105.686 105.784 105.926 106.059
92.101 92.361 92.591 92.854 93.124 93.396 93.644 93.879 94.144 94.371 94.561 94.781 95.001 95.284 95.526 95.681 96.604 97.851 97.116 96.949 97.239 97.461 97.691 97.926 98.131 98.356 98.589 98.831 99.021 99.216 99.394 99.614 99.824 100.009 100.216 100.386 100.576 100.741 100.936 101.114 101.284 101.456 101.626 101.834 101.996 102.189 102.381 102.559 102.729 102.886 103.029 103.189 103.359 103.509 103.674 103.849 104.021 104.181 104.346 104.511 104.671 104.839 104.981 105.099 105.231 105.364 105.484 105.601 105.736 105.851 105.999
91.991 92.251 92.506 92.756 93.024 93.294 93.526 93.749 93.991 94.221 94.431 94.661 94.929 95.231 95.611 96.459 97.389 97.829 96.784 96.879 97.169 97.366 97.596 97.834 98.076 98.279 98.496 98.731 98.961 99.176 99.359 99.546 99.736 99.916 100.096 100.296 100.489 100.696 100.864 101.001 101.219 101.374 101.546 101.726 101.916 102.144 102.329 102.506 102.681 102.846 103.026 103.164 103.316 103.479 103.654 103.816 104.011 104.159 104.314 104.429 104.594 104.744 104.904 105.004 105.154 105.304 105.421 105.579 105.686 105.784 105.894
91.859 92.131 92.364 92.599 92.869 93.104 93.346 93.599 93.826 94.091 94.406 94.979 95.639 96.494 96.514 96.964 97.254 96.774 96.469 96.806 97.064 97.264 97.504 97.731 97.969 98.191 98.411 98.594 98.859 99.081 99.279 99.444 99.611 99.819 100.034 100.196 100.384 100.579 100.761 100.959 101.141 101.319 101.476 101.669 101.884 102.096 102.299 102.471 102.639 102.824 102.964 103.114 103.261 103.446 103.624 103.776 103.921 104.071 104.209 104.354 104.499 104.689 104.859 104.981 105.121 105.261 105.376 105.499 105.636 105.709 105.801
91.724 91.951 92.179 92.431 92.686 92.939 93.226 93.479 93.869 94.601 95.414 95.834 96.139 96.219 96.184 96.199 95.956 96.056 96.409 96.664 96.926 97.141 97.381 97.616 97.874 98.101 98.319 98.509 98.759 98.979 99.194 99.386 99.554 99.741 99.916 100.109 100.311 100.481 100.681 100.901 101.064 101.256 101.429 101.614 101.841 102.039 102.236 102.399 102.576 102.769 102.919 103.076 103.221 103.351 103.531 103.669 103.816 104.001 104.154 104.301 104.446 104.599 104.761 104.914 105.041 105.164 105.289 105.431 105.571 105.654 105.751
91.539 91.786 92.016 92.281 92.544 92.859 93.301 94.294 94.851 95.014 95.269 95.206 94.956 94.961 95.161 95.409 95.656 95.946 96.244 96.526 96.776 97.024 97.259 97.486 97.734 97.966 98.176 98.389 98.596 98.846 99.081 99.261 99.461 99.639 99.839 100.034 100.246 100.411 100.604 100.794 100.994 101.194 101.366 101.539 101.736 101.964 102.164 102.356 102.536 102.691 102.851 102.981 103.154 103.271 103.451 103.606 103.769 103.931 104.069 104.226 104.359 104.494 104.664 104.824 104.964 105.096 105.249 105.344 105.474 105.574 105.664
91.351 91.601 92.006 92.576 93.506 93.779 94.124 94.261 94.219 94.119 94.091 94.234 94.494 94.729 95.004 95.281 95.541 95.789 96.096 96.349 96.619 96.859 97.129 97.366 97.641 97.859 98.059 98.289 98.526 98.741 98.946 99.176 99.389 99.556 99.766 99.991 100.189 100.374 100.561 100.764 100.906 101.096 101.269 101.459 101.661 101.891 102.101 102.274 102.441 102.596 102.784 102.941 103.074 103.234 103.406 103.551 103.701 103.854 104.009 104.154 104.259 104.381 104.556 104.714 104.899 105.039 105.151 105.266 105.394 105.479 105.566
