Matlab/Roost_data/braunton/dsm/ss4834_DSM_2M.asc
ncols 500
nrows 500
xllcorner    248000
yllcorner    134000
cellsize     2
NODATA_value -9999
[rows 238 to 271 of 500, columns 77 to 153 of 500]
3.685 3.067 2.682 2.459 2.246 2.068 1.911 1.686 1.422 1.074 0.729 0.377 0.042 -0.352 -0.634 -0.621 -0.721 -0.729 -0.717 -0.449 -0.191 0.075 0.335 0.572 0.795 0.978 1.127 1.252 1.352 1.45 1.494 1.544 1.574 1.586 1.591 1.589 1.611 1.609 1.634 1.634 1.644 1.641 1.646 1.659 1.646 1.674 1.671 1.691 1.711 1.734 1.721 1.731 1.746 1.751 1.759 1.761 1.801 1.786 1.834 1.811 1.856 1.849 1.899 1.946 1.989 2.046 2.114 2.286 2.579 2.964 3.426 3.959 4.369 4.784 5.389 5.446 4.601
3.345 2.783 2.485 2.311 2.159 1.998 1.81 1.587 1.343 1.043 0.658 0.393 0.04 -0.459 -0.644 -0.64 -0.737 -0.73 -0.699 -0.435 -0.217 0.073 0.326 0.564 0.799 0.979 1.121 1.257 1.388 1.467 1.515 1.543 1.578 1.586 1.584 1.594 1.631 1.621 1.629 1.644 1.661 1.646 1.646 1.674 1.686 1.681 1.689 1.716 1.736 1.721 1.729 1.714 1.744 1.754 1.764 1.779 1.799 1.809 1.846 1.849 1.831 1.891 1.934 1.974 2.046 2.104 2.251 2.461 2.776 3.186 3.631 4.116 4.489 5.051 5.459 5.104 4.204
3.168 2.611 2.39 2.243 2.088 1.933 1.746 1.537 1.304 1.001 0.701 0.377 0.024 -0.452 -0.631 -0.654 -0.713 -0.742 -0.708 -0.458 -0.192 0.072 0.34 0.579 0.807 0.98 1.143 1.277 1.404 1.496 1.542 1.553 1.593 1.589 1.581 1.606 1.619 1.644 1.661 1.641 1.654 1.661 1.676 1.686 1.681 1.706 1.719 1.719 1.726 1.726 1.754 1.724 1.761 1.751 1.789 1.791 1.804 1.841 1.826 1.849 1.861 1.924 1.934 1.996 2.084 2.199 2.341 2.659 2.991 3.389 3.921 4.359 4.669 5.229 5.331 4.624 3.721
2.999 2.582 2.354 2.203 2.059 1.898 1.704 1.516 1.298 1.02 0.665 0.363 0.017 -0.513 -0.633 -0.658 -0.706 -0.695 -0.687 -0.436 -0.193 0.079 0.332 0.572 0.812 0.978 1.135 1.284 1.396 1.504 1.544 1.575 1.582 1.601 1.616 1.646 1.634 1.626 1.641 1.651 1.669 1.689 1.674 1.691 1.694 1.701 1.731 1.716 1.731 1.751 1.754 1.754 1.754 1.779 1.796 1.819 1.816 1.846 1.859 1.851 1.896 1.936 1.961 2.034 2.174 2.301 2.534 2.856 3.276 3.761 4.174 4.541 4.969 5.414 5.049 4.151 3.449
2.845 2.53 2.339 2.19 2.045 1.879 1.674 1.504 1.263 0.991 0.659 0.34 0 -0.446 -0.603 -0.676 -0.744 -0.735 -0.695 -0.463 -0.207 0.07 0.3 0.584 0.8 0.979 1.148 1.276 1.398 1.49 1.555 1.589 1.578 1.619 1.631 1.644 1.646 1.664 1.651 1.661 1.681 1.679 1.681 1.711 1.724 1.706 1.724 1.739 1.746 1.744 1.751 1.756 1.789 1.796 1.814 1.814 1.841 1.881 1.864 1.869 1.911 1.951 2.021 2.081 2.241 2.406 2.704 3.019 3.479 3.964 4.371 4.726 5.274 5.339 4.731 4.009 3.406
2.642 2.441 2.303 2.17 2.021 1.854 1.677 1.476 1.255 0.995 0.654 0.345 -0.02 -0.512 -0.602 -0.728 -0.783 -0.785 -0.764 -0.508 -0.23 0.05 0.324 0.563 0.801 0.968 1.14 1.269 1.413 1.507 1.566 1.617 1.618 1.621 1.639 1.636 1.664 1.669 1.676 1.669 1.669 1.661 1.696 1.716 1.699 1.704 1.711 1.746 1.756 1.749 1.766 1.786 1.819 1.811 1.811 1.824 1.836 1.869 1.884 1.919 1.966 2.004 2.046 2.181 2.331 2.581 2.884 3.211 3.669 4.159 4.506 4.981 5.399 5.434 4.591 4.031 3.559
2.613 2.431 2.291 2.141 1.995 1.847 1.693 1.493 1.238 0.959 0.696 0.332 0.004 -0.414 -0.626 -0.773 -0.781 -0.743 -0.722 -0.507 -0.23 0.019 0.305 0.571 0.794 0.965 1.156 1.298 1.426 1.513 1.564 1.618 1.621 1.641 1.639 1.671 1.651 1.664 1.669 1.671 1.681 1.701 1.694 1.699 1.724 1.731 1.751 1.751 1.749 1.764 1.774 1.774 1.801 1.809 1.824 1.846 1.866 1.901 1.904 1.934 1.966 2.019 2.094 2.216 2.404 2.736 3.054 3.441 3.934 4.396 4.789 5.301 5.654 6.799 5.859 3.974 4.229
2.7 2.474 2.29 2.148 1.991 1.848 1.678 1.485 1.261 0.956 0.622 0.354 0.009 -0.389 -0.695 -0.742 -0.764 -0.736 -0.723 -0.532 -0.287 -0.011 0.303 0.559 0.793 0.967 1.148 1.296 1.423 1.528 1.598 1.609 1.636 1.634 1.654 1.671 1.676 1.671 1.686 1.676 1.711 1.716 1.716 1.721 1.734 1.734 1.734 1.751 1.759 1.776 1.784 1.789 1.814 1.851 1.864 1.856 1.891 1.916 1.916 1.979 1.989 2.066 2.144 2.281 2.536 2.871 3.281 3.679 4.231 4.609 5.104 5.511 5.641 6.144 4.406 4.104 4.804
2.846 2.536 2.286 2.13 1.991 1.853 1.693 1.522 1.27 0.976 0.603 0.3 0.052 -0.31 -0.648 -0.761 -0.755 -0.751 -0.755 -0.563 -0.298 -0.043 0.282 0.558 0.788 0.966 1.158 1.291 1.433 1.536 1.601 1.637 1.626 1.636 1.641 1.646 1.656 1.676 1.686 1.684 1.709 1.719 1.721 1.714 1.729 1.749 1.746 1.744 1.741 1.771 1.809 1.799 1.829 1.844 1.854 1.884 1.901 1.919 1.981 2.014 2.084 2.099 2.186 2.344 2.694 3.074 3.481 3.959 4.424 4.819 5.396 5.579 5.241 4.714 3.994 4.229 4.431
2.904 2.554 2.28 2.137 1.99 1.848 1.702 1.524 1.301 0.956 0.615 0.38 0.104 -0.303 -0.623 -0.763 -0.761 -0.759 -0.744 -0.577 -0.337 -0.059 0.26 0.539 0.774 0.969 1.137 1.298 1.423 1.526 1.589 1.633 1.646 1.644 1.644 1.681 1.676 1.686 1.716 1.704 1.721 1.716 1.744 1.714 1.744 1.731 1.756 1.779 1.781 1.786 1.836 1.824 1.836 1.864 1.879 1.886 1.929 1.951 2.011 2.009 2.086 2.119 2.219 2.471 2.834 3.251 3.719 4.214 4.641 5.124 5.586 5.436 4.791 4.206 3.649 3.486 3.256
2.89 2.526 2.294 2.135 1.998 1.847 1.678 1.507 1.27 0.955 0.647 0.396 0.103 -0.238 -0.549 -0.743 -0.759 -0.769 -0.775 -0.605 -0.365 -0.082 0.226 0.51 0.752 0.928 1.113 1.28 1.402 1.515 1.592 1.619 1.648 1.649 1.681 1.676 1.701 1.696 1.714 1.696 1.714 1.736 1.736 1.731 1.734 1.756 1.761 1.769 1.784 1.794 1.819 1.846 1.854 1.861 1.904 1.914 1.934 1.989 2.014 2.054 2.109 2.189 2.291 2.616 3.016 3.534 3.984 4.411 4.791 5.329 5.644 5.289 4.291 3.756 3.456 3.136 2.944
2.854 2.517 2.279 2.129 1.996 1.873 1.709 1.516 1.304 0.98 0.662 0.438 0.125 -0.185 -0.445 -0.676 -0.769 -0.779 -0.749 -0.649 -0.388 -0.118 0.187 0.45 0.722 0.915 1.095 1.259 1.385 1.469 1.544 1.586 1.655 1.668 1.681 1.679 1.691 1.699 1.694 1.711 1.731 1.736 1.751 1.774 1.769 1.754 1.811 1.816 1.811 1.836 1.856 1.836 1.859 1.889 1.909 1.936 1.959 2.009 2.031 2.096 2.139 2.224 2.421 2.811 3.221 3.721 4.181 4.586 5.026 5.529 5.571 5.414 4.376 3.579 3.339 2.979 2.746
2.813 2.482 2.283 2.136 2.001 1.863 1.723 1.544 1.329 1.043 0.739 0.45 0.151 -0.156 -0.484 -0.679 -0.744 -0.762 -0.742 -0.688 -0.425 -0.193 0.125 0.417 0.666 0.871 1.062 1.216 1.344 1.459 1.539 1.62 1.635 1.681 1.691 1.696 1.701 1.701 1.714 1.709 1.729 1.746 1.751 1.756 1.791 1.809 1.789 1.799 1.829 1.854 1.886 1.849 1.889 1.891 1.939 1.959 1.991 2.009 2.084 2.116 2.156 2.289 2.604 3.014 3.479 3.926 4.426 4.819 5.296 5.614 5.601 5.234 4.464 3.604 3.166 2.814 2.514
2.756 2.463 2.268 2.141 1.983 1.854 1.712 1.552 1.351 1.118 0.833 0.54 0.215 -0.127 -0.468 -0.635 -0.747 -0.761 -0.753 -0.703 -0.476 -0.217 0.046 0.354 0.624 0.84 1.008 1.177 1.328 1.445 1.555 1.611 1.644 1.661 1.689 1.711 1.719 1.701 1.714 1.724 1.736 1.769 1.769 1.776 1.781 1.801 1.789 1.829 1.851 1.861 1.881 1.909 1.914 1.931 1.946 1.989 1.999 2.056 2.096 2.146 2.234 2.394 2.771 3.201 3.769 4.179 4.589 5.026 5.491 5.716 5.551 4.959 4.466 3.546 2.999 2.494 2.429
2.691 2.424 2.255 2.126 2.004 1.864 1.729 1.568 1.388 1.162 0.924 0.621 0.3 -0.103 -0.511 -0.665 -0.738 -0.753 -0.76 -0.743 -0.521 -0.248 0.023 0.317 0.568 0.776 0.986 1.156 1.308 1.447 1.556 1.608 1.641 1.675 1.691 1.706 1.691 1.721 1.716 1.719 1.744 1.761 1.774 1.789 1.764 1.801 1.814 1.819 1.846 1.879 1.881 1.926 1.959 1.959 1.976 2.029 2.041 2.071 2.129 2.174 2.294 2.551 2.996 3.481 3.934 4.359 4.789 5.274 5.711 5.669 5.109 4.704 4.029 3.331 2.764 2.436 2.551
2.644 2.409 2.253 2.136 2.008 1.881 1.755 1.601 1.432 1.234 0.986 0.723 0.366 0.004 -0.441 -0.694 -0.764 -0.738 -0.754 -0.757 -0.574 -0.312 -0.068 0.234 0.493 0.737 0.966 1.172 1.334 1.452 1.543 1.611 1.658 1.675 1.693 1.709 1.714 1.739 1.756 1.739 1.749 1.766 1.779 1.799 1.796 1.829 1.844 1.851 1.869 1.916 1.904 1.946 1.979 1.946 2.006 2.034 2.074 2.134 2.164 2.236 2.394 2.759 3.196 3.811 4.171 4.571 5.059 5.624 5.799 5.489 4.769 4.406 3.879 3.134 2.576 2.426 2.966
2.686 2.412 2.271 2.155 2.031 1.908 1.768 1.638 1.45 1.265 1.055 0.776 0.44 0.034 -0.426 -0.648 -0.787 -0.748 -0.755 -0.755 -0.612 -0.38 -0.092 0.196 0.434 0.699 0.955 1.141 1.285 1.449 1.567 1.627 1.657 1.702 1.702 1.716 1.724 1.739 1.744 1.744 1.791 1.796 1.806 1.811 1.789 1.829 1.851 1.861 1.874 1.906 1.909 1.956 1.979 2.004 2.016 2.066 2.094 2.151 2.181 2.296 2.576 2.971 3.546 3.954 4.361 4.794 5.429 5.809 5.749 5.264 4.449 3.984 3.489 2.824 2.441 2.486 3.026
2.706 2.44 2.287 2.164 2.035 1.929 1.812 1.664 1.492 1.316 1.093 0.846 0.489 0.101 -0.432 -0.597 -0.744 -0.753 -0.755 -0.772 -0.658 -0.418 -0.174 0.129 0.388 0.675 0.91 1.096 1.267 1.435 1.542 1.613 1.662 1.701 1.709 1.729 1.734 1.754 1.761 1.771 1.771 1.784 1.801 1.834 1.834 1.871 1.864 1.871 1.894 1.904 1.951 1.964 2.001 2.029 2.056 2.091 2.136 2.159 2.221 2.389 2.754 3.149 3.771 4.119 4.534 5.096 5.691 5.769 5.446 4.921 4.361 3.676 3.194 2.574 2.436 2.716 3.139
2.666 2.436 2.289 2.178 2.056 1.961 1.836 1.72 1.562 1.363 1.152 0.887 0.572 0.178 -0.375 -0.633 -0.734 -0.744 -0.772 -0.751 -0.697 -0.469 -0.184 0.067 0.339 0.636 0.884 1.069 1.242 1.408 1.519 1.606 1.658 1.708 1.704 1.739 1.766 1.771 1.759 1.769 1.796 1.804 1.829 1.824 1.864 1.854 1.869 1.899 1.926 1.956 1.944 1.996 2.021 2.041 2.066 2.114 2.141 2.186 2.286 2.564 2.944 3.404 3.836 4.319 4.774 5.309 5.759 5.584 5.159 4.929 4.209 3.514 2.884 2.441 2.491 3.014 3.251
2.634 2.436 2.319 2.181 2.079 1.985 1.882 1.729 1.591 1.445 1.208 0.95 0.612 0.269 -0.291 -0.625 -0.715 -0.745 -0.75 -0.733 -0.734 -0.514 -0.297 0.003 0.315 0.557 0.8 0.993 1.171 1.354 1.509 1.601 1.672 1.696 1.728 1.719 1.724 1.769 1.764 1.814 1.806 1.816 1.821 1.844 1.871 1.874 1.886 1.911 1.956 1.966 1.976 2.011 2.029 2.076 2.101 2.124 2.156 2.224 2.366 2.714 3.121 3.619 4.096 4.521 4.996 5.579 5.734 5.406 4.826 4.736 4.539 3.334 2.591 2.406 2.751 3.216 3.336
2.614 2.426 2.318 2.208 2.106 2.011 1.894 1.781 1.643 1.47 1.273 0.985 0.689 0.347 -0.154 -0.5 -0.609 -0.752 -0.76 -0.744 -0.745 -0.591 -0.328 -0.064 0.234 0.479 0.732 0.942 1.143 1.322 1.461 1.572 1.663 1.696 1.732 1.751 1.761 1.766 1.776 1.799 1.836 1.811 1.861 1.854 1.884 1.891 1.894 1.931 1.959 1.964 2.014 2.021 2.059 2.091 2.109 2.161 2.189 2.276 2.509 2.871 3.271 3.776 4.259 4.709 5.279 5.751 5.744 5.369 4.766 4.974 4.359 3.009 2.434 2.456 3.049 3.314 3.449
2.594 2.392 2.302 2.211 2.113 2.029 1.943 1.807 1.669 1.546 1.308 1.053 0.788 0.404 -0.066 -0.525 -0.589 -0.77 -0.77 -0.762 -0.771 -0.626 -0.388 -0.123 0.171 0.428 0.661 0.905 1.1 1.257 1.428 1.543 1.652 1.722 1.732 1.756 1.761 1.771 1.796 1.809 1.831 1.834 1.834 1.859 1.891 1.914 1.951 1.981 1.989 2.026 2.024 2.036 2.056 2.119 2.114 2.189 2.244 2.371 2.669 3.021 3.419 3.981 4.471 4.931 5.486 5.781 5.889 5.306 4.714 4.696 3.624 2.656 2.394 2.714 3.236 3.446 3.569
2.516 2.382 2.307 2.22 2.122 2.046 1.94 1.833 1.705 1.528 1.356 1.134 0.87 0.5 0.049 -0.552 -0.597 -0.771 -0.781 -0.771 -0.782 -0.738 -0.457 -0.187 0.096 0.37 0.624 0.859 1.05 1.209 1.379 1.548 1.651 1.732 1.742 1.761 1.761 1.784 1.781 1.804 1.849 1.844 1.874 1.881 1.911 1.929 1.959 1.981 1.984 2.031 2.046 2.051 2.079 2.121 2.159 2.216 2.284 2.454 2.854 3.276 3.696 4.176 4.619 5.224 5.644 5.824 5.689 5.034 4.706 4.046 3.016 2.479 2.429 3.001 3.429 3.574 3.649
2.481 2.382 2.298 2.222 2.144 2.066 1.965 1.863 1.736 1.594 1.403 1.192 0.919 0.581 0.229 -0.356 -0.563 -0.774 -0.775 -0.749 -0.758 -0.76 -0.537 -0.248 0.026 0.31 0.558 0.795 0.991 1.181 1.347 1.488 1.624 1.715 1.725 1.759 1.776 1.791 1.806 1.831 1.854 1.854 1.874 1.891 1.924 1.956 1.976 1.994 2.021 2.034 2.069 2.074 2.116 2.144 2.179 2.226 2.376 2.666 3.086 3.614 3.991 4.361 4.884 5.486 5.706 5.921 5.356 4.839 4.519 3.416 2.656 2.404 2.621 3.269 3.489 3.596 3.694
2.464 2.366 2.302 2.216 2.164 2.089 1.991 1.887 1.772 1.631 1.452 1.263 0.993 0.7 0.206 -0.408 -0.64 -0.797 -0.808 -0.775 -0.773 -0.768 -0.636 -0.346 -0.029 0.256 0.49 0.729 0.93 1.107 1.293 1.457 1.586 1.685 1.725 1.751 1.781 1.801 1.816 1.836 1.861 1.889 1.884 1.916 1.936 1.969 1.976 2.009 2.019 2.051 2.094 2.119 2.131 2.189 2.221 2.306 2.486 2.894 3.401 3.901 4.226 4.619 5.156 5.644 5.726 5.649 4.986 4.804 4.009 2.946 2.451 2.426 2.879 3.409 3.554 3.639 3.716
2.411 2.365 2.29 2.232 2.164 2.08 1.994 1.91 1.792 1.678 1.501 1.314 1.074 0.761 0.375 -0.194 -0.512 -0.737 -0.79 -0.768 -0.775 -0.799 -0.709 -0.409 -0.089 0.179 0.416 0.654 0.868 1.049 1.23 1.402 1.535 1.64 1.707 1.766 1.776 1.799 1.819 1.851 1.874 1.876 1.901 1.914 1.964 1.966 2.019 2.031 2.041 2.064 2.101 2.136 2.171 2.184 2.264 2.399 2.676 3.136 3.676 4.059 4.421 4.881 5.429 5.764 5.631 5.126 4.901 4.214 3.296 2.671 2.376 2.534 3.284 3.466 3.564 3.644 3.706
2.374 2.347 2.289 2.233 2.174 2.098 2.027 1.952 1.83 1.711 1.556 1.353 1.136 0.846 0.44 -0.028 -0.597 -0.621 -0.769 -0.781 -0.777 -0.779 -0.811 -0.495 -0.162 0.092 0.346 0.583 0.812 0.986 1.173 1.351 1.487 1.606 1.704 1.764 1.794 1.811 1.819 1.861 1.876 1.909 1.899 1.961 1.974 2.009 2.021 2.049 2.056 2.071 2.144 2.154 2.194 2.249 2.319 2.529 2.869 3.384 3.869 4.214 4.549 5.086 5.719 5.811 5.491 5.036 4.811 3.844 3.056 2.486 2.414 2.724 3.341 3.444 3.544 3.626 3.699
2.391 2.346 2.29 2.248 2.193 2.121 2.045 1.958 1.861 1.727 1.59 1.411 1.203 0.907 0.537 0.018 -0.552 -0.611 -0.692 -0.763 -0.756 -0.759 -0.771 -0.599 -0.259 0.017 0.292 0.534 0.743 0.937 1.101 1.262 1.433 1.546 1.666 1.736 1.786 1.824 1.851 1.896 1.899 1.936 1.941 1.974 2.016 2.029 2.036 2.064 2.074 2.096 2.139 2.176 2.221 2.276 2.404 2.709 3.041 3.561 4.009 4.376 4.781 5.411 5.804 5.481 5.274 4.839 4.239 3.494 2.689 2.376 2.486 2.861 3.226 3.411 3.524 3.591 3.644
2.399 2.346 2.304 2.234 2.182 2.121 2.054 1.983 1.878 1.773 1.622 1.453 1.249 0.994 0.628 0.152 -0.52 -0.66 -0.716 -0.78 -0.785 -0.785 -0.787 -0.648 -0.341 -0.063 0.236 0.456 0.679 0.861 1.047 1.214 1.39 1.519 1.623 1.706 1.791 1.826 1.864 1.894 1.924 1.931 1.956 1.994 1.996 2.031 2.064 2.099 2.114 2.136 2.169 2.196 2.231 2.339 2.524 2.879 3.226 3.719 4.201 4.581 5.044 5.601 5.656 5.154 4.874 4.409 3.649 3.091 2.451 2.404 2.849 3.191 3.314 3.436 3.499 3.546 3.586
2.384 2.344 2.295 2.253 2.186 2.134 2.069 2 1.91 1.801 1.672 1.518 1.329 1.066 0.752 0.287 -0.312 -0.676 -0.745 -0.809 -0.795 -0.766 -0.815 -0.688 -0.425 -0.161 0.132 0.381 0.578 0.794 0.982 1.169 1.335 1.459 1.583 1.691 1.759 1.824 1.849 1.881 1.926 1.941 1.996 2.006 2.016 2.059 2.094 2.096 2.129 2.151 2.166 2.201 2.281 2.411 2.679 3.091 3.581 3.976 4.421 4.806 5.304 5.771 5.314 4.556 4.079 3.739 3.436 2.736 2.406 2.534 3.154 3.341 3.406 3.494 3.504 3.549 3.556
2.369 2.336 2.292 2.244 2.196 2.136 2.077 2.004 1.926 1.833 1.7 1.548 1.366 1.161 0.862 0.477 -0.122 -0.516 -0.708 -0.813 -0.808 -0.774 -0.792 -0.748 -0.516 -0.221 0.049 0.307 0.528 0.725 0.917 1.125 1.287 1.417 1.531 1.644 1.746 1.809 1.871 1.896 1.954 1.966 1.999 2.014 2.061 2.064 2.081 2.114 2.161 2.176 2.234 2.261 2.321 2.509 2.856 3.296 3.864 4.199 4.626 5.071 5.629 5.719 4.941 4.136 3.789 3.924 3.239 2.496 2.386 2.866 3.309 3.431 3.519 3.521 3.549 3.571 3.589
2.356 2.306 2.289 2.242 2.199 2.151 2.096 2.026 1.954 1.843 1.745 1.583 1.434 1.202 0.907 0.5 -0.075 -0.606 -0.714 -0.791 -0.787 -0.774 -0.757 -0.756 -0.576 -0.299 -0.019 0.221 0.439 0.658 0.85 1.059 1.214 1.38 1.504 1.621 1.724 1.831 1.861 1.909 1.946 1.991 2.001 2.034 2.069 2.089 2.116 2.161 2.176 2.189 2.256 2.281 2.374 2.636 3.051 3.586 4.014 4.474 4.859 5.356 5.744 5.416 4.636 4.004 4.241 4.476 3.289 2.381 2.514 3.121 3.376 3.514 3.566 3.576 3.586 3.611 3.634
2.326 2.301 2.284 2.239 2.198 2.157 2.097 2.02 1.938 1.866 1.747 1.615 1.455 1.259 0.963 0.602 0.162 -0.526 -0.754 -0.792 -0.79 -0.786 -0.784 -0.748 -0.637 -0.384 -0.122 0.137 0.377 0.594 0.801 0.994 1.177 1.327 1.456 1.614 1.709 1.796 1.864 1.924 1.966 1.981 2.036 2.054 2.061 2.104 2.139 2.159 2.196 2.224 2.274 2.329 2.496 2.841 3.264 3.734 4.171 4.589 5.066 5.574 5.664 5.119 4.969 4.566 4.554 4.576 3.026 2.384 2.834 3.286 3.489 3.589 3.621 3.609 3.624 3.644 3.719
2.314 2.289 2.266 2.223 2.184 2.141 2.078 2.012 1.961 1.851 1.758 1.64 1.489 1.276 1.05 0.737 0.321 -0.281 -0.726 -0.813 -0.811 -0.854 -0.784 -0.765 -0.668 -0.467 -0.207 0.049 0.277 0.514 0.73 0.936 1.106 1.315 1.436 1.579 1.676 1.791 1.881 1.939 1.986 2.011 2.061 2.069 2.094 2.119 2.169 2.179 2.226 2.251 2.296 2.351 2.664 3.041 3.541 3.989 4.409 4.789 5.329 5.631 5.334 4.994 4.874 4.771 4.649 4.171 2.596 2.474 3.084 3.384 3.546 3.609 3.634 3.631 3.639 3.671 3.731
