Matlab/Roost_data/braunton/dsm/ss4835_DSM_2M.asc
ncols 500
nrows 500
xllcorner    248000
yllcorner    135000
cellsize     2
NODATA_value -9999
[rows 408 to 441 of 500, columns 385 to 461 of 500]
3.204 2.954 2.754 2.601 2.579 2.564 2.556 2.558 2.562 2.56 2.58 2.632 2.651 2.676 2.731 2.68 2.724 2.766 2.797 2.832 2.833 2.826 2.848 2.82 2.758 2.725 2.712 2.692 2.594 2.509 2.581 2.6 2.745 2.967 3.27 3.588 3.881 4.004 4.006 3.986 4 3.978 3.976 3.966 3.936 3.908 3.937 3.911 3.919 3.901 3.829 3.631 3.641 3.764 3.826 3.909 3.939 3.924 3.956 3.936 3.864 3.704 3.649 3.656 3.776 3.869 3.846 3.754 3.771 3.749 3.764 3.826 3.926 3.954 3.966 3.969 3.944
3.429 3.191 2.954 2.774 2.601 2.569 2.551 2.563 2.571 2.564 2.578 2.563 2.579 2.627 2.653 2.64 2.654 2.689 2.703 2.709 2.718 2.72 2.738 2.723 2.669 2.654 2.655 2.657 2.608 2.577 2.565 2.608 2.677 2.913 3.218 3.503 3.805 3.967 4.017 4.011 3.988 3.966 3.958 3.952 3.931 3.919 3.932 3.952 3.918 3.916 3.881 3.694 3.586 3.721 3.829 3.921 3.956 3.949 3.944 3.926 3.811 3.656 3.726 3.694 3.676 3.686 3.704 3.741 3.764 3.814 3.869 3.919 3.956 3.941 3.939 3.941 3.921
3.641 3.466 3.216 2.956 2.776 2.601 2.569 2.557 2.572 2.574 2.531 2.555 2.568 2.584 2.603 2.614 2.631 2.61 2.635 2.648 2.629 2.606 2.624 2.606 2.61 2.602 2.602 2.6 2.594 2.555 2.599 2.61 2.589 2.793 3.077 3.367 3.703 3.927 3.997 3.995 3.988 3.981 3.982 3.948 3.92 3.921 3.847 3.866 3.959 3.941 3.921 3.809 3.681 3.599 3.609 3.809 3.924 3.956 3.929 3.906 3.731 3.631 3.699 3.671 3.669 3.686 3.726 3.746 3.794 3.909 3.944 3.949 3.939 3.904 3.919 3.869 3.874
3.749 3.691 3.486 3.226 3.004 2.829 2.679 2.602 2.598 2.579 2.583 2.586 2.582 2.582 2.54 2.534 2.59 2.564 2.609 2.595 2.609 2.569 2.562 2.534 2.549 2.652 2.602 2.529 2.534 2.564 2.553 2.599 2.584 2.699 2.932 3.254 3.557 3.83 3.979 3.982 3.993 3.999 3.956 3.929 3.934 3.916 3.924 3.944 3.957 3.949 3.941 3.939 3.871 3.756 3.601 3.576 3.734 3.924 3.876 3.704 3.599 3.606 3.674 3.781 3.874 3.846 3.854 3.859 3.899 3.941 3.951 3.929 3.909 3.904 3.881 3.896 3.879
3.646 3.699 3.714 3.534 3.329 3.139 2.956 2.811 2.696 2.681 2.609 2.601 2.618 2.571 2.577 2.591 2.593 2.561 2.588 2.562 2.529 2.671 2.529 2.519 2.571 2.616 2.619 2.549 2.524 2.509 2.587 2.599 2.547 2.62 2.828 3.129 3.435 3.702 3.919 3.97 3.958 3.918 3.801 3.814 3.865 3.912 3.963 3.988 3.979 3.954 3.954 3.966 3.941 3.941 3.849 3.626 3.569 3.729 3.696 3.581 3.611 3.769 3.906 3.931 3.959 3.926 3.966 3.991 3.946 3.916 3.896 3.904 3.889 3.901 3.934 3.929 3.901
3.576 3.681 3.839 3.764 3.634 3.456 3.311 3.135 2.971 2.898 2.818 2.764 2.713 2.623 2.609 2.585 2.574 2.57 2.569 2.54 2.584 2.629 2.584 2.484 2.576 2.614 2.494 2.479 2.569 2.414 2.559 2.572 2.585 2.581 2.716 2.981 3.297 3.575 3.819 3.9 3.827 3.78 3.793 3.887 3.874 3.928 3.973 3.966 3.979 3.971 3.971 3.971 3.974 3.939 3.931 3.816 3.579 3.546 3.569 3.581 3.811 3.956 3.971 3.956 3.989 3.996 3.981 3.944 3.936 3.861 3.901 3.909 3.929 3.934 3.936 3.939 3.949
3.569 3.759 3.834 3.836 3.816 3.721 3.604 3.469 3.335 3.239 3.126 2.998 2.934 2.823 2.736 2.645 2.622 2.595 2.594 2.61 2.591 2.591 2.616 2.552 2.57 2.593 2.546 2.604 2.667 2.791 2.734 2.606 2.621 2.619 2.623 2.87 3.168 3.417 3.658 3.819 3.657 3.639 3.863 3.985 3.974 3.979 3.974 4.003 3.978 3.961 3.941 3.924 3.861 3.741 3.634 3.556 3.514 3.544 3.644 3.609 3.769 3.981 3.976 3.999 3.999 3.981 3.991 3.969 3.884 3.871 3.961 3.961 3.941 3.939 3.951 3.941 3.946
3.686 3.746 3.771 3.791 3.816 3.796 3.746 3.672 3.586 3.481 3.43 3.348 3.226 3.078 2.984 2.907 2.843 2.83 2.771 2.709 2.676 2.647 2.63 2.61 2.624 2.601 2.609 2.622 2.709 2.763 2.841 2.96 2.833 2.651 2.581 2.713 2.994 3.239 3.466 3.694 3.668 3.628 3.951 3.989 3.988 4.005 3.993 3.983 3.955 3.886 3.829 3.719 3.576 3.491 3.449 3.451 3.531 3.556 3.554 3.591 3.849 3.994 3.986 3.981 3.974 3.994 3.976 3.956 3.864 3.896 3.976 3.976 3.954 3.949 3.941 3.949 3.984
3.719 3.654 3.674 3.709 3.749 3.741 3.734 3.679 3.608 3.652 3.646 3.573 3.493 3.398 3.301 3.219 3.145 3.081 3.051 2.999 2.893 2.797 2.675 2.682 2.633 2.603 2.651 2.714 2.845 2.92 2.981 3.004 3.036 2.848 2.585 2.611 2.791 3.03 3.246 3.488 3.634 3.561 3.911 4.001 4.009 3.986 3.926 3.8 3.732 3.629 3.521 3.441 3.404 3.444 3.554 3.686 3.684 3.629 3.664 3.814 3.964 3.991 4.029 4.004 3.966 3.899 3.931 3.881 3.826 3.861 3.916 3.951 3.954 3.949 3.971 3.959 3.951
3.471 3.514 3.594 3.666 3.716 3.691 3.594 3.585 3.553 3.681 3.728 3.712 3.674 3.62 3.575 3.51 3.475 3.379 3.249 3.129 2.958 2.755 2.708 2.755 2.736 2.748 2.792 2.919 3.026 3.132 3.231 3.2 3.076 2.981 2.79 2.588 2.647 2.864 3.041 3.261 3.414 3.559 3.906 4.001 3.997 3.921 3.718 3.55 3.468 3.415 3.406 3.444 3.531 3.636 3.829 3.946 3.951 3.919 3.929 4.014 4.016 4.021 4.014 4.009 3.959 3.796 3.799 3.861 3.844 3.896 3.871 3.896 3.944 3.959 3.961 3.944 3.966
3.409 3.361 3.369 3.531 3.684 3.624 3.589 3.499 3.617 3.694 3.625 3.63 3.665 3.691 3.717 3.693 3.673 3.562 3.367 3.102 2.854 2.756 2.809 2.892 2.909 2.98 3.052 3.145 3.232 3.369 3.449 3.364 3.153 3.001 2.878 2.642 2.574 2.733 2.94 3.272 3.582 3.843 3.97 4.029 3.98 3.815 3.536 3.396 3.389 3.469 3.561 3.724 3.836 3.939 4.009 4.006 4.004 3.989 4.019 4.011 4.011 4.019 4.026 3.994 3.959 3.804 3.764 3.841 3.964 3.971 3.961 3.929 3.904 3.934 3.961 3.951 3.959
3.644 3.561 3.419 3.331 3.384 3.499 3.454 3.589 3.729 3.546 3.631 3.696 3.668 3.709 3.701 3.684 3.695 3.556 3.293 2.967 2.845 2.876 3.009 3.154 3.243 3.26 3.319 3.426 3.471 3.558 3.586 3.474 3.345 3.081 2.887 2.914 2.623 2.627 2.844 3.265 3.652 3.926 3.985 4.035 3.938 3.689 3.443 3.413 3.604 3.811 3.891 3.946 3.966 4.001 4.016 4.016 4.009 3.969 3.954 3.994 3.999 3.974 3.934 3.879 3.861 3.789 3.724 3.751 3.949 3.979 3.999 3.979 3.926 3.909 3.926 3.956 3.946
3.671 3.664 3.529 3.446 3.431 3.366 3.341 3.426 3.549 3.506 3.615 3.696 3.679 3.703 3.721 3.626 3.55 3.408 3.171 2.897 2.884 3.166 3.343 3.436 3.472 3.535 3.574 3.605 3.642 3.662 3.628 3.637 3.49 3.187 2.977 2.872 2.662 2.58 2.741 3.127 3.575 3.881 4.008 4.009 3.827 3.635 3.426 3.384 3.682 3.816 3.816 3.761 3.751 3.821 3.866 3.879 3.856 3.829 3.916 3.989 3.941 3.791 3.626 3.569 3.551 3.576 3.584 3.634 3.819 3.994 4.009 4.009 3.966 3.954 3.901 3.934 3.946
3.659 3.579 3.504 3.606 3.641 3.496 3.524 3.391 3.334 3.355 3.525 3.717 3.679 3.679 3.698 3.711 3.575 3.398 3.097 2.901 3.041 3.406 3.631 3.689 3.661 3.688 3.7 3.717 3.682 3.673 3.692 3.674 3.604 3.346 3.06 2.891 2.974 2.6 2.692 3.023 3.499 3.84 4 3.961 3.747 3.596 3.437 3.332 3.514 3.6 3.479 3.289 3.304 3.354 3.411 3.534 3.609 3.719 3.839 3.964 3.794 3.539 3.431 3.461 3.461 3.466 3.504 3.609 3.701 3.946 4.019 4.016 4.009 3.979 3.969 3.929 3.909
3.629 3.559 3.556 3.654 3.576 3.556 3.704 3.686 3.639 3.371 3.384 3.536 3.627 3.688 3.71 3.675 3.602 3.336 2.99 2.942 3.237 3.576 3.785 3.827 3.742 3.681 3.692 3.718 3.689 3.684 3.676 3.688 3.642 3.371 3.169 3.042 2.978 2.796 2.589 2.933 3.397 3.766 3.975 3.906 3.703 3.557 3.451 3.283 3.307 3.291 3.171 3.116 3.071 3.114 3.181 3.249 3.436 3.691 3.791 3.874 3.649 3.424 3.426 3.454 3.466 3.466 3.469 3.556 3.656 3.939 4.029 4.024 3.991 4.001 3.971 3.946 3.931
3.609 3.539 3.566 3.631 3.616 3.669 3.719 3.729 3.606 3.416 3.257 3.597 3.683 3.686 3.7 3.594 3.446 3.097 2.95 3.02 3.423 3.7 3.839 3.897 3.848 3.731 3.689 3.673 3.681 3.662 3.679 3.68 3.69 3.423 3.468 3.305 3.086 2.997 2.636 2.822 3.293 3.674 3.91 3.825 3.643 3.472 3.403 3.265 3.102 3.056 3.024 3.089 3.161 3.139 3.121 3.116 3.196 3.474 3.706 3.876 3.574 3.406 3.426 3.461 3.449 3.489 3.471 3.501 3.604 3.911 4.006 4.016 3.994 4.004 3.989 3.981 3.929
3.596 3.551 3.546 3.596 3.629 3.681 3.686 3.584 3.606 3.419 3.251 3.524 3.675 3.626 3.505 3.357 3.144 2.994 3.009 3.24 3.503 3.809 3.884 3.955 3.886 3.819 3.719 3.675 3.664 3.646 3.677 3.654 3.675 3.551 3.653 3.49 3.22 3.266 2.619 2.728 3.205 3.61 3.827 3.777 3.587 3.428 3.314 3.13 2.995 2.992 3.092 3.279 3.459 3.429 3.281 3.154 3.131 3.231 3.481 3.686 3.481 3.409 3.426 3.449 3.464 3.476 3.459 3.484 3.629 3.919 3.984 3.986 3.979 3.981 3.979 4.011 3.956
3.626 3.599 3.574 3.609 3.636 3.656 3.539 3.629 3.706 3.484 3.266 3.339 3.524 3.468 3.289 3.083 3.049 3.099 3.265 3.485 3.706 3.825 3.906 3.916 3.864 3.837 3.784 3.704 3.687 3.66 3.645 3.651 3.627 3.69 3.75 3.614 3.265 3.238 2.752 2.653 3.119 3.577 3.8 3.753 3.529 3.348 3.188 3.002 2.967 3.045 3.288 3.501 3.651 3.646 3.549 3.351 3.166 3.139 3.251 3.431 3.379 3.386 3.466 3.506 3.489 3.481 3.491 3.536 3.699 3.924 3.954 3.961 3.971 3.956 3.964 3.981 3.941
3.601 3.621 3.599 3.596 3.626 3.669 3.696 3.759 3.736 3.526 3.291 3.226 3.346 3.221 3.14 3.176 3.241 3.465 3.565 3.716 3.817 3.865 3.897 3.889 3.813 3.783 3.758 3.705 3.677 3.683 3.725 3.764 3.767 3.785 3.779 3.623 3.26 3.202 2.729 2.619 3.015 3.482 3.774 3.686 3.447 3.208 3.021 2.95 2.997 3.245 3.487 3.631 3.809 3.909 3.789 3.574 3.324 3.166 3.154 3.264 3.311 3.394 3.504 3.524 3.511 3.479 3.509 3.589 3.811 3.916 3.924 3.961 3.936 3.851 3.856 3.881 3.904
3.579 3.624 3.611 3.609 3.629 3.681 3.694 3.676 3.571 3.521 3.449 3.259 3.211 3.239 3.359 3.551 3.461 3.669 3.775 3.799 3.859 3.891 3.89 3.823 3.752 3.762 3.766 3.729 3.683 3.738 3.77 3.805 3.809 3.81 3.766 3.594 3.299 3.28 2.683 2.664 3.065 3.414 3.57 3.439 3.173 2.996 2.937 2.998 3.181 3.377 3.593 3.734 3.851 3.981 3.956 3.779 3.501 3.249 3.244 3.251 3.296 3.386 3.536 3.571 3.526 3.506 3.541 3.726 3.839 3.891 3.866 3.871 3.891 3.819 3.861 3.884 3.896
3.589 3.606 3.604 3.599 3.621 3.641 3.721 3.624 3.656 3.699 3.714 3.544 3.321 3.624 3.716 3.691 3.614 3.636 3.796 3.821 3.871 3.859 3.801 3.779 3.751 3.761 3.786 3.796 3.714 3.789 3.809 3.824 3.846 3.784 3.666 3.496 3.184 3.065 2.636 2.698 3.033 3.225 3.221 3.08 2.9 2.912 3.037 3.315 3.45 3.547 3.675 3.809 3.946 4.024 3.974 3.899 3.649 3.399 3.301 3.321 3.401 3.499 3.519 3.549 3.544 3.511 3.566 3.786 3.806 3.789 3.784 3.789 3.824 3.781 3.879 3.939 3.939
3.569 3.589 3.584 3.596 3.611 3.646 3.684 3.654 3.701 3.724 3.731 3.581 3.469 3.704 3.734 3.724 3.741 3.709 3.786 3.841 3.841 3.816 3.806 3.759 3.749 3.756 3.791 3.781 3.771 3.789 3.706 3.654 3.636 3.511 3.339 3.226 3.229 2.79 2.656 2.765 2.863 2.937 2.905 2.833 2.893 3.161 3.465 3.556 3.63 3.705 3.827 3.931 3.971 4.009 4.001 3.966 3.861 3.716 3.609 3.554 3.711 3.791 3.694 3.561 3.541 3.524 3.566 3.674 3.661 3.716 3.766 3.796 3.824 3.814 3.844 3.841 3.916
3.576 3.569 3.576 3.581 3.579 3.619 3.649 3.654 3.669 3.679 3.616 3.539 3.586 3.704 3.716 3.744 3.791 3.846 3.869 3.909 3.849 3.811 3.786 3.771 3.799 3.751 3.661 3.636 3.629 3.559 3.366 3.236 3.226 3.149 3.196 3.151 2.734 2.636 2.665 2.709 2.722 2.743 2.777 2.893 3.276 3.506 3.64 3.732 3.746 3.81 3.949 4.002 4.011 3.986 3.991 3.971 3.969 3.911 3.881 3.899 3.951 3.899 3.849 3.756 3.629 3.521 3.516 3.544 3.609 3.676 3.761 3.806 3.839 3.839 3.924 3.919 3.921
3.584 3.586 3.586 3.579 3.576 3.604 3.629 3.646 3.619 3.651 3.569 3.551 3.681 3.689 3.691 3.736 3.801 3.889 3.944 3.966 3.891 3.824 3.796 3.791 3.786 3.664 3.484 3.401 3.291 3.174 3.044 3.096 2.941 2.841 2.716 2.619 2.621 2.67 2.687 2.784 2.732 2.778 2.855 3.186 3.451 3.608 3.761 3.791 3.813 3.906 3.962 3.981 3.986 3.996 3.969 3.976 3.966 3.961 3.976 3.959 3.949 3.924 3.919 3.869 3.801 3.584 3.511 3.506 3.554 3.606 3.674 3.719 3.804 3.839 3.896 3.939 3.956
3.611 3.616 3.614 3.599 3.599 3.614 3.584 3.601 3.604 3.644 3.691 3.606 3.671 3.684 3.736 3.789 3.874 3.956 4.004 3.959 3.906 3.829 3.784 3.731 3.614 3.414 3.249 3.084 3.061 3.079 3.021 2.711 2.604 2.621 2.641 2.736 2.851 2.927 2.928 2.908 2.94 3.018 2.977 3.122 3.431 3.55 3.659 3.744 3.844 3.951 3.996 3.995 3.976 3.971 3.976 3.969 3.976 3.959 3.926 3.939 3.914 3.906 3.884 3.914 3.841 3.591 3.544 3.554 3.536 3.556 3.579 3.606 3.669 3.694 3.756 3.821 3.861
3.729 3.739 3.679 3.646 3.626 3.631 3.659 3.684 3.666 3.729 3.756 3.706 3.726 3.759 3.799 3.859 3.944 3.954 3.954 3.919 3.851 3.801 3.654 3.469 3.356 3.174 2.981 3.106 2.824 2.574 2.546 2.574 2.674 2.809 2.956 3.146 3.284 3.337 3.346 3.3 3.335 3.39 3.279 3.12 3.203 3.307 3.371 3.407 3.621 3.896 3.952 3.954 3.984 3.981 3.966 3.934 3.946 3.946 3.906 3.881 3.899 3.884 3.901 3.889 3.894 3.701 3.569 3.576 3.636 3.656 3.621 3.556 3.551 3.569 3.614 3.626 3.634
3.869 3.851 3.844 3.809 3.794 3.766 3.776 3.789 3.794 3.816 3.821 3.814 3.804 3.839 3.856 3.901 3.934 3.944 3.914 3.819 3.696 3.626 3.436 3.241 3.084 2.916 3.004 2.674 2.549 2.619 2.781 2.954 3.049 3.196 3.341 3.434 3.494 3.569 3.574 3.608 3.655 3.636 3.579 3.303 3.236 3.303 3.336 3.297 3.362 3.656 3.822 3.828 3.904 3.969 3.976 3.934 3.944 3.921 3.916 3.879 3.886 3.881 3.886 3.886 3.884 3.834 3.646 3.671 3.819 3.851 3.866 3.781 3.666 3.566 3.599 3.619 3.616
3.921 3.884 3.871 3.859 3.899 3.919 3.921 3.921 3.929 3.939 3.954 3.924 3.899 3.841 3.776 3.779 3.816 3.784 3.711 3.604 3.471 3.354 3.209 3.029 2.841 2.921 2.659 2.541 2.881 3.004 3.126 3.294 3.381 3.561 3.704 3.649 3.651 3.704 3.715 3.737 3.745 3.765 3.719 3.526 3.495 3.644 3.667 3.503 3.331 3.378 3.559 3.631 3.661 3.759 3.926 3.921 3.926 3.904 3.894 3.894 3.881 3.899 3.884 3.869 3.891 3.789 3.704 3.856 3.921 3.894 3.876 3.759 3.676 3.634 3.619 3.626 3.651
3.844 3.841 3.786 3.804 3.859 3.924 3.951 3.956 3.974 3.946 3.934 3.894 3.776 3.631 3.544 3.484 3.461 3.439 3.391 3.344 3.251 3.186 3.031 2.851 2.764 2.636 2.469 2.919 3.086 3.101 3.229 3.346 3.414 3.539 3.701 3.776 3.804 3.779 3.798 3.786 3.744 3.75 3.731 3.711 3.813 3.871 3.907 3.664 3.398 3.384 3.654 3.867 3.761 3.709 3.904 3.944 3.941 3.921 3.911 3.894 3.914 3.896 3.899 3.871 3.881 3.811 3.834 3.889 3.889 3.889 3.839 3.671 3.696 3.731 3.671 3.669 3.674
3.664 3.679 3.671 3.711 3.749 3.801 3.836 3.831 3.769 3.756 3.689 3.581 3.414 3.279 3.163 3.106 3.121 3.13 3.135 3.124 3.105 3.028 2.853 2.756 2.754 2.559 2.586 2.974 3.046 3.079 3.149 3.256 3.329 3.456 3.564 3.679 3.756 3.836 3.922 3.942 3.895 3.842 3.808 3.833 3.95 3.982 3.966 3.726 3.39 3.404 3.76 3.958 3.968 3.911 3.926 3.941 3.934 3.921 3.906 3.896 3.881 3.866 3.856 3.871 3.889 3.809 3.849 3.884 3.869 3.876 3.784 3.659 3.756 3.839 3.871 3.924 3.941
3.381 3.406 3.424 3.489 3.506 3.581 3.571 3.509 3.456 3.414 3.339 3.214 3.077 2.938 2.854 2.804 2.834 2.899 2.955 2.968 2.947 2.847 2.784 2.761 2.79 2.807 2.816 2.889 2.969 3.016 3.069 3.141 3.241 3.399 3.529 3.676 3.851 3.986 4.029 4.031 3.995 3.976 3.963 4.02 4.143 4.149 4.021 3.633 3.362 3.551 3.912 3.979 3.993 3.966 3.941 3.919 3.944 3.919 3.904 3.881 3.856 3.836 3.859 3.864 3.846 3.841 3.819 3.806 3.821 3.844 3.786 3.676 3.709 3.871 3.961 3.996 4.014
3.111 3.129 3.159 3.149 3.161 3.116 3.079 2.994 3.009 2.994 2.948 2.877 2.79 2.695 2.62 2.596 2.662 2.758 2.831 2.839 2.815 2.787 2.792 2.777 2.78 2.747 2.742 2.707 2.881 2.934 2.986 3.049 3.166 3.324 3.464 3.669 3.831 3.986 4.013 4.036 4.035 4.013 4.034 4.185 4.269 4.281 4.034 3.679 3.413 3.52 3.884 3.97 3.934 3.949 3.934 3.949 3.901 3.891 3.891 3.884 3.839 3.839 3.829 3.861 3.854 3.824 3.759 3.731 3.749 3.714 3.759 3.764 3.724 3.839 3.929 3.989 4.019
2.754 2.801 2.846 2.889 2.926 2.879 2.689 2.421 2.345 2.605 2.651 2.594 2.494 2.435 2.424 2.446 2.513 2.615 2.689 2.706 2.789 2.835 2.795 2.787 2.789 2.59 2.445 2.687 2.796 2.851 2.909 2.971 3.124 3.229 3.416 3.551 3.674 3.896 3.999 4.024 4.016 4.042 4.064 4.256 4.272 4.247 4.016 3.785 3.469 3.416 3.722 3.934 3.963 3.989 3.936 3.931 3.916 3.914 3.879 3.856 3.849 3.836 3.851 3.844 3.841 3.859 3.814 3.734 3.694 3.744 3.716 3.716 3.729 3.864 3.944 3.981 3.999
2.386 2.381 2.451 2.441 2.566 2.439 2.296 2.412 2.886 2.309 2.337 2.182 2.11 2.148 2.182 2.235 2.347 2.414 2.536 2.634 2.73 2.771 2.752 2.784 2.777 2.638 2.372 2.601 2.739 2.798 2.856 2.901 3.009 3.141 3.264 3.361 3.491 3.684 3.859 3.977 4.011 4.018 4.096 4.279 4.293 4.182 3.992 3.911 3.601 3.394 3.648 3.934 3.977 3.971 3.946 3.964 3.909 3.889 3.881 3.856 3.824 3.814 3.824 3.831 3.844 3.839 3.826 3.729 3.724 3.794 3.809 3.824 3.856 3.894 3.966 4.004 3.961
