Matlab/Roost_data/braunton/dsm/ss4838_DSM_2M.asc
ncols 500
nrows 500
xllcorner    248000
yllcorner    138000
cellsize     2
NODATA_value -9999
[rows 320 to 351 of 500, columns 213 to 283 of 500]
92.996 92.906 92.804 92.709 92.629 92.501 92.379 92.271 92.196 92.051 91.919 91.804 91.684 91.539 91.376 91.239 91.116 90.931 90.739 90.564 90.386 90.201 90.039 89.861 89.644 89.449 89.244 89.034 88.864 88.706 88.486 88.299 88.081 87.831 87.576 87.461 87.679 87.006 85.576 85.374 85.126 84.831 84.506 84.126 83.789 83.429 83.079 82.721 82.321 81.914 81.486 81.039 80.604 80.169 79.716 79.231 78.726 78.256 77.709 77.226 76.701 76.156 75.594 75.004 74.389 73.754 73.104 72.419 71.746 71.041 70.364
93.184 93.104 93.014 92.896 92.834 92.696 92.576 92.444 92.351 92.256 92.146 91.986 91.866 91.729 91.594 91.456 91.306 91.131 90.941 90.769 90.616 90.396 90.221 90.029 89.864 89.636 89.449 89.241 89.021 88.816 88.634 88.449 88.249 88.029 87.811 87.544 87.306 87.581 86.991 85.424 85.276 85.011 84.696 84.381 84.001 83.636 83.286 82.934 82.536 82.149 81.741 81.331 80.896 80.451 79.966 79.516 79.016 78.554 78.041 77.541 77.036 76.486 75.939 75.364 74.751 74.076 73.434 72.741 72.051 71.361 70.676
93.384 93.301 93.196 93.089 92.994 92.869 92.761 92.631 92.539 92.451 92.324 92.201 92.044 91.899 91.791 91.656 91.506 91.306 91.179 90.956 90.801 90.631 90.431 90.236 90.026 89.834 89.619 89.421 89.236 89.029 88.774 88.556 88.406 88.214 87.989 87.729 87.476 87.209 87.501 86.479 85.324 85.161 84.859 84.554 84.191 83.859 83.496 83.114 82.769 82.381 81.974 81.571 81.151 80.714 80.236 79.796 79.299 78.826 78.334 77.851 77.361 76.846 76.254 75.666 75.066 74.429 73.726 73.034 72.369 71.671 70.961
93.564 93.499 93.419 93.321 93.201 93.059 92.966 92.854 92.746 92.649 92.506 92.399 92.234 92.089 91.966 91.854 91.699 91.521 91.366 91.181 91.006 90.824 90.629 90.451 90.226 90.021 89.794 89.619 89.384 89.206 88.944 88.711 88.501 88.341 88.129 87.911 87.664 87.389 87.234 87.471 85.906 85.231 85.026 84.724 84.389 84.034 83.684 83.316 82.944 82.574 82.201 81.804 81.404 80.964 80.469 80.021 79.581 79.106 78.636 78.164 77.679 77.154 76.579 75.986 75.354 74.704 74.014 73.311 72.621 71.904 71.201
93.794 93.721 93.624 93.519 93.396 93.274 93.186 93.059 92.939 92.836 92.706 92.569 92.416 92.314 92.174 92.044 91.889 91.734 91.559 91.379 91.224 91.044 90.869 90.669 90.446 90.244 90.016 89.821 89.576 89.401 89.151 88.919 88.704 88.431 88.254 88.084 87.876 87.629 87.319 87.254 87.274 85.689 85.116 84.894 84.564 84.224 83.859 83.509 83.149 82.771 82.411 82.024 81.614 81.179 80.724 80.284 79.851 79.384 78.924 78.459 77.959 77.456 76.874 76.259 75.641 74.966 74.249 73.569 72.864 72.131 71.424
94.036 93.951 93.854 93.739 93.639 93.531 93.391 93.294 93.159 93.024 92.906 92.769 92.661 92.494 92.356 92.234 92.106 91.921 91.764 91.599 91.426 91.266 91.074 90.874 90.711 90.486 90.251 90.046 89.796 89.561 89.361 89.111 88.886 88.669 88.419 88.211 88.061 87.841 87.594 87.291 87.214 87.274 85.566 85.036 84.781 84.439 84.059 83.691 83.354 82.999 82.609 82.231 81.836 81.414 80.984 80.569 80.126 79.651 79.214 78.736 78.236 77.719 77.166 76.531 75.884 75.206 74.496 73.769 73.051 72.336 71.619
94.276 94.171 94.084 93.974 93.886 93.769 93.624 93.531 93.404 93.281 93.159 93.006 92.844 92.719 92.574 92.404 92.289 92.131 91.966 91.824 91.656 91.479 91.296 91.096 90.939 90.726 90.514 90.286 90.046 89.799 89.589 89.354 89.101 88.866 88.599 88.379 88.211 88.066 87.809 87.544 87.324 87.674 87.039 85.306 84.981 84.691 84.321 83.949 83.576 83.221 82.856 82.481 82.079 81.699 81.276 80.861 80.426 79.956 79.491 79.006 78.519 77.994 77.426 76.784 76.109 75.429 74.714 73.984 73.269 72.534 71.819
94.529 94.441 94.321 94.236 94.116 94.016 93.891 93.764 93.654 93.526 93.381 93.254 93.089 92.964 92.791 92.634 92.494 92.341 92.186 92.039 91.856 91.701 91.524 91.346 91.151 90.969 90.744 90.511 90.309 90.051 89.844 89.591 89.369 89.116 88.856 88.589 88.404 88.276 88.049 87.811 87.539 87.386 87.571 86.009 85.184 84.944 84.581 84.221 83.861 83.489 83.134 82.766 82.379 81.971 81.569 81.174 80.746 80.304 79.816 79.339 78.824 78.269 77.689 77.054 76.386 75.696 74.974 74.239 73.489 72.746 72.039
94.799 94.714 94.606 94.489 94.381 94.271 94.146 94.016 93.899 93.744 93.599 93.479 93.339 93.179 93.044 92.864 92.716 92.564 92.426 92.254 92.111 91.954 91.756 91.594 91.426 91.211 90.991 90.819 90.584 90.349 90.116 89.884 89.624 89.346 89.121 88.844 88.636 88.436 88.286 88.056 87.844 87.554 87.471 87.214 85.364 85.179 84.891 84.536 84.184 83.831 83.454 83.081 82.686 82.306 81.904 81.526 81.099 80.669 80.204 79.709 79.179 78.609 77.991 77.354 76.674 75.944 75.229 74.504 73.736 73.014 72.244
95.069 94.964 94.854 94.751 94.646 94.534 94.416 94.294 94.144 94.019 93.854 93.736 93.594 93.406 93.269 93.121 92.941 92.824 92.646 92.494 92.344 92.201 92.011 91.834 91.671 91.469 91.259 91.074 90.866 90.654 90.376 90.134 89.881 89.629 89.369 89.099 88.876 88.671 88.474 88.309 88.121 87.911 87.601 87.534 86.364 85.389 85.206 84.884 84.536 84.169 83.806 83.466 83.041 82.676 82.281 81.896 81.491 81.039 80.584 80.081 79.549 78.989 78.359 77.686 76.999 76.284 75.541 74.794 74.024 73.254 72.526
95.346 95.221 95.119 95.011 94.909 94.794 94.699 94.559 94.421 94.294 94.144 93.994 93.864 93.689 93.526 93.349 93.221 93.076 92.896 92.741 92.584 92.451 92.276 92.076 91.929 91.734 91.534 91.336 91.139 90.901 90.679 90.436 90.171 89.914 89.659 89.431 89.176 88.936 88.691 88.556 88.406 88.219 87.899 87.894 87.686 85.751 85.506 85.246 84.934 84.541 84.186 83.829 83.446 83.084 82.704 82.339 81.899 81.454 80.996 80.501 79.969 79.379 78.744 78.069 77.361 76.636 75.886 75.119 74.364 73.549 72.779
95.596 95.506 95.379 95.301 95.204 95.074 94.931 94.834 94.686 94.579 94.436 94.279 94.159 93.954 93.799 93.624 93.501 93.331 93.161 93.006 92.856 92.679 92.554 92.366 92.199 92.004 91.834 91.624 91.449 91.224 90.974 90.716 90.519 90.216 89.984 89.724 89.471 89.244 89.019 88.826 88.686 88.529 88.296 88.011 88.106 86.866 85.769 85.601 85.311 84.949 84.589 84.251 83.899 83.509 83.131 82.766 82.316 81.874 81.429 80.951 80.404 79.804 79.161 78.476 77.764 77.024 76.266 75.469 74.676 73.891 73.104
95.844 95.761 95.676 95.564 95.446 95.349 95.236 95.101 94.986 94.864 94.711 94.549 94.409 94.246 94.051 93.944 93.776 93.596 93.439 93.281 93.121 92.956 92.814 92.619 92.469 92.281 92.111 91.916 91.709 91.511 91.291 91.034 90.851 90.554 90.306 90.069 89.819 89.531 89.341 89.101 88.944 88.824 88.591 88.346 88.214 87.751 86.344 85.921 85.721 85.394 85.016 84.654 84.329 83.964 83.601 83.191 82.791 82.351 81.869 81.384 80.841 80.251 79.594 78.919 78.169 77.396 76.661 75.851 75.044 74.241 73.444
96.129 96.049 95.936 95.849 95.709 95.601 95.504 95.386 95.264 95.146 95.026 94.849 94.671 94.539 94.359 94.226 94.041 93.889 93.709 93.571 93.391 93.234 93.094 92.889 92.729 92.566 92.374 92.196 92.011 91.799 91.579 91.329 91.134 90.871 90.621 90.379 90.154 89.859 89.649 89.439 89.246 89.084 88.901 88.699 88.429 88.469 87.691 86.269 86.076 85.811 85.464 85.094 84.754 84.411 84.039 83.664 83.256 82.811 82.331 81.816 81.276 80.716 80.056 79.339 78.591 77.811 77.039 76.229 75.439 74.634 73.821
96.389 96.299 96.204 96.109 96.011 95.879 95.776 95.664 95.526 95.429 95.286 95.129 94.954 94.804 94.639 94.499 94.339 94.164 94.004 93.836 93.651 93.521 93.346 93.174 92.996 92.824 92.656 92.491 92.279 92.071 91.854 91.691 91.441 91.221 90.954 90.716 90.454 90.229 90.006 89.774 89.549 89.316 89.194 89.041 88.774 88.571 88.379 87.579 86.404 86.224 85.894 85.519 85.186 84.831 84.486 84.129 83.719 83.289 82.794 82.276 81.699 81.109 80.464 79.736 79.019 78.244 77.449 76.649 75.826 75.019 74.224
96.644 96.579 96.464 96.369 96.254 96.174 96.059 95.944 95.811 95.686 95.539 95.409 95.236 95.089 94.919 94.771 94.591 94.439 94.281 94.121 93.919 93.781 93.619 93.456 93.261 93.084 92.931 92.744 92.549 92.364 92.171 91.969 91.756 91.539 91.274 91.024 90.801 90.539 90.314 90.094 89.871 89.611 89.439 89.306 89.126 88.834 88.829 88.686 87.064 86.574 86.291 85.951 85.601 85.246 84.886 84.546 84.159 83.726 83.266 82.709 82.141 81.529 80.874 80.146 79.406 78.664 77.844 77.071 76.251 75.389 74.666
96.874 96.796 96.706 96.616 96.494 96.396 96.296 96.201 96.049 95.931 95.794 95.639 95.516 95.319 95.191 95.026 94.866 94.686 94.544 94.371 94.201 94.019 93.851 93.701 93.544 93.376 93.201 93.006 92.826 92.621 92.411 92.224 92.036 91.799 91.559 91.344 91.104 90.866 90.611 90.396 90.146 89.914 89.689 89.556 89.381 89.169 88.896 88.984 88.111 86.881 86.629 86.344 85.976 85.609 85.276 84.931 84.546 84.136 83.684 83.144 82.564 81.946 81.281 80.564 79.824 79.049 78.246 77.441 76.624 75.841 75.004
97.109 97.009 96.939 96.831 96.744 96.649 96.519 96.406 96.291 96.144 96.019 95.899 95.741 95.581 95.434 95.249 95.096 94.939 94.771 94.631 94.429 94.269 94.089 93.929 93.746 93.604 93.439 93.246 93.066 92.861 92.674 92.481 92.296 92.059 91.851 91.614 91.384 91.141 90.886 90.691 90.434 90.184 89.951 89.754 89.636 89.414 89.156 89.054 89.089 87.679 86.916 86.674 86.314 85.954 85.626 85.289 84.901 84.501 84.064 83.544 82.936 82.324 81.671 80.981 80.229 79.441 78.624 77.894 77.076 76.406 75.439
97.274 97.219 97.176 97.046 96.944 96.856 96.739 96.616 96.499 96.364 96.209 96.096 95.951 95.789 95.654 95.479 95.326 95.159 94.999 94.829 94.634 94.484 94.291 94.161 94.006 93.821 93.639 93.479 93.289 93.119 92.914 92.694 92.499 92.304 92.101 91.854 91.649 91.446 91.159 90.946 90.689 90.444 90.239 89.989 89.866 89.661 89.429 89.136 89.206 88.794 87.121 86.944 86.629 86.276 85.946 85.616 85.259 84.841 84.424 83.889 83.304 82.706 82.059 81.344 80.571 79.816 79.051 78.404 77.699 77.139 77.069
97.461 97.401 97.331 97.224 97.151 97.009 96.929 96.794 96.681 96.531 96.416 96.286 96.131 95.984 95.829 95.689 95.516 95.364 95.201 95.021 94.844 94.661 94.509 94.334 94.171 93.984 93.831 93.674 93.489 93.309 93.106 92.909 92.714 92.509 92.301 92.086 91.881 91.669 91.426 91.174 90.936 90.691 90.506 90.256 90.014 89.854 89.654 89.376 89.279 89.289 87.456 87.131 86.914 86.564 86.231 85.906 85.529 85.159 84.724 84.211 83.641 83.049 82.371 81.776 81.046 80.399 79.729 78.976 78.376 78.391 79.099
97.616 97.564 97.479 97.401 97.281 97.194 97.089 96.979 96.849 96.716 96.594 96.449 96.311 96.156 96.006 95.851 95.669 95.541 95.374 95.196 95.021 94.824 94.686 94.501 94.336 94.174 93.984 93.831 93.636 93.489 93.304 93.099 92.886 92.726 92.491 92.339 92.076 91.879 91.634 91.381 91.156 90.921 90.696 90.456 90.244 90.041 89.841 89.621 89.351 89.389 88.649 87.326 87.154 86.866 86.514 86.166 85.819 85.434 85.011 84.496 83.961 83.381 82.801 82.169 81.499 80.959 80.591 79.574 78.834 77.624 77.149
97.734 97.686 97.631 97.551 97.441 97.359 97.244 97.106 96.999 96.881 96.751 96.594 96.439 96.299 96.164 95.994 95.836 95.689 95.529 95.346 95.171 94.981 94.829 94.641 94.471 94.314 94.151 93.969 93.804 93.611 93.456 93.249 93.074 92.874 92.679 92.456 92.249 92.056 91.829 91.609 91.331 91.116 90.886 90.656 90.416 90.204 90.031 89.846 89.554 89.384 89.526 87.711 87.344 87.096 86.789 86.434 86.056 85.664 85.251 84.771 84.411 83.761 83.316 82.831 82.266 81.741 80.856 81.276 78.816 77.964 77.001
97.859 97.809 97.731 97.666 97.584 97.474 97.394 97.271 97.141 97.009 96.894 96.766 96.596 96.449 96.291 96.116 95.959 95.796 95.654 95.454 95.296 95.099 94.926 94.779 94.584 94.419 94.249 94.096 93.916 93.731 93.584 93.374 93.189 92.999 92.811 92.626 92.419 92.211 92.004 91.779 91.536 91.301 91.069 90.861 90.604 90.394 90.196 90.021 89.801 89.459 89.646 88.706 87.544 87.286 87.019 86.661 86.276 85.969 85.746 85.259 85.524 84.854 84.051 84.016 82.911 81.771 81.014 80.134 79.254 78.314 77.381
97.966 97.926 97.841 97.754 97.694 97.594 97.504 97.384 97.279 97.154 97.026 96.869 96.744 96.576 96.419 96.259 96.096 95.896 95.756 95.589 95.396 95.219 95.041 94.866 94.709 94.541 94.366 94.204 94.029 93.849 93.666 93.496 93.306 93.144 92.951 92.746 92.569 92.356 92.191 91.931 91.724 91.466 91.239 91.011 90.786 90.579 90.324 90.191 89.984 89.654 89.624 90.056 87.746 87.476 87.201 86.874 86.536 86.279 86.606 86.121 86.736 86.811 84.596 83.546 82.801 82.186 81.819 81.256 79.566 80.494 77.891
98.066 98.004 97.936 97.876 97.796 97.724 97.621 97.519 97.411 97.264 97.154 96.996 96.849 96.709 96.539 96.394 96.201 96.054 95.856 95.686 95.499 95.349 95.164 94.976 94.831 94.639 94.474 94.301 94.134 93.986 93.786 93.616 93.426 93.264 93.089 92.881 92.691 92.474 92.334 92.099 91.876 91.649 91.419 91.164 90.956 90.736 90.516 90.341 90.151 89.884 89.594 90.061 88.589 87.764 87.436 87.404 87.309 86.869 87.151 86.639 88.434 85.179 84.539 83.959 83.171 82.516 82.184 84.209 81.129 82.784 78.026
98.146 98.101 98.061 98.006 97.921 97.849 97.749 97.644 97.519 97.381 97.276 97.129 96.994 96.819 96.666 96.519 96.339 96.184 95.984 95.814 95.659 95.456 95.281 95.106 94.939 94.766 94.589 94.409 94.244 94.061 93.904 93.711 93.551 93.384 93.226 93.024 92.831 92.641 92.441 92.234 92.016 91.776 91.566 91.326 91.121 90.914 90.711 90.456 90.301 90.074 89.786 90.074 89.796 88.249 87.869 87.779 89.246 87.274 86.821 86.791 85.701 85.356 84.796 84.834 83.849 83.049 82.134 81.304 82.244 81.069 78.666
98.271 98.221 98.166 98.114 98.039 97.959 97.859 97.784 97.669 97.561 97.396 97.264 97.126 96.976 96.816 96.656 96.454 96.299 96.124 95.929 95.759 95.566 95.366 95.231 95.036 94.864 94.719 94.544 94.359 94.171 94.034 93.849 93.666 93.491 93.331 93.149 92.969 92.771 92.561 92.391 92.159 91.951 91.731 91.491 91.271 91.074 90.876 90.606 90.469 90.281 89.999 90.199 90.026 90.261 88.434 88.141 87.524 87.086 87.706 90.449 86.199 85.696 85.204 86.094 84.886 84.001 83.456 82.776 81.046 79.986 79.111
98.419 98.346 98.306 98.254 98.151 98.064 97.969 97.886 97.786 97.679 97.539 97.396 97.256 97.114 96.931 96.774 96.606 96.416 96.256 96.061 95.909 95.726 95.519 95.374 95.186 95.019 94.824 94.654 94.494 94.334 94.141 93.991 93.804 93.629 93.421 93.269 93.111 92.881 92.724 92.519 92.309 92.084 91.891 91.651 91.426 91.229 91.016 90.761 90.576 90.456 90.196 90.196 91.111 91.364 88.749 87.966 87.634 87.426 88.096 87.439 86.149 85.804 85.324 85.964 84.516 89.091 85.471 82.141 81.239 80.399 79.279
98.549 98.496 98.441 98.364 98.289 98.189 98.121 98.001 97.909 97.799 97.676 97.514 97.401 97.246 97.081 96.919 96.771 96.601 96.414 96.224 96.029 95.854 95.674 95.496 95.329 95.139 94.971 94.801 94.621 94.419 94.281 94.094 93.936 93.779 93.571 93.374 93.234 93.014 92.846 92.676 92.446 92.244 92.031 91.784 91.586 91.349 91.171 90.929 90.716 90.596 90.396 90.351 90.911 90.046 88.636 88.386 87.974 87.651 87.299 86.889 86.564 86.041 85.871 85.269 84.936 86.416 85.611 82.874 81.831 80.799 79.951
98.669 98.641 98.571 98.484 98.409 98.344 98.256 98.156 98.071 97.959 97.799 97.664 97.524 97.399 97.249 97.081 96.909 96.721 96.554 96.371 96.211 96.026 95.819 95.641 95.459 95.301 95.086 94.929 94.751 94.569 94.414 94.251 94.079 93.881 93.694 93.504 93.346 93.156 92.989 92.796 92.604 92.396 92.156 91.924 91.721 91.506 91.294 91.091 90.869 90.724 90.559 90.374 90.669 90.476 89.549 89.166 88.189 87.939 87.496 87.114 86.691 86.266 85.894 85.831 84.994 84.999 83.661 83.074 82.164 81.099 80.286
98.871 98.811 98.741 98.641 98.569 98.469 98.401 98.301 98.206 98.084 97.944 97.824 97.689 97.561 97.389 97.229 97.074 96.914 96.721 96.541 96.374 96.189 96.009 95.809 95.636 95.461 95.269 95.074 94.914 94.721 94.551 94.381 94.209 94.036 93.854 93.664 93.489 93.306 93.091 92.946 92.734 92.514 92.281 92.074 91.861 91.684 91.441 91.229 91.009 90.861 90.676 90.381 90.656 90.451 90.281 89.316 88.364 88.154 87.631 87.251 88.959 86.416 86.124 85.614 85.174 84.616 83.964 83.334 82.559 81.866 80.821
99.056 98.954 98.919 98.836 98.734 98.604 98.554 98.449 98.356 98.246 98.121 97.986 97.849 97.704 97.539 97.369 97.216 97.076 96.891 96.694 96.561 96.339 96.161 95.961 95.789 95.606 95.414 95.251 95.046 94.866 94.714 94.539 94.351 94.174 94.009 93.816 93.624 93.449 93.231 93.061 92.859 92.654 92.439 92.216 91.991 91.766 91.576 91.354 91.136 90.971 90.779 90.496 90.766 90.721 89.374 89.009 88.746 88.419 87.981 87.391 87.154 88.019 87.406 85.856 85.149 84.904 84.279 83.641 82.899 82.221 81.281
