Matlab/Roost_data/braunton/dsm/ss4834_DSM_2M.asc
ncols 500
nrows 500
xllcorner    248000
yllcorner    134000
cellsize     2
NODATA_value -9999
[rows 170 to 203 of 500, columns 77 to 153 of 500]
3.001 3.786 3.944 4.056 4.401 5.154 5.819 5.501 5.009 4.526 4.164 4.051 3.926 3.796 3.741 3.804 3.771 3.751 3.706 3.674 3.651 3.714 3.844 3.851 3.891 3.951 3.976 3.991 3.939 3.914 3.924 3.919 3.916 3.844 3.764 3.746 3.754 3.666 3.694 3.691 3.654 3.346 2.779 2.626 2.521 2.444 2.379 2.339 2.309 2.234 2.186 2.139 2.084 2.026 1.984 1.879 1.854 1.796 1.771 1.735 1.675 1.612 1.549 1.484 1.4 1.33 1.266 1.172 1.098 0.996 0.838 0.663 0.474 0.21 -0.06 -0.333 -0.512
3.106 3.826 3.939 4.069 4.426 5.226 5.806 5.459 4.954 4.476 4.154 4.031 3.911 3.794 3.679 3.696 3.616 3.626 3.616 3.649 3.719 3.669 3.804 3.806 3.856 3.879 3.946 3.976 3.926 3.834 3.821 3.796 3.824 3.784 3.754 3.721 3.751 3.736 3.721 3.741 4.471 3.679 2.821 2.616 2.541 2.499 2.431 2.399 2.369 2.316 2.221 2.179 2.086 2.039 1.984 1.941 1.896 1.831 1.779 1.729 1.662 1.613 1.548 1.508 1.428 1.363 1.302 1.219 1.116 1.015 0.877 0.714 0.513 0.272 -0.011 -0.31 -0.506
3.404 3.876 3.976 4.089 4.474 5.304 5.789 5.374 4.896 4.446 4.141 4.029 3.884 3.806 3.719 3.731 3.541 3.694 3.759 3.796 3.786 3.701 3.719 3.801 3.831 3.854 3.941 3.829 3.786 3.901 3.914 3.951 3.916 3.866 3.841 3.811 3.784 3.749 3.721 4.001 4.371 3.606 2.884 2.639 2.576 2.521 2.464 2.434 2.414 2.329 2.256 2.181 2.146 2.079 2.026 1.971 1.916 1.861 1.806 1.746 1.678 1.626 1.6 1.531 1.46 1.397 1.311 1.233 1.138 1.066 0.924 0.748 0.564 0.304 0.042 -0.214 -0.487
3.561 3.914 3.991 4.091 4.504 5.396 5.814 5.361 4.851 4.391 4.109 4.001 3.859 3.771 3.699 3.734 3.661 3.764 3.766 3.781 3.766 3.644 3.701 3.814 3.864 3.866 3.944 3.904 3.986 4.004 3.989 3.999 3.971 3.911 3.851 3.801 3.751 3.749 3.709 3.951 3.759 3.634 2.911 2.674 2.609 2.534 2.499 2.456 2.381 2.366 2.306 2.246 2.179 2.116 2.066 2.011 1.934 1.856 1.821 1.774 1.696 1.658 1.603 1.547 1.464 1.398 1.334 1.252 1.166 1.064 0.94 0.802 0.593 0.346 0.074 -0.232 -0.466
3.646 3.901 4.014 4.149 4.599 5.451 5.786 5.369 4.856 4.356 4.106 4.006 3.879 3.796 3.706 3.641 3.721 3.764 3.796 3.801 3.799 3.724 3.689 3.824 3.881 3.844 3.936 4.004 4.011 4.011 4.026 4.001 3.954 3.901 3.846 3.819 3.759 3.729 3.709 3.681 3.664 3.696 3.054 2.691 2.619 2.599 2.529 2.474 2.449 2.411 2.359 2.286 2.206 2.171 2.086 2.044 1.976 1.889 1.824 1.776 1.709 1.695 1.623 1.561 1.487 1.433 1.364 1.289 1.181 1.088 0.965 0.796 0.631 0.388 0.158 -0.157 -0.439
3.651 3.909 4.034 4.149 4.654 5.529 5.786 5.329 4.791 4.361 4.111 3.994 3.851 3.761 3.709 3.561 3.741 3.759 3.791 3.811 3.824 3.789 3.751 3.896 3.961 3.921 3.964 4.029 4.046 4.054 4.046 4.019 3.961 3.889 3.874 3.824 3.761 3.741 3.691 3.724 3.664 3.654 3.009 2.741 2.626 2.579 2.569 2.521 2.456 2.441 2.374 2.339 2.251 2.151 2.119 2.044 1.971 1.924 1.886 1.794 1.756 1.701 1.636 1.587 1.526 1.463 1.392 1.309 1.219 1.107 0.991 0.842 0.652 0.433 0.158 -0.153 -0.388
3.656 3.911 4.039 4.186 4.759 5.569 5.754 5.269 4.771 4.346 4.076 3.984 3.811 3.681 3.666 3.564 3.726 3.789 3.786 3.816 3.819 3.761 3.826 3.916 3.969 3.954 4.036 4.046 4.054 4.074 4.054 4.031 3.961 3.919 3.871 3.821 3.764 3.736 3.714 3.709 3.661 3.619 3.426 2.756 2.666 2.621 2.594 2.571 2.494 2.431 2.411 2.329 2.249 2.191 2.146 2.079 1.999 1.919 1.874 1.839 1.754 1.699 1.678 1.613 1.542 1.49 1.424 1.336 1.231 1.132 0.992 0.86 0.681 0.474 0.19 -0.094 -0.395
3.676 3.936 4.064 4.211 4.789 5.636 5.726 5.246 4.711 4.301 4.091 3.949 3.814 3.684 3.664 3.536 3.734 3.764 3.786 3.786 3.741 3.666 3.849 3.921 3.964 3.981 4.066 4.009 4.024 4.071 4.051 4.019 3.989 3.916 3.854 3.839 3.764 3.746 3.714 3.674 3.681 3.374 3.411 2.941 2.691 2.656 2.629 2.576 2.531 2.446 2.419 2.319 2.261 2.199 2.154 2.124 2.029 1.976 1.896 1.831 1.809 1.729 1.697 1.632 1.579 1.509 1.424 1.36 1.257 1.151 1.023 0.862 0.713 0.504 0.198 -0.084 -0.382
3.684 3.931 4.056 4.249 4.866 5.684 5.719 5.216 4.679 4.286 4.049 3.951 3.829 3.731 3.686 3.544 3.741 3.771 3.799 3.746 3.614 3.679 3.816 3.869 3.856 3.934 4.019 4.086 4.079 4.054 4.016 3.994 3.956 3.916 3.859 3.829 3.806 3.771 3.701 3.636 3.664 3.564 3.101 2.899 2.691 2.714 2.674 2.574 2.541 2.444 2.384 2.346 2.281 2.209 2.121 2.084 2.039 1.991 1.949 1.876 1.804 1.739 1.705 1.653 1.594 1.535 1.466 1.381 1.284 1.172 1.032 0.856 0.698 0.471 0.209 -0.091 -0.398
3.671 3.944 4.081 4.306 4.974 5.749 5.714 5.219 4.684 4.239 4.016 3.859 3.741 3.726 3.686 3.539 3.739 3.774 3.799 3.596 3.551 3.699 3.816 3.824 3.834 3.864 3.914 4.049 4.076 4.046 4.011 3.991 3.939 3.914 4.439 4.421 3.931 3.754 3.676 3.604 3.604 3.551 3.084 2.841 2.844 2.866 2.706 2.596 2.496 2.456 2.364 2.316 2.226 2.196 2.224 2.096 2.044 2.011 1.956 1.876 1.829 1.744 1.714 1.664 1.606 1.567 1.493 1.408 1.297 1.174 1.021 0.862 0.691 0.483 0.255 -0.054 -0.38
3.644 3.939 4.099 4.314 5.039 5.794 5.684 5.174 4.629 4.239 4.031 3.901 3.796 3.739 3.689 3.531 3.704 3.751 3.766 3.676 3.654 3.764 3.811 3.776 3.829 3.846 3.929 4.049 4.091 4.061 4.041 3.999 3.964 4.246 4.446 4.301 3.904 3.756 3.674 3.654 3.649 3.694 3.269 2.904 3.304 3.259 2.764 2.589 2.449 2.409 2.354 2.304 2.231 3.119 3.796 2.114 2.046 2.006 1.961 1.904 1.826 1.799 1.736 1.664 1.629 1.572 1.505 1.407 1.294 1.182 1.031 0.871 0.698 0.515 0.218 -0.107 -0.43
3.674 3.949 4.079 4.381 5.121 5.839 5.639 5.131 4.561 4.179 4.059 3.929 3.789 3.754 3.746 3.574 3.581 3.696 3.681 3.756 3.821 3.824 3.826 3.841 3.839 3.876 3.986 4.111 4.116 4.099 4.084 4.029 3.956 3.916 3.889 3.849 3.794 3.759 3.681 3.684 3.691 3.681 3.629 3.504 3.656 3.134 2.706 2.506 2.434 2.376 2.331 2.284 2.394 3.941 3.511 2.106 2.061 2.029 1.964 1.886 1.846 1.814 1.738 1.704 1.642 1.564 1.494 1.387 1.28 1.158 1.012 0.855 0.707 0.482 0.26 -0.073 -0.426
3.666 3.939 4.074 4.404 5.181 5.854 5.594 5.091 4.554 4.186 4.021 3.904 3.696 3.631 3.661 3.611 3.471 3.689 3.761 3.769 3.829 3.856 3.829 3.859 3.854 3.881 4.011 4.181 4.146 4.119 4.071 4.006 3.944 3.899 3.886 3.846 3.799 3.739 3.701 3.739 3.731 3.774 3.791 3.746 3.451 2.716 2.564 2.434 2.391 2.329 2.301 2.246 2.571 3.671 2.496 2.054 2.041 1.999 1.921 1.874 1.816 1.804 1.728 1.688 1.633 1.535 1.468 1.347 1.259 1.118 0.984 0.839 0.678 0.499 0.248 -0.109 -0.406
3.719 3.946 4.079 4.476 5.234 5.876 5.549 5.006 4.546 4.189 4.039 3.884 3.711 3.624 3.689 3.469 3.464 3.699 3.746 3.791 3.831 3.851 3.824 3.851 3.854 3.891 4.044 4.161 4.139 4.079 4.039 3.996 3.936 3.894 3.889 3.846 3.779 3.746 3.741 3.754 3.786 3.784 3.704 3.209 2.716 2.519 2.444 2.359 2.314 2.274 2.224 2.174 2.166 2.159 2.054 2.024 1.974 1.909 1.834 1.784 1.771 1.719 1.661 1.611 1.562 1.482 1.396 1.301 1.212 1.087 0.942 0.798 0.636 0.445 0.183 -0.114 -0.437
3.769 3.974 4.104 4.521 5.329 5.866 5.496 4.986 4.474 4.184 4.044 3.901 3.776 3.696 3.774 3.709 3.369 3.584 3.759 3.759 3.764 3.769 3.834 3.829 3.856 3.919 4.096 4.139 4.096 4.024 4.016 3.964 3.924 3.881 3.889 3.816 3.784 3.749 3.746 3.759 3.776 3.719 3.046 2.769 2.506 2.454 2.396 2.314 2.274 2.209 2.176 2.129 2.084 2.024 1.979 1.939 1.874 1.849 1.786 1.731 1.671 1.644 1.585 1.535 1.499 1.417 1.331 1.249 1.148 1.031 0.9 0.752 0.601 0.421 0.194 -0.143 -0.486
3.759 3.956 4.111 4.554 5.364 5.874 5.441 4.941 4.489 4.186 4.024 3.921 3.811 3.669 3.656 3.741 3.576 3.384 3.714 3.639 3.746 3.769 3.811 3.829 3.859 3.956 4.121 4.109 4.049 4.009 3.979 3.959 3.944 3.894 3.879 3.836 3.794 3.761 3.746 3.734 3.531 3.076 2.604 2.584 2.396 2.319 2.269 2.239 2.176 2.126 2.059 2.006 1.986 1.961 1.924 1.831 1.821 1.736 1.679 1.666 1.611 1.586 1.503 1.476 1.394 1.341 1.25 1.18 1.078 0.963 0.852 0.696 0.57 0.382 0.119 -0.159 -0.485
3.779 3.966 4.119 4.604 5.479 5.821 5.426 4.896 4.426 4.144 4.004 3.876 3.821 3.751 3.736 3.746 3.684 3.334 3.621 3.601 3.729 3.799 3.814 3.826 3.889 4.036 4.124 4.056 4.019 3.979 3.961 3.924 3.896 3.869 3.869 3.859 3.811 3.766 3.679 3.304 2.771 2.579 2.446 2.379 2.289 2.244 2.201 2.136 2.056 2.044 2.006 1.941 1.894 1.869 1.784 1.749 1.706 1.646 1.594 1.571 1.506 1.456 1.428 1.406 1.334 1.252 1.197 1.122 1.029 0.93 0.808 0.67 0.515 0.345 0.11 -0.177 -0.533
3.771 3.944 4.116 4.656 5.516 5.804 5.381 4.859 4.401 4.116 3.964 3.841 3.796 3.711 3.556 3.566 3.426 3.414 3.686 3.641 3.774 3.806 3.844 3.866 3.916 4.074 4.066 4.006 3.954 3.909 3.876 3.866 3.856 3.864 3.849 3.691 3.524 3.341 2.949 2.676 2.541 2.414 2.311 2.239 2.171 2.119 2.074 2.014 1.991 1.934 1.896 1.821 1.786 1.751 1.694 1.651 1.606 1.546 1.501 1.464 1.429 1.396 1.351 1.296 1.247 1.184 1.117 1.058 0.973 0.872 0.769 0.64 0.502 0.319 0.067 -0.228 -0.523
3.799 3.986 4.136 4.731 5.566 5.809 5.331 4.786 4.336 4.099 3.939 3.844 3.719 3.641 3.389 3.189 3.389 3.699 3.754 3.696 3.771 3.804 3.851 3.881 3.929 4.021 3.986 3.929 3.851 3.829 3.811 3.814 3.821 3.741 3.324 2.896 2.799 2.641 2.526 2.409 2.349 2.261 2.176 2.101 2.049 2.034 1.979 1.901 1.864 1.844 1.789 1.744 1.671 1.644 1.601 1.551 1.516 1.466 1.414 1.371 1.371 1.339 1.266 1.227 1.177 1.11 1.061 0.99 0.916 0.821 0.714 0.609 0.459 0.293 0.056 -0.264 -0.492
3.774 3.989 4.169 4.774 5.634 5.759 5.299 4.771 4.316 4.111 3.971 3.836 3.766 3.691 3.509 3.104 3.374 3.714 3.764 3.789 3.789 3.809 3.831 3.851 3.901 3.904 3.861 3.844 3.799 3.781 3.784 3.761 3.601 3.046 2.651 2.551 2.469 2.409 2.346 2.286 2.211 2.134 2.074 1.996 1.936 1.891 1.861 1.784 1.769 1.731 1.689 1.609 1.594 1.539 1.511 1.476 1.411 1.351 1.324 1.301 1.251 1.226 1.204 1.166 1.115 1.052 0.994 0.939 0.857 0.754 0.666 0.553 0.428 0.234 -0.006 -0.35 -0.499
3.831 4.006 4.184 4.814 5.696 5.734 5.266 4.724 4.321 4.106 3.996 3.874 3.804 3.769 3.681 3.226 3.139 3.651 3.764 3.804 3.819 3.821 3.826 3.806 3.824 3.826 3.829 3.816 3.791 3.789 3.754 3.649 3.026 2.684 2.456 2.361 2.281 2.251 2.199 2.144 2.061 2.001 1.934 1.876 1.829 1.774 1.756 1.704 1.651 1.621 1.579 1.524 1.506 1.439 1.384 1.381 1.339 1.279 1.259 1.196 1.199 1.146 1.111 1.075 1.04 0.975 0.927 0.88 0.797 0.713 0.612 0.489 0.372 0.189 -0.038 -0.423 -0.579
3.871 4.014 4.234 4.909 5.736 5.694 5.214 4.696 4.306 4.094 3.951 3.851 3.801 3.784 3.714 3.531 3.126 3.149 3.634 3.786 3.794 3.781 3.769 3.756 3.749 3.746 3.786 3.784 3.764 3.721 3.381 2.819 2.499 2.364 2.304 2.241 2.174 2.101 2.064 1.999 1.931 1.864 1.821 1.739 1.684 1.656 1.634 1.594 1.541 1.499 1.446 1.419 1.364 1.331 1.294 1.259 1.231 1.214 1.169 1.149 1.106 1.084 1.034 1.001 0.972 0.933 0.877 0.806 0.758 0.66 0.565 0.449 0.331 0.135 -0.083 -0.441 -0.605
3.939 4.049 4.266 4.974 5.771 5.676 5.161 4.659 4.276 4.061 3.929 3.839 4.546 5.044 4.264 3.744 3.691 3.196 3.176 3.701 3.709 3.711 3.711 3.711 3.724 3.751 3.731 3.744 3.731 3.334 2.714 2.356 2.289 2.201 2.129 2.086 2.051 1.971 1.914 1.879 1.804 1.741 1.651 1.599 1.534 1.526 1.489 1.459 1.406 1.376 1.346 1.281 1.271 1.244 1.184 1.191 1.131 1.104 1.091 1.054 1.003 0.992 0.976 0.951 0.888 0.856 0.821 0.751 0.698 0.609 0.506 0.402 0.283 0.07 -0.171 -0.489 -0.602
3.954 4.026 4.344 5.036 5.816 5.639 5.136 4.624 4.241 4.054 3.911 3.826 3.784 4.161 4.159 3.759 3.729 3.654 2.999 3.296 3.656 3.649 3.681 3.626 3.704 3.679 3.729 3.734 3.561 2.586 2.271 2.179 2.106 2.029 1.974 1.976 1.936 1.856 1.764 1.704 1.641 1.594 1.524 1.434 1.421 1.376 1.341 1.326 1.284 1.236 1.239 1.166 1.144 1.144 1.094 1.089 1.029 1.021 1.001 0.96 0.944 0.93 0.899 0.873 0.834 0.803 0.754 0.705 0.641 0.573 0.479 0.37 0.235 0.017 -0.212 -0.534 -0.598
3.966 4.069 4.386 5.144 5.849 5.586 5.054 4.531 4.124 3.956 3.851 3.759 3.681 3.716 3.751 3.731 3.694 3.656 3.456 2.929 3.149 3.224 3.617 3.662 3.554 3.679 3.714 3.577 2.995 2.258 2.093 2.046 1.949 1.879 1.832 1.796 1.803 1.734 1.617 1.543 1.475 1.431 1.353 1.296 1.261 1.251 1.199 1.183 1.166 1.116 1.071 1.063 1.026 1.039 1.001 0.991 0.964 0.924 0.911 0.915 0.862 0.864 0.808 0.807 0.773 0.737 0.694 0.659 0.601 0.535 0.419 0.302 0.157 -0.036 -0.317 -0.56 -0.604
3.964 4.134 4.494 5.249 5.854 5.564 4.989 4.464 4.069 3.886 3.791 3.714 3.661 3.631 3.679 3.686 3.639 3.439 3.18 2.94 2.913 2.943 2.992 3.164 2.966 3.119 3.222 3.043 2.482 2.044 1.903 1.861 1.851 1.754 1.659 1.619 1.608 1.552 1.436 1.359 1.31 1.261 1.211 1.147 1.119 1.092 1.06 1.048 1.021 0.987 0.941 0.951 0.93 0.928 0.9 0.889 0.877 0.835 0.812 0.783 0.781 0.768 0.736 0.722 0.713 0.673 0.641 0.607 0.547 0.453 0.37 0.236 0.096 -0.109 -0.407 -0.592 -0.61
3.971 4.096 4.541 5.394 5.886 5.466 4.961 4.404 4.091 3.899 3.916 3.724 3.661 3.606 3.574 3.616 3.242 3.091 3.456 3.569 3.581 3.379 3.182 2.876 2.722 2.627 2.725 2.588 2.115 1.811 1.713 1.668 1.659 1.57 1.453 1.41 1.371 1.337 1.276 1.211 1.13 1.095 1.059 1.008 0.959 0.945 0.918 0.9 0.893 0.855 0.819 0.818 0.818 0.798 0.798 0.776 0.775 0.762 0.728 0.726 0.68 0.685 0.682 0.66 0.641 0.62 0.583 0.542 0.493 0.4 0.307 0.175 0.015 -0.24 -0.495 -0.586 -0.647
3.984 4.101 4.614 5.501 5.869 5.421 4.844 4.314 4.051 3.884 3.921 3.856 3.699 3.631 3.461 3.325 3.244 3.593 3.677 3.686 3.66 3.636 3.473 3.108 2.764 2.429 2.21 2.063 1.764 1.622 1.531 1.478 1.442 1.38 1.269 1.198 1.158 1.143 1.08 1.021 0.97 0.931 0.873 0.832 0.807 0.787 0.755 0.751 0.732 0.73 0.719 0.697 0.688 0.71 0.663 0.702 0.672 0.643 0.639 0.625 0.609 0.635 0.611 0.59 0.572 0.542 0.508 0.476 0.419 0.337 0.235 0.092 -0.076 -0.373 -0.549 -0.593 -0.647
3.969 4.174 4.704 5.626 5.814 5.341 4.786 4.334 4.031 3.926 3.929 3.814 3.661 3.605 3.405 3.398 3.603 3.661 3.683 3.402 3.145 2.958 2.851 2.723 2.539 2.439 2.161 1.918 1.591 1.387 1.284 1.244 1.182 1.142 1.06 1.023 0.987 0.957 0.887 0.841 0.77 0.729 0.697 0.67 0.634 0.632 0.604 0.6 0.599 0.576 0.573 0.556 0.564 0.568 0.573 0.574 0.558 0.581 0.569 0.568 0.571 0.582 0.54 0.533 0.521 0.475 0.44 0.41 0.344 0.25 0.152 0.037 -0.194 -0.48 -0.585 -0.631 -0.635
3.961 4.179 4.821 5.716 5.796 5.284 4.744 4.301 4.059 3.951 3.874 3.749 3.651 3.498 3.389 3.591 3.665 3.702 3.443 3.017 2.81 2.731 2.618 2.415 2.252 2.158 2.064 1.976 1.643 1.289 1.143 1.046 0.943 0.891 0.852 0.814 0.776 0.71 0.669 0.619 0.563 0.555 0.531 0.515 0.484 0.478 0.465 0.46 0.454 0.45 0.455 0.462 0.454 0.462 0.478 0.471 0.477 0.491 0.481 0.505 0.526 0.523 0.495 0.481 0.45 0.427 0.372 0.345 0.264 0.163 0.044 -0.112 -0.387 -0.536 -0.595 -0.643 -0.65
4.006 4.251 4.929 5.776 5.771 5.249 4.661 4.266 4.066 3.959 3.826 3.738 3.631 3.536 3.537 3.63 3.678 3.619 3.028 2.734 2.555 2.512 2.531 2.336 2.159 1.956 1.796 1.593 1.401 1.129 0.994 0.844 0.773 0.703 0.648 0.591 0.597 1.013 0.761 0.383 0.368 0.361 0.368 0.34 0.334 0.335 0.322 0.329 0.342 0.338 0.351 0.347 0.366 0.388 0.393 0.401 0.409 0.435 0.444 0.46 0.496 0.476 0.446 0.414 0.396 0.349 0.292 0.254 0.171 0.074 -0.097 -0.301 -0.517 -0.55 -0.634 -0.641 -0.653
4.039 4.336 5.104 5.869 5.681 5.141 4.581 4.204 4.031 3.924 3.8 3.7 3.611 3.532 3.573 3.653 3.7 3.313 2.784 2.505 2.324 2.246 2.209 2.057 1.916 1.61 1.355 1.138 1.026 0.881 0.798 0.635 0.556 0.472 0.425 0.389 0.329 0.424 0.578 0.198 0.191 0.199 0.202 0.2 0.211 0.204 0.206 0.223 0.228 0.237 0.253 0.271 0.287 0.325 0.332 0.366 0.388 0.392 0.41 0.424 0.415 0.396 0.373 0.336 0.312 0.262 0.219 0.147 0.063 -0.078 -0.285 -0.458 -0.551 -0.627 -0.652 -0.659 -0.655
4.059 4.431 5.296 5.911 5.594 5.089 4.506 4.161 4.029 3.911 3.789 3.659 3.587 3.521 3.62 3.684 3.493 2.881 2.574 2.353 2.123 1.991 1.868 1.724 1.521 1.288 1.066 0.904 0.767 0.655 0.533 0.422 0.34 0.259 0.201 0.157 0.116 0.077 0.05 0.038 0.024 0.057 0.074 0.082 0.089 0.094 0.102 0.131 0.14 0.167 0.195 0.216 0.245 0.256 0.294 0.318 0.333 0.364 0.372 0.347 0.338 0.31 0.293 0.282 0.242 0.194 0.099 0.049 -0.093 -0.324 -0.483 -0.558 -0.615 -0.707 -0.657 -0.67 -0.668
4.131 4.609 5.429 5.911 5.524 4.996 4.441 4.056 3.948 3.872 3.746 3.634 3.58 3.582 3.669 3.625 3.082 2.651 2.415 2.152 1.952 1.735 1.58 1.4 1.212 1.001 0.8 0.642 0.538 0.394 0.312 0.199 0.073 -0.013 -0.018 -0.043 -0.082 -0.077 -0.107 -0.096 -0.109 -0.068 -0.066 -0.046 -0.019 -0.001 0.032 0.054 0.08 0.104 0.154 0.179 0.205 0.255 0.268 0.263 0.276 0.305 0.282 0.254 0.237 0.228 0.202 0.166 0.133 0.084 -0.028 -0.198 -0.358 -0.509 -0.581 -0.645 -0.692 -0.713 -0.696 -0.668 -0.608
