Matlab/Roost_data/braunton/dsm/ss4834_DSM_2M.asc
ncols 500
nrows 500
xllcorner    248000
yllcorner    134000
cellsize     2
NODATA_value -9999
[rows 102 to 135 of 500, columns 231 to 307 of 500]
1.887 2.079 2.091 1.992 1.907 1.874 1.839 1.891 1.85 1.918 1.938 1.96 1.849 1.74 1.777 1.799 1.785 1.639 1.674 1.636 1.604 1.629 1.634 1.621 1.611 1.639 1.634 1.636 1.619 1.636 1.619 1.634 1.619 1.621 1.624 1.629 1.629 1.631 1.629 1.619 1.629 1.614 1.626 1.624 1.626 1.624 1.621 1.601 1.624 1.629 1.636 1.699 1.711 1.764 1.826 1.839 1.781 1.859 1.686 1.736 1.761 1.784 1.856 1.864 1.904 1.884 1.886 1.906 1.966 2.139 2.059 1.976 2.016 1.954 2.109 2.084 1.931
1.877 1.904 2.018 1.99 1.894 1.925 1.871 1.85 1.778 1.881 1.84 1.805 1.823 1.738 1.757 1.694 1.664 1.696 1.661 1.739 1.616 1.626 1.609 1.626 1.619 1.619 1.629 1.616 1.624 1.624 1.626 1.629 1.616 1.626 1.621 1.634 1.621 1.631 1.624 1.621 1.624 1.634 1.626 1.629 1.621 1.631 1.616 1.611 1.621 1.621 1.744 1.659 1.766 1.756 1.709 1.711 1.706 1.719 1.724 1.754 1.764 1.826 1.831 1.971 1.959 1.939 1.906 1.909 1.896 1.994 1.981 2.084 2.114 2.036 2.056 2.049 1.981
1.903 1.851 1.95 2.09 2.046 1.938 1.953 1.861 1.872 1.833 1.814 1.809 1.762 1.726 1.794 1.846 1.781 1.751 1.664 1.724 1.694 1.671 1.639 1.634 1.624 1.619 1.626 1.624 1.621 1.621 1.604 1.619 1.611 1.629 1.626 1.616 1.621 1.621 1.621 1.619 1.626 1.619 1.634 1.619 1.616 1.629 1.621 1.646 1.704 1.656 1.641 1.821 1.756 1.631 1.641 1.729 1.701 1.819 1.856 1.931 1.944 1.946 1.969 2.011 2.031 2.124 2.159 2.066 1.941 1.891 1.919 1.941 2.074 2.159 2.064 2.241 2.269
1.975 1.967 1.942 2.052 2.158 2.115 1.893 1.911 1.875 1.829 1.838 1.851 1.788 1.763 1.746 1.753 1.749 1.734 1.726 1.656 1.704 1.684 1.691 1.709 1.694 1.691 1.696 1.629 1.666 1.621 1.639 1.631 1.626 1.616 1.619 1.621 1.626 1.621 1.611 1.624 1.619 1.624 1.619 1.624 1.626 1.631 1.629 1.656 1.636 1.736 1.764 1.661 1.619 1.644 1.621 1.886 1.929 1.946 1.901 1.869 1.929 1.896 1.931 1.976 2.104 2.139 2.199 2.239 2.204 2.229 2.236 1.924 1.911 2.116 1.971 1.971 2.161
1.987 2.005 1.946 1.937 2.025 2.114 2.076 2.117 2.006 1.959 1.908 1.809 1.741 1.785 1.749 1.748 1.756 1.727 1.711 1.918 1.684 1.711 1.711 1.721 1.751 1.756 1.671 1.656 1.916 2.006 1.626 1.616 1.631 1.626 1.626 1.621 1.624 1.629 1.629 1.624 1.621 1.629 1.626 1.619 1.619 1.636 1.706 1.831 1.684 1.806 1.646 1.631 1.616 1.786 1.904 1.846 1.789 1.796 1.824 1.869 1.916 1.946 2.024 2.161 2.124 2.194 2.266 2.284 2.299 2.391 2.231 2.071 1.969 1.964 1.981 1.899 2.084
1.996 2.048 1.999 1.948 1.95 1.945 2.008 2.094 2.075 2.026 2.052 1.83 1.776 1.793 1.836 1.742 1.684 1.708 1.789 1.842 1.826 1.816 1.804 1.831 2.066 1.829 1.744 1.689 1.651 1.691 1.636 1.676 1.619 1.621 1.631 1.621 1.626 1.626 1.599 1.629 1.621 1.626 1.634 1.621 1.636 1.686 1.649 1.799 1.786 1.676 1.626 1.599 1.611 1.719 1.781 1.796 1.839 1.836 1.909 1.929 1.974 2.076 2.159 2.326 2.371 2.466 2.461 2.436 2.396 2.404 2.401 2.141 2.039 1.931 1.959 1.926 1.974
2.123 2.137 1.984 1.999 2.003 1.939 1.891 1.97 1.979 2.027 2.065 1.929 1.84 1.952 1.865 1.786 1.722 1.69 1.716 1.727 1.79 1.814 1.767 1.844 1.789 1.774 1.746 1.756 1.689 1.661 1.684 1.639 1.634 1.626 1.611 1.626 1.621 1.636 1.619 1.624 1.619 1.624 1.616 1.634 1.714 1.686 1.871 1.834 1.761 1.661 1.611 1.619 1.654 1.789 1.836 1.844 1.879 1.909 1.959 2.001 2.091 2.229 2.374 2.469 2.576 2.729 2.786 2.836 2.834 2.699 2.496 2.299 2.084 2.016 2.011 1.999 2.031
2.07 2.109 2.018 2.013 2.02 2.031 2.003 1.952 1.917 1.933 1.991 1.916 1.837 1.962 2.006 1.901 1.786 1.723 1.723 1.704 1.814 1.753 1.749 1.759 1.775 1.769 1.779 1.796 1.749 1.649 1.661 1.631 1.639 1.621 1.621 1.631 1.626 1.624 1.631 1.626 1.621 1.629 1.621 1.681 1.751 1.836 1.851 2.234 1.756 1.614 1.604 1.649 1.786 1.846 1.861 1.866 1.926 1.994 2.056 2.151 2.301 2.446 2.611 2.779 2.921 3.039 3.124 3.164 3.134 3.011 2.779 2.491 2.124 1.986 1.991 1.951 1.986
2.065 2.087 2.109 1.974 2.027 2.006 2.016 2.009 1.987 1.922 1.853 1.826 1.851 1.975 1.912 1.932 1.89 1.796 1.737 1.752 1.756 1.75 1.787 1.742 1.772 1.732 1.729 1.729 1.699 1.729 1.706 1.624 1.626 1.624 1.614 1.624 1.611 1.609 1.626 1.616 1.631 1.666 1.636 1.789 1.771 1.826 1.906 1.824 1.631 1.624 1.699 1.849 1.881 1.869 1.891 1.929 2.009 2.131 2.284 2.379 2.501 2.734 2.934 3.094 3.191 3.286 3.339 3.371 3.341 3.201 2.969 2.701 2.444 2.041 1.986 1.979 1.936
2.001 1.98 2.082 2.141 2.107 2.085 2.013 2.057 2.043 2.003 1.982 1.896 1.824 1.815 1.85 1.879 1.934 1.864 1.821 1.809 1.79 1.758 1.746 1.691 1.694 1.729 1.706 1.749 1.861 1.646 1.624 1.624 1.624 1.634 1.626 1.624 1.614 1.636 1.621 1.634 1.721 1.669 1.679 1.894 1.969 1.824 1.786 1.616 1.666 1.689 1.811 1.891 1.889 1.901 1.936 2.076 2.181 2.364 2.516 2.581 2.714 2.854 3.156 3.306 3.379 3.401 3.391 3.399 3.376 3.269 3.036 2.791 2.524 2.324 2.099 1.956 1.959
2.019 2.04 2.027 2.112 2.204 2.173 2.068 2.013 2.033 2.006 1.997 2.013 1.973 1.838 1.819 1.816 1.833 1.814 1.79 1.803 1.791 1.733 1.727 1.672 1.709 1.822 1.844 1.811 1.709 1.621 1.641 1.636 1.629 1.626 1.626 1.641 1.631 1.619 1.624 1.671 1.654 1.836 1.966 2.016 1.776 1.751 1.659 1.609 1.791 1.884 1.881 1.891 1.931 1.949 2.114 2.199 2.369 2.594 2.644 2.746 2.829 2.926 3.069 3.336 3.399 3.409 3.379 3.331 3.341 3.174 2.981 2.754 2.501 2.299 2.114 1.949 2.031
1.87 2.048 2.158 2.303 2.213 2.209 2.297 2.251 2.151 2.051 1.975 1.988 2.107 1.954 1.833 1.817 1.797 1.787 1.799 1.757 1.727 1.769 1.79 1.72 1.722 1.751 1.89 1.648 1.764 1.609 1.629 1.616 1.619 1.619 1.624 1.621 1.619 1.704 1.636 1.729 1.664 1.904 2.139 1.644 1.666 1.626 1.641 1.869 1.906 1.894 1.896 1.936 1.989 2.104 2.244 2.396 2.556 2.714 2.789 2.846 2.946 2.989 3.054 3.111 3.309 3.386 3.346 3.284 3.161 2.969 2.789 2.601 2.391 2.169 2.074 1.976 2.099
1.852 1.974 2.2 2.31 2.26 2.196 2.212 2.387 2.371 2.33 2.229 1.968 1.886 1.902 1.934 1.94 2.023 1.942 1.89 1.808 1.858 1.834 1.839 1.802 1.74 1.81 1.705 1.695 1.621 1.616 1.624 1.621 1.626 1.621 1.639 1.636 1.726 1.664 1.649 1.856 2.039 1.859 1.736 1.679 1.624 1.679 1.909 1.911 1.916 1.911 1.964 2.016 2.176 2.241 2.386 2.619 2.761 2.861 2.929 2.974 2.996 3.041 3.049 3.046 3.086 3.216 3.274 3.161 2.961 2.794 2.606 2.426 2.289 2.114 1.946 1.964 2.011
1.901 1.867 1.993 2.322 2.484 2.465 2.252 2.236 2.363 2.428 2.34 2.154 1.864 2.152 2.14 2.097 2.033 1.923 1.883 1.877 1.92 1.901 1.895 1.856 1.845 1.81 1.712 1.652 1.614 1.611 1.634 1.629 1.629 1.624 1.626 1.651 1.684 1.654 1.831 2.061 1.949 1.686 1.686 1.624 1.754 1.916 1.946 1.944 1.931 1.954 2.036 2.151 2.329 2.486 2.661 2.771 2.876 2.976 3.011 3.051 3.066 3.036 3.016 3.044 3.024 3.051 3.109 3.061 2.811 2.634 2.461 2.316 2.186 2.019 1.981 1.971 1.936
1.932 1.936 2.017 2.138 2.197 2.282 2.566 2.63 2.398 2.49 2.214 2.075 2.152 2.15 2.154 2.079 2.001 2.018 1.939 1.966 1.929 1.89 1.856 1.871 2.018 1.803 1.723 1.621 1.621 1.631 1.634 1.619 1.639 1.634 1.659 1.656 1.654 1.849 1.961 1.931 1.679 1.629 1.641 1.861 1.951 1.954 1.959 1.951 1.969 2.016 2.206 2.389 2.584 2.691 2.791 2.874 2.956 3.049 3.049 3.074 3.081 3.029 3.019 3.009 3.001 2.969 2.926 2.856 2.709 2.554 2.401 2.251 2.129 2.084 2.066 1.986 1.926
2.113 2.003 2.027 2.082 2.09 2.132 2.38 2.533 2.815 2.781 2.259 2.019 2.237 2.287 2.257 2.045 2.106 2.121 2.066 1.953 2.088 1.947 1.853 1.825 1.837 1.909 1.614 1.629 1.641 1.621 1.624 1.629 1.626 1.646 1.691 1.639 2.081 1.894 1.789 1.714 1.626 1.609 1.804 1.981 1.994 1.981 1.976 2.006 2.071 2.214 2.409 2.621 2.696 2.779 2.891 2.979 3.046 3.066 3.089 3.071 3.081 3.041 3.011 2.984 2.929 2.904 2.849 2.744 2.611 2.496 2.384 2.221 2.199 2.161 2.044 1.986 1.934
2.314 2.218 2.139 2.308 2.167 2.231 2.134 2.26 2.328 2.432 2.319 2.265 2.806 2.679 2.476 2.366 2.22 2.173 2.078 1.94 1.886 1.879 1.731 1.681 1.621 1.621 1.629 1.626 1.614 1.634 1.634 1.639 1.789 1.639 1.681 1.966 2.174 1.769 1.794 1.646 1.676 1.834 1.999 2.064 2.036 2.026 2.054 2.131 2.251 2.374 2.674 2.749 2.814 2.899 2.976 3.051 3.076 3.064 3.071 3.064 3.029 3.031 3.001 2.914 2.856 2.804 2.746 2.674 2.554 2.421 2.309 2.311 2.319 2.196 2.066 1.994 1.944
2.474 2.346 2.494 2.42 2.387 2.197 2.2 2.153 2.259 2.221 2.083 2.378 2.328 2.332 2.221 2.175 2.119 2.119 2.173 1.741 1.644 1.616 1.624 1.634 1.634 1.631 1.626 1.611 1.626 1.639 1.651 1.701 1.646 1.674 1.826 1.896 2.214 1.674 1.606 1.916 1.966 1.981 2.044 2.069 2.084 2.091 2.096 2.231 2.371 2.619 2.791 2.881 2.946 2.989 3.021 3.064 3.056 3.074 3.066 3.031 3.029 2.999 2.979 2.901 2.811 2.739 2.704 2.601 2.496 2.399 2.364 2.394 2.344 2.186 2.094 1.996 1.939
2.389 2.392 2.47 2.677 2.553 2.379 2.449 2.191 2.133 2.405 1.972 1.944 2.228 2.145 1.94 2.064 2.037 2.056 1.712 1.662 1.639 1.639 1.616 1.621 1.629 1.629 1.626 1.626 1.659 1.676 1.711 1.731 1.819 1.766 1.754 1.766 1.829 1.696 1.614 1.991 1.944 2.031 2.081 2.051 2.111 2.146 2.219 2.379 2.639 2.749 2.866 2.926 3.026 3.034 3.024 3.044 3.039 3.041 3.061 3.054 3.009 2.986 2.951 2.881 2.781 2.664 2.599 2.581 2.479 2.434 2.451 2.446 2.349 2.236 2.081 1.999 1.951
2.416 2.558 2.56 2.613 2.519 2.351 2.603 2.594 2.51 2.449 2.658 2.659 2.441 2.266 2.075 2.132 2.221 2.117 1.686 1.644 1.626 1.616 1.621 1.624 1.731 1.774 1.824 1.725 1.659 1.716 1.961 2.069 1.881 1.886 2.014 1.799 1.774 1.686 1.609 2.006 1.911 2.031 2.096 2.079 2.131 2.226 2.344 2.569 2.771 2.876 2.921 3.006 3.016 3.026 3.001 3.014 3.009 3.021 3.014 3.039 2.986 2.966 2.909 2.809 2.761 2.649 2.634 2.596 2.566 2.571 2.551 2.431 2.321 2.221 2.066 1.996 1.949
2.572 2.469 2.492 2.514 2.772 2.596 2.596 2.63 2.72 2.166 2.392 2.862 2.695 2.499 2.289 2.108 2.122 2.057 2.165 2.027 1.9 2.021 1.767 1.828 1.746 1.806 1.824 1.728 1.767 1.684 1.809 1.806 1.806 1.996 1.891 1.801 1.801 1.664 1.624 1.831 1.839 2.014 2.081 2.144 2.231 2.366 2.569 2.774 2.899 2.949 2.999 3.014 3.031 3.019 3.009 3.004 3.009 3.001 2.984 3.006 2.979 2.886 2.829 2.716 2.684 2.664 2.656 2.674 2.689 2.666 2.559 2.431 2.344 2.274 2.141 2.041 1.989
3.188 3.145 2.854 2.459 2.276 2.595 2.298 2.374 2.441 1.947 2.371 2.645 2.538 2.345 2.236 2.085 2.107 2.033 1.982 1.995 1.8 1.808 1.805 1.779 1.791 1.852 1.887 1.824 1.779 1.856 1.894 1.801 1.756 1.776 1.806 1.794 1.731 1.699 1.609 1.699 1.766 1.991 2.094 2.159 2.319 2.549 2.751 2.886 2.964 2.996 3.009 3.046 3.024 3.024 2.976 2.986 2.984 2.981 2.969 2.944 2.919 2.849 2.786 2.744 2.689 2.699 2.724 2.766 2.756 2.649 2.569 2.501 2.439 2.346 2.226 2.146 2.114
2.699 2.977 2.887 2.795 2.489 2.354 2.006 1.918 1.928 1.783 2.015 2.241 2.196 2.226 2.163 2.069 2.021 1.994 1.954 2.093 1.984 1.826 1.898 1.88 1.919 1.888 1.888 1.875 1.878 1.804 1.816 1.781 1.754 1.756 1.754 1.769 1.701 1.694 1.624 1.646 1.751 1.996 2.134 2.249 2.466 2.706 2.871 2.959 3.049 3.036 3.016 3.014 3.024 2.991 2.954 2.924 2.961 2.944 2.941 2.914 2.886 2.906 2.814 2.826 2.841 2.794 2.826 2.776 2.684 2.604 2.584 2.544 2.471 2.411 2.334 2.284 2.156
2.688 2.706 2.714 2.739 2.719 2.65 2.39 2.182 1.979 1.857 1.963 1.848 1.872 1.926 1.929 1.956 1.956 1.948 1.941 2.193 2.141 1.923 1.913 1.885 1.919 1.853 1.856 1.79 2.105 1.884 1.736 1.821 1.796 1.801 1.824 1.669 1.686 1.779 1.641 1.644 1.721 1.979 2.196 2.389 2.616 2.791 2.954 3.029 3.071 3.049 3.039 3.024 2.974 2.954 2.951 2.934 2.906 2.914 2.911 2.936 2.944 2.901 2.939 2.934 2.854 2.849 2.801 2.684 2.601 2.554 2.531 2.486 2.446 2.381 2.354 2.289 2.246
2.676 2.741 2.775 2.827 2.81 2.822 2.759 2.691 2.612 2.487 2.323 2.229 2.1 2.087 2.023 2.046 2.047 1.92 1.823 2.046 1.873 1.889 1.885 1.854 1.842 1.868 1.775 1.731 1.881 2.669 1.896 1.841 1.774 1.694 1.809 1.674 1.744 1.669 1.676 1.729 1.764 1.944 2.226 2.451 2.679 2.859 2.991 3.044 3.061 3.041 3.029 3.036 3.014 2.979 2.969 2.944 2.936 2.956 2.999 2.979 2.979 2.944 2.929 2.919 2.831 2.729 2.621 2.546 2.484 2.456 2.449 2.409 2.374 2.329 2.299 2.259 2.274
2.623 2.692 2.765 2.856 2.902 2.937 2.921 2.912 2.864 2.813 2.759 2.699 2.638 2.595 2.487 2.321 2.159 1.94 1.826 1.837 1.889 1.784 1.777 1.751 1.767 1.774 2.28 2.277 2.051 2.536 2.106 1.979 1.924 1.721 1.704 1.829 1.761 1.759 1.634 1.741 1.744 1.954 2.211 2.481 2.699 2.864 2.991 3.059 3.041 3.011 2.981 3.014 3.031 3.006 2.976 2.976 2.976 3.021 3.064 3.041 2.909 2.841 2.756 2.734 2.656 2.579 2.494 2.436 2.426 2.369 2.349 2.351 2.344 2.264 2.284 2.294 2.161
2.55 2.624 2.707 2.81 2.895 2.976 3.042 3.052 3.047 3.009 2.977 2.952 2.901 2.847 2.74 2.613 2.491 2.37 2.293 2.188 2.097 2.02 2.034 2.101 2.143 2.432 2.829 2.336 2.231 2.206 2.171 2.024 1.994 1.876 1.764 1.811 1.969 1.751 1.654 1.669 1.789 1.931 2.181 2.409 2.624 2.794 2.924 2.974 3.004 2.994 2.976 2.961 2.951 2.951 2.949 2.939 2.996 3.001 2.934 2.821 2.734 2.631 2.581 2.514 2.481 2.449 2.406 2.389 2.311 2.301 2.284 2.291 2.299 2.296 2.229 2.136 2.229
2.506 2.573 2.648 2.734 2.83 2.931 3.006 3.072 3.109 3.126 3.125 3.117 3.067 2.986 2.85 2.725 2.596 2.486 2.373 2.314 2.321 2.358 2.403 2.381 2.372 2.3 2.294 2.261 2.216 2.261 2.166 2.114 2.176 1.909 1.819 1.859 2.021 1.756 1.696 1.696 1.831 2.011 2.149 2.366 2.519 2.686 2.791 2.874 2.931 2.929 2.899 2.889 2.844 2.859 2.854 2.849 2.804 2.736 2.646 2.611 2.526 2.491 2.424 2.439 2.349 2.324 2.284 2.269 2.249 2.264 2.281 2.299 2.216 2.161 2.251 2.314 2.339
2.476 2.545 2.612 2.667 2.747 2.836 2.939 3.026 3.102 3.135 3.151 3.119 3.063 2.977 2.863 2.726 2.588 2.45 2.359 2.325 2.314 2.34 2.358 2.357 2.385 2.438 2.381 2.309 2.281 2.256 2.201 2.151 2.316 1.991 1.801 1.764 1.771 1.766 1.781 1.641 1.944 2.014 2.074 2.246 2.369 2.514 2.654 2.726 2.806 2.861 2.831 2.774 2.776 2.721 2.669 2.599 2.549 2.509 2.496 2.424 2.431 2.381 2.374 2.296 2.276 2.241 2.239 2.236 2.249 2.234 2.194 2.171 2.261 2.324 2.321 2.341 2.341
2.464 2.524 2.568 2.606 2.677 2.75 2.838 2.932 2.997 3.06 3.065 3.042 2.979 2.891 2.759 2.628 2.484 2.374 2.325 2.302 2.305 2.345 2.362 2.351 2.329 2.299 2.359 2.276 2.274 2.251 2.221 2.214 2.189 1.784 1.669 1.844 1.746 1.714 1.766 1.649 1.979 1.891 2.006 2.186 2.274 2.364 2.501 2.604 2.654 2.686 2.664 2.636 2.539 2.449 2.414 2.434 2.416 2.384 2.366 2.354 2.344 2.311 2.259 2.229 2.216 2.226 2.216 2.219 2.174 2.201 2.251 2.279 2.309 2.344 2.356 2.379 2.399
2.443 2.505 2.572 2.598 2.644 2.688 2.746 2.813 2.887 2.924 2.945 2.906 2.833 2.754 2.655 2.53 2.419 2.325 2.287 2.261 2.287 2.292 2.287 2.306 2.289 2.261 2.279 2.276 2.256 2.244 2.154 2.194 2.136 1.776 1.631 1.986 2.066 1.714 1.811 1.629 1.831 1.864 1.954 2.104 2.199 2.261 2.356 2.434 2.499 2.509 2.486 2.414 2.356 2.294 2.281 2.299 2.284 2.284 2.289 2.184 2.214 2.199 2.209 2.214 2.206 2.211 2.226 2.231 2.256 2.271 2.296 2.336 2.346 2.379 2.384 2.431 2.424
2.394 2.442 2.52 2.585 2.632 2.67 2.704 2.764 2.809 2.82 2.793 2.763 2.712 2.637 2.533 2.412 2.312 2.259 2.236 2.231 2.213 2.232 2.274 2.279 2.284 2.291 2.216 2.244 2.204 2.239 2.126 2.234 2.031 1.736 1.761 2.011 1.976 1.964 1.804 1.776 1.649 1.886 1.836 2.006 2.144 2.161 2.204 2.264 2.306 2.299 2.254 2.221 2.171 2.131 2.124 2.134 2.184 2.154 2.129 2.171 2.154 2.186 2.196 2.239 2.241 2.259 2.279 2.286 2.281 2.316 2.321 2.341 2.376 2.424 2.416 2.464 2.469
2.359 2.426 2.496 2.534 2.539 2.619 2.659 2.686 2.721 2.736 2.729 2.675 2.618 2.528 2.419 2.321 2.263 2.215 2.19 2.199 2.211 2.224 2.219 2.221 2.226 2.244 2.261 2.206 2.206 2.074 2.136 2.211 1.844 1.696 1.889 1.731 1.771 1.784 1.719 1.844 1.634 1.776 1.816 1.886 2.081 2.096 2.084 2.134 2.064 2.054 2.051 2.041 2.054 2.036 2.049 2.041 2.076 2.131 2.184 2.224 2.219 2.264 2.259 2.261 2.294 2.299 2.314 2.309 2.341 2.386 2.374 2.386 2.421 2.454 2.494 2.531 2.514
2.309 2.371 2.424 2.476 2.521 2.576 2.614 2.606 2.619 2.649 2.641 2.569 2.491 2.406 2.306 2.231 2.171 2.144 2.136 2.191 2.161 2.254 2.194 2.164 2.189 2.126 2.194 2.211 2.184 2.191 2.189 1.856 1.819 1.829 1.741 1.924 2.019 1.784 2.051 1.824 1.686 1.699 1.791 1.791 1.936 1.944 1.914 1.941 1.926 1.926 1.934 1.934 1.971 2.034 2.069 2.136 2.186 2.231 2.251 2.286 2.286 2.314 2.326 2.329 2.349 2.361 2.376 2.394 2.391 2.456 2.429 2.474 2.499 2.489 2.499 2.531 2.566
