Matlab/Roost_data/braunton/dsm/ss4837_DSM_2M.asc
ncols 500
nrows 500
xllcorner    248000
yllcorner    137000
cellsize     2
NODATA_value -9999
[rows 96 to 127 of 500, columns 355 to 425 of 500]
34.951 31.441 25.288 24.356 24.396 24.433 24.463 24.468 24.488 24.538 24.568 24.561 24.561 24.583 24.666 24.858 25.113 25.293 25.481 25.571 25.543 25.526 25.241 24.996 24.793 24.658 24.671 24.668 24.693 24.683 24.671 24.748 24.793 24.853 24.913 24.928 24.993 24.956 24.963 24.968 24.996 25.013 25.021 25.078 25.203 26.093 26.323 26.855 27.485 28.173 27.865 27.555 27.483 27.488 27.458 27.398 27.303 27.298 27.3 27.313 27.325 27.335 27.343 27.35 27.43 27.55 27.735 27.875 28.038 29.15 29.018
27.633 25.926 24.391 24.368 24.416 24.396 24.431 24.456 24.471 24.536 24.536 24.561 24.548 24.593 24.668 24.953 25.143 25.328 25.571 25.541 25.511 25.396 25.103 24.771 24.666 24.618 24.586 24.611 24.633 24.673 24.723 24.798 24.893 24.876 24.891 24.938 24.936 24.951 24.958 24.973 25.001 25.063 25.591 26.113 26.458 27.063 27.558 27.605 27.565 27.508 27.453 27.44 27.425 27.308 27.263 27.265 27.265 27.275 27.27 27.278 27.285 27.283 27.4 27.503 27.72 27.883 28.268 30.22 29.528 29.878 30.235
30.106 25.971 24.388 24.373 24.411 24.381 24.386 24.411 24.456 24.513 24.518 24.536 24.541 24.548 24.706 24.988 25.171 25.418 25.553 25.498 25.458 25.238 24.963 24.658 24.558 24.573 24.603 24.636 24.668 24.718 24.763 24.808 24.846 24.853 24.903 24.901 24.901 24.928 24.961 25.128 25.858 26.228 26.596 27.171 27.658 27.753 27.5 27.445 27.418 27.413 27.408 27.245 27.228 27.208 27.2 27.21 27.198 27.2 27.193 27.203 27.315 27.438 27.688 27.89 28.305 29.588 30.338 34.025 30.84 30.985 31.223
29.466 26.756 24.378 24.411 24.438 24.413 24.413 24.406 24.431 24.481 24.478 24.471 24.501 24.523 24.788 25.028 25.216 25.503 25.461 25.443 25.318 25.086 24.788 24.598 24.591 24.601 24.596 24.613 24.668 24.756 24.776 24.818 24.843 24.888 24.881 24.911 24.898 25.073 25.596 26.073 26.696 27.228 27.706 27.598 27.481 27.405 27.395 27.385 27.358 27.218 27.173 27.158 27.148 27.13 27.12 27.113 27.093 27.113 27.23 27.455 27.618 27.883 28.568 30.088 38.05 30.815 31.415 31.848 31.628 31.453 31.8
26.826 26.201 24.318 24.403 24.471 24.433 24.438 24.458 24.408 24.406 24.438 24.438 24.466 24.538 24.833 25.061 25.281 25.493 25.416 25.393 25.166 25.086 24.706 24.611 24.578 24.588 24.596 24.611 24.701 24.916 24.896 24.853 24.853 24.878 24.901 25.523 25.546 26.236 26.856 27.403 27.526 27.503 27.453 27.381 27.361 27.348 27.245 27.155 27.138 27.105 27.08 27.05 27.025 27.508 27.005 27.063 27.135 27.378 27.558 28.09 29.333 30.223 30.743 32.325 31.565 31.745 32.13 35.77 32.09 32.473 32.853
23.858 24.271 24.323 24.398 24.456 24.456 24.468 24.431 24.383 24.396 24.391 24.398 24.396 24.661 24.908 25.123 25.333 25.431 25.398 25.251 25.046 24.896 24.631 24.558 24.566 24.596 24.591 24.618 24.758 25.231 25.131 24.896 24.823 24.963 25.606 26.393 26.886 27.286 27.313 27.483 27.388 27.351 27.333 27.313 27.166 27.098 27.065 27.05 27.018 26.98 26.948 26.918 26.908 26.985 27.065 27.305 27.46 27.79 28.335 29.288 30.323 31.608 31.565 31.775 31.94 32.058 34.705 32.818 33.14 33.463 33.863
24.261 24.246 24.308 24.396 24.408 24.421 24.471 24.431 24.411 24.381 24.348 24.418 24.503 24.756 24.943 25.153 25.408 25.381 25.376 25.198 24.978 24.741 24.581 24.548 24.566 24.568 24.583 24.671 25.248 25.543 25.338 25.091 25.848 25.858 26.533 27.296 27.433 27.496 27.358 27.323 27.298 27.278 27.091 27.201 28.346 27.3 26.94 26.905 26.865 26.84 26.803 26.9 27.05 27.285 27.453 27.605 28.195 29.293 29.863 31.178 31.798 31.87 31.863 32.053 32.433 32.768 33.278 33.75 34.08 34.415 34.825
24.231 24.283 24.336 24.401 24.426 24.456 24.451 24.411 24.411 24.373 24.376 24.378 24.546 24.786 24.978 25.251 25.376 25.393 25.288 25.046 24.948 24.641 24.573 24.588 24.591 24.583 24.641 24.946 25.811 25.968 26.763 26.056 26.491 27.051 27.428 27.466 27.328 27.291 27.263 27.198 27.018 29.266 27.756 27.821 26.868 26.835 26.783 26.75 26.773 26.825 27.11 27.163 27.333 27.778 27.858 28.49 29.613 30.97 31.43 34.24 31.708 31.955 32.408 36.923 33.208 33.655 34.133 34.555 34.938 35.305 35.748
24.191 24.271 24.338 24.411 24.476 24.478 24.426 24.411 24.363 24.381 24.371 24.381 24.618 24.823 25.038 25.263 25.296 25.306 25.193 25.013 24.718 24.596 24.558 24.573 24.581 24.603 24.748 25.523 26.341 27.186 26.688 27.053 27.353 27.386 27.296 27.258 27.221 27.101 26.971 26.923 27.941 27.098 26.793 26.751 26.703 27.418 26.725 26.753 26.998 27.083 27.205 27.393 27.938 28.248 29.418 30.528 31.01 31.355 31.343 32.33 34.418 32.673 33.19 33.683 34.088 34.53 35.015 35.36 35.813 36.23 36.553
24.216 24.291 24.328 24.428 24.478 24.476 24.443 24.378 24.353 24.306 24.346 24.371 24.641 24.881 25.073 25.283 25.283 25.261 25.113 24.886 24.641 24.551 24.576 24.573 24.608 24.673 25.231 26.373 27.521 27.241 27.463 27.528 27.246 27.208 27.183 27.083 26.926 26.876 26.818 26.768 26.706 26.656 26.613 26.561 28.146 26.733 26.993 27.118 27.34 28.128 28.535 29.178 29.76 30.28 30.525 30.788 32.178 31.518 31.943 32.835 33.04 33.435 33.985 34.465 34.9 35.368 35.86 36.225 36.595 36.983 37.433
24.228 24.306 24.376 24.468 24.488 24.503 24.471 24.421 24.341 24.281 24.251 24.431 24.688 24.893 25.131 25.298 25.288 25.193 25.043 24.733 24.616 24.558 24.581 24.598 24.621 24.991 26.028 26.931 27.391 27.433 27.293 27.173 27.141 27.086 26.878 26.818 26.753 26.703 26.643 26.586 26.511 26.486 26.586 26.733 26.928 29.728 27.633 28.46 29.948 34.695 35.67 30.578 30.4 32.91 30.925 31.43 31.933 32.38 32.895 33.363 33.888 34.413 34.768 35.233 36.555 36.12 36.685 36.965 37.385 37.873 38.26
24.253 24.338 24.431 24.471 24.471 24.453 24.453 24.376 24.306 24.223 24.256 24.506 24.741 24.928 25.231 25.268 25.253 25.143 24.956 24.661 24.621 24.593 24.588 24.613 24.771 26.056 26.878 27.311 27.806 27.173 27.098 27.068 26.856 26.783 26.718 26.641 26.581 27.121 27.118 26.423 26.536 26.733 26.886 27.278 28.153 32.318 29.968 29.96 31.093 31.658 32.373 33.108 32.41 31.44 31.868 32.358 32.9 33.343 33.838 34.32 35.013 35.458 35.743 36.083 36.435 36.9 37.353 37.758 38.315 38.795 39.238
24.268 24.353 24.438 24.438 24.411 24.403 24.381 24.303 24.253 24.226 24.321 24.578 24.813 25.106 25.251 25.251 25.251 25.048 24.901 24.658 24.583 24.601 24.633 24.713 25.501 26.876 27.708 27.491 27.091 27.048 26.991 26.776 26.683 26.608 26.528 26.443 26.386 26.348 26.433 27.866 26.866 27.151 27.856 28.841 29.703 30.44 30.805 31.018 31.58 31.743 34.218 33.298 38.713 33.238 32.868 33.425 33.895 34.41 35.073 35.315 35.83 36.293 36.753 36.92 37.29 37.803 38.263 38.703 39.225 39.803 40.283
24.258 24.383 24.398 24.373 24.383 24.361 24.286 24.176 24.201 24.221 24.363 24.671 24.941 25.166 25.246 25.243 25.173 24.971 24.743 24.661 24.606 24.628 24.746 25.248 27.133 27.411 27.306 27.038 26.993 26.811 26.691 26.606 26.508 26.413 26.336 26.263 26.358 26.558 26.746 27.108 27.786 28.238 30.351 30.153 30.598 31.325 31.635 32.573 32.218 32.363 32.478 32.903 33.19 33.568 33.93 34.358 34.918 35.298 35.785 36.315 36.993 37.058 37.46 37.79 38.205 38.708 39.183 39.68 40.24 40.833 41.473
24.236 24.278 24.293 24.331 24.298 24.256 24.143 24.113 24.098 24.233 24.471 24.761 25.001 25.191 25.221 25.241 25.113 24.981 24.571 24.641 24.631 24.741 25.071 26.638 27.058 27.023 26.996 26.958 26.721 26.613 26.518 26.418 26.321 26.236 26.271 26.358 26.631 27.163 28.176 29.071 29.341 29.673 33.668 31.131 31.721 32.055 32.283 34.038 32.59 32.875 33.218 33.665 34.11 34.49 34.945 35.338 35.755 36.13 36.648 36.925 37.398 37.878 38.25 39.013 39.16 39.568 40.058 40.648 41.423 42.28 49.33
24.193 24.161 24.216 24.263 24.196 24.121 24.098 24.043 24.086 24.206 24.453 24.896 25.068 25.158 25.178 25.168 24.991 24.876 24.651 24.591 24.693 24.911 26.188 26.891 26.991 26.956 26.908 26.666 26.556 26.461 26.341 26.231 26.146 26.226 26.441 26.738 28.018 31.623 30.666 30.778 32.543 31.116 31.676 32.121 32.481 32.775 32.88 33.028 33.405 33.74 34.205 34.635 35.02 35.4 35.798 36.26 36.613 36.948 37.24 38.218 38.133 38.61 39.2 39.538 40.088 40.458 41.06 41.87 42.703 43.553 44.418
24.113 24.123 24.106 24.098 24.083 24.021 24.008 24.043 24.031 24.288 24.386 25.006 25.076 25.091 25.123 25.131 24.943 24.696 24.648 24.628 24.778 25.536 26.786 26.983 26.923 26.881 26.628 26.508 26.393 26.271 26.166 26.116 26.233 26.488 27.026 28.333 31.186 30.553 31.528 34.628 32.016 32.261 32.593 32.911 33.108 33.33 33.545 33.898 34.338 34.58 35.068 35.628 35.915 36.658 36.615 37.115 37.37 37.758 38.1 38.72 39.073 39.453 39.923 40.41 40.855 41.48 42.31 43.063 43.838 51.443 45.388
23.993 24.058 24.121 24.043 23.968 23.931 24.001 23.968 24.053 24.276 24.648 25.096 25.113 25.121 25.118 25.043 24.896 24.686 24.656 24.693 25.048 26.873 26.858 26.891 26.846 26.586 26.471 26.348 26.233 26.103 26.088 26.256 26.506 27.193 28.651 29.758 30.838 32.288 32.003 32.468 32.693 33.091 33.386 33.746 33.886 34.058 34.313 34.785 35.065 35.463 35.873 36.303 38.413 37.14 37.46 37.858 38.173 38.57 38.963 39.33 39.655 40.415 40.808 41.32 41.823 42.41 43.53 46.895 51.603 50.898 47.608
23.998 23.973 23.983 23.936 23.926 23.926 23.936 23.971 24.093 24.256 24.931 25.081 25.103 25.098 25.123 25.018 24.898 24.758 24.733 25.778 26.586 26.838 26.858 26.813 26.561 26.443 26.313 26.181 26.061 26.033 26.351 26.781 27.713 28.896 29.828 31.568 32.853 32.328 32.871 33.123 33.368 33.813 34.086 34.301 34.563 34.7 34.99 35.363 36.07 36.208 36.785 37.205 37.66 40.003 38.343 39.458 39.685 41.828 39.74 40.313 41.328 42.088 41.878 42.263 42.928 43.418 44.185 47.4 50.655 50.573 52.118
23.971 23.918 23.963 23.938 23.918 23.883 23.896 24.046 24.218 24.361 24.963 25.091 25.091 25.093 25.076 24.983 24.908 24.868 25.918 26.633 26.768 26.843 26.783 26.543 26.411 26.293 26.161 26.023 25.993 26.353 27.188 27.953 28.946 29.858 31.013 32.026 32.736 32.933 33.371 33.741 34.131 34.396 34.601 34.921 35.203 35.31 36.15 36.175 36.885 37.518 37.7 38.455 38.84 42.608 39.355 40.935 39.93 40.17 40.56 41.005 41.718 42.075 42.72 43.323 43.708 45.325 46.995 47.238 49.058 51.6 49.958
23.953 23.961 23.876 23.863 23.868 23.841 23.961 23.996 24.276 24.636 25.051 25.106 25.103 25.078 24.983 24.918 24.978 25.743 26.653 26.616 26.813 26.738 26.531 26.396 26.278 26.128 25.998 25.948 26.261 27.008 28.268 28.771 29.966 31.036 32.776 32.411 34.408 34.548 34.046 34.503 34.648 34.951 35.366 35.723 36.578 37.735 37.735 37.735 38.213 38.533 39.128 39.473 40.13 41.215 41.408 41.69 40.95 41.235 41.645 42.423 42.638 42.978 43.598 44.665 45.96 46.698 48.255 51.025 51.918 50.343 50.63
23.921 23.918 23.936 23.883 23.833 23.901 24.063 24.256 24.496 24.993 25.076 25.043 25.071 25.063 25.081 25.328 27.153 26.328 26.448 26.688 26.701 26.603 26.383 26.261 26.126 25.971 25.863 26.123 26.956 27.213 27.253 28.186 30.908 32.358 32.133 33.291 33.908 34.426 35.071 35.313 35.278 35.673 39.281 38.743 40.178 38.99 39.243 39.803 40.168 40.33 40.92 41.585 41.998 42.718 42.85 42.768 42.638 42.793 43.298 43.97 43.84 44.393 44.823 45.605 46.803 49.46 49.273 49.328 53.308 51.32 49.115
23.891 23.866 23.866 23.873 23.846 23.951 24.328 24.601 24.778 25.113 25.073 25.016 25.026 25.026 25.228 26.211 26.183 26.326 26.746 26.678 26.631 26.378 26.251 26.121 26.643 25.816 25.896 26.548 27.276 27.343 27.533 27.941 30.041 31.548 31.971 33.493 34.228 34.696 35.898 36.221 36.448 38.811 39.208 39.781 40.413 40.945 41.775 41.538 41.86 42.413 42.515 42.753 43.468 43.898 43.96 44.125 50.008 48.783 44.545 45.125 45.48 45.998 46.86 48.225 48.69 49.11 49.23 51.535 53.853 51.433 48.63
23.796 23.786 23.821 23.778 23.821 23.891 24.426 24.703 25.066 25.198 25.093 25.018 25.048 25.018 30.548 28.291 26.123 26.456 26.651 26.593 26.358 26.238 26.113 25.981 25.813 25.828 26.021 27.128 27.266 27.681 28.551 29.228 30.246 31.626 32.553 34.733 34.138 34.578 35.496 35.801 37.433 38.523 39.471 39.806 40.501 41.393 42.213 43.013 43.633 43.768 43.818 43.88 43.958 44.405 45.63 45.105 45.88 46.608 45.688 45.823 46.228 46.918 48.37 49.233 50.795 48.538 48.573 48.61 49.52 48.63 48.595
23.811 23.763 23.773 23.766 23.763 23.868 24.376 24.648 25.068 25.031 25.048 25.011 25.016 25.026 31.176 31.443 26.978 26.553 26.551 26.491 26.216 26.093 25.968 26.268 27.386 26.136 27.043 27.291 28.903 29.588 30.536 31.288 32.811 32.816 33.078 33.741 34.371 35.011 37.428 38.693 39.321 40.128 40.613 41.496 41.841 42.74 42.728 43.408 43.77 43.825 43.883 43.935 43.985 44.085 44.415 45.748 47.895 46.97 47.903 47.423 47.948 48.24 48.898 49.095 48.685 48.393 48.458 48.61 48.538 48.548 48.548
23.791 23.786 23.751 23.711 23.788 23.876 24.336 24.513 24.956 24.986 24.991 24.976 28.053 28.111 32.581 33.113 27.636 26.513 26.458 26.213 26.093 25.973 25.826 25.686 27.483 26.728 26.928 29.496 31.418 32.823 32.338 32.688 33.106 33.366 34.186 37.028 36.933 38.423 38.586 37.426 37.563 38.056 38.518 39.221 39.623 40.19 41.328 42.613 44.178 43.865 43.905 43.938 43.968 44.058 44.4 44.778 45.223 46.83 46.835 47.213 48.61 49.113 49.64 48.753 48.168 48.638 48.39 50.31 48.43 48.488 49.905
23.753 23.776 23.698 23.656 23.733 23.851 24.316 24.518 24.896 24.986 25.936 26.956 27.783 26.738 31.658 30.346 28.388 29.471 26.323 26.086 25.958 25.823 25.686 27.008 30.106 26.908 27.773 33.176 32.331 33.113 35.008 35.613 35.156 33.713 35.746 35.603 36.338 36.508 36.581 37.213 37.646 38.028 38.458 39.716 39.641 40.15 40.948 42.1 43.045 43.715 43.938 43.948 43.968 44.05 44.395 45.203 45.208 45.64 46.05 46.418 46.803 47.2 47.588 47.858 48.03 48.12 48.193 48.358 48.373 48.398 54.178
23.706 23.708 23.638 23.656 23.696 23.903 24.233 24.656 24.858 25.741 25.223 27.933 29.771 30.488 31.521 28.718 26.806 26.338 26.073 25.956 25.833 25.681 26.226 28.096 28.336 27.056 28.393 31.838 33.488 33.513 36.628 37.053 36.171 33.726 35.023 35.591 35.743 36.548 37.583 37.111 37.846 38.028 38.398 40.991 41.408 39.918 41.993 40.935 42.955 42.655 46.675 47.298 47.335 44.743 44.638 45.935 45.59 47.248 47.158 47.005 47.325 47.613 47.568 47.858 48.058 48.098 48.15 48.203 48.28 48.293 57.948
23.703 23.666 23.638 23.698 23.683 23.871 24.028 24.833 24.918 24.886 25.316 28.796 30.351 31.128 27.463 26.338 26.308 26.196 25.941 25.823 25.686 25.553 25.556 29.248 29.023 28.011 29.068 32.743 33.191 33.458 36.608 36.896 36.143 33.673 34.608 35.223 35.598 36.001 37.026 37.006 37.041 37.831 38.336 40.601 41.413 39.683 43.89 42.483 41.123 41.91 46.32 48.03 47.718 44.308 44.538 44.778 46.318 45.533 48.293 46.498 48.325 47.063 49.225 47.77 48.345 48.148 48.168 48.165 48.15 48.148 57.525
23.668 23.628 23.638 23.658 23.721 23.861 23.863 24.818 24.913 24.833 25.836 28.428 29.273 29.696 30.761 26.288 26.221 25.961 25.843 25.701 25.558 25.446 27.521 32.323 34.268 30.061 31.538 32.823 33.261 33.418 33.568 33.488 33.968 33.551 34.253 34.981 38.888 38.506 36.708 36.923 37.053 37.496 37.998 40.013 39.858 39.428 45.693 45.508 45.133 45.255 46.615 48.05 47.738 44.5 44.005 44.258 45.308 46.713 46.278 45.958 48.105 46.78 47.15 49.293 48.085 50.68 50.705 50.115 48.023 47.988 53.44
23.696 23.693 23.573 23.666 23.693 23.731 24.008 24.836 24.888 24.848 25.611 26.331 27.993 27.078 26.383 26.191 26.108 25.841 25.716 25.576 25.423 31.253 30.916 36.018 38.056 30.928 32.571 32.646 33.148 33.278 33.321 33.383 33.431 33.496 33.576 34.738 41.278 41.298 36.096 36.538 37.023 37.268 37.613 39.556 38.866 39.148 46.825 47.053 47.078 47.09 46.583 48.005 46.828 45.283 43.185 44.54 44.193 44.745 45.12 45.673 46.345 46.488 46.788 47.353 48.025 50.733 50.738 50.753 47.893 47.833 53.225
23.788 23.691 23.608 23.638 23.626 23.611 24.386 24.826 24.828 25.856 29.376 32.186 26.923 25.926 26.183 26.116 25.871 25.738 25.601 25.433 25.316 25.996 34.051 33.486 38.116 32.108 31.371 32.103 33.151 33.078 33.126 33.206 33.311 33.398 33.483 34.513 42.008 42.303 42.366 42.446 42.163 38.331 37.456 39.668 38.563 39.24 46.835 48.07 48.058 47.288 46.583 46.798 46.77 42.618 44.41 43.57 46.973 44.25 45.123 46.57 46.01 46.25 46.45 47.025 47.885 50.773 50.788 50.773 47.845 47.678 52.008
