Matlab/Roost_data/braunton/dsm/ss4837_DSM_2M.asc
ncols 500
nrows 500
xllcorner    248000
yllcorner    137000
cellsize     2
NODATA_value -9999
[rows 448 to 479 of 500, columns 426 to 496 of 500]
17.256 17.376 17.543 17.541 17.562 17.49 17.472 17.574 17.692 17.79 18.221 18.153 18.061 18.036 18.025 18.022 17.967 17.906 17.87 17.818 18.646 20.178 21.137 17.654 17.587 18.348 18.421 17.621 17.628 17.671 17.711 17.733 17.838 18.063 18.278 18.351 18.381 18.341 18.411 20.961 25.058 24.891 18.866 19.106 19.088 20.153 25.416 25.773 25.048 25.118 24.663 25.873 25.113 25.266 25.343 25.383 27.041 26.791 26.511 29.741 30.336 28.758 30.378 28.811 28.546 28.676 28.868 33.858 36.511 29.038 28.666
17.258 17.84 21.939 21.518 19.732 18.078 17.663 17.259 17.435 17.988 17.742 18.556 18.097 18.191 18.496 18.254 18.015 18.002 17.949 17.876 17.833 19.469 19.91 19.826 19.536 18.916 18.661 18.053 17.656 17.711 17.813 17.886 17.971 18.303 18.626 18.618 18.548 18.271 18.356 22.873 25.103 24.703 19.106 19.063 19.053 24.736 25.801 25.416 25.141 24.961 24.348 24.516 24.673 25.621 25.238 25.281 25.318 25.931 25.571 25.818 26.388 26.146 26.286 29.926 30.363 29.513 29.343 29.333 35.666 30.038 28.433
17.586 18.833 23.25 23.29 22.996 22.629 21.997 20.449 17.051 17.059 16.709 16.623 16.782 17.228 18.019 18.151 17.96 17.998 18.026 17.993 17.975 17.944 17.928 17.904 17.893 17.879 17.886 17.881 17.891 17.901 17.886 18.116 17.984 18.796 19.316 19.659 19.881 18.244 18.329 22.961 25.174 24.621 19.606 19.051 19.374 25.111 26.146 25.124 24.081 25.194 24.021 24.066 24.189 24.516 25.066 25.344 25.599 25.404 25.611 26.794 28.129 28.514 25.744 25.974 26.369 27.574 29.101 27.696 28.734 28.186 27.614
17.109 20.101 22.536 22.36 22.708 23.212 23.36 20.822 16.88 16.601 16.551 16.553 16.561 16.605 16.776 17.697 17.746 17.83 17.978 18.255 18.26 18.103 17.988 17.947 17.96 17.966 17.981 18.004 18.026 18.046 18.064 18.081 18.069 18.081 18.094 18.126 18.179 18.279 18.329 23.799 25.261 24.446 22.146 21.374 21.814 23.961 23.604 24.076 23.994 26.356 23.736 23.801 24.091 24.511 24.974 24.981 26.079 25.629 27.299 27.786 25.894 25.569 25.561 25.574 26.254 26.971 26.586 26.499 26.664 27.841 26.946
17.109 17.447 17.783 18.037 18.555 21.528 22.094 18.27 16.802 16.575 16.595 16.534 18.445 20.354 16.927 17.638 17.767 18.005 18.479 18.602 18.845 19.108 18.232 17.906 17.94 17.904 18.916 19.714 18.129 18.899 18.839 18.119 18.139 18.149 18.194 18.234 18.276 18.326 18.366 23.861 25.334 24.291 22.164 21.544 23.306 24.031 23.471 23.396 23.406 24.724 24.754 25.134 24.171 23.841 23.164 23.921 27.824 27.386 24.746 26.681 25.364 25.494 25.549 25.641 25.724 26.166 26.179 26.419 26.381 27.366 26.811
17.702 17.41 17.103 17.108 18.956 20.83 20.595 17.164 16.672 16.556 16.536 16.783 18.029 18.184 17.294 18.227 17.915 18.041 18.165 18.139 18.212 18.333 18.394 18.482 18.603 18.686 18.874 19.314 19.721 19.714 18.379 18.101 18.139 19.426 18.476 18.261 18.319 18.364 18.376 21.829 24.324 24.754 24.496 24.616 24.756 24.851 23.119 23.034 23.049 23.139 23.129 22.759 22.899 22.044 21.986 22.524 21.534 22.474 22.981 22.409 25.074 26.464 25.241 25.314 26.066 26.366 26.044 25.849 25.834 26.096 26.554
17.253 18.312 17.805 17.206 19.682 21.04 19.661 16.93 16.595 16.544 16.576 18.022 20.929 22.877 18.484 17.921 17.852 19.525 18.588 18.308 18.32 18.406 18.514 18.555 18.687 18.754 18.956 19.116 19.206 19.256 19.311 19.644 18.556 19.621 18.541 18.236 18.304 18.366 18.416 18.431 18.454 23.571 24.001 23.879 22.796 21.081 22.744 21.399 19.726 21.029 20.514 20.469 20.611 20.776 21.826 22.584 21.414 21.559 21.789 22.014 22.151 25.846 24.859 24.864 24.919 28.241 28.419 28.711 29.986 27.426 26.506
18.173 17.06 17.213 18.435 20.459 21.015 18.936 16.83 16.508 16.575 16.619 18.316 18.616 22.117 23.498 17.77 17.954 25.93 22.209 18.343 18.421 18.505 18.596 18.711 18.861 18.941 19.046 19.166 19.316 19.326 19.309 19.041 19.409 19.521 19.596 19.636 19.611 19.109 18.456 18.499 18.546 18.549 18.686 18.844 18.981 19.119 19.336 19.544 20.069 20.459 20.844 21.396 20.354 20.814 20.821 21.081 21.334 21.554 21.791 22.036 22.176 23.586 24.521 24.404 24.341 29.726 29.586 29.404 30.091 28.446 25.944
17.727 17.635 17.15 19.503 20.638 20.817 18.698 16.816 16.57 16.552 16.802 17.644 17.685 19.186 19.113 17.67 17.991 18.233 18.245 18.404 18.498 18.565 18.659 18.876 19.016 19.111 19.219 19.314 19.341 19.284 19.239 19.131 19.326 19.534 19.636 19.646 21.674 22.739 20.214 19.841 18.586 18.646 18.661 18.839 19.019 24.274 24.466 24.849 25.079 25.219 25.554 25.796 25.986 25.899 25.939 25.201 25.114 23.454 23.571 22.079 22.341 23.371 23.204 23.491 23.354 25.546 24.986 28.356 30.034 28.674 25.066
18.798 17.368 17.44 19.809 20.853 20.426 18.319 16.631 16.557 16.557 16.609 17.394 19.63 25.022 22.08 17.733 18.635 22.104 18.487 18.457 18.479 18.576 18.72 18.929 18.995 19.069 19.054 18.979 19.044 20.511 21.864 19.604 19.291 19.766 22.669 20.984 19.491 20.709 19.771 19.849 20.164 18.669 18.736 18.739 18.916 26.286 26.406 26.576 26.834 26.919 26.939 26.836 26.856 26.981 26.874 26.139 26.101 24.334 25.004 24.356 22.369 24.119 23.516 24.449 23.361 23.576 23.664 27.631 29.824 28.854 27.216
18.533 17.747 18.024 19.991 21.016 20.015 17.35 16.617 16.591 16.531 18.793 17.891 17.593 18.209 17.714 17.732 18.381 18.46 18.369 18.424 18.483 18.608 18.739 18.936 18.858 18.809 18.931 19.054 19.181 22.611 23.721 21.861 21.829 23.949 26.121 25.241 19.586 19.734 19.776 19.816 19.826 19.809 18.766 18.784 18.854 25.939 25.824 25.659 25.674 25.484 25.376 25.299 25.336 25.359 25.179 25.211 25.996 25.426 24.959 24.321 22.666 22.206 22.209 22.319 22.399 23.869 24.546 24.194 27.519 25.364 24.296
17.793 17.329 17.868 19.822 20.124 18.726 17.231 16.77 16.54 16.537 17.144 17.583 17.81 22.899 18.798 17.738 17.864 18.044 18.251 18.379 18.531 18.642 18.749 18.785 18.788 24.299 19.061 19.264 19.334 22.734 23.666 21.949 21.984 23.439 26.129 25.216 21.766 19.714 20.729 21.396 19.686 19.901 18.794 18.824 18.791 20.699 23.851 23.079 19.604 19.411 19.494 19.731 23.114 25.654 28.361 26.241 25.931 25.459 24.926 24.256 22.601 21.969 22.006 22.094 22.191 22.336 22.276 22.504 22.796 24.969 25.099
17.494 17.128 17.397 18.133 18.497 17.621 16.757 16.595 16.522 16.602 17.681 17.46 17.554 17.86 17.8 17.737 17.925 18.075 18.158 18.331 18.569 18.717 18.741 18.71 27.485 27.419 27.441 27.456 27.459 27.424 27.371 27.286 27.171 27.119 27.069 27.044 27.041 19.766 24.161 24.936 19.774 19.689 19.986 18.854 18.841 18.856 19.074 19.116 19.361 20.376 19.426 22.069 26.381 27.729 27.964 26.489 25.881 25.456 21.066 21.009 21.614 21.754 21.901 21.901 21.984 22.116 22.146 22.166 22.139 24.051 23.971
17.201 17.141 17.364 17.7 17.473 17.622 16.726 16.625 16.548 16.747 17.583 17.489 19.416 21.047 17.715 17.755 19.489 18.295 18.305 18.289 18.557 18.689 18.628 18.722 29.595 29.461 29.449 29.386 29.369 29.304 29.219 29.189 29.176 29.141 29.136 29.121 29.136 22.629 24.921 25.166 25.211 25.366 19.914 18.994 18.886 18.824 18.931 20.146 19.279 19.344 20.361 22.429 26.311 27.629 28.069 26.611 25.289 24.264 21.051 21.404 21.461 21.514 21.554 21.611 21.706 21.841 21.921 21.944 21.909 24.144 23.079
17.242 17.174 17.25 17.763 17.851 17.508 16.689 16.558 16.544 16.708 17.416 17.425 17.902 18.089 17.613 17.743 20.303 19.971 18.429 18.391 18.439 18.537 21.497 21.997 31.169 31.594 31.531 31.476 31.396 31.364 31.296 31.276 31.274 31.256 31.254 31.181 31.256 26.829 26.934 27.051 27.164 25.169 19.951 20.321 18.901 18.876 18.899 20.416 19.956 19.104 19.139 21.664 26.211 27.556 28.131 26.729 25.364 24.304 21.699 21.334 21.069 21.196 21.311 21.391 21.411 21.481 21.576 21.679 21.724 24.174 22.226
17.225 17.175 17.316 17.783 17.866 17.105 16.72 16.558 16.568 16.724 17.404 17.421 17.494 17.526 17.584 17.694 18.054 18.402 18.57 18.585 18.505 18.534 22.211 22.577 31.884 32.101 32.099 32.089 32.039 32.039 32.124 32.176 32.254 32.374 32.449 32.554 32.766 27.659 27.541 27.446 27.351 25.586 19.966 20.046 18.926 18.909 18.844 18.931 19.174 19.136 19.166 20.049 26.106 27.436 28.239 26.811 22.944 19.659 21.321 20.656 23.144 23.141 23.129 23.119 20.406 20.379 20.381 20.574 21.041 23.379 23.429
17.187 17.286 17.308 17.277 17.844 16.874 16.666 16.553 16.604 16.913 17.421 17.435 17.451 17.484 17.503 17.75 19.237 18.392 18.499 18.612 18.657 18.613 18.675 18.789 30.186 29.924 29.926 29.939 29.946 29.924 30.009 30.061 30.109 30.174 30.239 30.306 30.494 25.861 25.786 25.714 25.626 24.591 19.956 20.061 18.934 18.941 18.899 18.934 20.371 19.176 19.256 19.989 26.041 27.346 28.291 26.911 23.211 20.016 20.681 20.501 23.134 23.119 23.104 23.101 20.381 20.324 20.306 20.314 20.336 21.874 22.984
17.553 17.849 19.236 18.358 18.586 16.88 16.628 16.509 16.552 16.833 17.523 17.396 17.392 17.44 17.579 17.847 18.211 18.354 18.462 18.596 18.709 18.731 18.683 18.758 28.026 27.864 27.959 27.986 28.001 28.006 28.044 28.071 28.074 28.116 28.161 28.169 28.274 27.159 27.146 27.166 27.279 27.139 19.926 20.124 20.176 19.451 18.944 18.904 20.229 19.219 19.306 19.786 25.979 27.299 26.929 25.554 20.881 21.456 23.446 23.204 22.336 22.319 22.906 22.539 20.326 20.279 20.249 20.306 20.311 21.781 22.964
17.23 18.055 18.966 18.903 18.64 16.681 16.575 16.44 16.597 17.124 17.534 17.452 17.366 17.449 17.512 17.828 18.546 18.296 18.432 18.558 18.672 18.739 18.778 18.757 18.984 24.474 20.051 20.401 21.329 24.286 25.396 22.681 21.699 22.871 26.021 26.764 32.624 26.649 26.621 26.591 26.546 26.514 19.894 20.149 20.091 20.149 18.984 18.884 20.356 19.651 19.079 20.894 23.629 23.979 24.191 24.271 24.354 24.486 20.881 21.319 22.574 19.914 20.494 21.629 21.329 20.289 20.254 20.296 20.344 23.349 22.046
17.016 17.23 17.181 17.033 16.908 16.66 16.506 16.467 16.686 16.844 17.49 18.809 18.552 17.475 17.458 17.812 18.102 18.213 18.38 18.48 18.629 18.759 18.801 18.876 18.849 18.941 19.064 19.124 19.159 23.081 23.336 19.561 19.409 29.926 38.191 39.061 34.614 20.429 19.654 19.626 19.644 19.611 19.809 20.006 20.039 19.794 19.009 18.931 19.959 25.271 25.649 25.439 25.011 25.144 25.261 25.311 25.309 25.324 20.151 19.859 19.839 19.876 20.706 20.429 20.376 20.351 20.316 20.334 20.386 20.791 21.944
16.918 17.49 16.876 16.94 16.884 16.65 16.491 16.486 16.712 16.861 17.487 17.645 17.492 17.449 17.501 18.481 17.999 18.187 18.326 18.413 18.527 18.668 18.762 18.839 18.961 18.924 18.989 19.074 19.184 23.221 23.224 19.391 19.414 29.671 43.769 45.611 36.956 20.856 19.624 19.601 19.631 19.546 19.824 19.884 19.954 19.989 19.971 18.994 18.899 24.701 26.166 25.081 24.476 24.404 24.326 24.231 24.174 24.131 19.916 19.879 21.481 20.839 25.006 25.706 22.411 25.361 25.739 26.039 20.431 20.904 21.564
16.907 16.794 16.802 16.983 16.737 16.684 16.599 16.606 16.73 17.073 17.511 17.363 17.419 17.396 17.473 17.721 17.918 18.169 18.311 18.391 18.446 18.594 18.736 18.786 18.984 19.046 19.076 19.021 19.109 19.134 19.156 19.949 19.431 24.234 39.054 39.524 34.239 19.716 19.684 19.709 19.649 19.459 19.871 19.846 19.904 19.929 20.536 19.071 18.959 23.399 25.716 25.106 21.946 22.579 21.814 21.794 21.789 21.839 25.851 26.544 26.616 26.704 26.789 26.874 26.946 27.031 27.109 27.196 20.436 21.281 22.011
17.352 17.636 19.582 20.16 16.875 16.712 16.569 16.599 16.747 17.01 17.503 17.366 17.377 17.378 17.508 19.078 17.939 18.116 18.209 18.329 18.415 18.592 18.681 18.756 18.884 19.039 19.556 19.171 19.229 19.134 19.199 20.241 19.574 19.449 19.551 23.664 20.171 19.681 19.759 19.709 19.589 19.349 19.771 19.696 19.751 19.916 20.901 19.079 19.014 19.031 25.091 25.764 24.059 24.316 21.384 19.144 21.791 21.804 24.369 27.684 27.769 27.856 27.946 28.024 28.101 28.196 28.279 28.349 20.501 20.916 23.024
17.492 20.384 21.868 20.771 17.558 16.858 16.552 16.707 16.765 17.006 17.389 17.474 17.37 17.361 17.529 17.789 17.944 18.095 18.166 18.34 18.392 18.514 18.609 18.714 18.844 19.004 19.059 19.224 19.246 19.076 19.286 19.246 19.294 19.374 19.429 19.556 19.641 19.724 19.754 19.699 19.609 19.441 19.406 19.439 21.011 23.926 22.599 19.096 19.079 18.961 24.484 26.031 24.664 23.336 22.579 19.151 21.786 21.874 22.159 27.999 27.926 27.854 27.776 27.701 27.606 27.516 27.439 27.366 20.559 20.551 20.941
17.656 21.726 22.077 20.51 17.637 16.927 16.592 16.83 16.846 17.138 17.331 17.315 17.306 17.315 17.567 17.804 17.995 18.159 18.259 18.39 18.415 18.506 18.609 18.771 18.866 18.956 19.011 19.099 18.986 19.179 19.319 19.486 19.439 19.334 19.311 19.466 19.579 19.659 19.689 19.696 19.641 19.496 19.234 19.114 22.474 25.644 25.431 22.916 19.946 19.046 20.684 25.376 24.959 23.919 21.909 19.116 21.796 21.816 20.529 26.866 26.786 26.704 26.621 26.549 26.449 26.371 26.299 26.214 20.704 20.599 20.951
19.516 21.195 21.441 19.334 16.834 16.572 16.548 16.714 16.99 17.61 17.322 17.324 17.301 17.293 17.553 17.833 17.994 18.175 18.269 18.358 18.44 18.544 18.636 18.781 18.816 18.914 18.971 18.964 18.869 19.194 19.191 19.449 19.396 19.369 19.356 19.244 19.246 19.439 19.544 19.579 19.561 19.506 19.391 19.074 19.016 24.734 26.254 24.309 19.571 19.079 18.964 24.659 25.439 24.321 22.204 19.064 21.784 21.824 19.831 19.769 19.856 23.831 22.496 20.614 21.251 20.349 20.396 20.496 20.661 20.629 20.981
17.922 18.858 19.457 17.84 16.493 16.33 16.217 16.297 16.385 17.643 17.351 17.306 17.251 17.267 17.646 17.858 18.051 18.098 18.165 18.281 18.477 18.524 18.621 18.666 18.746 18.831 18.821 18.694 18.901 18.979 19.126 19.266 19.344 19.326 19.371 19.324 19.221 19.166 19.234 19.399 19.449 19.441 19.376 19.231 18.999 23.924 25.634 25.179 22.744 19.959 19.044 20.351 22.614 23.531 22.689 19.966 21.499 23.001 20.054 19.681 19.819 19.984 20.041 20.349 20.096 20.149 20.249 20.446 20.611 20.526 20.774
16.883 16.527 16.607 16.867 16.05 15.964 16.01 16.352 17.905 17.623 17.307 17.262 17.229 17.352 17.92 17.884 18.01 18.055 18.059 18.144 18.414 18.466 18.509 18.576 18.646 18.674 18.681 18.791 18.841 18.864 19.021 19.096 19.146 19.171 19.281 19.316 19.181 19.196 19.134 19.079 19.129 19.214 19.256 19.191 18.956 19.919 24.786 26.084 24.159 20.661 19.094 19.001 22.119 22.114 19.891 19.831 19.326 20.221 21.004 19.636 19.746 19.849 19.881 20.091 20.204 19.241 19.241 19.689 20.851 20.361 20.391
16.267 16.595 16.428 16.679 15.928 15.777 15.893 17.192 17.901 18.367 17.288 17.335 17.289 17.462 17.871 17.889 18.025 18.032 18.039 18.052 18.119 18.294 18.359 18.431 19.661 18.524 18.471 18.694 18.781 18.831 18.884 18.934 18.976 18.994 19.056 19.096 19.064 19.124 19.164 19.094 19.024 18.964 18.951 19.031 18.931 18.944 24.094 25.724 24.936 21.126 19.114 19.094 19.076 19.174 19.254 19.306 19.451 20.026 20.114 19.554 19.601 19.639 19.581 19.821 20.619 19.876 19.921 20.201 20.114 20.154 20.229
16.566 16.451 16.451 16.577 15.621 15.625 15.794 18.467 17.619 17.771 17.312 17.255 17.234 17.477 17.829 17.912 17.961 17.94 18.373 17.977 18.023 18.136 18.359 19.449 18.374 18.254 18.479 18.574 18.689 18.739 18.781 18.806 18.816 18.864 18.831 18.884 18.894 18.946 18.984 18.981 19.046 18.949 18.971 18.906 18.899 18.901 21.204 25.029 25.934 23.989 19.089 19.141 19.014 19.124 20.274 19.644 19.309 19.606 20.511 19.456 19.426 18.936 20.024 19.649 19.594 19.649 19.726 19.804 19.889 19.971 20.129
16.498 17.046 16.454 16.287 15.338 15.292 15.469 16.995 17.409 17.956 17.555 17.227 17.2 17.629 18.052 17.878 18.006 17.96 17.877 17.869 17.976 18.039 20.256 21.606 18.521 18.189 18.409 18.481 18.586 21.846 26.239 25.544 18.711 18.764 18.734 18.739 18.724 18.786 18.831 18.869 18.839 18.851 18.901 18.884 19.136 18.861 18.866 24.386 26.339 25.499 23.279 19.154 19.136 19.096 19.164 19.221 19.299 20.624 19.776 18.874 19.864 19.499 19.421 19.404 19.436 19.501 19.564 19.661 19.771 19.879 20.044
16.492 16.486 16.41 15.992 14.838 14.969 16.126 17.094 17.372 17.653 17.261 17.204 17.246 17.618 17.741 17.813 17.832 17.776 17.786 17.801 17.911 17.966 17.966 18.031 17.969 18.186 18.341 18.386 18.419 25.836 23.359 24.841 22.461 18.724 18.694 18.671 18.626 18.634 18.679 18.709 18.714 18.774 18.786 18.831 18.884 18.816 18.844 24.589 25.551 25.876 24.711 19.191 19.241 19.164 19.184 19.226 19.594 18.711 19.799 19.391 19.304 19.299 19.296 19.311 19.351 19.391 19.436 19.586 19.746 19.904 20.094
