Matlab/Roost_data/braunton/dsm/ss4835_DSM_2M.asc
ncols 500
nrows 500
xllcorner    248000
yllcorner    135000
cellsize     2
NODATA_value -9999
[rows 102 to 135 of 500, columns 154 to 230 of 500]
11.033 11.003 11.026 11.038 11.061 11.058 11.061 11.046 11.038 11.063 11.031 11.028 11.021 10.971 10.956 10.903 10.976 10.948 10.941 10.943 10.911 10.848 10.848 10.858 10.861 10.831 10.758 10.773 10.766 10.756 10.801 10.736 10.708 10.696 10.688 10.641 10.668 10.641 10.621 10.598 10.596 10.556 10.561 10.541 10.441 10.413 10.431 10.383 10.346 10.331 10.246 11.231 12.973 10.216 10.096 10.088 10.091 10.018 10.023 9.996 9.951 9.898 9.826 9.763 9.716 9.651 9.568 9.521 9.536 9.428 9.356 9.298 9.216 9.158 9.058 8.996 8.916
10.986 10.956 10.996 10.983 11.021 10.963 11.018 11.036 11.036 11.021 11.041 11.018 10.993 10.996 10.998 10.958 10.973 10.896 10.941 10.923 10.903 10.963 10.863 10.828 10.846 10.836 10.791 10.798 10.748 10.776 10.748 10.696 10.701 10.668 10.658 10.606 10.633 10.611 10.616 10.573 10.566 10.553 10.518 10.516 10.396 10.366 10.393 10.328 10.333 10.296 10.221 10.793 12.896 10.098 10.036 10.053 10.033 10.011 10.011 9.933 9.891 9.823 9.803 9.753 9.698 9.636 9.578 9.493 9.431 9.368 9.331 9.248 9.168 9.111 9.023 8.991 8.883
10.963 10.971 10.988 10.981 11.003 11.016 11.048 11.031 11.026 11.023 11.036 10.961 10.936 10.953 10.923 10.948 10.911 10.868 10.916 10.896 10.893 10.896 10.841 10.803 10.818 10.818 10.783 10.793 10.718 10.778 10.713 10.666 10.681 10.631 10.636 10.581 10.603 10.598 10.581 10.536 10.553 10.526 10.483 10.488 10.406 10.373 10.368 10.301 10.318 10.271 10.211 10.458 11.406 10.103 9.961 9.993 9.986 9.973 9.938 9.881 9.848 9.798 9.756 9.726 9.678 9.618 9.543 9.461 9.393 9.351 9.311 9.238 9.163 9.078 8.996 8.911 8.846
10.938 10.963 10.958 10.971 10.968 10.976 10.951 10.966 11.018 10.976 10.993 10.991 10.943 10.948 10.943 10.931 10.883 10.866 10.893 10.858 10.896 10.856 10.791 10.781 10.793 10.791 10.746 10.748 10.736 10.756 10.673 10.681 10.653 10.613 10.598 10.578 10.576 10.571 10.523 10.476 10.526 10.506 10.443 10.456 10.413 10.373 10.358 10.308 10.303 10.231 10.193 10.171 11.186 10.743 9.918 9.961 9.961 9.948 9.898 9.871 9.798 9.771 9.723 9.711 9.631 9.548 9.496 9.441 9.346 9.298 9.238 9.206 9.103 9.033 8.938 8.871 8.821
10.908 10.943 10.921 10.948 10.926 10.968 10.951 10.971 11.003 10.958 10.978 10.981 10.951 10.933 10.903 10.851 10.808 10.888 10.863 10.846 10.863 10.828 10.736 10.766 10.771 10.761 10.703 10.683 10.723 10.698 10.661 10.678 10.656 10.578 10.581 10.578 10.548 10.536 10.526 10.481 10.483 10.476 10.453 10.418 10.396 10.348 10.331 10.311 10.251 10.191 10.163 10.096 11.071 10.881 9.906 9.928 9.906 9.883 9.881 9.863 9.781 9.721 9.696 9.671 9.598 9.516 9.478 9.391 9.296 9.248 9.211 9.123 9.091 9.001 8.936 8.848 8.773
10.913 10.923 10.923 10.921 10.926 10.951 10.951 10.981 10.971 10.956 10.973 10.946 10.948 10.891 10.861 10.898 10.846 10.851 10.818 10.846 10.833 10.818 10.831 10.766 10.741 10.731 10.728 10.678 10.716 10.688 10.651 10.628 10.606 10.586 10.556 10.548 10.526 10.518 10.501 10.496 10.458 10.438 10.438 10.376 10.356 10.316 10.258 10.283 10.201 10.173 10.148 10.068 11.718 11.351 9.911 9.883 9.873 9.868 9.853 9.801 9.758 9.701 9.663 9.598 9.571 9.491 9.421 9.356 9.278 9.213 9.131 9.103 9.043 8.948 8.888 8.838 8.746
10.933 10.883 10.906 10.913 10.896 10.923 10.913 10.893 10.886 10.943 10.958 10.906 10.956 10.901 10.881 10.861 10.826 10.846 10.788 10.833 10.806 10.818 10.803 10.726 10.706 10.746 10.711 10.683 10.696 10.651 10.633 10.603 10.568 10.573 10.511 10.523 10.486 10.493 10.458 10.468 10.436 10.403 10.406 10.341 10.348 10.231 10.221 10.263 10.136 10.156 10.121 10.056 10.961 11.416 9.908 9.898 9.853 9.823 9.781 9.783 9.713 9.678 9.603 9.581 9.543 9.456 9.383 9.346 9.253 9.181 9.098 9.043 9.003 8.911 8.881 8.816 8.741
10.883 10.886 10.876 10.871 10.898 10.891 10.898 10.951 10.918 10.951 10.916 10.923 10.941 10.891 10.896 10.818 10.818 10.801 10.753 10.821 10.778 10.801 10.773 10.678 10.648 10.721 10.673 10.661 10.666 10.651 10.618 10.586 10.551 10.538 10.498 10.533 10.461 10.458 10.441 10.398 10.383 10.406 10.366 10.323 10.321 10.223 10.183 10.198 10.108 10.143 10.098 10.026 10.351 11.293 9.986 9.811 9.826 9.798 9.761 9.716 9.726 9.671 9.623 9.538 9.501 9.416 9.338 9.288 9.206 9.178 9.106 9.036 8.963 8.886 8.793 8.778 8.731
10.851 10.896 10.873 10.841 10.873 10.888 10.893 10.888 10.903 10.901 10.888 10.911 10.873 10.868 10.851 10.803 10.811 10.756 10.786 10.798 10.781 10.773 10.763 10.606 10.631 10.681 10.653 10.636 10.623 10.638 10.596 10.561 10.558 10.516 10.466 10.503 10.463 10.426 10.423 10.388 10.331 10.386 10.351 10.286 10.306 10.226 10.156 10.158 10.128 10.121 10.061 10.008 10.116 11.133 10.433 9.796 9.788 9.753 9.736 9.681 9.646 9.621 9.563 9.526 9.451 9.393 9.338 9.246 9.186 9.156 9.088 9.016 8.956 8.846 8.786 8.718 8.671
10.833 10.871 10.838 10.841 10.851 10.828 10.876 10.851 10.848 10.838 10.891 10.901 10.838 10.893 10.853 10.831 10.828 10.781 10.781 10.766 10.761 10.748 10.751 10.708 10.628 10.643 10.631 10.603 10.538 10.606 10.606 10.546 10.538 10.521 10.473 10.461 10.441 10.396 10.401 10.393 10.361 10.351 10.318 10.286 10.261 10.203 10.138 10.123 10.141 10.088 10.018 9.981 9.978 10.896 10.501 9.718 9.731 9.736 9.703 9.678 9.613 9.576 9.501 9.481 9.436 9.363 9.313 9.216 9.151 9.153 9.051 8.986 8.968 8.833 8.771 8.728 8.661
10.843 10.808 10.833 10.828 10.841 10.828 10.848 10.858 10.901 10.876 10.893 10.856 10.868 10.868 10.811 10.823 10.791 10.776 10.746 10.728 10.758 10.726 10.733 10.713 10.608 10.623 10.608 10.616 10.571 10.606 10.576 10.538 10.516 10.481 10.463 10.421 10.418 10.356 10.383 10.356 10.341 10.311 10.303 10.261 10.243 10.188 10.138 10.111 10.136 10.048 9.998 9.966 9.921 11.128 10.493 9.666 9.688 9.716 9.668 9.656 9.588 9.543 9.456 9.426 9.413 9.358 9.298 9.193 9.136 9.086 9.043 8.976 8.913 8.828 8.778 8.713 8.636
10.818 10.786 10.823 10.826 10.823 10.816 10.813 10.841 10.858 10.838 10.851 10.833 10.851 10.796 10.796 10.808 10.733 10.756 10.721 10.701 10.748 10.718 10.723 10.708 10.581 10.571 10.611 10.586 10.566 10.561 10.541 10.531 10.496 10.448 10.433 10.373 10.428 10.348 10.361 10.341 10.301 10.286 10.278 10.251 10.223 10.193 10.116 10.066 10.106 9.996 9.976 9.946 9.858 10.926 11.803 9.716 9.658 9.671 9.641 9.616 9.551 9.513 9.468 9.391 9.363 9.326 9.261 9.191 9.123 9.053 9.018 8.973 8.906 8.838 8.788 8.698 8.613
10.751 10.798 10.773 10.788 10.788 10.783 10.788 10.806 10.826 10.806 10.811 10.836 10.851 10.793 10.808 10.786 10.731 10.741 10.676 10.713 10.716 10.683 10.706 10.683 10.521 10.571 10.586 10.566 10.541 10.536 10.523 10.501 10.476 10.451 10.426 10.376 10.396 10.336 10.321 10.323 10.243 10.226 10.256 10.231 10.196 10.168 10.053 10.038 10.073 9.968 9.978 9.953 9.866 10.586 11.766 9.723 9.616 9.636 9.611 9.581 9.578 9.476 9.428 9.391 9.368 9.296 9.258 9.178 9.111 9.053 9.041 8.983 8.886 8.813 8.801 8.741 8.706
10.701 10.761 10.768 10.788 10.788 10.778 10.776 10.803 10.811 10.831 10.821 10.808 10.823 10.786 10.796 10.748 10.701 10.693 10.691 10.726 10.683 10.671 10.688 10.658 10.523 10.563 10.566 10.538 10.491 10.468 10.521 10.488 10.441 10.446 10.423 10.356 10.366 10.343 10.296 10.313 10.266 10.216 10.228 10.218 10.171 10.116 10.048 9.993 10.053 9.956 9.976 9.923 9.876 10.321 11.181 9.933 9.591 9.601 9.591 9.553 9.586 9.521 9.426 9.358 9.376 9.286 9.271 9.166 9.166 9.073 9.021 9.006 8.896 8.821 8.756 8.711 8.706
10.691 10.723 10.746 10.763 10.736 10.778 10.753 10.773 10.771 10.796 10.763 10.766 10.793 10.773 10.726 10.741 10.728 10.703 10.696 10.706 10.641 10.688 10.656 10.656 10.613 10.551 10.538 10.523 10.516 10.476 10.493 10.463 10.438 10.438 10.396 10.358 10.341 10.326 10.298 10.283 10.271 10.256 10.211 10.201 10.156 10.113 10.056 9.983 9.998 9.971 9.973 9.911 9.901 10.111 10.863 10.188 9.561 9.583 9.566 9.553 9.521 9.511 9.498 9.426 9.378 9.321 9.286 9.198 9.156 9.046 8.998 8.946 8.891 8.833 8.721 8.646 8.633
10.656 10.686 10.751 10.693 10.728 10.733 10.721 10.738 10.743 10.786 10.756 10.751 10.768 10.766 10.743 10.736 10.741 10.698 10.668 10.643 10.638 10.696 10.636 10.648 10.596 10.541 10.526 10.538 10.526 10.461 10.473 10.436 10.433 10.406 10.376 10.358 10.303 10.296 10.278 10.263 10.256 10.238 10.178 10.168 10.116 10.083 10.021 9.986 9.978 9.953 9.953 9.908 9.921 9.968 10.558 10.863 9.578 9.541 9.583 9.518 9.533 9.548 9.448 9.396 9.348 9.288 9.246 9.141 9.066 9.003 8.936 8.896 8.823 8.806 8.751 8.638 8.616
10.616 10.666 10.721 10.671 10.741 10.703 10.721 10.726 10.733 10.746 10.741 10.773 10.756 10.738 10.753 10.698 10.718 10.658 10.658 10.606 10.638 10.656 10.626 10.638 10.591 10.493 10.511 10.516 10.491 10.446 10.456 10.423 10.411 10.383 10.341 10.346 10.281 10.303 10.253 10.226 10.241 10.203 10.141 10.131 10.101 10.091 10.038 9.988 9.958 9.948 9.956 9.911 9.961 9.968 10.803 11.193 9.576 9.503 9.551 9.491 9.521 9.436 9.381 9.321 9.346 9.296 9.253 9.123 9.101 9.011 8.921 8.898 8.816 8.733 8.668 8.643 8.608
10.738 10.641 10.701 10.693 10.751 10.688 10.698 10.688 10.698 10.713 10.718 10.711 10.693 10.731 10.731 10.671 10.696 10.648 10.668 10.651 10.646 10.618 10.618 10.611 10.573 10.496 10.506 10.508 10.476 10.466 10.443 10.416 10.398 10.363 10.368 10.341 10.298 10.298 10.251 10.226 10.191 10.191 10.141 10.096 10.043 10.041 9.998 10.003 9.971 9.968 10.016 9.961 10.001 9.993 10.738 10.051 9.526 9.543 9.443 9.506 9.493 9.443 9.386 9.326 9.258 9.221 9.148 9.076 9.013 8.943 8.926 8.853 8.781 8.741 8.931 9.111 8.961
10.731 10.616 10.641 10.683 10.666 10.668 10.696 10.683 10.716 10.688 10.708 10.711 10.683 10.721 10.698 10.701 10.668 10.641 10.653 10.603 10.623 10.616 10.611 10.578 10.566 10.571 10.486 10.496 10.473 10.458 10.406 10.421 10.401 10.373 10.411 10.363 10.326 10.303 10.251 10.191 10.163 10.163 10.131 10.103 10.038 10.008 9.983 10.016 10.041 10.061 10.086 9.996 10.018 10.033 10.876 10.653 9.708 9.508 9.416 9.428 9.401 9.361 9.306 9.271 9.233 9.158 9.171 9.161 9.186 9.626 9.551 9.673 9.646 9.721 9.618 9.883 9.131
10.713 10.556 10.623 10.663 10.651 10.683 10.666 10.671 10.676 10.663 10.693 10.673 10.693 10.693 10.668 10.673 10.636 10.641 10.606 10.583 10.583 10.573 10.588 10.561 10.571 10.523 10.501 10.473 10.446 10.481 10.441 10.361 10.386 10.338 10.323 10.278 10.308 10.273 10.256 10.191 10.178 10.178 10.118 10.133 10.103 10.118 10.101 10.061 10.076 10.148 10.138 10.008 9.938 10.081 10.551 11.056 9.671 9.576 9.601 9.531 9.493 9.628 9.671 10.253 10.088 11.206 11.776 10.223 10.166 10.033 9.148 8.781 12.028 8.463 8.361 8.321 8.293
10.656 10.678 10.583 10.633 10.666 10.663 10.628 10.638 10.636 10.626 10.673 10.661 10.668 10.633 10.661 10.623 10.628 10.638 10.571 10.561 10.518 10.581 10.583 10.533 10.536 10.516 10.473 10.506 10.436 10.498 10.451 10.403 10.378 10.346 10.331 10.308 10.321 10.288 10.293 10.283 10.293 10.273 10.233 10.208 10.178 10.178 10.181 10.158 10.173 10.161 10.111 9.991 9.843 9.936 10.363 10.401 10.661 11.386 11.533 10.876 10.986 10.408 10.311 12.903 9.948 12.746 9.088 8.893 8.883 8.681 8.653 8.583 8.476 8.381 8.318 8.261 8.221
10.681 10.706 10.543 10.576 10.626 10.626 10.611 10.643 10.626 10.641 10.641 10.656 10.666 10.636 10.676 10.626 10.616 10.616 10.576 10.561 10.501 10.551 10.558 10.523 10.506 10.528 10.451 10.498 10.516 10.501 10.451 10.438 10.426 10.428 10.411 10.378 10.443 10.403 10.388 10.371 10.341 10.306 10.286 10.243 10.196 10.161 10.126 10.128 10.111 10.091 10.043 9.961 9.858 9.886 10.203 10.881 10.501 12.361 11.901 12.563 12.546 12.681 9.426 9.118 9.046 8.993 8.911 8.833 8.743 8.678 8.616 8.526 8.473 8.381 8.298 8.231 8.156
10.678 10.681 10.548 10.551 10.606 10.596 10.633 10.638 10.618 10.646 10.633 10.638 10.641 10.638 10.641 10.616 10.608 10.566 10.591 10.541 10.538 10.531 10.516 10.476 10.501 10.518 10.526 10.523 10.523 10.496 10.523 10.511 10.528 10.496 10.481 10.431 10.451 10.421 10.391 10.351 10.301 10.278 10.263 10.206 10.136 10.113 10.088 10.068 10.053 10.043 9.991 9.928 9.798 10.083 11.146 12.418 9.586 9.658 9.623 9.371 9.413 9.616 9.193 9.113 9.028 8.978 8.911 8.833 8.738 8.648 8.566 8.481 8.401 8.341 8.271 8.198 8.126
10.651 10.626 10.663 10.571 10.568 10.618 10.583 10.596 10.598 10.586 10.611 10.628 10.626 10.578 10.596 10.621 10.613 10.593 10.558 10.503 10.543 10.521 10.488 10.461 10.476 10.518 10.543 10.571 10.576 10.573 10.596 10.561 10.481 10.496 10.438 10.423 10.408 10.346 10.313 10.281 10.236 10.223 10.186 10.153 10.156 10.141 10.128 10.113 10.048 10.086 10.238 10.658 10.866 11.261 11.521 12.361 9.596 9.543 9.423 9.361 9.296 9.226 9.163 9.086 9.003 8.921 8.848 8.771 8.698 8.611 8.533 8.461 8.383 8.308 8.231 8.156 8.073
10.626 10.628 10.663 10.546 10.558 10.588 10.586 10.591 10.593 10.591 10.616 10.641 10.591 10.631 10.553 10.611 10.638 10.611 10.566 10.551 10.543 10.541 10.551 10.538 10.526 10.561 10.573 10.526 10.611 10.626 10.513 10.501 10.478 10.476 10.411 10.373 10.328 10.293 10.238 10.243 10.238 10.221 10.191 10.196 10.253 10.421 10.781 10.851 11.608 10.646 13.008 9.683 9.671 9.656 9.763 9.591 9.551 9.473 9.401 9.306 9.251 9.178 9.116 9.033 8.961 8.878 8.803 8.723 8.651 8.566 8.488 8.423 8.343 8.268 8.201 8.123 8.053
10.643 10.626 10.648 10.593 10.571 10.588 10.586 10.601 10.606 10.591 10.573 10.606 10.603 10.631 10.581 10.618 10.626 10.626 10.646 10.656 10.656 10.636 10.626 10.613 10.616 10.596 10.598 10.581 10.583 10.551 10.513 10.483 10.438 10.376 10.343 10.346 10.318 10.306 10.293 10.343 10.716 11.238 11.951 11.306 11.213 10.373 10.396 10.268 11.456 9.863 9.701 9.703 9.698 9.691 9.568 9.556 9.526 9.411 9.326 9.278 9.216 9.148 9.063 8.988 8.933 8.851 8.778 8.703 8.613 8.543 8.468 8.378 8.311 8.238 8.158 8.066 7.991
10.626 10.603 10.623 10.621 10.588 10.623 10.603 10.578 10.616 10.571 10.588 10.618 10.651 10.676 10.688 10.666 10.696 10.691 10.698 10.676 10.661 10.653 10.626 10.616 10.591 10.606 10.571 10.548 10.558 10.486 10.463 10.456 10.443 10.401 10.391 10.436 10.813 11.383 11.053 12.086 11.931 10.906 11.083 12.028 9.963 10.178 10.191 9.916 9.803 9.811 9.721 9.741 9.706 9.663 9.561 9.543 9.461 9.393 9.311 9.253 9.188 9.111 9.043 8.978 8.918 8.833 8.761 8.668 8.581 8.498 8.413 8.331 8.236 8.151 8.066 8.001 7.928
10.623 10.633 10.646 10.601 10.581 10.671 10.608 10.563 10.611 10.623 10.678 10.706 10.721 10.708 10.721 10.706 10.708 10.698 10.676 10.651 10.646 10.616 10.581 10.563 10.553 10.521 10.508 10.493 10.486 10.473 10.486 10.613 10.916 12.581 11.688 13.871 11.913 13.543 13.021 14.126 12.573 12.388 12.528 12.548 11.946 11.268 11.773 10.501 9.743 9.768 9.723 9.688 9.668 9.596 9.546 9.496 9.401 9.381 9.308 9.201 9.161 9.081 9.033 8.948 8.863 8.773 8.691 8.603 8.503 8.423 8.346 8.261 8.176 8.093 8.013 7.941 7.868
10.603 10.623 10.631 10.616 10.646 10.696 10.681 10.703 10.701 10.693 10.718 10.733 10.726 10.703 10.706 10.691 10.688 10.653 10.611 10.566 10.553 10.531 10.528 10.513 10.528 10.546 10.568 10.716 11.561 12.286 11.371 11.568 12.498 12.156 12.336 12.386 13.036 13.128 12.871 12.751 12.813 12.923 12.628 12.608 12.646 10.726 10.121 10.013 9.741 9.743 9.706 9.673 9.608 9.563 9.516 9.473 9.408 9.341 9.256 9.186 9.111 9.038 8.961 8.876 8.796 8.706 8.621 8.536 8.466 8.376 8.296 8.208 8.108 8.031 7.931 7.858 7.788
10.631 10.648 10.688 10.668 10.688 10.721 10.676 10.713 10.736 10.721 10.716 10.706 10.701 10.666 10.638 10.633 10.621 10.568 10.556 10.551 10.558 10.556 10.606 10.828 11.386 12.148 11.831 11.086 10.558 10.551 10.801 10.658 12.446 12.383 12.368 12.548 12.766 12.841 12.828 13.001 10.896 10.128 12.821 12.823 12.706 9.933 9.848 9.786 9.751 9.736 9.698 9.618 9.581 9.533 9.466 9.411 9.333 9.256 9.211 9.131 9.068 9.001 8.933 8.836 8.758 8.676 8.578 8.491 8.398 8.318 8.223 8.151 8.063 7.968 7.873 7.793 7.718
10.668 10.711 10.741 10.751 10.746 10.736 10.698 10.693 10.683 10.673 10.653 10.643 10.633 10.611 10.601 10.613 10.601 10.608 10.698 11.118 11.871 12.243 11.751 10.771 10.506 10.588 10.573 10.551 10.608 10.558 10.593 10.576 11.841 12.626 12.638 12.776 12.566 10.188 10.318 10.066 10.106 10.023 10.043 9.961 9.913 9.886 9.841 9.791 9.741 9.713 9.648 9.588 9.533 9.483 9.428 9.386 9.318 9.248 9.176 9.096 9.008 8.933 8.861 8.778 8.708 8.611 8.521 8.416 8.328 8.246 8.171 8.091 8.008 7.933 7.843 7.773 7.691
10.738 10.733 10.703 10.696 10.716 10.678 10.646 10.626 10.626 10.621 10.606 10.621 10.628 10.633 10.771 11.676 12.508 11.766 11.671 11.138 10.606 10.598 10.571 10.508 10.518 10.518 10.488 10.493 10.568 10.498 10.473 10.538 10.961 11.581 10.193 11.658 12.893 10.158 10.161 10.068 10.056 10.071 9.981 9.911 9.878 9.828 9.811 9.783 9.746 9.676 9.628 9.576 9.516 9.468 9.401 9.338 9.263 9.186 9.098 9.031 8.943 8.871 8.786 8.713 8.648 8.566 8.481 8.386 8.303 8.208 8.128 8.023 7.951 7.856 7.773 7.686 7.618
10.716 10.688 10.663 10.666 10.631 10.621 10.626 10.633 10.626 10.641 10.788 11.433 12.748 11.836 11.398 10.616 10.656 10.651 10.633 10.608 10.568 10.561 10.548 10.493 10.518 10.483 10.446 10.428 10.451 10.456 10.478 10.576 10.363 10.178 10.121 10.076 10.043 10.076 10.138 10.048 9.993 9.958 9.931 9.901 9.866 9.826 9.783 9.753 9.731 9.661 9.603 9.536 9.468 9.401 9.341 9.278 9.201 9.131 9.058 8.978 8.896 8.831 8.736 8.658 8.581 8.488 8.413 8.308 8.216 8.123 8.041 7.943 7.868 7.788 7.701 7.641 7.561
10.716 10.666 10.661 10.658 10.648 10.673 10.898 11.713 12.531 12.166 11.691 10.556 10.663 10.608 10.626 10.601 10.583 10.576 10.603 10.613 10.566 10.538 10.503 10.486 10.476 10.468 10.448 10.423 10.418 10.371 10.391 10.351 10.276 10.128 10.086 10.051 10.008 9.996 10.038 9.988 9.953 9.958 9.918 9.881 9.851 9.803 9.753 9.716 9.678 9.623 9.558 9.506 9.436 9.376 9.323 9.236 9.153 9.081 9.006 8.921 8.831 8.748 8.666 8.588 8.508 8.423 8.333 8.246 8.153 8.071 7.976 7.903 7.818 7.736 7.651 7.571 7.486
