Matlab/Roost_data/braunton/dsm/ss4836_DSM_2M.asc
ncols 500
nrows 500
xllcorner    248000
yllcorner    136000
cellsize     2
NODATA_value -9999
[rows 128 to 159 of 500, columns 142 to 212 of 500]
19.964 19.254 19.269 20.367 19.292 20.382 19.312 19.334 21.984 20.424 19.427 19.552 19.594 19.662 20.049 20.612 20.044 20.034 20.067 20.112 20.159 20.172 20.192 20.317 20.767 20.094 20.079 20.072 20.852 20.207 20.224 20.299 20.444 20.044 19.954 19.929 20.102 21.459 21.304 20.312 23.577 24.214 23.364 21.122 21.167 21.144 21.112 21.057 20.899 20.887 20.902 22.629 23.177 23.229 23.224 19.619 20.087 21.624 21.474 21.299 21.429 21.362 21.379 21.332 21.437 21.499 21.599 21.499 21.484 21.467 21.567
19.167 19.179 19.184 20.927 19.897 19.272 20.437 20.472 20.189 19.962 21.222 19.467 19.497 19.774 20.722 20.384 20.174 19.922 20.037 20.064 20.107 20.249 20.184 20.479 20.594 20.087 20.067 20.062 20.559 20.199 20.169 20.214 20.252 21.232 21.362 19.949 19.844 19.882 19.939 20.069 24.337 24.167 21.102 21.117 21.149 21.144 21.114 21.049 21.194 20.844 20.902 20.932 20.914 21.489 22.679 19.524 20.997 21.124 21.339 23.067 21.229 21.319 21.339 21.284 22.837 21.304 21.337 21.389 21.414 21.694 21.502
19.709 19.104 19.132 19.159 19.184 19.217 19.237 20.077 20.542 19.819 19.299 19.367 19.404 26.112 25.999 21.369 19.909 20.114 19.952 20.057 20.047 20.112 20.119 21.964 20.049 20.042 21.002 20.304 20.102 20.109 20.107 20.134 20.164 20.532 20.347 20.574 20.147 19.757 19.782 19.807 22.127 23.962 21.082 21.097 21.117 21.097 21.074 20.989 20.927 20.837 20.912 20.922 20.874 22.799 19.372 19.412 21.297 21.137 21.187 22.004 21.204 21.262 21.267 21.227 21.224 22.112 22.009 21.197 24.834 21.292 24.409
19.017 19.037 19.074 19.102 19.152 19.179 19.214 19.224 20.067 19.799 19.254 19.292 19.307 19.674 20.437 20.037 19.907 20.102 19.939 20.084 20.039 22.214 20.229 20.047 20.032 19.989 20.079 20.089 20.064 20.047 20.047 20.109 20.089 21.094 20.167 20.202 20.169 20.347 19.664 19.699 23.412 23.797 22.132 21.159 21.082 21.044 20.979 20.934 20.617 20.639 20.974 20.857 20.834 23.459 19.299 19.767 21.257 21.057 22.902 21.477 21.062 21.504 22.322 21.144 21.164 21.109 21.229 22.432 21.667 22.944 21.744
19.032 19.129 19.032 19.069 19.124 19.134 19.164 19.177 19.194 19.192 19.224 19.234 19.202 19.584 20.524 20.334 20.017 19.897 20.027 20.294 20.099 21.489 20.427 25.334 23.224 20.247 19.989 20.442 19.952 20.179 21.127 20.897 20.009 20.064 20.072 20.129 20.404 20.242 19.699 19.557 19.572 23.014 22.414 21.349 21.432 22.564 23.709 20.844 20.719 20.779 21.322 20.827 22.607 23.524 19.197 20.487 21.064 21.164 21.034 24.504 21.289 20.997 24.492 21.064 24.382 21.072 21.082 21.072 22.744 21.162 21.454
27.052 26.017 19.899 19.014 19.084 19.057 19.087 19.104 19.127 19.137 19.154 19.159 19.149 20.017 24.124 23.014 20.187 19.927 19.887 20.029 20.082 20.132 22.067 26.417 26.134 25.819 25.509 23.467 20.312 20.047 19.924 19.924 19.914 20.169 19.982 22.469 20.334 19.977 20.042 20.462 19.442 19.447 24.037 23.342 21.652 21.639 24.099 20.847 21.064 20.877 20.864 20.824 21.182 20.072 19.074 21.184 20.919 21.029 22.909 26.254 25.314 21.017 21.074 20.879 20.979 21.004 22.094 21.064 22.979 21.417 21.332
26.839 25.499 24.757 20.222 19.047 20.859 19.902 19.064 19.272 19.109 19.049 19.089 19.114 19.827 24.737 24.294 19.694 19.902 19.917 19.972 20.059 20.034 21.647 27.539 27.249 26.922 26.624 26.299 25.992 25.692 24.814 21.899 20.744 20.579 20.319 20.014 20.107 19.942 20.112 20.177 20.207 19.299 19.332 24.109 21.367 21.532 21.234 21.582 20.907 21.097 20.829 20.809 21.449 18.972 19.094 21.337 21.237 20.994 20.829 22.249 23.632 22.344 20.874 20.772 20.799 20.794 20.922 21.012 22.032 21.212 21.242
25.349 30.224 31.407 28.859 19.649 19.342 22.004 20.427 20.524 21.047 24.544 19.107 19.034 19.054 19.127 19.334 19.522 19.659 20.047 19.974 19.972 20.344 25.819 26.754 27.134 27.429 27.662 27.449 27.092 26.807 26.487 26.162 25.857 25.562 23.379 19.892 19.897 19.907 20.344 20.137 20.174 19.394 19.184 19.207 23.959 21.992 21.459 22.589 21.364 24.142 21.177 21.167 21.619 18.874 19.759 20.954 21.237 20.807 20.664 20.747 21.077 20.867 20.902 20.732 20.772 20.824 20.729 20.812 21.494 21.132 21.119
26.867 24.522 30.899 30.014 28.494 19.199 19.254 24.347 26.624 23.442 24.532 20.824 19.077 18.984 18.967 19.202 19.424 19.537 19.722 20.274 20.097 20.914 25.379 25.699 26.002 26.342 26.654 26.967 27.269 27.602 27.604 27.289 26.967 26.652 26.124 20.112 19.862 19.869 20.014 19.917 19.609 19.407 19.187 19.064 19.069 23.714 23.009 21.337 22.664 21.849 22.762 21.374 21.622 18.734 20.934 20.734 20.759 20.704 20.729 20.629 20.699 20.674 20.764 21.022 20.732 20.814 20.702 20.727 20.719 20.929 21.094
24.462 31.969 32.652 29.872 26.087 18.919 23.289 30.342 29.334 29.959 29.267 19.434 19.144 18.882 18.922 19.607 19.242 19.444 19.609 20.404 20.517 20.419 20.079 20.129 22.249 25.234 25.537 25.832 26.147 26.487 26.784 27.089 27.417 27.679 21.142 20.344 19.912 20.259 20.049 19.947 19.732 19.569 20.587 19.467 18.929 18.914 23.752 23.269 21.042 21.129 21.204 20.944 18.632 18.642 20.982 20.527 20.427 20.599 20.964 21.459 20.772 20.599 20.842 20.712 20.674 20.769 20.742 20.639 20.664 20.727 21.002
30.872 31.764 29.852 28.312 18.614 18.682 27.612 28.882 30.542 30.174 28.752 25.632 19.067 18.952 18.854 18.927 19.129 19.299 19.517 20.117 20.564 19.389 19.899 19.804 20.607 20.912 20.762 21.182 24.327 25.377 25.667 25.977 26.274 26.614 19.759 26.147 25.827 25.322 23.307 23.007 19.859 19.762 21.357 20.932 19.524 18.774 18.747 21.169 21.742 20.749 22.512 20.394 18.522 19.469 20.612 20.752 20.499 20.474 20.782 20.864 21.464 20.619 20.862 20.794 20.857 20.779 20.679 20.762 21.107 21.192 20.842
29.219 31.527 29.489 20.469 18.502 24.489 26.592 28.862 29.514 29.849 29.407 28.532 19.202 18.849 18.767 18.824 19.044 19.267 19.404 19.797 20.477 19.332 19.339 19.367 19.392 21.104 20.464 20.112 22.577 19.517 19.509 23.347 25.097 25.519 24.474 27.247 26.944 26.642 26.332 26.027 23.487 20.002 20.002 20.412 19.047 18.912 18.637 18.577 20.334 21.822 20.577 19.484 18.404 20.817 20.204 20.964 20.872 20.382 20.587 20.597 20.719 20.587 21.624 21.219 21.019 20.832 20.934 21.192 20.967 20.767 20.727
27.407 29.054 23.147 18.442 18.419 18.459 24.162 28.877 29.062 29.517 29.124 21.244 18.914 18.779 18.702 18.722 18.972 19.584 19.347 20.034 19.657 19.217 19.214 19.199 19.302 19.409 19.374 19.262 21.394 19.362 19.749 20.187 21.204 20.029 26.247 27.109 27.417 27.677 27.449 27.139 26.044 20.764 20.397 19.514 19.242 19.107 18.632 18.444 18.354 18.352 20.024 18.292 18.282 21.067 23.804 20.084 20.592 20.274 20.929 20.554 20.469 20.512 22.369 24.832 21.057 20.527 20.684 20.689 20.769 20.357 20.509
23.144 20.837 18.937 18.429 18.412 18.409 19.309 26.199 27.302 26.232 26.507 23.894 19.282 18.667 18.639 18.659 24.829 24.632 19.279 19.884 19.162 19.159 19.104 19.057 19.159 19.289 19.224 19.157 19.254 19.179 20.089 19.419 19.462 19.419 25.689 26.014 26.317 26.637 26.924 27.237 27.107 20.289 20.229 19.437 20.284 19.369 18.769 18.654 18.279 18.137 18.129 18.199 18.359 21.017 20.127 19.897 21.314 20.117 20.379 20.709 20.317 20.369 23.957 22.634 23.612 20.949 20.642 20.352 20.572 22.597 22.589
18.329 18.344 18.332 18.384 18.407 18.399 18.384 18.362 18.442 18.462 25.714 28.342 21.039 18.584 18.549 18.594 25.454 20.424 19.189 19.712 19.212 20.544 18.964 18.904 21.462 20.924 18.899 19.167 19.192 19.017 19.717 19.262 20.074 19.322 22.512 22.767 24.919 25.517 25.822 25.857 26.137 20.429 20.049 19.492 20.412 19.454 18.924 18.847 18.999 17.982 18.007 18.087 18.094 18.369 18.677 19.067 20.507 19.892 20.954 21.157 20.947 20.237 21.822 22.502 22.769 20.097 20.079 20.072 20.432 20.224 20.897
18.247 18.287 18.292 18.319 18.364 18.377 18.344 18.382 18.397 19.314 19.242 25.347 19.894 18.587 18.492 18.587 20.532 20.209 19.097 19.712 18.789 18.874 18.732 18.727 21.242 20.907 18.792 20.759 19.114 18.979 19.334 19.264 19.329 19.277 19.262 19.934 20.192 20.152 20.167 23.924 24.297 20.102 20.002 19.694 19.519 20.027 19.234 19.027 19.004 19.517 17.934 17.957 18.077 19.004 18.819 18.852 19.072 19.287 20.324 20.274 19.877 19.969 19.999 20.072 20.647 24.017 23.087 20.359 20.272 20.204 22.432
18.194 18.224 18.234 18.302 18.309 18.337 18.357 18.352 18.354 18.359 18.399 18.417 18.427 18.534 18.427 18.582 18.684 19.469 19.037 19.477 18.719 18.747 18.709 18.714 18.697 18.684 18.744 18.959 18.834 19.037 19.332 20.147 18.972 19.402 19.299 19.172 20.152 20.132 20.134 20.132 20.294 20.087 19.949 19.782 19.587 19.677 22.077 21.617 20.184 19.759 17.849 17.857 20.184 20.599 20.697 20.597 20.187 19.319 19.487 19.627 19.684 19.769 19.862 20.004 20.589 24.357 24.354 20.677 20.657 20.212 20.182
18.149 18.152 18.182 18.224 18.257 18.284 18.269 18.219 18.787 18.307 18.354 18.397 18.387 19.809 18.354 20.707 19.464 18.794 19.124 18.984 18.789 18.719 18.704 18.687 18.689 18.727 18.679 18.664 18.677 18.714 18.734 21.669 18.827 19.334 19.182 19.624 19.114 19.339 20.162 20.129 19.879 19.874 19.764 19.599 19.424 22.307 23.187 22.897 21.289 19.809 17.774 17.974 18.659 20.324 20.054 20.032 20.709 22.109 20.029 20.277 19.682 19.712 19.792 19.852 23.389 24.739 23.949 20.582 20.217 20.169 20.177
17.962 18.059 18.149 18.152 18.194 18.232 18.224 20.084 18.292 18.192 18.327 18.282 18.254 18.197 18.257 20.737 20.627 18.794 19.507 20.042 18.674 21.444 19.739 18.672 18.662 18.667 18.654 18.624 18.622 18.644 18.657 18.662 18.822 19.649 18.874 19.239 19.467 19.004 19.034 19.992 19.677 19.584 19.514 20.199 19.407 22.967 24.177 23.379 19.552 17.757 17.709 19.339 19.519 20.009 19.977 19.999 20.004 19.974 20.104 19.989 19.732 19.717 19.784 21.494 24.059 24.674 23.572 20.234 20.277 20.209 20.227
17.879 17.909 17.952 18.059 18.139 18.069 18.064 18.369 19.462 18.237 18.234 18.187 18.129 18.167 18.182 18.397 18.579 18.797 20.234 18.542 24.529 24.224 21.974 18.787 18.657 18.669 18.609 18.579 18.589 21.252 21.304 21.359 19.997 21.012 18.687 18.954 20.719 19.012 19.242 19.494 19.439 19.377 19.332 19.469 20.049 23.269 24.312 23.097 19.494 17.567 17.624 19.762 19.489 19.872 19.892 19.989 20.344 20.039 20.004 20.532 19.649 19.684 19.739 20.229 24.499 24.294 20.747 19.999 19.949 20.092 20.087
17.837 17.879 17.919 17.954 17.987 18.019 18.017 18.032 18.112 18.159 18.137 19.334 18.032 18.117 18.234 18.379 18.544 18.882 20.217 21.262 25.642 25.332 25.012 24.712 24.407 24.107 20.499 18.582 19.364 21.044 21.112 21.167 21.229 21.282 21.337 20.659 21.314 19.339 19.572 19.444 19.392 19.374 19.549 19.479 19.852 23.569 24.044 22.819 19.407 17.517 17.542 19.454 19.509 19.807 19.874 19.984 19.992 19.992 19.987 19.802 19.574 19.564 19.627 19.702 19.764 19.814 20.437 19.899 19.864 19.809 19.647
17.857 17.869 17.882 17.914 17.932 17.949 17.989 17.969 18.089 18.052 18.004 17.939 17.994 18.054 18.104 18.364 18.557 19.082 18.359 24.747 26.234 26.439 26.137 25.812 25.514 25.212 24.914 19.677 18.622 20.447 20.907 20.952 21.012 21.069 21.127 21.197 21.254 21.317 20.049 19.399 19.319 19.234 19.327 19.172 21.809 22.719 22.952 21.554 19.607 17.467 18.274 19.477 20.399 21.847 19.707 19.689 19.774 19.967 19.969 19.882 19.469 19.549 20.339 19.654 19.734 19.869 20.042 19.587 19.749 19.699 19.609
17.897 17.972 17.987 17.869 17.887 17.909 17.919 17.927 18.007 18.089 19.397 17.842 17.937 17.979 18.189 18.349 18.552 20.212 18.897 24.789 25.119 25.427 25.722 26.052 26.359 26.339 26.024 18.444 18.539 18.569 18.582 18.609 18.974 20.877 20.937 20.982 21.047 19.877 23.012 20.299 19.222 19.169 19.177 19.119 22.352 22.417 22.489 19.342 17.332 17.402 19.364 19.449 25.057 26.434 27.717 26.564 25.269 19.679 19.867 19.699 19.399 19.449 20.364 19.704 19.739 20.072 19.902 19.729 19.879 19.934 19.604
17.792 17.982 17.999 17.987 17.892 18.442 17.862 17.857 17.942 17.847 17.804 17.837 17.894 17.952 18.182 18.349 18.594 20.089 18.764 19.787 23.879 24.307 24.609 24.957 25.249 25.549 25.862 18.389 18.449 18.487 18.499 18.527 18.549 18.562 18.604 18.624 19.967 20.572 22.857 18.972 19.352 19.284 19.154 21.602 19.532 22.157 22.242 19.367 17.284 17.322 19.357 19.864 25.522 26.779 27.499 26.209 25.627 25.287 22.232 19.769 20.859 19.494 19.624 19.254 20.122 20.369 22.122 19.634 19.719 20.087 21.697
17.742 17.872 17.937 17.942 17.919 17.977 17.792 17.779 17.809 18.889 17.707 17.739 18.297 18.062 18.159 18.364 18.634 18.569 18.459 18.762 18.764 18.397 18.312 21.319 24.147 24.454 22.312 18.377 18.357 18.379 18.404 18.437 18.449 18.479 18.524 18.557 18.584 18.922 18.944 18.944 19.054 19.034 19.162 19.992 19.527 19.549 19.714 17.169 17.244 18.299 19.322 22.257 25.824 27.152 27.492 27.182 26.852 25.672 22.084 19.192 21.157 19.244 19.422 19.362 19.909 20.344 19.609 19.639 19.819 19.382 22.134
17.754 17.787 17.852 17.879 17.872 17.824 17.679 17.694 17.697 17.664 17.664 17.699 17.802 19.054 19.869 18.462 19.219 18.062 18.119 18.177 18.869 18.244 18.277 18.464 18.467 18.322 18.229 18.284 18.282 18.294 18.314 18.337 18.374 18.409 18.442 18.474 18.517 18.879 18.879 18.892 19.037 19.362 20.859 19.817 19.579 19.584 17.137 17.107 17.182 19.337 19.847 21.809 26.154 27.492 26.907 27.209 27.542 22.874 21.924 19.137 19.154 19.209 19.244 19.227 19.487 20.199 19.617 19.497 19.579 19.372 22.669
17.559 17.597 17.619 17.774 17.814 17.797 17.679 17.594 17.602 17.599 17.594 17.639 17.729 18.094 19.419 18.837 20.632 18.002 18.029 18.099 20.047 18.164 18.197 18.237 18.219 18.347 18.144 20.597 20.529 18.452 18.249 18.262 18.289 18.322 18.357 18.404 22.047 24.457 18.819 19.052 18.932 19.094 19.529 19.729 21.979 22.054 17.072 17.079 17.119 18.994 19.192 25.297 26.602 27.682 26.364 25.999 26.247 22.382 20.279 19.262 19.529 19.302 19.084 19.254 19.817 19.737 19.592 21.244 22.047 20.744 23.072
17.474 17.517 17.554 17.702 17.784 17.789 17.637 17.497 17.504 17.509 17.522 17.554 17.619 17.729 18.982 20.014 20.077 17.982 18.014 18.032 18.042 18.104 18.119 18.112 18.097 18.257 19.402 20.797 20.739 18.519 18.192 19.807 19.939 18.399 18.314 18.329 24.482 24.287 18.854 21.164 24.254 18.764 19.834 20.734 21.704 21.619 16.992 17.042 17.064 18.782 19.022 19.262 19.412 25.859 26.064 22.819 24.849 22.162 18.994 19.089 19.249 19.034 18.962 19.059 19.992 20.012 19.527 21.757 23.384 23.227 23.499
18.684 17.432 17.534 17.604 17.654 17.649 17.554 17.384 17.429 17.427 17.454 17.479 17.492 17.557 17.647 18.724 18.079 18.202 17.892 19.617 18.294 18.034 18.282 19.452 18.002 17.972 20.897 21.007 20.947 18.084 18.129 20.772 20.719 20.669 20.629 18.562 24.889 24.874 24.444 23.904 24.659 23.572 20.124 19.689 19.764 18.694 16.942 17.012 17.112 19.074 19.359 20.197 19.454 22.507 22.227 19.569 19.544 20.802 18.962 19.214 20.669 18.972 20.957 19.634 19.877 20.304 20.862 19.427 22.187 22.642 23.952
20.094 20.064 18.219 17.517 17.519 17.547 17.484 17.344 17.339 17.349 17.389 17.407 17.422 17.454 17.479 17.517 17.577 17.624 17.672 17.697 17.829 17.832 17.864 18.732 18.199 17.904 18.827 17.904 18.297 18.009 18.042 20.954 20.919 20.874 20.819 22.779 25.297 26.092 26.554 25.307 24.914 19.584 24.584 24.264 21.754 20.092 16.999 16.952 18.962 19.177 20.394 19.214 19.437 19.437 19.837 19.549 19.369 19.944 19.377 18.954 19.212 18.937 19.034 19.009 20.377 21.572 21.534 21.477 19.132 19.269 19.242
17.487 17.494 22.602 23.464 18.569 17.432 17.392 17.274 17.259 17.282 17.314 17.342 17.332 17.392 17.424 17.449 17.487 18.354 19.249 18.067 17.637 17.694 17.717 17.764 17.807 17.839 19.087 18.102 17.894 17.932 17.952 18.024 18.187 19.539 21.024 24.229 24.632 25.069 25.477 25.772 24.562 22.437 24.614 25.049 20.314 20.634 17.052 16.892 18.984 19.059 19.089 19.167 19.154 19.252 19.534 19.547 19.349 18.984 18.852 18.742 19.047 20.074 19.132 19.034 21.274 21.379 21.502 21.612 18.749 18.734 18.737
17.444 20.459 23.114 25.412 23.647 20.622 17.574 17.199 17.174 17.217 17.242 17.277 17.309 17.394 17.384 17.407 17.434 17.474 17.504 17.529 17.567 18.899 18.759 17.944 17.727 17.714 17.754 17.797 17.829 17.852 17.882 17.937 17.979 18.179 18.357 18.474 18.729 22.207 24.184 24.637 24.169 20.264 19.699 18.917 18.782 20.649 16.847 17.022 18.944 19.177 19.234 18.999 19.059 19.092 19.214 19.272 19.332 18.844 18.714 18.889 18.642 18.937 21.294 19.452 20.147 19.354 21.147 20.479 18.744 18.754 18.794
