Matlab/Roost_data/braunton/dsm/ss4838_DSM_2M.asc
ncols 500
nrows 500
xllcorner    248000
yllcorner    138000
cellsize     2
NODATA_value -9999
[rows 256 to 287 of 500, columns 71 to 141 of 500]
89.169 89.196 89.194 89.186 89.181 89.181 89.156 89.084 89.029 88.919 88.804 88.664 88.501 88.346 88.179 88.001 87.781 87.494 87.254 87.031 86.771 86.509 86.241 85.964 85.654 85.334 85.004 84.631 84.276 83.879 83.416 82.956 82.476 81.974 81.494 81.024 80.584 80.134 79.674 79.211 78.804 78.404 78.016 77.649 77.296 76.994 76.739 76.461 76.241 76.051 75.871 75.719 75.566 75.394 75.246 75.076 74.934 74.789 74.629 74.499 74.339 74.136 73.966 73.779 73.621 73.474 73.309 73.129 72.924 72.764 72.674
88.699 88.699 88.704 88.709 88.719 88.716 88.681 88.611 88.549 88.434 88.309 88.179 88.029 87.871 87.674 87.466 87.221 86.936 86.691 86.484 86.214 85.936 85.666 85.379 85.104 84.774 84.459 84.094 83.744 83.364 82.891 82.441 81.971 81.491 81.009 80.549 80.114 79.646 79.189 78.769 78.339 77.951 77.576 77.214 76.916 76.634 76.381 76.159 75.944 75.791 75.631 75.484 75.344 75.209 75.046 74.896 74.734 74.591 74.459 74.304 74.124 73.961 73.776 73.574 73.419 73.244 73.059 72.896 72.724 72.591 72.476
88.261 88.284 88.289 88.276 88.271 88.251 88.219 88.169 88.079 87.951 87.839 87.691 87.531 87.364 87.139 86.894 86.641 86.366 86.129 85.901 85.656 85.386 85.114 84.826 84.524 84.239 83.901 83.561 83.221 82.814 82.386 81.929 81.471 80.999 80.554 80.111 79.654 79.211 78.756 78.354 77.904 77.526 77.164 76.844 76.599 76.336 76.084 75.909 75.731 75.594 75.444 75.294 75.139 75.009 74.866 74.709 74.541 74.416 74.246 74.109 73.924 73.779 73.581 73.386 73.214 73.056 72.876 72.714 72.544 72.456 72.371
87.874 87.836 87.849 87.846 87.834 87.794 87.759 87.694 87.579 87.469 87.351 87.194 86.999 86.791 86.569 86.334 86.084 85.836 85.599 85.346 85.086 84.816 84.536 84.261 83.974 83.684 83.366 83.031 82.671 82.309 81.889 81.451 80.994 80.551 80.134 79.699 79.236 78.784 78.341 77.904 77.506 77.151 76.859 76.601 76.309 76.084 75.896 75.724 75.564 75.419 75.281 75.134 74.986 74.836 74.674 74.509 74.346 74.221 74.044 73.894 73.756 73.561 73.371 73.211 73.041 72.899 72.724 72.564 72.461 72.414 72.359
87.449 87.434 87.424 87.416 87.371 87.319 87.269 87.196 87.086 86.976 86.866 86.686 86.464 86.256 86.014 85.779 85.529 85.309 85.051 84.789 84.516 84.249 83.976 83.709 83.426 83.111 82.816 82.499 82.131 81.771 81.366 80.936 80.546 80.114 79.704 79.251 78.801 78.374 77.936 77.536 77.201 76.901 76.616 76.349 76.109 75.929 75.721 75.559 75.416 75.289 75.136 74.999 74.849 74.689 74.491 74.331 74.159 74.011 73.856 73.696 73.564 73.376 73.209 73.051 72.919 72.771 72.629 72.516 72.466 72.449 72.399
87.029 87.011 86.979 86.964 86.916 86.864 86.791 86.726 86.581 86.459 86.301 86.119 85.886 85.699 85.444 85.186 84.969 84.784 84.484 84.241 83.974 83.716 83.461 83.179 82.899 82.581 82.284 81.959 81.614 81.241 80.844 80.459 80.084 79.684 79.274 78.859 78.406 78.016 77.629 77.259 76.951 76.689 76.429 76.181 75.979 75.811 75.609 75.446 75.331 75.181 75.039 74.891 74.696 74.524 74.344 74.154 74.001 73.849 73.719 73.556 73.396 73.241 73.106 72.976 72.864 72.744 72.624 72.556 72.506 72.504 72.444
86.606 86.564 86.524 86.496 86.451 86.391 86.306 86.201 86.086 85.936 85.751 85.561 85.336 85.126 84.889 84.636 84.444 84.224 83.964 83.696 83.424 83.204 82.939 82.656 82.359 82.064 81.786 81.446 81.116 80.751 80.386 80.006 79.674 79.284 78.889 78.489 78.074 77.716 77.369 77.049 76.784 76.554 76.319 76.094 75.899 75.714 75.521 75.376 75.231 75.104 74.964 74.771 74.571 74.396 74.194 74.051 73.904 73.771 73.644 73.474 73.331 73.206 73.076 72.959 72.869 72.721 72.644 72.624 72.586 72.569 72.549
86.201 86.144 86.091 86.059 85.984 85.899 85.799 85.686 85.571 85.391 85.191 85.001 84.801 84.576 84.351 84.131 83.904 83.681 83.431 83.171 82.931 82.691 82.411 82.141 81.861 81.579 81.269 80.956 80.601 80.274 79.934 79.609 79.266 78.879 78.546 78.169 77.806 77.481 77.174 76.911 76.721 76.486 76.264 76.016 75.821 75.651 75.489 75.364 75.226 75.054 74.881 74.689 74.481 74.309 74.151 74.016 73.899 73.754 73.604 73.441 73.314 73.214 73.099 72.989 72.894 72.774 72.741 72.734 72.714 72.716 72.694
85.799 85.729 85.674 85.616 85.541 85.429 85.319 85.186 85.029 84.834 84.656 84.439 84.224 84.021 83.801 83.591 83.359 83.174 82.914 82.669 82.416 82.151 81.891 81.619 81.376 81.061 80.764 80.469 80.154 79.836 79.526 79.226 78.911 78.566 78.221 77.869 77.571 77.304 77.036 76.834 76.619 76.406 76.176 75.966 75.786 75.631 75.479 75.349 75.199 75.036 74.861 74.666 74.486 74.321 74.179 74.039 73.899 73.771 73.614 73.476 73.346 73.274 73.164 73.084 72.979 72.901 72.881 72.886 72.869 72.884 72.866
85.384 85.346 85.266 85.161 85.079 84.951 84.834 84.709 84.514 84.324 84.124 83.936 83.704 83.476 83.309 83.086 82.871 82.656 82.429 82.159 81.919 81.669 81.384 81.131 80.859 80.601 80.326 80.024 79.739 79.449 79.179 78.894 78.564 78.249 77.904 77.626 77.396 77.166 76.956 76.744 76.541 76.321 76.131 75.946 75.776 75.654 75.519 75.384 75.234 75.069 74.891 74.716 74.549 74.379 74.236 74.096 73.974 73.816 73.681 73.566 73.464 73.384 73.309 73.241 73.164 73.111 73.059 73.044 73.059 73.049 73.026
85.024 84.936 84.844 84.749 84.611 84.501 84.356 84.216 83.996 83.819 83.631 83.409 83.199 83.016 82.814 82.606 82.394 82.181 81.951 81.681 81.454 81.189 80.939 80.696 80.441 80.219 79.931 79.654 79.389 79.114 78.854 78.591 78.299 77.994 77.739 77.494 77.274 77.056 76.881 76.679 76.486 76.299 76.119 75.946 75.836 75.726 75.599 75.464 75.326 75.164 75.014 74.809 74.649 74.504 74.359 74.236 74.084 73.946 73.861 73.744 73.669 73.609 73.546 73.469 73.381 73.306 73.259 73.236 73.241 73.244 73.209
84.629 84.529 84.429 84.304 84.214 84.064 83.906 83.729 83.531 83.351 83.129 82.949 82.761 82.566 82.349 82.139 81.946 81.749 81.531 81.266 81.044 80.774 80.554 80.329 80.079 79.844 79.569 79.316 79.091 78.871 78.624 78.381 78.106 77.821 77.589 77.384 77.196 77.004 76.846 76.664 76.504 76.341 76.154 76.054 75.924 75.826 75.749 75.616 75.479 75.326 75.141 74.969 74.836 74.706 74.534 74.414 74.266 74.144 74.061 73.974 73.911 73.851 73.766 73.694 73.619 73.531 73.484 73.454 73.461 73.439 73.374
84.276 84.166 84.034 83.904 83.781 83.636 83.461 83.279 83.084 82.864 82.696 82.516 82.331 82.156 81.949 81.756 81.556 81.344 81.136 80.924 80.676 80.444 80.234 79.999 79.761 79.516 79.286 79.084 78.869 78.656 78.436 78.169 77.914 77.691 77.491 77.306 77.169 77.014 76.879 76.721 76.549 76.391 76.256 76.171 76.096 76.039 75.939 75.814 75.661 75.501 75.346 75.199 75.051 74.906 74.764 74.619 74.504 74.399 74.319 74.241 74.171 74.119 74.036 73.949 73.886 73.804 73.734 73.714 73.676 73.604 73.281
83.854 83.779 83.654 83.551 83.416 83.246 83.054 82.886 82.696 82.514 82.329 82.174 82.006 81.819 81.634 81.436 81.239 81.024 80.811 80.611 80.389 80.176 79.934 79.726 79.499 79.281 79.076 78.876 78.679 78.461 78.246 78.016 77.804 77.636 77.481 77.334 77.211 77.076 76.936 76.799 76.654 76.534 76.449 76.389 76.329 76.276 76.159 76.021 75.859 75.699 75.559 75.421 75.286 75.161 75.009 74.866 74.771 74.669 74.594 74.534 74.466 74.414 74.359 74.276 74.179 74.094 73.994 73.934 73.859 73.679 73.379
83.571 83.454 83.339 83.194 83.051 82.854 82.691 82.521 82.356 82.176 82.039 81.871 81.691 81.504 81.361 81.164 80.949 80.769 80.564 80.374 80.144 79.941 79.704 79.494 79.299 79.081 78.879 78.704 78.519 78.321 78.151 77.964 77.809 77.669 77.551 77.414 77.281 77.159 77.046 76.929 76.809 76.749 76.669 76.651 76.561 76.496 76.356 76.211 76.071 75.901 75.791 75.686 75.541 75.409 75.261 75.134 75.029 74.941 74.889 74.839 74.784 74.749 74.666 74.591 74.501 74.336 74.234 74.104 73.991 73.669 73.984
83.371 83.221 83.116 82.966 82.781 82.611 82.441 82.259 82.089 81.951 81.771 81.629 81.464 81.319 81.161 80.941 80.761 80.561 80.374 80.164 79.991 79.754 79.564 79.351 79.161 78.986 78.821 78.679 78.514 78.334 78.166 78.001 77.851 77.729 77.606 77.501 77.386 77.314 77.219 77.119 77.031 76.991 76.929 76.881 76.809 76.706 76.566 76.409 76.279 76.164 76.029 75.929 75.809 75.656 75.524 75.419 75.309 75.244 75.214 75.179 75.151 75.081 74.994 74.881 74.709 74.559 74.381 74.231 74.034 73.959 74.549
83.154 83.041 82.899 82.744 82.606 82.439 82.226 82.059 81.904 81.766 81.594 81.466 81.301 81.161 80.994 80.796 80.626 80.434 80.244 80.039 79.859 79.666 79.491 79.301 79.154 78.999 78.834 78.689 78.541 78.369 78.219 78.066 77.941 77.846 77.734 77.641 77.556 77.494 77.421 77.361 77.289 77.254 77.196 77.151 77.021 76.909 76.774 76.646 76.511 76.404 76.299 76.171 76.039 75.921 75.776 75.706 75.634 75.594 75.559 75.521 75.486 75.491 75.314 75.089 75.009 74.824 74.616 74.474 74.269 74.574 74.954
83.051 82.911 82.766 82.584 82.406 82.239 82.054 81.886 81.764 81.606 81.471 81.326 81.191 81.051 80.914 80.764 80.586 80.406 80.224 79.989 79.764 79.646 79.469 79.329 79.199 79.059 78.919 78.794 78.616 78.451 78.319 78.194 78.076 77.994 77.891 77.794 77.724 77.696 77.629 77.594 77.544 77.516 77.449 77.386 77.259 77.136 76.999 76.879 76.771 76.659 76.546 76.431 76.306 76.174 76.079 76.034 76.004 75.961 75.921 75.894 75.844 75.976 75.759 75.436 75.226 75.139 74.939 74.666 74.866 75.099 75.366
83.024 82.896 82.714 82.541 82.359 82.181 82.004 81.864 81.691 81.536 81.434 81.329 81.199 81.061 80.899 80.726 80.549 80.366 80.226 79.984 79.816 79.704 79.574 79.439 79.316 79.191 79.059 78.911 78.736 78.619 78.474 78.361 78.254 78.189 78.066 77.976 77.941 77.889 77.854 77.826 77.791 77.756 77.696 77.594 77.476 77.361 77.251 77.151 77.014 76.926 76.826 76.721 76.586 76.484 76.419 76.474 76.369 76.296 76.256 76.206 76.154 76.221 76.661 76.159 75.954 75.839 75.024 74.939 75.249 75.941 76.721
82.989 82.846 82.671 82.514 82.344 82.159 82.014 81.859 81.724 81.576 81.459 81.354 81.221 81.084 80.936 80.816 80.649 80.451 80.304 80.114 79.981 79.881 79.736 79.589 79.461 79.319 79.194 79.029 78.881 78.764 78.639 78.566 78.466 78.369 78.251 78.189 78.129 78.101 78.074 78.064 78.049 78.009 77.924 77.829 77.704 77.614 77.516 77.414 77.316 77.166 77.091 76.996 76.991 76.944 77.004 77.019 76.946 76.606 76.511 76.516 76.666 77.039 76.426 75.921 75.886 75.939 75.429 75.246 75.414 75.704 75.921
82.951 82.784 82.621 82.481 82.311 82.144 82.004 81.829 81.709 81.566 81.474 81.364 81.251 81.124 81.014 80.866 80.736 80.581 80.424 80.311 80.171 80.044 79.884 79.751 79.619 79.466 79.331 79.184 79.056 78.926 78.834 78.769 78.671 78.546 78.469 78.366 78.314 78.321 78.311 78.321 78.299 78.229 78.146 78.041 77.939 77.844 77.754 77.649 77.584 77.469 77.426 77.396 77.411 77.406 77.346 77.139 77.214 77.001 77.001 76.911 77.231 78.084 76.366 75.736 75.461 75.256 75.159 75.669 75.854 75.941 76.266
82.919 82.781 82.616 82.466 82.301 82.179 82.019 81.874 81.751 81.616 81.519 81.404 81.299 81.179 81.046 80.916 80.791 80.671 80.549 80.424 80.331 80.194 80.046 79.919 79.776 79.624 79.469 79.339 79.234 79.131 79.054 78.964 78.854 78.736 78.639 78.566 78.541 78.556 78.554 78.561 78.526 78.444 78.369 78.289 78.186 78.129 78.056 77.969 77.861 77.756 77.689 77.786 77.746 77.631 77.636 77.704 77.561 76.946 76.656 76.699 77.346 77.544 76.704 76.186 75.729 75.731 75.889 83.494 81.139 76.184 76.449
82.929 82.819 82.674 82.504 82.371 82.241 82.071 81.916 81.791 81.686 81.581 81.456 81.336 81.224 81.106 80.971 80.881 80.751 80.654 80.546 80.469 80.334 80.199 80.049 79.926 79.769 79.646 79.534 79.424 79.346 79.266 79.169 79.051 78.904 78.819 78.736 78.766 78.794 78.811 78.819 78.764 78.704 78.646 78.564 78.486 78.424 78.334 78.236 78.099 77.986 77.904 78.014 77.999 78.039 78.141 77.224 77.141 77.371 77.521 77.461 77.421 77.244 76.884 76.294 75.971 78.261 82.034 88.896 86.949 78.499 76.686
83.016 82.871 82.711 82.581 82.464 82.316 82.151 82.011 81.884 81.756 81.639 81.526 81.389 81.276 81.164 81.066 80.956 80.854 80.761 80.644 80.581 80.466 80.331 80.204 80.061 79.961 79.831 79.739 79.646 79.579 79.484 79.386 79.226 79.076 78.986 78.979 79.001 79.019 79.076 79.081 79.056 78.959 78.901 78.826 78.764 78.681 78.559 78.439 78.519 78.461 78.339 78.309 77.839 78.696 77.729 77.596 78.046 78.129 77.919 77.646 77.479 77.291 77.036 76.591 76.231 83.224 86.226 83.796 79.234 81.144 76.996
83.111 82.946 82.811 82.689 82.554 82.411 82.271 82.136 81.994 81.824 81.691 81.576 81.461 81.336 81.224 81.129 81.019 80.929 80.834 80.751 80.686 80.601 80.484 80.364 80.259 80.151 80.039 79.931 79.881 79.821 79.769 79.651 79.481 79.236 79.179 79.166 79.201 79.279 79.311 79.294 79.309 79.294 79.186 79.066 79.044 78.974 79.501 80.989 79.236 78.486 77.956 77.994 77.954 78.331 78.476 78.434 78.296 78.344 78.231 77.851 77.641 77.544 77.639 76.989 76.629 80.064 79.051 77.429 77.631 79.136 77.271
83.264 83.094 82.961 82.841 82.689 82.566 82.411 82.269 82.106 81.939 81.814 81.674 81.544 81.434 81.331 81.216 81.116 81.024 80.956 80.889 80.831 80.779 80.664 80.554 80.444 80.339 80.256 80.194 80.186 80.089 80.019 79.819 79.581 79.434 79.356 79.329 79.376 79.474 79.506 79.511 79.539 79.621 80.011 79.609 80.601 81.444 83.651 84.509 80.714 78.574 78.684 78.796 78.754 78.644 78.666 78.694 78.699 78.594 78.324 78.186 78.094 77.831 77.651 77.334 76.826 77.011 80.784 77.851 77.871 77.856 77.749
83.441 83.326 83.176 83.054 82.929 82.779 82.624 82.429 82.266 82.081 81.949 81.796 81.686 81.559 81.444 81.336 81.249 81.179 81.139 81.061 81.041 80.959 80.841 80.744 80.699 80.631 80.584 80.464 80.456 80.484 80.289 79.979 79.844 79.631 79.584 79.596 79.589 79.631 79.681 79.691 79.866 85.354 86.531 83.704 82.211 82.424 81.849 82.416 79.026 79.046 79.049 79.114 79.111 79.089 80.406 80.531 79.221 80.084 79.176 78.446 78.146 78.021 77.944 77.376 77.054 77.919 77.831 78.159 78.134 78.041 78.061
83.654 83.541 83.401 83.281 83.134 83.031 82.881 82.676 82.456 82.331 82.124 81.986 81.864 81.719 81.604 81.511 81.446 81.391 81.374 81.216 81.354 81.214 81.149 81.126 80.954 80.861 80.851 80.769 80.801 81.394 80.444 80.204 80.011 79.889 79.796 79.786 79.754 79.849 79.991 80.796 82.761 87.339 88.939 84.086 80.376 80.044 80.256 79.896 80.656 79.461 79.431 79.414 79.429 79.604 80.279 82.426 84.689 79.066 79.061 78.706 78.474 78.609 78.389 77.821 77.731 77.979 78.164 78.191 78.451 78.379 78.231
83.931 83.786 83.654 83.529 83.389 83.219 83.191 82.899 82.704 82.519 82.319 82.181 82.031 81.924 81.836 81.706 81.664 81.636 81.499 81.436 81.506 81.336 81.394 81.329 81.274 81.174 81.106 80.991 80.824 80.566 80.559 80.496 80.266 79.976 80.016 80.014 80.179 80.279 80.861 81.014 82.619 84.429 86.256 80.556 80.209 80.404 80.046 80.139 79.939 79.884 79.729 79.716 79.776 80.426 79.579 81.764 80.879 81.341 79.249 79.134 78.866 78.779 78.771 78.451 78.361 78.579 78.219 78.299 78.434 78.516 78.559
84.184 84.009 83.844 83.789 83.586 83.506 83.359 83.109 82.879 82.701 82.549 82.406 82.331 82.154 82.046 81.934 81.936 81.856 81.899 81.786 81.744 81.611 81.629 81.564 81.449 81.271 81.279 80.946 81.086 81.824 82.291 81.181 80.701 80.496 80.221 80.164 80.166 80.216 80.396 80.714 80.354 80.684 80.831 80.656 80.484 80.406 80.364 80.321 80.079 79.916 79.934 79.946 79.816 79.729 79.724 80.341 79.961 79.529 79.436 79.194 79.076 78.944 78.776 78.514 78.341 78.251 78.464 78.549 78.684 78.809 78.886
84.489 84.224 84.034 83.986 83.846 83.689 83.451 83.296 83.036 82.884 82.759 82.626 82.719 82.574 82.354 82.211 82.206 82.104 82.084 82.109 81.994 81.846 81.761 81.686 81.584 81.486 81.319 80.974 81.479 82.139 80.691 80.314 80.226 79.954 79.751 79.739 79.731 79.749 80.081 80.639 80.716 80.841 80.814 80.711 80.656 80.574 80.496 80.641 80.271 80.109 80.109 80.031 79.999 79.901 79.836 79.841 79.816 79.514 79.486 79.601 79.266 79.086 78.819 78.306 78.174 78.264 78.674 78.924 79.031 79.154 79.244
84.666 84.556 84.454 84.464 85.639 83.866 83.649 83.286 83.141 83.041 82.921 82.886 82.914 82.754 82.664 82.529 82.406 82.426 82.236 82.239 82.189 81.994 81.864 81.846 82.129 85.881 81.256 81.114 80.859 80.846 80.866 80.654 80.256 80.026 80.086 80.316 80.239 80.281 80.596 80.934 81.006 80.976 81.131 80.906 80.764 80.769 80.546 80.506 80.226 80.229 80.096 80.171 80.074 80.229 80.126 79.999 79.839 79.819 79.771 79.674 79.451 79.169 78.644 78.311 78.236 78.499 78.929 79.424 79.361 79.536 79.609
