Matlab/Roost_data/braunton/dsm/ss4838_DSM_2M.asc
ncols 500
nrows 500
xllcorner    248000
yllcorner    138000
cellsize     2
NODATA_value -9999
[rows 0 to 31 of 500, columns 0 to 70 of 500]
119.234 119.202 119.197 119.147 119.069 118.998 118.944 118.89 118.816 118.767 118.717 118.678 118.689 118.693 118.657 118.63 118.564 118.565 118.539 118.461 118.412 118.375 118.275 118.18 118.093 118.029 117.945 117.87 117.797 117.715 117.608 117.567 117.524 117.462 117.436 117.438 118.436 117.928 117.121 117.036 116.938 116.826 116.738 116.701 116.623 116.553 116.468 116.396 116.281 116.158 116.051 115.933 115.818 115.693 115.566 115.463 115.356 115.226 115.053 114.903 114.718 114.558 114.423 114.296 114.158 114.018 113.866 113.666 113.498 113.286 113.088
119.331 119.313 119.289 119.225 119.165 119.095 119.041 118.954 118.896 118.894 118.84 118.77 118.745 118.723 118.692 118.643 118.621 118.606 118.576 118.511 118.477 118.408 118.332 118.245 118.169 118.099 118.017 117.923 117.841 117.757 117.678 117.637 117.571 117.536 117.518 117.946 118.801 117.416 117.183 117.098 116.981 116.871 116.801 116.766 116.693 116.601 116.548 116.466 116.351 116.243 116.093 116.001 115.873 115.756 115.651 115.546 115.411 115.276 115.133 114.953 114.776 114.656 114.516 114.361 114.221 114.051 113.908 113.743 113.561 113.346 113.153
119.366 119.337 119.293 119.221 119.194 119.12 119.065 119.012 119 118.953 118.889 118.827 118.811 118.769 118.727 118.686 118.647 118.621 118.616 118.566 118.493 118.446 118.385 118.311 118.218 118.124 118.042 117.958 117.874 117.791 117.743 117.707 117.647 117.614 117.608 118.306 119.461 117.263 117.268 117.176 117.041 116.951 116.873 116.841 116.776 116.678 116.613 116.518 116.426 116.328 116.173 116.073 115.946 115.851 115.731 115.641 115.516 115.371 115.236 115.051 114.893 114.746 114.601 114.458 114.311 114.156 113.983 113.826 113.618 113.423 113.238
119.428 119.406 119.348 119.291 119.236 119.156 119.073 119.033 119 118.957 118.925 118.897 118.866 118.813 118.746 118.703 118.689 118.657 118.62 118.58 118.529 118.473 118.423 118.356 118.281 118.171 118.094 118.016 117.924 117.851 117.822 117.767 117.708 117.711 117.713 119.008 118.591 117.361 117.348 117.208 117.121 117.061 116.968 116.931 116.848 116.776 116.703 116.608 116.513 116.391 116.286 116.146 116.023 115.933 115.826 115.741 115.626 115.471 115.328 115.133 114.978 114.843 114.691 114.548 114.411 114.246 114.091 113.921 113.713 113.523 113.348
119.501 119.442 119.408 119.344 119.325 119.241 119.124 119.081 119.02 118.976 118.959 118.936 118.897 118.853 118.82 118.776 118.722 118.668 118.667 118.6 118.563 118.506 118.433 118.354 118.291 118.21 118.133 118.073 117.977 117.93 117.881 117.815 117.813 117.808 118.103 119.356 118.261 117.458 117.408 117.276 117.226 117.141 117.058 117.036 116.943 116.866 116.791 116.688 116.566 116.466 116.336 116.241 116.118 116.021 115.938 115.816 115.703 115.551 115.401 115.261 115.061 114.951 114.828 114.688 114.511 114.353 114.193 114.008 113.843 113.641 113.426
119.564 119.519 119.445 119.391 119.382 119.312 119.233 119.149 119.095 119.062 119.029 119.001 118.931 118.86 118.817 118.806 118.774 118.736 118.699 118.638 118.595 118.55 118.486 118.394 118.334 118.252 118.173 118.107 118.033 117.978 117.936 117.911 117.9 117.928 118.688 119.426 117.643 117.571 117.523 117.373 117.311 117.193 117.146 117.096 117.026 116.948 116.891 116.771 116.673 116.551 116.441 116.316 116.188 116.108 116.028 115.926 115.803 115.656 115.491 115.326 115.178 115.053 114.946 114.788 114.646 114.481 114.318 114.146 113.953 113.738 113.563
119.611 119.544 119.514 119.498 119.531 119.605 119.569 119.561 119.221 119.227 119.166 119.215 119.127 119.04 119.082 118.924 118.846 118.884 118.818 118.681 118.647 118.605 118.545 118.462 118.404 118.316 118.248 118.168 118.087 118.05 118.007 117.979 117.966 118.106 119.073 118.998 117.691 117.628 117.583 117.491 117.401 117.266 117.231 117.153 117.081 117.028 116.963 116.858 116.743 116.631 116.506 116.406 116.308 116.191 116.131 116.021 115.888 115.758 115.581 115.421 115.276 115.166 115.048 114.893 114.738 114.596 114.428 114.228 114.063 113.878 113.686
119.653 119.882 120.485 120.575 120.147 120.507 120.903 120.916 120.503 120.502 120.371 120.178 119.966 119.864 119.679 119.486 119.548 119.767 119.392 118.95 118.773 118.729 118.615 118.531 118.5 118.427 118.332 118.264 118.174 118.094 118.045 118.007 118.053 118.463 119.216 118.653 117.788 117.658 117.621 117.541 117.458 117.391 117.298 117.236 117.176 117.096 117.003 116.911 116.803 116.711 116.581 116.486 116.393 116.301 116.218 116.133 116.013 115.858 115.676 115.521 115.401 115.276 115.173 115.006 114.876 114.723 114.538 114.361 114.178 113.983 113.821
120.89 121.036 121.24 121.133 120.587 120.795 121.064 120.97 120.198 119.973 120.121 120.484 120.508 120.392 120.358 120.457 120.453 120.33 119.947 119.854 119.705 119.526 119.226 118.984 118.97 118.659 118.423 118.319 118.227 118.137 118.052 118.027 118.296 118.878 119.458 117.998 117.871 117.751 117.681 117.618 117.511 117.398 117.323 117.281 117.238 117.191 117.086 116.981 116.878 116.771 116.646 116.558 116.471 116.413 116.308 116.211 116.088 115.936 115.791 115.636 115.513 115.411 115.293 115.151 115.006 114.866 114.693 114.498 114.318 114.141 113.951
121.373 120.526 120.352 120.067 119.824 119.844 119.836 119.982 119.712 119.598 119.51 119.487 119.57 119.449 119.588 119.647 119.674 119.801 119.916 120.005 120.08 120.14 120.154 120.132 120.251 120.067 119.485 119.568 119.023 118.637 118.264 118.156 118.576 119.276 118.671 118.028 117.973 117.891 117.803 117.716 117.643 117.528 117.423 117.341 117.281 117.186 117.126 117.056 116.956 116.846 116.751 116.668 116.566 116.481 116.406 116.306 116.143 116.011 115.881 115.751 115.641 115.528 115.431 115.283 115.146 114.973 114.808 114.646 114.448 114.251 114.093
120.29 120.009 119.923 119.902 119.894 119.88 119.783 119.734 119.704 119.68 119.614 119.564 119.527 119.475 119.409 119.34 119.291 119.209 119.193 119.194 119.26 119.199 119.208 119.299 119.548 119.723 119.91 120.266 120.298 120.13 119.801 119.518 119.318 119.601 119.193 118.501 118.471 118.133 117.966 117.841 117.756 117.678 117.568 117.458 117.383 117.288 117.211 117.093 116.996 116.908 116.821 116.748 116.668 116.581 116.463 116.373 116.226 116.063 115.956 115.826 115.761 115.643 115.538 115.396 115.248 115.096 114.936 114.781 114.576 114.418 114.221
120.02 119.986 119.95 119.929 119.958 119.916 119.852 119.812 119.759 119.716 119.654 119.614 119.587 119.561 119.533 119.489 119.417 119.35 119.298 119.267 119.195 119.144 119.102 119.04 119.032 119.016 119.022 119.06 119.731 120.462 120.123 119.741 119.711 119.716 119.706 119.793 120.153 119.826 119.383 118.611 118.093 117.868 117.713 117.588 117.488 117.388 117.311 117.181 117.086 116.981 116.898 116.811 116.723 116.603 116.511 116.408 116.303 116.156 116.036 115.933 115.831 115.726 115.613 115.491 115.343 115.203 115.056 114.873 114.713 114.531 114.358
120.104 120.071 120.002 119.978 119.962 119.911 119.921 119.917 119.823 119.794 119.748 119.699 119.632 119.611 119.601 119.532 119.462 119.427 119.381 119.34 119.297 119.251 119.198 119.147 119.099 119.044 118.983 118.986 119.298 120.442 119.596 118.531 118.361 118.423 118.621 118.761 119.218 119.486 119.701 119.963 119.858 119.593 119.181 118.466 117.898 117.578 117.408 117.286 117.181 117.073 116.996 116.893 116.801 116.678 116.573 116.446 116.326 116.201 116.106 116.026 115.956 115.853 115.718 115.573 115.433 115.293 115.146 114.988 114.803 114.651 114.478
120.199 120.169 120.08 120.069 120.062 120.015 119.998 119.994 119.942 119.898 119.885 119.841 119.743 119.713 119.687 119.632 119.536 119.486 119.441 119.38 119.361 119.31 119.239 119.219 119.164 119.125 119.089 119.076 119.166 120.237 120.238 118.773 118.263 118.381 118.506 118.578 118.556 118.551 118.586 118.491 118.868 119.221 119.508 119.813 119.811 119.003 118.503 117.763 117.411 117.208 117.098 116.981 116.898 116.796 116.643 116.521 116.388 116.243 116.171 116.053 115.991 115.898 115.788 115.673 115.523 115.391 115.246 115.078 114.936 114.748 114.596
120.304 120.299 120.332 120.296 120.273 120.228 120.176 120.171 120.108 120.077 120.047 119.959 119.887 119.858 119.824 119.769 119.713 119.649 119.594 119.532 119.471 119.417 119.352 119.307 119.255 119.21 119.179 119.155 119.2 119.786 120.523 118.913 118.376 118.471 118.598 118.636 118.633 118.606 118.563 118.513 118.453 118.393 118.348 118.356 118.841 119.393 119.333 119.478 119.343 118.368 117.658 117.296 117.051 116.896 116.738 116.596 116.478 116.383 116.258 116.151 116.043 115.941 115.818 115.703 115.601 115.458 115.301 115.178 115.016 114.856 114.691
120.497 120.46 120.474 120.45 120.42 120.398 120.342 120.288 120.257 120.232 120.19 120.158 120.104 120.004 119.933 119.872 119.836 119.784 119.717 119.634 119.583 119.53 119.481 119.44 119.38 119.339 119.295 119.248 119.246 119.466 120.458 119.808 118.543 118.608 118.686 118.726 118.743 118.718 118.681 118.626 118.543 118.491 118.431 118.328 118.263 118.171 118.166 118.398 118.733 119.033 118.853 118.893 118.236 117.828 117.143 116.813 116.628 116.483 116.371 116.253 116.168 116.053 115.933 115.811 115.661 115.531 115.373 115.233 115.081 114.946 114.788
120.681 120.657 120.608 120.57 120.609 120.557 120.469 120.392 120.385 120.344 120.268 120.216 120.179 120.131 120.082 119.979 119.969 119.921 119.854 119.781 119.728 119.665 119.61 119.575 119.516 119.452 119.389 119.332 119.327 119.361 120.213 120.521 118.691 118.671 118.748 118.798 118.833 118.791 118.781 118.733 118.666 118.596 118.543 118.448 118.353 118.258 118.161 118.096 118.013 117.941 117.886 117.951 118.371 118.456 118.741 118.743 118.043 117.471 117.188 116.478 116.248 116.118 116.011 115.908 115.756 115.618 115.478 115.301 115.138 114.991 114.808
120.778 120.784 120.736 120.693 120.706 120.681 120.614 120.533 120.506 120.422 120.331 120.301 120.246 120.201 120.144 120.075 120.074 120.019 119.962 119.886 119.828 119.761 119.738 119.697 119.615 119.543 119.485 119.45 119.383 119.386 119.838 120.743 119.406 118.761 118.776 118.836 118.858 118.873 118.863 118.806 118.758 118.703 118.628 118.553 118.498 118.366 118.278 118.203 118.123 118.013 117.916 117.818 117.738 117.666 117.631 117.826 118.221 118.541 118.686 118.198 117.598 116.838 116.803 115.943 115.803 115.688 115.558 115.408 115.236 115.073 114.893
120.915 120.892 120.815 120.807 120.784 120.777 120.742 120.72 120.633 120.523 120.441 120.407 120.35 120.271 120.219 120.152 120.134 120.088 120.023 119.982 119.926 119.877 119.826 119.795 119.735 119.65 119.57 119.508 119.458 119.428 119.591 120.678 119.913 118.813 118.816 118.861 118.893 118.918 118.898 118.868 118.836 118.771 118.741 118.658 118.576 118.481 118.391 118.308 118.223 118.131 118.058 117.931 117.821 117.706 117.611 117.528 117.433 117.413 117.406 117.566 117.951 118.086 118.501 118.016 116.878 115.878 115.633 115.481 115.318 115.158 114.998
121.003 120.952 120.881 120.85 120.844 120.822 120.812 120.772 120.675 120.608 120.548 120.519 120.449 120.356 120.299 120.284 120.215 120.167 120.112 120.049 120.019 119.981 119.917 119.876 119.812 119.734 119.657 119.587 119.518 119.466 119.503 120.256 120.521 118.926 118.866 118.878 118.936 118.968 118.953 118.931 118.896 118.841 118.776 118.721 118.661 118.558 118.476 118.416 118.348 118.261 118.163 118.053 117.948 117.863 117.733 117.613 117.508 117.413 117.296 117.208 117.131 117.166 117.523 117.998 117.938 117.643 116.861 116.008 115.486 115.236 115.056
121.104 121.043 120.982 120.934 120.888 120.867 120.872 120.834 120.766 120.695 120.648 120.617 120.556 120.47 120.421 120.375 120.297 120.234 120.197 120.144 120.104 120.046 119.993 119.937 119.898 119.818 119.744 119.658 119.586 119.521 119.536 119.941 120.931 119.726 118.928 118.931 118.971 119.001 118.996 118.981 118.941 118.903 118.858 118.801 118.733 118.656 118.563 118.478 118.428 118.338 118.266 118.171 118.063 117.963 117.861 117.746 117.633 117.513 117.416 117.283 117.193 117.071 116.956 116.918 117.023 117.636 117.946 117.861 116.871 116.068 115.461
121.101 121.077 121.101 121.048 120.97 120.971 120.947 120.908 120.846 120.748 120.714 120.646 120.594 120.564 120.523 120.446 120.365 120.319 120.28 120.237 120.182 120.126 120.086 120.044 119.985 119.928 119.832 119.751 119.666 119.598 119.576 119.673 120.631 120.458 119.013 118.956 118.996 119.048 119.058 119.038 119.018 118.963 118.913 118.843 118.766 118.703 118.653 118.581 118.523 118.411 118.348 118.248 118.168 118.068 117.968 117.873 117.741 117.636 117.506 117.401 117.323 117.183 117.056 116.921 116.831 116.761 116.736 117.141 117.331 117.588 117.376
121.187 121.159 121.169 121.15 121.098 121.085 121.022 120.981 120.903 120.833 120.789 120.717 120.65 120.63 120.605 120.539 120.484 120.45 120.391 120.316 120.267 120.213 120.159 120.124 120.101 120.011 119.922 119.833 119.746 119.681 119.643 119.696 120.393 121.056 119.378 119.033 119.048 119.083 119.103 119.071 119.058 119.033 118.973 118.918 118.833 118.771 118.706 118.638 118.581 118.498 118.438 118.328 118.246 118.153 118.048 117.963 117.866 117.768 117.656 117.533 117.421 117.296 117.166 117.048 116.933 116.818 116.678 116.576 116.486 116.576 116.521
121.291 121.24 121.202 121.18 121.14 121.14 121.103 121.028 120.993 120.928 120.878 120.811 120.776 120.751 120.693 120.622 120.575 120.537 120.484 120.423 120.388 120.325 120.274 120.226 120.181 120.113 120.031 119.941 119.858 119.793 119.723 119.756 119.966 121.048 120.211 119.111 119.108 119.146 119.156 119.146 119.136 119.108 119.046 119.001 118.923 118.846 118.778 118.716 118.638 118.573 118.496 118.401 118.318 118.236 118.136 118.046 117.933 117.841 117.731 117.633 117.528 117.421 117.291 117.161 117.056 116.926 116.796 116.653 116.523 116.401 116.293
121.4 121.365 121.302 121.26 121.189 121.165 121.158 121.109 121.098 121.042 120.988 120.899 120.854 120.821 120.771 120.711 120.669 120.632 120.568 120.516 120.473 120.4 120.36 120.312 120.269 120.221 120.128 120.041 119.956 119.883 119.826 119.803 119.853 120.736 120.873 119.186 119.171 119.201 119.231 119.233 119.193 119.171 119.141 119.071 118.978 118.936 118.858 118.768 118.736 118.648 118.568 118.451 118.373 118.298 118.193 118.103 118.013 117.916 117.813 117.716 117.618 117.533 117.408 117.291 117.186 117.028 116.881 116.763 116.636 116.486 116.376
121.483 121.453 121.388 121.36 121.309 121.198 121.171 121.153 121.148 121.11 121.067 121.023 120.978 120.927 120.863 120.814 120.78 120.726 120.652 120.61 120.552 120.516 120.47 120.418 120.38 120.327 120.231 120.156 120.078 119.986 119.928 119.871 119.881 120.241 121.191 119.761 119.243 119.253 119.268 119.306 119.281 119.248 119.203 119.148 119.076 118.991 118.936 118.863 118.788 118.703 118.626 118.536 118.448 118.376 118.283 118.196 118.063 117.976 117.871 117.788 117.693 117.593 117.481 117.368 117.266 117.146 117.021 116.903 116.771 116.623 116.496
121.547 121.537 121.508 121.485 121.469 121.392 121.353 121.342 121.291 121.214 121.143 121.121 121.063 121.01 120.963 120.917 120.864 120.802 120.745 120.719 120.676 120.628 120.585 120.518 120.478 120.406 120.353 120.261 120.166 120.096 120.011 119.966 119.966 120.046 121.123 120.686 119.301 119.311 119.338 119.348 119.351 119.328 119.288 119.226 119.168 119.093 119.036 118.936 118.858 118.803 118.701 118.613 118.528 118.431 118.356 118.256 118.156 118.048 117.971 117.868 117.766 117.651 117.546 117.461 117.343 117.233 117.116 116.991 116.896 116.748 116.636
121.606 121.605 121.583 121.539 121.512 121.422 121.407 121.392 121.345 121.299 121.259 121.216 121.132 121.065 121.026 121.011 120.957 120.899 120.853 120.808 120.764 120.713 120.688 120.631 120.581 120.521 120.451 120.376 120.276 120.203 120.126 120.058 120.033 120.056 120.756 121.228 119.431 119.383 119.406 119.418 119.426 119.393 119.396 119.321 119.251 119.188 119.123 119.033 118.948 118.883 118.771 118.688 118.613 118.523 118.408 118.313 118.241 118.138 118.053 117.953 117.846 117.756 117.618 117.518 117.421 117.316 117.201 117.086 117.001 116.866 116.746
121.676 121.659 121.633 121.63 121.62 121.556 121.483 121.461 121.454 121.373 121.309 121.257 121.205 121.139 121.123 121.093 121.046 120.998 120.95 120.907 120.874 120.836 120.774 120.737 120.673 120.636 120.578 120.496 120.403 120.326 120.238 120.153 120.101 120.153 120.421 121.523 120.376 119.458 119.476 119.476 119.501 119.481 119.451 119.408 119.361 119.296 119.206 119.126 119.038 118.978 118.868 118.788 118.696 118.593 118.508 118.423 118.326 118.221 118.136 118.021 117.926 117.838 117.711 117.608 117.508 117.388 117.268 117.168 117.063 116.956 116.858
121.778 121.717 121.723 121.718 121.652 121.638 121.598 121.566 121.531 121.492 121.436 121.361 121.288 121.241 121.222 121.197 121.137 121.106 121.053 121.007 120.972 120.945 120.88 120.816 120.776 120.741 120.671 120.618 120.543 120.456 120.356 120.256 120.203 120.216 120.311 121.421 121.011 119.533 119.531 119.528 119.573 119.568 119.546 119.511 119.448 119.391 119.308 119.231 119.156 119.066 118.971 118.876 118.791 118.703 118.608 118.506 118.413 118.321 118.216 118.133 118.026 117.916 117.791 117.686 117.591 117.481 117.371 117.266 117.158 117.063 116.941
121.876 121.852 121.821 121.845 121.765 121.715 121.677 121.64 121.606 121.58 121.562 121.499 121.431 121.387 121.344 121.315 121.259 121.217 121.172 121.122 121.083 121.036 120.976 120.934 120.898 120.828 120.788 120.731 120.648 120.561 120.476 120.386 120.328 120.286 120.338 121.098 121.541 119.793 119.568 119.593 119.648 119.661 119.633 119.611 119.571 119.481 119.418 119.341 119.251 119.153 119.081 118.981 118.883 118.793 118.701 118.618 118.528 118.416 118.313 118.226 118.093 117.991 117.893 117.823 117.688 117.586 117.461 117.371 117.256 117.161 117.043
121.988 121.987 121.936 121.911 121.879 121.829 121.773 121.708 121.65 121.621 121.583 121.548 121.507 121.461 121.434 121.416 121.366 121.333 121.284 121.225 121.181 121.144 121.089 121.031 120.986 120.938 120.878 120.833 120.768 120.666 120.588 120.508 120.426 120.381 120.418 120.678 121.743 120.486 119.656 119.661 119.723 119.728 119.738 119.708 119.666 119.593 119.513 119.448 119.343 119.266 119.153 119.086 118.988 118.891 118.828 118.713 118.623 118.538 118.423 118.318 118.211 118.118 118.021 117.891 117.803 117.681 117.571 117.483 117.381 117.261 117.161
