Matlab/Roost_data/braunton/dsm/ss4836_DSM_2M.asc
ncols 500
nrows 500
xllcorner    248000
yllcorner    136000
cellsize     2
NODATA_value -9999
[rows 64 to 95 of 500, columns 284 to 354 of 500]
37.854 33.706 30.791 35.129 35.384 35.619 35.626 35.421 35.184 35.016 34.821 34.601 34.396 28.566 26.014 26.759 25.816 29.026 28.776 28.539 28.309 24.944 25.754 26.581 22.861 22.566 22.269 21.976 21.809 21.821 21.654 22.161 21.724 19.879 19.551 19.514 19.921 19.394 20.879 19.606 19.239 22.221 23.536 22.999 21.719 21.806 22.549 21.446 17.826 17.704 18.399 20.421 21.184 21.086 20.391 17.126 17.064 17.046 17.179 18.711 16.779 16.619 16.516 22.006 22.816 23.549 22.749 21.934 15.786 19.071 24.441
37.631 31.714 31.179 33.714 33.974 34.234 34.431 34.671 34.839 35.076 35.271 35.481 35.306 28.816 27.294 25.591 25.519 28.646 28.906 29.146 29.276 26.159 26.159 26.176 26.496 22.864 21.901 21.644 21.504 24.406 21.861 21.611 21.066 19.691 19.536 19.379 19.359 19.489 19.154 18.726 21.566 22.981 23.484 22.231 20.764 18.531 20.756 18.384 18.431 18.789 17.799 20.034 20.519 20.821 21.024 17.069 17.054 17.016 16.956 17.351 16.891 16.694 16.519 22.139 22.961 23.449 22.594 21.636 15.771 18.476 19.674
37.436 29.309 32.759 32.324 28.294 28.264 28.411 28.431 30.634 31.851 33.699 33.546 32.424 29.069 27.884 25.964 25.221 25.006 26.784 29.076 28.391 26.131 26.154 26.171 27.011 27.176 26.106 21.456 21.174 21.109 22.439 21.024 19.956 19.704 19.661 19.369 19.699 22.694 23.731 20.096 18.979 18.659 22.511 22.431 22.481 21.696 18.794 18.424 18.741 17.616 17.666 17.656 17.604 20.456 19.926 17.079 17.026 16.959 16.896 17.756 17.354 17.111 18.919 22.281 23.101 23.349 22.491 20.111 15.891 15.686 15.789
37.249 29.289 33.099 31.794 28.281 28.669 28.271 28.139 28.076 28.014 27.986 27.944 27.939 28.181 26.229 25.541 25.136 25.014 24.201 25.024 22.956 25.509 27.884 26.464 27.504 26.499 21.141 21.504 20.921 21.794 20.516 20.229 19.926 19.814 19.379 19.351 22.156 23.191 24.216 24.571 23.581 18.511 19.124 21.189 21.934 21.146 18.331 18.284 18.314 17.571 17.614 17.576 17.461 21.056 19.576 17.349 16.971 16.881 16.849 16.804 17.076 16.676 19.009 22.406 23.234 23.186 22.344 18.636 16.076 16.356 18.321
29.264 29.614 30.904 31.354 28.349 28.579 28.101 28.409 28.186 27.964 28.046 28.996 30.151 25.574 24.931 24.791 25.704 26.126 25.909 23.506 23.439 24.936 25.936 27.049 26.916 24.554 20.716 20.739 20.696 20.554 20.364 20.186 20.099 19.601 19.341 19.214 22.656 23.724 24.716 24.086 23.069 21.289 18.349 18.184 18.901 18.364 18.664 18.276 17.694 17.541 17.541 17.526 18.051 20.944 20.279 19.064 16.986 16.819 16.789 16.904 18.031 16.529 19.126 22.534 23.336 23.026 22.191 18.919 15.926 15.949 16.021
31.116 32.201 29.341 30.329 28.649 28.579 28.344 28.256 28.386 28.931 28.764 29.734 29.831 25.471 24.804 24.574 24.171 23.866 23.616 22.781 24.406 25.504 26.591 27.449 26.254 20.769 20.586 20.576 20.494 20.329 20.231 20.204 19.931 19.539 19.259 22.146 23.129 24.179 24.611 23.594 22.536 19.051 18.336 18.166 18.031 17.851 20.761 18.936 17.484 17.499 17.491 17.429 20.944 20.694 19.331 19.344 16.939 16.786 16.736 16.914 16.531 19.269 20.206 17.664 16.786 15.914 18.944 15.969 16.146 15.929 15.709
32.546 32.451 29.311 28.486 28.321 29.766 27.706 27.601 28.171 30.306 29.129 29.671 28.394 24.311 24.156 25.081 24.389 25.554 24.764 23.464 25.976 26.079 27.186 26.764 23.826 20.551 20.484 20.424 20.316 20.141 20.349 20.024 19.729 19.431 19.629 22.606 23.669 24.691 24.114 23.111 21.999 18.404 18.294 18.116 18.134 17.806 17.731 19.184 19.766 19.766 19.229 17.399 20.924 20.321 19.394 17.024 16.849 16.736 16.706 17.119 16.509 18.809 22.374 23.181 22.716 21.916 16.416 16.184 15.814 16.169 15.804
33.379 30.679 28.701 28.486 27.956 28.019 27.311 27.219 27.724 27.851 29.286 28.794 27.464 23.919 23.549 23.201 23.789 23.741 24.596 25.796 25.991 26.714 27.311 26.179 21.019 20.439 21.174 20.921 23.721 20.561 20.754 20.246 19.589 19.299 19.566 22.721 24.174 24.666 23.629 22.589 19.074 18.384 18.246 18.044 17.919 17.779 18.361 18.921 19.666 19.631 19.584 20.499 20.684 19.336 19.184 16.949 16.794 16.676 16.761 16.696 16.374 21.649 22.499 23.309 22.584 21.739 16.141 16.764 15.771 15.681 15.259
33.041 32.949 32.839 32.779 32.664 27.719 28.831 26.946 26.886 26.749 27.366 29.529 25.346 24.756 23.696 23.394 22.609 22.126 21.196 24.104 26.811 27.926 26.681 21.994 20.986 22.029 20.266 23.491 27.011 25.136 20.184 19.794 21.186 19.946 20.709 23.211 23.434 22.416 23.146 21.931 18.641 18.304 18.181 17.999 17.814 17.739 17.744 19.824 19.781 19.736 19.684 21.099 21.119 19.386 17.594 16.859 16.749 16.624 16.961 16.361 16.261 21.836 22.639 23.259 22.436 21.644 15.991 15.861 15.941 16.024 15.206
33.066 33.126 33.236 33.359 33.409 30.891 27.044 27.491 26.784 28.189 26.754 27.194 25.141 24.754 24.416 22.824 22.481 21.744 23.441 24.506 26.124 26.761 25.549 20.389 20.339 20.254 23.861 24.884 26.464 25.216 24.671 19.751 19.576 19.691 20.049 19.714 20.616 21.486 19.339 18.739 19.659 18.616 18.186 20.941 18.334 19.239 18.034 17.504 18.246 19.851 19.794 19.136 19.316 19.464 16.921 16.801 16.674 16.656 16.546 16.459 19.714 21.959 22.754 23.134 22.304 21.486 18.811 16.019 16.174 16.501 15.126
30.686 31.959 32.019 32.961 30.994 28.171 27.066 27.429 26.694 26.576 27.191 26.094 25.009 24.144 23.396 21.356 23.294 22.024 23.911 25.064 26.854 26.024 21.499 20.309 20.246 20.146 24.614 25.704 22.941 24.214 27.826 19.581 19.461 19.416 19.371 19.491 20.424 20.776 19.801 21.294 20.654 18.849 23.756 21.201 23.251 21.034 20.396 17.366 18.656 17.346 17.509 20.974 21.466 18.271 16.869 16.714 16.594 17.011 16.686 16.339 20.711 22.109 22.916 22.994 22.174 21.344 18.609 15.886 15.971 16.504 15.449
30.541 30.539 30.521 27.804 28.749 28.369 27.074 26.759 26.571 26.671 26.814 26.126 24.566 24.139 21.444 24.334 24.154 22.031 24.131 26.036 26.549 25.409 20.306 20.589 20.136 20.029 19.866 22.764 26.126 23.931 21.091 19.379 19.239 19.126 19.031 18.909 20.971 22.384 19.181 20.904 19.181 20.841 21.806 24.966 22.519 23.016 20.819 19.029 17.409 17.324 17.446 18.676 21.651 20.976 16.779 16.636 16.616 16.709 17.166 16.319 19.416 18.869 16.351 15.904 16.346 17.981 16.334 16.079 15.879 15.679 15.049
27.741 27.731 28.044 27.811 29.234 28.616 28.941 28.854 27.321 27.259 23.486 23.319 23.076 22.414 22.041 25.759 25.799 26.849 27.261 27.759 25.819 20.249 20.969 20.121 20.014 19.886 19.796 19.726 21.516 19.506 19.406 19.279 19.159 19.041 18.919 18.821 18.689 18.576 18.461 18.991 19.381 19.114 19.991 21.126 20.269 21.286 21.614 17.446 17.334 17.256 17.279 17.244 17.476 16.966 16.699 16.546 16.634 16.619 16.519 16.116 19.269 22.139 22.946 22.484 21.676 16.146 15.754 15.711 16.274 15.589 15.014
24.756 26.624 26.759 26.784 26.786 24.964 24.426 25.851 23.694 23.551 23.321 23.016 20.656 20.536 25.581 25.761 26.266 27.899 26.461 20.881 21.589 20.191 20.094 21.071 20.021 19.956 19.756 19.641 19.511 19.389 19.276 19.184 19.051 18.964 18.909 18.746 18.601 18.456 18.304 18.191 18.071 17.974 17.854 19.521 17.601 17.516 17.394 17.284 17.189 17.081 17.881 17.086 16.896 16.734 16.594 16.759 16.739 16.604 16.481 16.046 21.454 22.256 23.066 22.334 21.516 15.594 15.599 16.206 15.641 15.159 14.951
24.461 26.554 26.581 26.589 26.584 24.554 24.166 24.029 23.566 23.436 23.524 21.896 20.526 21.816 25.764 25.766 26.756 27.284 25.456 20.124 20.151 20.081 20.936 20.064 20.149 19.836 19.921 19.661 19.439 19.349 19.269 19.219 19.226 19.236 18.861 19.191 20.086 18.701 18.366 18.246 18.076 17.944 17.866 17.689 17.456 17.349 17.249 17.154 17.039 16.934 16.841 17.096 16.726 16.636 16.516 17.879 16.464 16.354 16.191 15.979 21.591 22.406 23.039 22.199 21.401 15.674 15.614 15.571 16.366 15.034 15.101
24.519 26.359 26.374 26.386 26.456 26.091 24.301 23.714 23.914 24.054 22.591 21.469 20.524 25.454 25.756 26.244 27.251 26.569 22.506 20.119 20.261 20.016 20.016 20.049 20.524 19.656 19.634 19.566 19.444 19.091 19.141 19.001 18.681 18.609 18.484 19.464 18.394 18.366 18.236 18.264 18.064 18.351 19.254 17.749 17.756 17.459 17.311 17.196 16.949 16.796 16.686 16.646 16.596 16.531 16.441 16.586 16.434 16.294 16.121 17.616 21.704 22.534 22.886 22.064 19.956 15.504 15.751 15.581 16.471 16.044 16.116
24.969 23.916 23.841 23.749 27.709 29.634 28.159 24.836 25.264 23.544 23.954 20.846 20.764 25.764 25.801 26.724 27.356 25.761 20.066 23.206 20.009 19.961 20.004 24.911 25.349 23.801 22.774 19.594 19.499 18.814 18.736 18.616 18.529 18.466 18.511 18.456 18.351 18.321 18.201 17.909 17.789 17.774 17.674 19.216 19.406 17.419 17.371 17.146 16.959 16.806 16.644 16.539 16.506 16.424 16.411 16.784 16.571 16.226 16.071 18.066 21.864 22.669 22.721 21.931 19.279 15.501 15.439 15.481 16.096 14.826 15.621
25.449 23.701 23.614 23.511 27.054 28.839 27.349 22.716 22.849 22.181 20.336 20.904 24.581 25.976 26.164 27.191 26.599 22.974 22.229 19.994 19.911 20.016 23.731 26.916 26.451 25.976 25.589 24.829 19.546 18.726 21.069 23.616 21.626 18.209 18.479 18.399 18.291 18.279 18.189 17.986 20.281 18.186 17.409 18.669 17.369 17.344 17.491 16.994 16.899 16.776 16.641 16.521 16.404 16.324 16.459 16.324 16.116 16.181 15.904 19.794 16.921 16.649 15.959 16.169 18.726 15.501 15.524 15.506 15.721 14.789 15.691
24.664 23.546 23.419 23.246 24.744 28.154 27.979 24.236 22.344 22.534 20.324 20.661 25.471 25.586 26.669 27.481 25.824 19.986 19.974 19.894 20.096 21.006 25.311 25.724 26.194 26.671 27.041 23.714 18.664 19.819 21.029 24.414 24.179 23.956 23.751 23.476 21.919 18.181 18.324 20.049 22.999 22.769 22.551 22.339 20.439 17.286 17.469 16.989 16.896 16.809 17.831 16.621 16.339 16.289 16.446 16.144 16.129 16.171 15.901 20.726 21.791 22.609 22.169 21.146 15.594 15.896 16.706 18.741 16.119 14.766 14.989
23.574 23.436 23.299 23.061 22.801 24.061 23.309 22.271 22.611 20.494 20.306 25.319 25.474 25.894 27.154 26.699 22.241 19.954 19.876 23.236 25.636 26.621 21.264 20.496 24.634 25.461 25.516 25.514 18.564 20.994 22.114 24.961 24.979 24.766 24.536 24.331 24.139 20.711 20.541 20.566 23.784 23.571 23.331 23.126 22.886 22.676 22.449 20.581 17.356 16.819 18.214 16.681 16.336 16.309 16.539 16.389 16.104 16.166 15.889 21.096 21.924 22.739 22.059 21.234 15.571 15.581 16.744 15.751 15.461 14.739 14.589
23.506 23.356 23.186 22.899 22.601 22.341 22.076 21.789 21.511 21.246 20.606 24.834 25.484 27.331 27.436 25.881 22.666 19.894 19.796 25.051 26.181 25.729 24.639 19.284 19.544 19.004 19.566 22.406 18.534 21.004 23.934 24.171 24.396 24.626 24.844 25.039 24.911 20.514 20.041 22.736 23.344 23.566 23.801 23.894 23.684 23.469 23.234 23.029 22.786 19.631 18.224 16.431 16.316 16.361 16.664 17.234 17.106 15.951 15.784 21.261 22.081 22.746 21.936 20.999 15.669 15.619 15.544 16.389 16.024 15.194 14.591
23.444 23.271 23.091 22.909 22.494 22.214 21.921 21.651 21.416 21.199 20.959 20.859 22.936 25.659 26.744 26.724 19.891 19.794 22.576 25.584 26.344 25.239 19.609 19.229 19.001 19.004 22.034 21.716 18.471 18.344 18.244 23.364 23.584 23.814 24.039 24.271 24.501 20.511 19.846 22.339 22.556 22.774 23.014 23.214 23.436 23.674 23.891 23.794 23.569 19.151 17.901 16.404 16.334 16.316 17.146 17.994 16.456 15.851 15.734 21.404 22.224 22.614 21.789 20.036 17.006 16.609 16.629 17.381 15.206 16.069 14.581
23.394 23.234 23.031 22.936 22.449 22.691 21.861 21.579 21.321 21.096 20.854 20.656 20.431 20.171 20.051 19.986 19.826 19.751 25.106 26.094 25.799 24.044 19.041 19.039 19.301 19.501 21.929 21.681 21.431 21.164 18.149 18.464 18.211 18.136 18.439 23.459 21.136 20.484 19.831 19.831 18.911 17.614 22.154 22.434 22.651 22.869 23.091 23.276 23.076 19.154 16.806 16.396 16.331 16.221 16.356 16.631 16.766 16.096 19.571 21.536 22.356 22.474 21.651 19.179 15.441 15.419 15.401 16.594 14.816 16.126 14.586
24.061 24.846 23.331 23.121 22.756 22.921 21.834 21.524 21.256 20.994 20.764 20.554 20.301 20.041 19.884 19.854 19.716 24.876 26.961 26.316 25.276 23.449 19.661 19.016 20.141 22.186 21.839 21.581 21.331 18.716 18.194 18.214 18.494 18.144 18.126 18.086 18.081 18.776 17.461 17.446 17.344 18.591 17.741 18.771 17.306 21.611 22.284 22.501 22.291 19.146 16.491 16.386 16.346 16.249 16.256 16.614 16.059 16.181 15.786 16.244 16.421 16.566 20.614 17.711 15.439 15.414 15.386 16.451 14.596 15.374 14.591
25.114 24.751 23.231 22.096 22.019 20.854 21.589 20.631 21.651 23.944 22.719 20.426 20.171 21.354 19.839 20.271 20.994 26.469 27.661 27.701 26.056 20.101 20.781 21.326 20.869 21.999 21.769 21.509 21.264 18.324 18.301 18.619 19.079 18.154 18.131 18.549 18.506 17.971 17.514 17.466 17.719 18.276 17.384 17.194 17.179 17.919 19.661 16.994 16.836 16.636 17.516 16.401 16.346 17.614 16.296 17.929 15.894 15.726 17.474 20.796 21.621 22.409 21.751 17.544 15.554 15.519 15.936 14.921 14.566 14.741 14.666
26.604 24.664 21.416 21.134 20.856 25.321 25.476 25.639 21.349 20.474 21.009 22.181 22.666 19.821 19.771 19.981 26.046 27.274 28.151 26.929 25.714 19.416 19.416 19.049 19.034 19.699 21.699 21.446 21.184 18.774 18.746 19.304 19.419 18.961 21.356 19.171 18.871 17.946 17.529 17.449 18.279 18.294 17.251 17.176 17.406 16.806 16.831 16.974 16.831 17.144 17.334 16.399 16.344 18.326 16.361 18.129 16.004 16.664 16.314 20.939 21.734 22.419 21.601 20.789 16.324 15.536 15.699 16.204 14.544 15.454 14.814
25.769 22.056 21.296 20.946 21.311 25.451 25.596 26.091 27.056 26.356 20.351 20.286 19.826 19.771 19.671 24.694 26.806 28.049 27.361 26.169 19.764 19.149 19.656 19.026 18.841 18.761 18.906 20.319 19.686 20.301 18.904 18.429 18.749 19.291 19.701 19.181 19.794 20.056 20.024 17.674 17.466 18.729 17.254 17.111 18.174 16.874 16.786 16.909 16.839 18.426 19.139 19.186 17.166 16.816 16.779 16.676 16.199 15.744 17.109 21.076 21.886 22.299 21.456 20.371 15.451 15.414 15.564 14.561 15.186 15.606 15.386
21.594 21.409 21.204 20.976 23.689 24.744 25.871 26.851 27.011 26.036 20.456 21.789 19.731 19.664 19.631 25.309 27.429 27.814 26.581 22.924 19.366 19.104 19.249 18.976 19.884 18.896 18.721 19.229 19.976 20.356 18.641 18.221 19.131 18.059 17.926 17.856 19.576 17.674 17.559 17.404 17.819 17.731 20.679 17.079 16.881 17.699 17.206 18.141 18.889 18.906 18.949 19.009 19.059 19.111 18.679 15.876 15.751 15.509 17.161 21.176 21.991 22.134 21.326 19.069 16.149 15.601 15.956 14.504 14.629 14.539 14.551
21.576 21.409 21.066 23.474 24.556 26.981 26.641 27.256 26.244 23.134 21.636 19.714 19.646 19.529 24.876 26.026 27.051 25.889 25.841 20.301 19.331 19.016 18.966 19.361 20.731 18.911 18.666 20.249 18.351 20.469 20.594 18.134 18.016 17.896 17.786 17.696 17.614 17.504 17.369 17.261 17.026 16.906 17.984 16.726 18.009 18.441 18.136 17.059 16.484 18.686 18.766 18.809 18.856 18.909 16.101 15.874 15.856 15.491 20.306 21.344 22.131 21.996 21.201 20.114 18.086 15.364 16.791 14.469 17.254 15.001 14.574
21.616 21.411 22.039 24.341 25.441 26.416 27.386 26.464 25.124 23.226 19.729 19.644 19.781 19.616 24.471 26.801 26.289 25.124 22.511 20.984 20.299 21.111 21.369 18.781 19.494 18.631 18.631 19.999 18.204 19.331 20.256 18.259 17.846 17.766 17.691 17.576 17.424 17.316 17.204 17.086 16.916 16.761 16.646 16.714 18.446 16.274 16.319 17.429 17.531 16.409 16.679 18.601 18.639 18.696 15.884 15.876 15.826 15.471 15.401 15.351 20.041 20.394 21.064 18.624 17.914 15.256 15.219 14.431 17.299 14.584 14.556
21.571 21.351 24.034 25.184 26.234 27.204 26.676 25.546 21.971 20.949 19.666 20.691 19.524 22.331 22.514 22.751 25.576 23.759 21.954 19.469 19.086 18.844 18.756 20.014 19.471 19.289 20.264 20.164 18.081 18.039 18.644 17.969 17.784 17.674 17.549 17.419 17.711 17.106 17.029 16.889 16.801 16.599 16.419 16.244 16.099 16.106 16.011 17.024 15.756 16.469 16.189 16.359 17.614 17.416 17.104 16.809 16.436 15.651 15.356 15.354 15.294 15.271 15.291 15.276 15.269 15.261 14.974 14.429 16.904 14.519 14.484
21.574 23.789 24.879 26.761 26.989 26.904 25.909 20.521 21.364 19.679 19.679 21.399 20.554 22.554 22.101 22.181 19.654 19.481 21.764 19.411 18.851 18.771 19.171 18.624 18.554 19.891 19.374 19.016 18.046 17.984 17.956 18.066 17.709 17.566 17.441 17.261 17.999 16.919 16.851 16.759 16.664 16.669 17.811 16.099 17.971 19.299 20.064 15.811 15.634 15.511 16.126 17.264 15.871 15.489 15.394 15.536 15.256 16.041 17.161 17.079 15.454 15.244 15.271 15.271 15.256 15.109 14.704 14.841 16.101 14.456 14.441
