Matlab/Roost_data/braunton/dsm/ss4840_DSM_2M.asc
ncols 500
nrows 500
xllcorner    248000
yllcorner    140000
cellsize     2
NODATA_value -9999
[rows 408 to 441 of 500, columns 375 to 449 of 500]
110.567 110.854 111.137 111.457 111.717 112.044 112.364 112.667 112.952 113.282 113.599 113.924 114.229 114.587 114.879 115.222 115.509 115.839 116.154 116.454 116.734 117.032 117.274 117.499 117.789 118.014 118.229 118.444 118.639 118.854 119.064 119.227 119.409 119.604 119.782 119.982 120.137 120.327 120.517 120.689 120.849 121.014 121.189 121.349 121.552 121.717 121.887 122.082 122.289 122.489 122.677 122.864 123.044 123.287 123.489 123.667 123.874 124.077 124.269 124.532 124.729 124.939 125.137 125.384 125.957 127.254 126.449 126.084 126.289 127.719 127.534 127.199 127.367 127.502 127.624
110.509 110.809 111.099 111.399 111.687 112.017 112.304 112.622 112.952 113.269 113.599 113.894 114.174 114.547 114.824 115.147 115.452 115.792 116.082 116.407 116.704 116.982 117.237 117.467 117.732 117.939 118.164 118.384 118.619 118.807 118.992 119.177 119.379 119.594 119.757 119.894 120.094 120.277 120.439 120.589 120.774 120.942 121.104 121.289 121.482 121.677 121.847 122.034 122.222 122.412 122.599 122.802 122.984 123.197 123.397 123.609 123.784 123.987 124.157 124.409 124.652 124.862 125.037 125.282 126.559 127.304 126.112 125.907 126.339 127.752 127.389 127.087 127.237 127.384 127.492
110.497 110.799 111.079 111.389 111.687 111.969 112.264 112.597 112.907 113.219 113.564 113.834 114.204 114.454 114.794 115.139 115.464 115.789 116.077 116.349 116.649 116.917 117.167 117.464 117.657 117.887 118.097 118.339 118.564 118.764 118.949 119.129 119.334 119.484 119.712 119.864 120.037 120.202 120.369 120.542 120.732 120.917 121.069 121.242 121.412 121.572 121.782 121.977 122.169 122.367 122.554 122.777 122.972 123.154 123.339 123.539 123.754 123.934 124.154 124.374 124.562 124.757 124.964 125.137 126.504 126.882 125.867 125.714 126.264 127.702 126.934 126.967 127.129 127.249 127.377
110.502 110.754 111.057 111.334 111.642 111.934 112.222 112.554 112.867 113.179 113.509 113.804 114.134 114.472 114.789 115.092 115.424 115.747 116.039 116.329 116.624 116.879 117.149 117.382 117.599 117.847 118.052 118.294 118.494 118.689 118.892 119.067 119.237 119.444 119.629 119.782 119.984 120.104 120.304 120.457 120.649 120.832 121.027 121.182 121.369 121.552 121.717 121.907 122.114 122.307 122.487 122.707 122.934 123.099 123.302 123.537 123.714 123.882 124.082 124.297 124.474 124.677 124.882 125.084 126.494 126.574 125.652 125.629 126.429 127.537 126.892 126.892 127.012 127.134 127.262
110.464 110.759 111.047 111.329 111.592 111.932 112.224 112.534 112.862 113.119 113.462 113.814 114.134 114.477 114.784 115.099 115.437 115.687 116.009 116.317 116.587 116.849 117.114 117.342 117.564 117.814 118.017 118.239 118.432 118.629 118.804 119.029 119.204 119.377 119.539 119.694 119.907 120.064 120.249 120.449 120.572 120.769 120.939 121.134 121.284 121.507 121.664 121.877 122.069 122.244 122.459 122.669 122.847 123.049 123.237 123.449 123.629 123.837 124.017 124.219 124.424 124.622 124.754 125.019 126.407 126.177 125.472 125.482 126.527 127.694 126.609 126.807 126.914 127.024 127.164
110.439 110.737 111.022 111.317 111.587 111.887 112.187 112.497 112.822 113.132 113.502 113.812 114.107 114.422 114.774 115.112 115.402 115.684 115.969 116.299 116.547 116.849 117.064 117.317 117.562 117.749 117.979 118.197 118.407 118.602 118.789 118.952 119.177 119.344 119.514 119.654 119.849 120.007 120.179 120.364 120.547 120.732 120.897 121.042 121.259 121.464 121.634 121.817 122.022 122.224 122.394 122.597 122.804 123.009 123.204 123.419 123.579 123.769 123.959 124.172 124.364 124.522 124.737 125.007 126.459 126.289 125.392 125.414 126.484 127.484 126.547 126.709 126.819 126.964 127.114
110.407 110.722 111.017 111.292 111.569 111.872 112.227 112.477 112.824 113.137 113.452 113.762 114.097 114.414 114.737 115.064 115.392 115.672 115.959 116.254 116.517 116.792 117.024 117.279 117.492 117.744 117.942 118.119 118.334 118.559 118.722 118.929 119.089 119.284 119.459 119.632 119.824 119.989 120.152 120.294 120.484 120.672 120.832 121.022 121.202 121.414 121.582 121.777 121.954 122.174 122.344 122.572 122.762 122.947 123.154 123.349 123.539 123.732 123.872 124.124 124.282 124.482 124.694 125.017 126.332 125.954 125.274 125.359 126.657 127.032 126.437 126.629 126.754 126.862 127.027
110.394 110.687 110.974 111.292 111.574 111.847 112.167 112.487 112.784 113.119 113.417 113.754 114.094 114.429 114.744 115.057 115.344 115.659 115.947 116.257 116.504 116.737 116.992 117.214 117.484 117.689 117.889 118.132 118.324 118.502 118.709 118.882 119.054 119.239 119.422 119.584 119.774 119.929 120.117 120.299 120.467 120.614 120.794 120.979 121.164 121.389 121.542 121.744 121.929 122.124 122.322 122.534 122.767 122.934 123.137 123.337 123.487 123.687 123.882 124.072 124.247 124.417 124.609 124.862 126.389 125.684 125.177 125.279 126.537 127.077 126.359 126.512 126.657 126.822 126.972
110.392 110.664 110.959 111.254 111.564 111.892 112.137 112.469 112.784 113.134 113.434 113.744 114.077 114.392 114.714 115.034 115.369 115.632 115.947 116.232 116.462 116.714 116.937 117.189 117.427 117.652 117.877 118.097 118.294 118.479 118.672 118.822 119.012 119.202 119.352 119.519 119.727 119.874 120.059 120.242 120.429 120.584 120.799 120.957 121.139 121.327 121.517 121.722 121.882 122.082 122.307 122.494 122.707 122.872 123.064 123.279 123.457 123.642 123.829 124.032 124.194 124.359 124.569 124.849 126.404 125.432 125.079 125.284 126.882 126.992 126.257 126.464 126.597 126.749 126.924
110.364 110.684 110.959 111.237 111.557 111.832 112.129 112.442 112.752 113.102 113.442 113.737 114.084 114.424 114.737 115.052 115.364 115.617 115.912 116.204 116.457 116.672 116.939 117.174 117.409 117.609 117.844 118.047 118.224 118.434 118.609 118.799 118.989 119.179 119.327 119.502 119.679 119.839 120.019 120.207 120.392 120.592 120.722 120.917 121.114 121.277 121.467 121.704 121.887 122.057 122.254 122.484 122.652 122.884 123.062 123.242 123.412 123.589 123.829 123.984 124.174 124.349 124.514 124.887 126.282 125.284 125.042 125.357 126.727 126.602 126.242 126.392 126.532 126.697 126.849
110.344 110.629 110.947 111.197 111.489 111.832 112.127 112.467 112.762 113.097 113.399 113.757 114.074 114.369 114.722 115.032 115.299 115.634 115.884 116.174 116.437 116.667 116.927 117.199 117.377 117.567 117.802 117.989 118.217 118.402 118.612 118.777 118.949 119.117 119.272 119.454 119.634 119.787 119.999 120.159 120.327 120.539 120.694 120.894 121.087 121.269 121.462 121.662 121.859 122.044 122.222 122.427 122.614 122.822 122.999 123.214 123.407 123.547 123.784 123.957 124.157 124.287 124.447 125.272 126.314 125.172 125.014 125.407 126.879 126.417 126.162 126.339 126.472 126.599 126.789
110.379 110.644 110.959 111.234 111.519 111.794 112.124 112.409 112.747 113.037 113.372 113.702 114.052 114.344 114.699 114.999 115.319 115.602 115.904 116.172 116.404 116.632 116.902 117.144 117.352 117.539 117.762 117.974 118.172 118.352 118.574 118.754 118.902 119.064 119.262 119.452 119.622 119.747 119.949 120.134 120.282 120.474 120.712 120.874 121.037 121.252 121.432 121.642 121.797 122.047 122.229 122.427 122.637 122.812 123.009 123.202 123.402 123.537 123.744 123.944 124.107 124.274 124.439 125.452 126.342 124.999 124.984 125.789 126.802 125.982 126.114 126.267 126.432 126.572 126.727
110.417 110.672 110.987 111.242 111.529 111.834 112.109 112.414 112.734 113.034 113.359 113.687 114.012 114.359 114.669 114.984 115.314 115.567 115.857 116.132 116.392 116.612 116.844 117.074 117.317 117.504 117.709 117.952 118.107 118.309 118.494 118.679 118.879 119.044 119.189 119.392 119.539 119.719 119.909 120.062 120.254 120.462 120.642 120.842 121.024 121.234 121.424 121.634 121.817 122.044 122.217 122.399 122.584 122.787 122.987 123.197 123.332 123.529 123.707 123.897 124.074 124.204 124.407 125.519 126.254 124.964 124.969 125.724 126.952 126.062 126.097 126.229 126.359 126.517 126.679
110.414 110.692 110.982 111.289 111.562 111.892 112.174 112.469 112.744 113.089 113.392 113.712 114.042 114.337 114.644 114.949 115.227 115.562 115.824 116.092 116.372 116.609 116.807 117.057 117.292 117.492 117.702 117.942 118.117 118.259 118.479 118.682 118.837 119.022 119.189 119.324 119.529 119.702 119.862 120.064 120.264 120.442 120.602 120.817 120.992 121.179 121.379 121.574 121.779 121.984 122.199 122.402 122.587 122.802 122.972 123.167 123.347 123.519 123.707 123.887 124.049 124.212 124.387 125.544 125.857 124.914 124.934 125.894 126.714 125.824 126.039 126.144 126.302 126.469 126.637
110.439 110.732 111.012 111.287 111.609 111.882 112.202 112.507 112.824 113.127 113.429 113.732 114.054 114.354 114.634 114.957 115.212 115.549 115.799 116.062 116.352 116.609 116.824 117.027 117.247 117.477 117.689 117.877 118.072 118.254 118.424 118.599 118.777 118.954 119.144 119.329 119.512 119.674 119.829 120.042 120.232 120.397 120.607 120.754 120.974 121.169 121.342 121.579 121.762 121.984 122.214 122.384 122.552 122.759 122.959 123.139 123.332 123.504 123.684 123.829 124.032 124.224 124.364 125.419 125.727 124.827 124.857 125.879 126.414 125.762 125.977 126.099 126.264 126.419 126.579
110.447 110.709 111.002 111.329 111.622 111.922 112.249 112.519 112.867 113.139 113.472 113.787 114.084 114.349 114.669 114.987 115.247 115.557 115.787 116.067 116.342 116.569 116.809 117.009 117.194 117.407 117.632 117.847 118.037 118.209 118.419 118.572 118.712 118.952 119.114 119.297 119.469 119.639 119.817 119.992 120.184 120.379 120.537 120.722 120.934 121.139 121.342 121.534 121.729 121.969 122.147 122.334 122.539 122.732 122.927 123.139 123.309 123.452 123.682 123.857 124.032 124.177 124.332 125.794 125.599 124.707 124.809 126.062 126.482 125.734 125.922 126.047 126.219 126.364 126.517
110.474 110.769 111.072 111.347 111.657 111.947 112.264 112.579 112.899 113.204 113.542 113.819 114.119 114.424 114.717 114.984 115.284 115.542 115.772 116.067 116.287 116.544 116.732 116.999 117.182 117.359 117.552 117.789 117.932 118.167 118.317 118.537 118.732 118.887 119.059 119.247 119.439 119.624 119.804 119.959 120.187 120.369 120.542 120.714 120.924 121.119 121.324 121.519 121.734 121.927 122.127 122.349 122.512 122.699 122.902 123.082 123.292 123.457 123.662 123.847 124.019 124.147 124.327 125.719 125.397 124.709 124.802 126.199 126.152 125.674 125.892 126.007 126.137 126.329 126.449
110.467 110.757 111.069 111.387 111.699 111.989 112.289 112.604 112.919 113.237 113.547 113.857 114.179 114.477 114.744 115.049 115.294 115.544 115.814 116.072 116.277 116.519 116.742 116.962 117.144 117.329 117.534 117.719 117.904 118.099 118.267 118.489 118.674 118.847 119.017 119.207 119.377 119.574 119.769 119.949 120.139 120.329 120.517 120.682 120.877 121.107 121.282 121.504 121.699 121.912 122.114 122.314 122.509 122.692 122.894 123.099 123.279 123.467 123.612 123.829 124.002 124.174 124.394 125.874 125.269 124.614 124.862 126.289 125.694 125.677 125.822 125.979 126.109 126.267 126.407
110.497 110.832 111.087 111.384 111.734 112.034 112.349 112.614 112.949 113.262 113.574 113.892 114.212 114.497 114.782 115.049 115.287 115.569 115.832 116.057 116.302 116.477 116.717 116.902 117.094 117.297 117.489 117.667 117.887 118.047 118.234 118.434 118.612 118.802 118.969 119.144 119.339 119.534 119.704 119.909 120.117 120.284 120.472 120.649 120.857 121.052 121.297 121.474 121.674 121.882 122.079 122.274 122.467 122.689 122.897 123.087 123.254 123.439 123.654 123.802 123.969 124.154 124.514 126.019 124.947 124.574 124.877 126.437 125.634 125.644 125.774 125.912 126.079 126.234 126.364
110.552 110.852 111.159 111.464 111.759 112.079 112.369 112.659 112.979 113.267 113.564 113.894 114.207 114.474 114.772 115.047 115.332 115.589 115.844 116.052 116.292 116.474 116.694 116.857 117.097 117.269 117.459 117.639 117.819 118.014 118.204 118.402 118.564 118.732 118.914 119.087 119.264 119.477 119.689 119.857 120.054 120.229 120.429 120.599 120.814 121.024 121.219 121.432 121.637 121.852 122.079 122.272 122.464 122.662 122.864 123.069 123.247 123.432 123.622 123.794 123.937 124.122 124.422 125.889 124.907 124.512 125.162 126.357 125.477 125.627 125.724 125.892 126.042 126.187 126.347
110.577 110.887 111.222 111.489 111.814 112.117 112.419 112.737 113.019 113.317 113.637 113.947 114.224 114.504 114.787 115.059 115.319 115.589 115.817 116.034 116.249 116.484 116.664 116.882 117.077 117.264 117.429 117.609 117.792 117.969 118.147 118.359 118.537 118.724 118.859 119.069 119.237 119.439 119.642 119.824 119.977 120.204 120.397 120.602 120.819 121.014 121.209 121.394 121.624 121.812 122.039 122.247 122.464 122.664 122.864 123.054 123.194 123.429 123.614 123.779 123.927 124.099 124.549 125.827 124.722 124.487 125.134 126.144 125.384 125.597 125.719 125.859 126.014 126.159 126.317
110.632 110.924 111.232 111.554 111.869 112.144 112.474 112.757 113.042 113.357 113.662 113.904 114.209 114.517 114.787 115.047 115.274 115.567 115.794 116.014 116.242 116.472 116.627 116.872 117.022 117.204 117.387 117.602 117.754 117.944 118.119 118.314 118.479 118.697 118.884 119.039 119.217 119.399 119.557 119.767 119.922 120.149 120.329 120.547 120.747 120.957 121.139 121.389 121.609 121.804 122.017 122.209 122.412 122.632 122.857 123.037 123.202 123.417 123.577 123.752 123.927 124.077 124.744 125.799 124.539 124.474 125.297 125.944 125.362 125.564 125.704 125.864 125.999 126.152 126.292
110.629 110.957 111.227 111.602 111.882 112.194 112.469 112.819 113.082 113.404 113.674 113.959 114.244 114.509 114.787 115.037 115.237 115.507 115.767 115.989 116.204 116.399 116.592 116.812 117.004 117.192 117.402 117.574 117.742 117.939 118.094 118.254 118.457 118.649 118.837 119.022 119.217 119.349 119.534 119.742 119.899 120.107 120.309 120.522 120.734 120.909 121.107 121.332 121.542 121.734 121.967 122.157 122.392 122.594 122.819 122.992 123.117 123.379 123.547 123.754 123.902 124.087 124.829 125.687 124.487 124.457 125.484 125.674 125.344 125.557 125.667 125.842 126.007 126.132 126.279
110.664 110.989 111.319 111.597 111.914 112.262 112.574 112.837 113.132 113.414 113.689 113.984 114.249 114.514 114.784 115.032 115.269 115.487 115.704 115.954 116.167 116.379 116.604 116.754 116.964 117.164 117.332 117.509 117.682 117.887 118.109 118.257 118.429 118.634 118.822 118.997 119.174 119.349 119.514 119.722 119.889 120.087 120.269 120.459 120.679 120.857 121.109 121.254 121.479 121.707 121.909 122.137 122.347 122.554 122.782 122.942 123.164 123.382 123.524 123.702 123.889 124.057 124.914 125.544 124.494 124.479 125.544 125.467 125.332 125.542 125.672 125.827 126.002 126.129 126.299
110.722 111.047 111.364 111.667 111.972 112.277 112.559 112.892 113.164 113.457 113.699 113.972 114.237 114.487 114.757 115.009 115.267 115.459 115.709 115.904 116.114 116.317 116.532 116.714 116.904 117.112 117.294 117.477 117.659 117.872 118.062 118.209 118.394 118.599 118.762 118.952 119.137 119.329 119.487 119.697 119.902 120.079 120.262 120.517 120.602 120.824 121.034 121.244 121.467 121.677 121.852 122.104 122.332 122.537 122.729 122.934 123.069 123.302 123.489 123.679 123.869 124.032 124.997 125.184 124.379 124.452 125.642 125.412 125.347 125.532 125.667 125.819 125.997 126.109 126.247
110.802 111.132 111.422 111.722 112.029 112.344 112.624 112.922 113.194 113.482 113.767 114.014 114.279 114.517 114.769 115.007 115.242 115.462 115.674 115.882 116.072 116.294 116.489 116.697 116.889 117.074 117.262 117.422 117.609 117.812 117.967 118.169 118.369 118.559 118.757 118.907 119.112 119.319 119.497 119.687 119.854 120.059 120.259 120.454 120.612 120.847 121.012 121.224 121.434 121.639 121.862 122.069 122.292 122.522 122.707 122.867 123.082 123.314 123.492 123.687 123.842 124.009 125.257 125.169 124.329 124.457 125.459 125.202 125.344 125.509 125.674 125.822 125.962 126.079 126.242
110.857 111.174 111.469 111.762 112.089 112.379 112.669 112.937 113.224 113.487 113.787 114.037 114.299 114.504 114.759 114.994 115.197 115.424 115.637 115.847 116.072 116.219 116.447 116.627 116.844 117.027 117.189 117.384 117.574 117.729 117.924 118.129 118.337 118.527 118.724 118.882 119.067 119.247 119.454 119.647 119.834 120.042 120.234 120.442 120.617 120.824 120.994 121.224 121.394 121.619 121.862 122.039 122.269 122.454 122.694 122.902 123.047 123.284 123.479 123.652 123.869 124.052 125.457 124.787 124.247 124.544 125.629 125.149 125.347 125.492 125.649 125.792 125.942 126.062 126.209
110.917 111.194 111.514 111.834 112.109 112.402 112.687 112.982 113.254 113.509 113.787 114.049 114.299 114.489 114.772 114.984 115.194 115.384 115.589 115.824 116.032 116.202 116.397 116.607 116.772 116.969 117.174 117.352 117.527 117.689 117.892 118.079 118.259 118.454 118.634 118.854 119.044 119.217 119.409 119.612 119.802 120.009 120.207 120.414 120.597 120.809 121.012 121.209 121.407 121.619 121.842 122.059 122.259 122.472 122.684 122.859 123.084 123.279 123.447 123.664 123.839 124.047 125.419 124.599 124.172 124.622 125.722 125.174 125.329 125.489 125.627 125.772 125.902 126.042 126.199
110.957 111.279 111.579 111.874 112.169 112.452 112.727 112.994 113.277 113.534 113.797 114.057 114.309 114.527 114.732 114.949 115.162 115.364 115.569 115.777 115.987 116.184 116.377 116.554 116.734 116.947 117.132 117.334 117.507 117.697 117.837 118.029 118.232 118.407 118.599 118.797 118.999 119.169 119.344 119.559 119.782 119.979 120.162 120.379 120.557 120.764 120.989 121.202 121.419 121.624 121.829 122.039 122.239 122.469 122.672 122.837 123.062 123.269 123.449 123.622 123.789 124.224 125.487 124.344 124.139 124.852 125.497 125.097 125.317 125.464 125.607 125.762 125.892 126.012 126.177
110.979 111.287 111.589 111.872 112.139 112.487 112.769 113.024 113.274 113.572 113.804 114.054 114.277 114.517 114.742 114.964 115.159 115.382 115.579 115.737 115.937 116.124 116.337 116.524 116.709 116.914 117.089 117.267 117.464 117.667 117.854 118.039 118.194 118.387 118.549 118.797 118.947 119.159 119.332 119.512 119.714 119.899 120.099 120.339 120.532 120.747 120.939 121.137 121.364 121.567 121.799 122.002 122.229 122.437 122.609 122.822 123.057 123.252 123.432 123.594 123.767 124.284 125.349 124.129 124.112 124.949 125.532 125.072 125.302 125.457 125.564 125.704 125.804 125.947 126.092
110.997 111.334 111.622 111.887 112.184 112.492 112.759 113.052 113.307 113.559 113.787 114.049 114.237 114.489 114.717 114.924 115.124 115.349 115.562 115.727 115.907 116.117 116.277 116.504 116.687 116.882 117.079 117.237 117.412 117.599 117.807 117.989 118.189 118.372 118.544 118.742 118.902 119.144 119.294 119.502 119.684 119.892 120.089 120.297 120.487 120.654 120.909 121.107 121.357 121.537 121.779 121.969 122.182 122.359 122.589 122.762 122.992 123.199 123.374 123.532 123.727 124.487 124.962 123.964 124.062 125.129 125.392 125.069 125.272 125.407 125.537 125.652 125.767 125.912 126.024
111.052 111.369 111.632 111.942 112.197 112.464 112.742 113.007 113.289 113.537 113.787 114.024 114.284 114.497 114.712 114.929 115.159 115.317 115.524 115.744 115.927 116.087 116.277 116.467 116.679 116.859 117.037 117.229 117.412 117.617 117.762 117.942 118.114 118.332 118.527 118.699 118.902 119.082 119.269 119.462 119.649 119.884 120.037 120.247 120.459 120.652 120.857 121.059 121.287 121.499 121.654 121.902 122.094 122.327 122.532 122.687 122.942 123.107 123.314 123.457 123.597 124.837 124.834 123.899 124.029 125.389 125.549 125.029 125.209 125.354 125.472 125.602 125.719 125.827 125.962
111.079 111.349 111.632 111.954 112.219 112.489 112.727 113.024 113.269 113.534 113.772 114.019 114.229 114.489 114.672 114.879 115.082 115.317 115.499 115.694 115.892 116.079 116.302 116.434 116.637 116.829 117.027 117.214 117.369 117.579 117.777 117.932 118.129 118.299 118.499 118.692 118.874 119.042 119.269 119.437 119.629 119.802 120.019 120.227 120.417 120.634 120.812 121.034 121.224 121.419 121.654 121.844 122.052 122.284 122.477 122.654 122.894 123.062 123.259 123.394 123.524 124.817 124.802 123.822 124.014 125.459 125.702 124.982 125.152 125.302 125.412 125.549 125.659 125.779 125.902
111.122 111.384 111.652 111.939 112.249 112.477 112.742 113.002 113.264 113.529 113.742 113.974 114.189 114.414 114.642 114.857 115.099 115.292 115.464 115.679 115.874 116.069 116.249 116.412 116.597 116.797 116.992 117.169 117.354 117.539 117.729 117.934 118.114 118.289 118.497 118.672 118.859 119.057 119.229 119.444 119.614 119.794 119.959 120.187 120.399 120.582 120.779 120.984 121.189 121.419 121.597 121.814 122.029 122.219 122.409 122.544 122.809 122.972 123.169 123.327 123.472 124.939 124.587 123.769 123.974 125.552 125.334 124.952 125.094 125.239 125.367 125.472 125.569 125.699 125.819
