Matlab/Roost_data/braunton/dsm/ss4840_DSM_2M.asc
ncols 500
nrows 500
xllcorner    248000
yllcorner    140000
cellsize     2
NODATA_value -9999
[rows 408 to 441 of 500, columns 300 to 374 of 500]
94.202 94.334 94.407 94.502 94.644 95.947 95.784 95.072 95.082 95.237 95.442 95.614 95.859 96.077 96.324 96.532 96.699 96.884 97.064 97.237 97.377 97.512 97.682 97.799 97.977 98.137 98.259 98.387 98.427 99.642 99.989 99.292 99.374 99.592 99.809 100.019 100.267 100.464 100.709 100.949 101.174 101.422 101.657 101.852 102.062 102.252 102.439 102.689 102.894 103.107 103.302 103.657 105.029 105.457 104.782 105.164 105.449 105.754 106.047 106.234 106.459 106.734 107.017 107.304 107.569 107.852 108.117 108.382 108.662 108.947 109.204 109.484 109.724 110.022 110.302
94.084 94.189 94.262 94.344 94.612 95.759 95.469 94.869 94.974 95.107 95.312 95.519 95.737 96.009 96.209 96.409 96.594 96.767 96.959 97.154 97.269 97.429 97.577 97.704 97.852 98.022 98.132 98.244 98.447 99.784 99.654 99.089 99.304 99.524 99.724 99.967 100.197 100.412 100.639 100.874 101.124 101.349 101.569 101.764 101.984 102.169 102.407 102.612 102.837 103.029 103.239 103.764 105.312 105.129 104.744 105.157 105.432 105.712 105.997 106.207 106.454 106.712 106.984 107.219 107.539 107.854 108.094 108.342 108.629 108.902 109.194 109.419 109.674 109.984 110.264
93.934 94.009 94.099 94.212 94.857 95.584 95.114 94.692 94.822 94.992 95.197 95.437 95.697 95.909 96.107 96.302 96.479 96.672 96.847 97.032 97.182 97.317 97.469 97.617 97.774 97.937 98.057 98.122 98.637 99.699 99.297 99.029 99.242 99.452 99.652 99.889 100.109 100.339 100.567 100.827 101.067 101.282 101.502 101.717 101.917 102.114 102.352 102.552 102.769 102.964 103.202 104.092 105.152 104.557 104.749 105.127 105.417 105.689 105.912 106.139 106.387 106.684 106.962 107.232 107.497 107.814 108.074 108.339 108.597 108.889 109.129 109.397 109.647 109.929 110.214
93.772 93.872 93.944 94.119 95.314 95.434 94.564 94.509 94.687 94.914 95.142 95.389 95.574 95.799 96.017 96.219 96.397 96.579 96.777 96.922 97.124 97.222 97.384 97.552 97.709 97.864 97.977 98.054 99.022 99.287 98.872 98.954 99.184 99.377 99.597 99.819 100.039 100.284 100.544 100.769 100.992 101.207 101.447 101.647 101.852 102.077 102.287 102.484 102.694 102.889 103.199 104.742 105.159 104.422 104.784 105.097 105.347 105.652 105.849 106.107 106.354 106.674 106.944 107.197 107.474 107.784 108.044 108.319 108.609 108.882 109.127 109.397 109.632 109.924 110.204
93.704 93.737 93.814 94.067 95.279 95.154 94.277 94.359 94.619 94.852 95.074 95.304 95.539 95.762 95.929 96.134 96.332 96.517 96.679 96.837 96.982 97.109 97.267 97.477 97.617 97.747 97.859 98.004 99.302 99.332 98.704 98.907 99.117 99.322 99.547 99.767 99.989 100.217 100.452 100.719 100.934 101.149 101.399 101.579 101.799 102.027 102.224 102.432 102.637 102.842 103.259 104.862 104.899 104.362 104.767 105.104 105.322 105.647 105.852 106.057 106.342 106.594 106.882 107.144 107.457 107.737 107.994 108.279 108.554 108.827 109.104 109.342 109.637 109.899 110.167
94.349 94.167 94.244 94.232 95.069 94.644 94.069 94.229 94.514 94.804 95.044 95.274 95.502 95.697 95.892 96.077 96.244 96.404 96.562 96.729 96.922 97.047 97.219 97.384 97.539 97.672 97.729 98.159 99.189 99.032 98.644 98.837 99.064 99.274 99.507 99.734 99.954 100.167 100.414 100.654 100.882 101.109 101.324 101.512 101.737 101.967 102.174 102.409 102.579 102.807 103.304 105.007 104.452 104.407 104.737 105.042 105.309 105.542 105.789 106.012 106.312 106.592 106.864 107.132 107.432 107.684 107.952 108.262 108.517 108.784 109.077 109.337 109.619 109.887 110.174
93.849 94.134 94.459 94.519 94.967 94.037 93.837 94.059 94.412 94.757 94.984 95.239 95.464 95.639 95.829 96.017 96.189 96.327 96.469 96.667 96.834 96.962 97.144 97.319 97.452 97.554 97.597 98.412 99.127 98.694 98.594 98.792 98.987 99.212 99.434 99.677 99.889 100.102 100.364 100.614 100.829 101.059 101.269 101.462 101.672 101.899 102.109 102.327 102.512 102.772 103.574 104.954 104.214 104.334 104.727 104.989 105.289 105.524 105.747 105.974 106.259 106.552 106.844 107.089 107.399 107.674 107.937 108.209 108.479 108.757 109.029 109.312 109.587 109.889 110.159
92.909 93.082 93.734 94.362 94.737 93.647 93.619 93.809 94.282 94.737 94.917 95.132 95.367 95.622 95.782 95.942 96.139 96.289 96.462 96.622 96.767 96.919 97.069 97.242 97.397 97.487 97.599 98.799 98.824 98.377 98.547 98.754 98.947 99.167 99.402 99.614 99.822 100.074 100.337 100.557 100.782 101.014 101.214 101.404 101.624 101.839 102.062 102.254 102.462 102.749 104.079 104.674 103.969 104.369 104.667 104.967 105.237 105.457 105.689 105.962 106.247 106.512 106.802 107.064 107.344 107.647 107.894 108.147 108.449 108.752 109.007 109.272 109.562 109.857 110.134
92.917 92.949 93.012 93.147 93.369 93.347 93.449 93.709 94.304 94.609 94.839 95.057 95.317 95.544 95.769 95.927 96.109 96.249 96.424 96.564 96.724 96.882 97.022 97.177 97.324 97.382 97.672 98.887 98.769 98.299 98.522 98.712 98.914 99.134 99.359 99.584 99.807 100.044 100.307 100.504 100.749 100.942 101.164 101.359 101.567 101.799 101.999 102.217 102.427 102.939 104.282 104.294 103.937 104.347 104.632 104.907 105.197 105.389 105.674 105.967 106.207 106.502 106.754 107.042 107.332 107.584 107.874 108.174 108.417 108.712 108.972 109.254 109.559 109.832 110.089
93.869 93.197 93.012 93.067 93.104 93.212 93.319 94.314 95.097 94.954 94.872 94.982 95.247 95.482 95.684 95.837 96.017 96.182 96.349 96.534 96.669 96.827 96.977 97.137 97.284 97.349 97.999 98.759 98.437 98.272 98.484 98.662 98.882 99.089 99.309 99.559 99.757 100.009 100.242 100.492 100.689 100.912 101.089 101.334 101.532 101.744 101.952 102.152 102.397 103.387 104.459 104.004 103.942 104.294 104.597 104.877 105.149 105.379 105.622 105.909 106.182 106.437 106.724 107.027 107.287 107.584 107.872 108.154 108.442 108.749 109.009 109.289 109.544 109.849 110.112
93.619 94.172 93.822 93.284 93.139 93.219 93.309 93.454 94.199 95.214 95.309 95.279 95.219 95.352 95.539 95.742 95.934 96.134 96.299 96.487 96.622 96.757 96.932 97.057 97.179 97.307 98.234 98.464 98.102 98.242 98.439 98.642 98.854 99.032 99.264 99.504 99.724 99.982 100.197 100.437 100.644 100.849 101.054 101.254 101.484 101.687 101.902 102.104 102.349 103.909 104.499 103.614 103.924 104.282 104.572 104.852 105.107 105.312 105.544 105.882 106.177 106.432 106.744 107.022 107.307 107.594 107.859 108.182 108.452 108.729 108.989 109.254 109.537 109.812 110.077
93.044 93.249 93.899 94.467 93.712 93.224 93.327 93.434 93.499 93.804 94.569 95.374 95.594 95.587 95.492 95.639 95.819 96.029 96.197 96.387 96.579 96.727 96.854 97.014 97.122 97.434 98.617 98.297 98.022 98.219 98.414 98.614 98.799 98.999 99.239 99.459 99.702 99.934 100.167 100.389 100.607 100.799 101.004 101.222 101.429 101.664 101.847 102.064 102.457 103.817 104.152 103.539 103.954 104.232 104.524 104.874 105.054 105.267 105.559 105.837 106.152 106.452 106.749 107.042 107.352 107.597 107.902 108.194 108.457 108.737 109.014 109.294 109.559 109.837 110.127
92.959 93.114 93.259 94.094 94.662 93.459 93.307 93.432 93.582 93.689 93.819 94.124 95.019 95.624 95.794 95.894 95.862 95.904 96.082 96.312 96.489 96.652 96.774 96.929 97.092 97.602 98.452 97.919 97.982 98.197 98.392 98.564 98.787 98.994 99.227 99.422 99.659 99.912 100.119 100.352 100.569 100.754 100.967 101.162 101.397 101.592 101.784 102.009 102.854 104.022 103.734 103.502 103.922 104.209 104.502 104.739 104.987 105.237 105.554 105.799 106.127 106.432 106.719 107.037 107.339 107.619 107.897 108.214 108.464 108.764 109.009 109.294 109.562 109.832 110.127
92.949 93.097 93.247 94.039 94.819 93.872 93.447 93.527 93.642 93.774 93.874 93.977 94.102 94.479 95.417 96.102 96.307 96.312 96.134 96.137 96.309 96.532 96.684 96.849 97.147 97.702 98.412 97.769 97.944 98.154 98.322 98.522 98.759 98.989 99.204 99.402 99.652 99.874 100.089 100.327 100.504 100.717 100.934 101.132 101.334 101.547 101.742 101.992 102.854 104.012 103.477 103.497 103.899 104.179 104.459 104.727 104.939 105.189 105.522 105.799 106.112 106.429 106.742 107.064 107.359 107.662 107.904 108.177 108.457 108.717 108.952 109.262 109.542 109.827 110.152
92.949 93.124 93.319 94.152 94.799 94.577 94.057 93.729 93.984 94.589 94.364 94.304 94.189 94.292 94.407 94.887 95.789 96.522 96.719 96.677 96.469 96.322 96.459 96.689 97.054 97.962 98.192 97.594 97.872 98.122 98.264 98.519 98.744 98.964 99.169 99.394 99.644 99.849 100.057 100.282 100.492 100.684 100.904 101.104 101.304 101.519 101.717 101.972 103.152 103.912 103.302 103.509 103.852 104.144 104.444 104.679 104.922 105.202 105.499 105.749 106.064 106.384 106.734 107.019 107.319 107.654 107.894 108.162 108.454 108.669 108.954 109.277 109.534 109.847 110.132
92.952 93.122 93.322 94.437 94.432 94.712 94.754 94.129 94.047 94.387 94.954 95.664 95.317 94.704 94.502 94.617 94.757 95.192 95.887 96.677 97.007 97.022 96.929 96.732 97.149 98.229 97.837 97.462 97.767 98.067 98.334 98.499 98.737 98.932 99.147 99.389 99.617 99.832 100.047 100.289 100.454 100.632 100.832 101.077 101.267 101.464 101.702 101.977 103.167 103.784 103.084 103.534 103.832 104.122 104.424 104.644 104.862 105.162 105.437 105.757 106.082 106.387 106.737 107.037 107.347 107.637 107.914 108.129 108.434 108.679 108.962 109.234 109.547 109.822 110.119
92.934 93.092 93.354 94.364 94.139 94.314 94.934 93.967 94.034 94.167 94.419 95.262 95.869 96.019 95.652 95.032 94.879 94.967 95.092 95.299 96.069 96.872 97.322 97.484 97.742 98.289 97.319 97.304 97.704 98.044 98.297 98.512 98.757 98.929 99.132 99.367 99.604 99.822 100.029 100.232 100.449 100.644 100.827 101.047 101.257 101.437 101.667 102.114 103.499 103.404 103.144 103.529 103.777 104.077 104.372 104.629 104.882 105.167 105.442 105.787 106.067 106.404 106.732 107.047 107.309 107.614 107.867 108.137 108.422 108.677 108.982 109.277 109.574 109.864 110.159
92.894 93.049 93.567 94.442 93.682 94.944 94.542 93.932 94.054 94.179 94.317 94.457 94.772 95.584 96.144 96.382 96.137 95.532 95.272 95.329 95.454 95.594 96.072 96.822 97.462 97.339 96.824 97.149 97.659 98.027 98.299 98.542 98.754 98.954 99.174 99.377 99.577 99.792 100.022 100.217 100.427 100.612 100.822 101.034 101.224 101.422 101.659 102.197 103.509 103.074 103.164 103.474 103.759 104.062 104.329 104.542 104.844 105.137 105.422 105.727 106.072 106.389 106.692 107.042 107.332 107.594 107.899 108.142 108.404 108.687 108.987 109.299 109.597 109.887 110.192
92.832 92.992 93.779 94.064 93.199 94.747 94.142 93.899 94.057 94.219 94.359 94.472 94.654 94.827 95.069 95.764 96.487 96.782 96.674 96.232 95.792 95.702 95.809 95.927 96.134 96.382 96.877 97.552 98.237 98.332 98.417 98.527 98.734 98.969 99.167 99.382 99.597 99.799 99.984 100.194 100.399 100.597 100.822 101.032 101.204 101.389 101.644 102.477 103.382 102.862 103.164 103.449 103.739 104.047 104.309 104.532 104.819 105.104 105.407 105.757 106.062 106.389 106.714 107.059 107.342 107.639 107.897 108.162 108.442 108.679 108.999 109.304 109.594 109.899 110.202
92.782 92.947 93.859 93.684 93.222 94.779 93.934 93.904 94.082 94.229 94.369 94.499 94.667 94.869 95.069 95.224 95.434 96.039 96.724 97.182 97.332 96.919 96.297 96.052 96.159 96.269 96.539 97.377 98.087 98.557 98.812 98.904 98.947 98.942 99.187 99.387 99.619 99.804 100.007 100.204 100.412 100.609 100.792 100.992 101.207 101.407 101.682 103.112 103.062 102.824 103.129 103.434 103.737 103.997 104.199 104.502 104.797 105.102 105.392 105.737 106.059 106.412 106.722 107.032 107.299 107.607 107.884 108.172 108.452 108.694 109.007 109.314 109.629 109.929 110.252
92.709 93.017 94.019 92.997 93.709 94.444 93.732 93.902 94.052 94.217 94.357 94.504 94.679 94.869 95.069 95.284 95.484 95.644 95.812 96.194 96.727 97.277 97.742 97.367 97.027 96.697 96.537 96.609 96.692 96.994 97.767 98.402 99.049 99.317 99.609 99.707 99.629 99.774 100.034 100.199 100.407 100.597 100.762 100.967 101.177 101.327 101.527 103.162 102.997 102.779 103.072 103.399 103.682 103.959 104.189 104.469 104.782 105.087 105.392 105.729 106.044 106.404 106.747 107.037 107.347 107.634 107.879 108.179 108.462 108.747 109.074 109.367 109.672 109.934 110.279
92.654 93.349 94.112 92.729 94.057 93.972 93.717 93.899 94.039 94.204 94.362 94.502 94.682 94.872 95.087 95.292 95.484 95.682 95.887 96.047 96.192 96.372 96.879 97.537 97.937 98.172 98.094 97.609 97.184 97.062 97.092 97.232 97.619 98.227 98.999 99.717 100.097 100.147 100.202 100.309 100.464 100.522 100.717 100.949 101.154 101.154 101.719 103.434 102.914 102.742 103.044 103.374 103.657 103.932 104.212 104.472 104.777 105.084 105.414 105.702 106.087 106.422 106.754 107.064 107.329 107.667 107.909 108.189 108.462 108.777 109.054 109.367 109.689 109.967 110.319
92.647 93.517 93.847 92.974 94.544 93.719 93.704 93.872 94.019 94.192 94.334 94.487 94.692 94.869 95.082 95.289 95.494 95.697 95.874 96.077 96.272 96.429 96.594 96.762 97.017 97.419 97.964 98.639 98.879 98.674 98.224 97.872 97.582 97.632 97.802 98.049 98.857 99.652 100.317 100.704 100.927 100.922 100.937 101.047 101.147 101.209 102.117 103.517 102.924 102.664 103.027 103.307 103.604 103.909 104.169 104.447 104.752 105.087 105.374 105.719 106.104 106.414 106.749 107.067 107.344 107.659 107.957 108.242 108.532 108.839 109.132 109.414 109.709 109.994 110.334
92.577 94.022 93.827 93.687 94.154 93.534 93.682 93.852 93.994 94.172 94.327 94.474 94.679 94.887 95.102 95.279 95.499 95.672 95.884 96.064 96.269 96.437 96.649 96.809 96.997 97.174 97.324 97.554 98.287 98.789 99.309 99.307 99.337 98.959 98.459 98.179 98.259 98.439 98.717 99.499 100.434 100.942 101.472 101.614 101.857 101.872 102.699 103.629 102.967 102.609 103.009 103.324 103.587 103.909 104.134 104.467 104.777 105.097 105.434 105.804 106.147 106.432 106.787 107.127 107.392 107.694 107.972 108.259 108.534 108.814 109.144 109.449 109.767 110.074 110.367
92.717 94.827 94.187 93.602 93.769 93.454 93.642 93.817 93.999 94.157 94.322 94.479 94.687 94.874 95.077 95.287 95.484 95.657 95.854 96.039 96.212 96.437 96.644 96.819 97.022 97.202 97.379 97.584 97.759 97.929 98.244 98.622 99.164 99.747 99.992 99.957 99.597 99.139 98.964 98.964 99.184 99.579 100.164 100.929 101.664 102.174 103.217 104.192 103.372 103.049 102.992 103.229 103.534 103.869 104.147 104.449 104.782 105.112 105.474 105.849 106.182 106.522 106.817 107.134 107.422 107.697 108.017 108.339 108.599 108.917 109.187 109.507 109.817 110.104 110.414
93.064 93.694 92.934 94.072 93.477 93.452 93.634 93.819 93.974 94.149 94.292 94.487 94.682 94.872 95.069 95.249 95.454 95.624 95.827 96.032 96.214 96.399 96.587 96.807 96.989 97.204 97.409 97.579 97.794 97.977 98.157 98.352 98.527 98.764 99.392 100.129 100.552 100.722 100.642 100.509 100.012 99.707 99.789 99.979 100.159 100.592 101.374 102.167 102.902 103.477 103.664 103.874 104.172 104.257 104.362 104.457 104.769 105.177 105.544 105.929 106.264 106.592 106.912 107.204 107.469 107.769 108.064 108.364 108.642 108.962 109.244 109.549 109.859 110.164 110.482
93.412 93.854 93.032 93.954 93.232 93.404 93.612 93.804 93.974 94.129 94.247 94.459 94.692 94.867 95.069 95.257 95.449 95.617 95.787 95.989 96.189 96.377 96.584 96.784 96.979 97.167 97.357 97.579 97.784 97.979 98.182 98.392 98.564 98.797 99.007 99.212 99.477 100.162 100.662 101.134 101.532 101.637 101.404 101.154 100.724 100.557 100.739 100.932 101.229 101.659 102.517 103.287 104.014 104.562 104.849 105.314 105.662 105.812 105.752 105.967 106.354 106.697 107.007 107.279 107.564 107.797 108.077 108.397 108.704 109.007 109.322 109.637 109.959 110.239 110.549
93.509 93.174 93.404 93.689 93.144 93.382 93.587 93.759 93.959 94.079 94.244 94.472 94.652 94.852 95.039 95.219 95.414 95.594 95.802 96.002 96.167 96.357 96.564 96.742 96.954 97.142 97.362 97.562 97.764 97.954 98.174 98.392 98.627 98.839 99.049 99.262 99.487 99.722 99.937 100.177 100.572 101.299 101.834 102.284 102.557 102.349 102.007 101.689 101.474 101.557 101.742 101.909 102.192 102.577 103.412 104.429 105.369 105.999 106.382 106.212 106.447 106.829 107.087 107.352 107.607 107.874 108.164 108.454 108.744 109.064 109.349 109.684 109.984 110.307 110.599
93.512 92.609 94.197 93.297 93.107 93.347 93.557 93.762 93.889 94.042 94.232 94.447 94.654 94.849 95.034 95.209 95.389 95.569 95.747 95.954 96.152 96.359 96.544 96.747 96.922 97.127 97.332 97.549 97.747 97.932 98.167 98.367 98.592 98.817 99.034 99.282 99.514 99.762 99.989 100.232 100.492 100.722 100.962 101.304 101.962 102.674 103.129 103.297 103.494 103.069 102.884 102.389 102.319 102.464 102.662 102.892 103.497 105.204 106.302 106.749 106.529 106.919 107.189 107.454 107.647 107.929 108.179 108.457 108.827 109.104 109.457 109.777 110.039 110.359 110.657
93.252 92.322 93.877 93.057 93.092 93.329 93.519 93.709 93.872 94.032 94.217 94.399 94.609 94.794 94.989 95.169 95.354 95.542 95.732 95.914 96.127 96.327 96.502 96.694 96.904 97.089 97.287 97.504 97.709 97.924 98.117 98.352 98.597 98.809 99.022 99.284 99.519 99.764 100.024 100.289 100.542 100.772 101.039 101.317 101.559 101.817 102.179 102.694 103.289 103.874 104.314 104.444 104.439 103.882 103.247 103.037 103.214 103.507 105.604 106.917 106.989 106.872 107.287 107.559 107.787 107.992 108.219 108.504 108.809 109.187 109.482 109.809 110.102 110.382 110.712
92.249 92.557 93.759 92.839 93.059 93.269 93.492 93.677 93.842 93.994 94.192 94.377 94.569 94.767 94.942 95.139 95.314 95.489 95.694 95.882 96.102 96.277 96.462 96.687 96.877 97.079 97.264 97.467 97.684 97.882 98.089 98.314 98.544 98.794 99.037 99.254 99.499 99.777 100.019 100.289 100.544 100.832 101.109 101.374 101.627 101.904 102.177 102.454 102.722 103.002 103.517 104.012 104.652 105.119 105.322 104.517 103.477 103.514 104.004 107.909 107.734 107.294 107.337 107.664 107.902 108.099 108.317 108.579 108.864 109.202 109.502 109.822 110.134 110.452 110.712
91.834 93.034 93.284 92.787 93.014 93.259 93.467 93.612 93.729 93.942 94.147 94.327 94.519 94.712 94.902 95.089 95.292 95.477 95.677 95.864 96.069 96.239 96.457 96.629 96.824 97.042 97.254 97.457 97.662 97.859 98.102 98.329 98.547 98.789 98.999 99.234 99.502 99.759 100.027 100.304 100.542 100.802 101.109 101.374 101.662 101.949 102.239 102.517 102.799 103.087 103.342 103.579 103.824 104.369 105.419 105.692 105.259 103.839 103.812 104.829 107.457 108.607 107.447 107.717 107.982 108.179 108.429 108.634 108.924 109.219 109.527 109.864 110.184 110.459 110.767
91.617 93.034 92.787 92.744 92.984 93.204 93.399 93.527 93.682 93.884 94.107 94.299 94.507 94.677 94.862 95.057 95.234 95.429 95.634 95.832 96.019 96.232 96.442 96.622 96.817 97.027 97.229 97.434 97.647 97.872 98.104 98.297 98.542 98.772 99.004 99.242 99.489 99.729 100.017 100.284 100.542 100.829 101.089 101.392 101.679 101.954 102.257 102.552 102.827 103.127 103.409 103.687 103.917 104.187 104.494 105.394 106.202 105.404 104.074 104.102 105.732 107.629 107.862 107.679 108.049 108.302 108.524 108.722 108.999 109.322 109.599 109.882 110.219 110.512 110.784
91.849 93.532 92.534 92.717 92.944 93.154 93.329 93.467 93.634 93.847 94.072 94.259 94.469 94.637 94.829 95.027 95.202 95.392 95.594 95.789 96.007 96.209 96.404 96.609 96.814 97.004 97.209 97.429 97.622 97.847 98.072 98.289 98.544 98.774 98.994 99.264 99.502 99.779 100.042 100.274 100.554 100.837 101.119 101.417 101.684 101.967 102.274 102.539 102.864 103.147 103.434 103.732 103.999 104.269 104.584 104.889 105.724 106.557 105.034 104.307 104.662 107.022 108.079 107.874 108.049 108.369 108.649 108.879 109.072 109.344 109.649 109.912 110.222 110.522 110.817
