Matlab/Roost_data/braunton/dsm/ss4838_DSM_2M.asc
ncols 500
nrows 500
xllcorner    248000
yllcorner    138000
cellsize     2
NODATA_value -9999
[rows 32 to 63 of 500, columns 284 to 354 of 500]
121.733 121.678 121.603 121.481 121.338 121.198 121.326 121.166 120.868 120.756 120.626 120.521 120.383 120.258 120.146 120.031 119.938 119.853 119.753 119.651 119.536 119.436 119.346 119.208 119.096 118.953 118.831 118.693 118.563 118.441 118.313 118.181 118.046 117.936 117.791 117.653 117.516 117.413 117.333 117.241 117.143 117.078 116.998 116.956 116.876 116.753 116.648 116.541 116.418 116.306 116.213 116.051 115.916 115.848 115.761 116.166 116.438 116.286 115.633 115.131 114.861 114.743 114.673 114.578 114.528 114.436 114.316 114.198 114.041 113.923 113.821
121.933 121.926 121.831 121.733 121.598 121.468 121.356 121.218 121.101 120.973 120.856 120.741 120.606 120.488 120.346 120.248 120.171 120.078 119.948 119.841 119.726 119.623 119.501 119.396 119.263 119.148 119.031 118.868 118.753 118.631 118.496 118.373 118.236 118.096 117.963 117.801 117.681 117.581 117.468 117.378 117.311 117.233 117.153 117.053 116.966 116.881 116.786 116.708 116.601 116.476 116.373 116.276 116.133 115.978 115.836 115.751 115.748 116.018 115.856 116.056 115.863 115.316 114.918 114.791 114.676 114.571 114.481 114.393 114.286 114.176 114.051
122.141 122.128 122.043 121.926 121.821 121.696 121.566 121.463 121.321 121.188 121.078 120.936 120.828 120.693 120.568 120.443 120.366 120.256 120.166 120.036 119.903 119.816 119.701 119.556 119.456 119.318 119.198 119.068 118.926 118.796 118.671 118.548 118.408 118.261 118.111 117.958 117.836 117.731 117.633 117.546 117.446 117.363 117.291 117.208 117.108 117.013 116.893 116.801 116.708 116.628 116.523 116.436 116.338 116.196 116.056 115.913 115.758 115.666 115.573 115.508 115.646 116.301 116.041 115.526 115.073 114.798 114.623 114.561 114.471 114.323 114.256
122.373 122.343 122.231 122.133 122.048 121.918 121.816 121.683 121.546 121.411 121.271 121.143 121.018 120.916 120.781 120.681 120.583 120.456 120.338 120.213 120.086 119.988 119.856 119.731 119.616 119.473 119.343 119.218 119.093 118.966 118.833 118.706 118.586 118.421 118.268 118.128 118.003 117.891 117.788 117.708 117.603 117.521 117.428 117.333 117.231 117.123 117.021 116.918 116.833 116.723 116.651 116.556 116.481 116.366 116.233 116.103 115.993 115.846 115.666 115.533 115.468 115.451 115.481 115.871 115.833 115.791 115.231 114.803 114.661 114.468 114.343
122.608 122.543 122.446 122.346 122.248 122.138 122.046 121.908 121.773 121.641 121.513 121.386 121.236 121.106 121.006 120.871 120.768 120.648 120.526 120.388 120.276 120.136 120.021 119.911 119.768 119.653 119.526 119.393 119.248 119.108 118.991 118.853 118.718 118.556 118.408 118.268 118.158 118.043 117.943 117.848 117.751 117.651 117.568 117.458 117.373 117.256 117.148 117.018 116.941 116.841 116.751 116.658 116.581 116.491 116.376 116.248 116.138 116.008 115.906 115.766 115.578 115.468 115.371 115.316 115.271 115.461 115.796 115.621 115.371 114.948 114.603
122.758 122.698 122.628 122.511 122.433 122.316 122.246 122.126 122.011 121.876 121.738 121.593 121.463 121.336 121.201 121.083 120.986 120.846 120.728 120.593 120.466 120.336 120.186 120.061 119.928 119.803 119.666 119.518 119.383 119.268 119.118 118.996 118.853 118.696 118.551 118.423 118.306 118.186 118.103 118.006 117.901 117.801 117.703 117.616 117.503 117.393 117.253 117.156 117.041 116.963 116.881 116.798 116.668 116.546 116.468 116.366 116.251 116.136 116.031 115.911 115.788 115.651 115.486 115.396 115.321 115.243 115.133 115.173 115.421 115.526 115.573
122.911 122.851 122.793 122.691 122.591 122.521 122.411 122.311 122.216 122.096 121.958 121.833 121.668 121.546 121.418 121.273 121.176 121.051 120.923 120.781 120.633 120.516 120.351 120.228 120.086 119.933 119.811 119.661 119.531 119.413 119.281 119.143 118.998 118.826 118.673 118.553 118.433 118.323 118.233 118.143 118.051 117.938 117.833 117.756 117.626 117.501 117.368 117.253 117.163 117.051 116.958 116.891 116.793 116.698 116.563 116.456 116.333 116.243 116.156 116.056 115.943 115.813 115.696 115.528 115.376 115.266 115.221 115.126 115.008 114.948 115.061
123.031 122.988 122.921 122.816 122.746 122.676 122.593 122.513 122.416 122.283 122.178 122.016 121.893 121.751 121.613 121.478 121.368 121.228 121.096 120.963 120.818 120.666 120.543 120.403 120.248 120.093 119.948 119.826 119.681 119.546 119.413 119.271 119.108 118.958 118.798 118.678 118.548 118.463 118.343 118.261 118.173 118.061 117.968 117.858 117.746 117.626 117.508 117.376 117.278 117.183 117.086 116.993 116.876 116.806 116.701 116.583 116.461 116.326 116.223 116.128 116.033 115.948 115.833 115.723 115.621 115.463 115.301 115.171 115.086 115.021 114.916
123.131 123.108 123.023 122.953 122.893 122.831 122.781 122.683 122.586 122.476 122.353 122.216 122.086 121.951 121.826 121.681 121.578 121.421 121.288 121.143 120.981 120.843 120.691 120.548 120.381 120.246 120.108 119.963 119.811 119.673 119.531 119.368 119.236 119.048 118.906 118.786 118.676 118.588 118.461 118.378 118.288 118.213 118.101 117.978 117.866 117.763 117.646 117.508 117.411 117.301 117.211 117.111 116.996 116.876 116.756 116.668 116.561 116.458 116.321 116.211 116.136 116.033 115.933 115.828 115.728 115.613 115.516 115.383 115.233 115.078 115.001
123.233 123.181 123.148 123.078 122.983 122.941 122.901 122.818 122.721 122.623 122.498 122.381 122.238 122.106 121.981 121.863 121.763 121.608 121.483 121.291 121.136 120.998 120.848 120.686 120.531 120.378 120.233 120.098 119.951 119.788 119.651 119.496 119.331 119.161 119.036 118.916 118.821 118.706 118.601 118.488 118.416 118.301 118.198 118.081 117.963 117.843 117.726 117.631 117.513 117.423 117.326 117.218 117.086 116.976 116.868 116.758 116.648 116.546 116.426 116.351 116.238 116.121 116.023 115.931 115.838 115.728 115.611 115.506 115.396 115.273 115.173
123.308 123.253 123.221 123.176 123.103 123.031 122.961 122.886 122.816 122.728 122.603 122.473 122.366 122.261 122.143 122.041 121.918 121.761 121.628 121.473 121.318 121.181 121.023 120.848 120.701 120.528 120.356 120.201 120.048 119.903 119.761 119.588 119.433 119.283 119.151 119.028 118.926 118.813 118.698 118.616 118.496 118.401 118.278 118.161 118.028 117.916 117.811 117.721 117.616 117.516 117.438 117.316 117.201 117.078 116.988 116.866 116.741 116.631 116.528 116.428 116.323 116.203 116.128 116.033 115.936 115.813 115.716 115.606 115.513 115.423 115.326
123.358 123.311 123.276 123.233 123.166 123.086 123.026 122.956 122.878 122.778 122.633 122.526 122.408 122.318 122.221 122.151 122.076 121.943 121.798 121.631 121.478 121.328 121.181 121.006 120.828 120.656 120.513 120.331 120.176 120.001 119.858 119.698 119.526 119.371 119.241 119.111 119.011 118.926 118.811 118.708 118.616 118.501 118.371 118.258 118.133 118.003 117.903 117.798 117.708 117.606 117.536 117.441 117.298 117.196 117.093 116.968 116.853 116.756 116.638 116.561 116.426 116.328 116.226 116.126 116.006 115.886 115.806 115.706 115.596 115.523 115.431
123.373 123.343 123.283 123.268 123.186 123.131 123.068 122.973 122.903 122.803 122.668 122.538 122.416 122.358 122.303 122.243 122.186 122.078 121.951 121.796 121.636 121.476 121.303 121.136 120.971 120.791 120.608 120.446 120.281 120.113 119.961 119.776 119.623 119.451 119.336 119.236 119.113 118.998 118.911 118.811 118.683 118.591 118.461 118.343 118.236 118.116 118.003 117.898 117.798 117.703 117.616 117.498 117.398 117.303 117.196 117.088 116.976 116.871 116.766 116.663 116.536 116.443 116.331 116.211 116.123 116.011 115.906 115.803 115.693 115.601 115.506
123.411 123.363 123.323 123.306 123.248 123.213 123.156 123.076 122.966 122.868 122.691 122.568 122.468 122.386 122.341 122.281 122.261 122.193 122.083 121.968 121.793 121.646 121.456 121.283 121.103 120.926 120.746 120.576 120.391 120.223 120.041 119.853 119.691 119.566 119.428 119.331 119.218 119.111 119.021 118.913 118.776 118.693 118.553 118.436 118.338 118.223 118.108 117.996 117.898 117.806 117.698 117.576 117.481 117.376 117.263 117.163 117.066 116.966 116.873 116.771 116.646 116.536 116.456 116.341 116.238 116.103 115.988 115.891 115.786 115.691 115.588
123.426 123.386 123.336 123.333 123.256 123.248 123.218 123.153 123.061 122.921 122.788 122.656 122.533 122.433 122.378 122.336 122.301 122.276 122.158 122.041 121.938 121.781 121.583 121.416 121.228 121.043 120.848 120.658 120.483 120.293 120.146 119.946 119.778 119.658 119.543 119.431 119.338 119.238 119.136 119.031 118.908 118.803 118.648 118.541 118.418 118.303 118.203 118.091 117.986 117.883 117.793 117.683 117.558 117.463 117.371 117.243 117.156 117.048 116.973 116.868 116.763 116.658 116.551 116.446 116.331 116.203 116.096 115.983 115.878 115.771 115.673
123.458 123.413 123.383 123.363 123.276 123.233 123.186 123.151 123.056 122.961 122.851 122.706 122.606 122.496 122.463 122.401 122.366 122.316 122.261 122.136 121.981 121.826 121.673 121.486 121.323 121.128 120.933 120.741 120.571 120.386 120.196 120.023 119.873 119.731 119.618 119.513 119.413 119.316 119.216 119.101 118.993 118.893 118.753 118.661 118.526 118.426 118.296 118.203 118.101 118.011 117.901 117.788 117.676 117.551 117.451 117.328 117.231 117.118 117.031 116.933 116.833 116.743 116.666 116.513 116.401 116.268 116.176 116.076 115.958 115.891 115.803
123.476 123.423 123.416 123.386 123.308 123.241 123.168 123.123 123.063 122.978 122.881 122.786 122.676 122.596 122.543 122.496 122.448 122.413 122.328 122.198 122.046 121.891 121.718 121.553 121.378 121.221 121.011 120.826 120.626 120.446 120.263 120.093 119.931 119.793 119.686 119.566 119.483 119.401 119.286 119.173 119.068 118.951 118.858 118.721 118.613 118.496 118.393 118.298 118.186 118.073 117.968 117.866 117.751 117.643 117.546 117.436 117.331 117.231 117.143 117.046 116.963 116.866 116.753 116.626 116.518 116.383 116.273 116.178 116.078 115.956 115.878
123.508 123.451 123.443 123.393 123.326 123.271 123.213 123.161 123.113 123.041 122.951 122.871 122.783 122.698 122.606 122.576 122.506 122.453 122.356 122.233 122.096 121.931 121.773 121.583 121.398 121.226 121.036 120.848 120.656 120.483 120.318 120.141 119.973 119.853 119.751 119.646 119.543 119.453 119.346 119.221 119.128 118.998 118.881 118.781 118.643 118.546 118.478 118.386 118.288 118.206 118.086 117.978 117.881 117.791 117.671 117.561 117.451 117.371 117.266 117.171 117.053 116.956 116.851 116.703 116.591 116.481 116.376 116.256 116.181 116.073 115.961
123.514 123.471 123.434 123.399 123.316 123.279 123.214 123.166 123.109 123.054 122.989 122.901 122.831 122.756 122.684 122.614 122.539 122.454 122.369 122.256 122.131 121.956 121.789 121.604 121.419 121.239 121.054 120.876 120.676 120.504 120.326 120.151 120.011 119.894 119.779 119.676 119.586 119.499 119.389 119.301 119.189 119.094 118.986 118.861 118.764 118.649 118.549 118.471 118.366 118.266 118.139 118.036 117.926 117.834 117.751 117.649 117.546 117.454 117.361 117.264 117.159 117.046 116.926 116.844 116.706 116.584 116.461 116.364 116.269 116.169 116.051
123.526 123.484 123.429 123.386 123.309 123.256 123.194 123.146 123.076 123.011 122.959 122.886 122.816 122.756 122.704 122.614 122.536 122.426 122.299 122.181 122.034 121.901 121.766 121.601 121.434 121.249 121.049 120.901 120.721 120.529 120.334 120.194 120.046 119.929 119.841 119.734 119.636 119.549 119.436 119.344 119.216 119.114 119.009 118.894 118.791 118.701 118.594 118.519 118.406 118.331 118.184 118.104 118.004 117.919 117.816 117.714 117.616 117.519 117.444 117.339 117.254 117.134 117.031 116.916 116.794 116.684 116.561 116.454 116.356 116.231 116.151
123.539 123.481 123.441 123.379 123.316 123.246 123.179 123.109 123.029 122.986 122.904 122.851 122.784 122.721 122.639 122.576 122.494 122.376 122.256 122.131 122.001 121.864 121.734 121.576 121.449 121.271 121.094 120.919 120.719 120.539 120.366 120.204 120.069 119.961 119.851 119.759 119.641 119.549 119.424 119.331 119.236 119.124 119.006 118.904 118.819 118.726 118.634 118.524 118.446 118.341 118.231 118.161 118.059 117.981 117.866 117.784 117.676 117.591 117.501 117.391 117.309 117.214 117.104 116.996 116.866 116.746 116.644 116.541 116.441 116.326 116.236
123.526 123.481 123.424 123.344 123.271 123.214 123.129 123.064 123.016 122.936 122.866 122.804 122.764 122.696 122.596 122.541 122.434 122.324 122.221 122.056 121.924 121.804 121.646 121.521 121.376 121.219 121.039 120.861 120.701 120.546 120.386 120.251 120.111 120.006 119.889 119.781 119.669 119.561 119.446 119.331 119.214 119.119 119.016 118.931 118.831 118.739 118.651 118.571 118.486 118.389 118.301 118.204 118.101 118.014 117.926 117.819 117.724 117.649 117.554 117.454 117.354 117.259 117.156 117.044 116.934 116.841 116.704 116.611 116.496 116.401 116.289
123.509 123.461 123.414 123.341 123.251 123.169 123.106 123.036 122.984 122.919 122.834 122.781 122.704 122.644 122.541 122.461 122.336 122.246 122.121 121.984 121.861 121.714 121.571 121.431 121.281 121.129 120.966 120.819 120.684 120.504 120.371 120.234 120.124 120.001 119.919 119.799 119.699 119.589 119.464 119.349 119.239 119.141 119.046 118.946 118.829 118.749 118.664 118.579 118.486 118.394 118.306 118.226 118.126 118.044 117.951 117.849 117.779 117.709 117.621 117.541 117.441 117.329 117.231 117.131 117.016 116.919 116.806 116.706 116.604 116.481 116.364
123.504 123.441 123.379 123.316 123.249 123.164 123.096 123.016 122.941 122.829 122.791 122.719 122.621 122.546 122.459 122.359 122.246 122.136 122.026 121.924 121.779 121.634 121.476 121.359 121.219 121.061 120.929 120.776 120.606 120.466 120.329 120.211 120.099 119.984 119.861 119.756 119.671 119.559 119.454 119.349 119.246 119.134 119.036 118.944 118.826 118.741 118.646 118.566 118.496 118.406 118.301 118.224 118.129 118.034 117.951 117.874 117.779 117.704 117.636 117.574 117.484 117.391 117.284 117.189 117.084 116.981 116.881 116.759 116.674 116.554 116.424
123.466 123.436 123.361 123.249 123.201 123.134 123.061 122.979 122.906 122.796 122.726 122.646 122.564 122.501 122.399 122.281 122.166 122.066 121.946 121.826 121.706 121.561 121.426 121.304 121.141 120.991 120.834 120.714 120.564 120.419 120.276 120.159 120.074 119.969 119.849 119.749 119.644 119.519 119.411 119.319 119.196 119.104 119.016 118.916 118.821 118.741 118.664 118.581 118.504 118.396 118.304 118.204 118.119 118.014 117.946 117.859 117.766 117.704 117.634 117.549 117.471 117.399 117.324 117.224 117.121 117.016 116.904 116.786 116.701 116.561 116.494
123.414 123.369 123.289 123.209 123.144 123.071 123.006 122.936 122.851 122.769 122.699 122.589 122.511 122.419 122.291 122.191 122.091 121.969 121.869 121.759 121.661 121.509 121.374 121.231 121.089 120.919 120.774 120.644 120.481 120.364 120.231 120.131 120.021 119.936 119.824 119.739 119.626 119.494 119.381 119.286 119.179 119.076 118.971 118.894 118.786 118.706 118.616 118.526 118.431 118.351 118.261 118.176 118.104 118.001 117.914 117.844 117.779 117.686 117.624 117.551 117.499 117.401 117.304 117.211 117.111 116.986 116.914 116.791 116.699 116.589 116.486
123.371 123.334 123.269 123.189 123.104 123.016 122.931 122.869 122.804 122.719 122.634 122.556 122.461 122.341 122.234 122.139 122.024 121.901 121.816 121.686 121.561 121.421 121.304 121.154 121.016 120.859 120.706 120.574 120.444 120.316 120.204 120.099 120.009 119.919 119.801 119.696 119.589 119.464 119.334 119.244 119.141 119.039 118.949 118.851 118.766 118.679 118.594 118.494 118.421 118.339 118.234 118.156 118.069 117.984 117.909 117.806 117.731 117.669 117.599 117.499 117.444 117.359 117.279 117.206 117.121 117.021 116.941 116.834 116.729 116.619 116.489
123.319 123.314 123.229 123.149 123.064 122.964 122.896 122.806 122.731 122.641 122.569 122.479 122.396 122.309 122.184 122.071 121.949 121.854 121.716 121.586 121.454 121.341 121.214 121.056 120.934 120.789 120.636 120.526 120.396 120.251 120.149 120.049 119.954 119.851 119.756 119.651 119.526 119.436 119.321 119.224 119.126 119.034 118.926 118.831 118.746 118.676 118.591 118.471 118.376 118.289 118.194 118.096 118.026 117.936 117.834 117.781 117.694 117.624 117.561 117.504 117.434 117.381 117.319 117.226 117.149 117.069 116.974 116.856 116.769 116.634 116.514
123.251 123.229 123.156 123.061 123.001 122.901 122.814 122.741 122.656 122.584 122.496 122.431 122.319 122.226 122.116 122.011 121.889 121.784 121.634 121.516 121.406 121.296 121.151 121.011 120.861 120.716 120.599 120.449 120.299 120.174 120.111 120.004 119.914 119.824 119.741 119.619 119.526 119.401 119.296 119.171 119.069 118.974 118.889 118.794 118.691 118.611 118.511 118.419 118.351 118.249 118.201 118.101 118.004 117.924 117.861 117.791 117.691 117.641 117.549 117.479 117.371 117.301 117.226 117.144 117.026 116.986 116.889 116.834 116.661 116.559 116.441
123.156 123.106 123.046 122.966 122.911 122.819 122.749 122.686 122.591 122.501 122.441 122.369 122.274 122.166 122.051 121.954 121.841 121.719 121.611 121.479 121.346 121.199 121.066 120.936 120.791 120.669 120.519 120.391 120.266 120.169 120.056 119.971 119.886 119.779 119.689 119.564 119.464 119.344 119.264 119.156 119.036 118.954 118.859 118.779 118.681 118.601 118.506 118.411 118.314 118.234 118.129 118.046 117.956 117.851 117.759 117.889 117.874 117.661 118.014 118.024 117.871 118.281 118.059 118.066 118.019 117.916 117.796 117.766 117.599 117.551 117.211
123.066 123.026 122.954 122.901 122.819 122.734 122.679 122.576 122.529 122.461 122.379 122.299 122.201 122.086 121.956 121.859 121.761 121.651 121.544 121.419 121.286 121.164 121.024 120.876 120.731 120.609 120.459 120.336 120.216 120.116 120.001 119.891 119.829 119.734 119.636 119.546 119.466 119.384 119.266 119.189 119.041 118.926 118.816 118.716 118.624 118.601 118.866 118.604 119.014 119.106 119.019 118.911 118.761 118.861 118.946 118.904 118.906 118.774 118.669 118.576 118.411 117.986 117.894 117.531 117.479 117.239 116.826 116.829 116.744 116.861 116.714
123.004 122.939 122.871 122.814 122.744 122.666 122.596 122.491 122.451 122.391 122.291 122.209 122.111 122.011 121.916 121.806 121.691 121.584 121.464 121.331 121.229 121.091 120.961 120.836 120.709 120.546 120.409 120.291 120.169 120.074 119.964 119.904 119.829 119.744 119.641 119.521 119.446 119.289 119.236 119.379 119.514 119.854 120.016 119.841 119.871 119.961 119.971 119.794 119.576 119.404 119.349 118.999 118.744 118.604 118.274 117.936 117.614 117.514 117.061 116.904 116.711 116.474 116.361 116.254 116.144 116.039 115.929 115.816 115.716 115.591 115.476
