Matlab/Roost_data/braunton/dsm/ss4840_DSM_2M.asc
ncols 500
nrows 500
xllcorner    248000
yllcorner    140000
cellsize     2
NODATA_value -9999
[rows 408 to 441 of 500, columns 225 to 299 of 500]
-9999 -9999 -9999 -9999 -9999 -9999 -9999 -9999 -9999 -9999 -9999 -9999 -9999 -9999 -9999 -9999 -9999 -9999 -9999 -9999 -9999 -9999 -9999 -9999 -9999 -9999 -9999 -9999 -9999 93.214 93.234 93.204 93.154 93.084 93.049 92.937 92.872 92.822 92.744 92.672 92.624 92.582 92.884 93.242 93.449 93.614 93.854 93.774 93.577 93.487 93.012 92.622 92.499 92.464 92.472 92.479 92.514 92.552 92.874 93.177 93.469 93.434 93.424 93.382 93.392 93.342 93.277 93.409 93.524 93.657 93.739 93.837 93.924 94.029 94.109
-9999 -9999 -9999 -9999 -9999 -9999 -9999 -9999 -9999 -9999 -9999 -9999 -9999 -9999 -9999 -9999 -9999 -9999 -9999 -9999 -9999 -9999 -9999 -9999 -9999 -9999 -9999 -9999 93.044 93.034 92.959 92.924 92.882 92.852 92.779 92.719 92.627 92.577 92.519 92.459 92.462 92.422 92.399 92.364 92.352 92.357 92.709 92.724 93.339 93.342 93.744 93.362 93.547 93.279 93.019 92.807 92.599 92.509 92.479 92.482 92.482 92.559 92.707 93.134 93.259 93.814 93.727 93.657 93.594 93.362 93.562 93.684 93.792 93.892 93.982
-9999 -9999 -9999 -9999 -9999 -9999 -9999 -9999 -9999 -9999 -9999 -9999 -9999 -9999 -9999 -9999 -9999 -9999 -9999 -9999 -9999 -9999 -9999 -9999 -9999 -9999 -9999 92.861 92.837 92.742 92.684 92.642 92.614 92.584 92.512 92.439 92.362 92.314 92.264 92.237 92.227 92.222 92.204 92.182 92.174 92.157 92.162 92.167 92.229 92.402 92.489 92.402 92.757 92.844 93.222 93.367 93.432 93.302 93.217 92.884 92.582 92.432 92.459 92.517 92.572 92.684 93.029 93.454 93.814 93.824 93.884 93.532 93.599 93.742 93.859
-9999 -9999 -9999 -9999 -9999 -9999 -9999 -9999 -9999 -9999 -9999 -9999 -9999 -9999 -9999 -9999 -9999 -9999 -9999 -9999 -9999 -9999 -9999 -9999 -9999 -9999 92.591 92.594 92.537 92.434 92.379 92.349 92.337 92.307 92.254 92.197 92.112 92.052 92.007 91.967 91.962 91.987 91.987 91.972 91.974 91.952 92.009 91.982 92.077 92.264 92.284 92.212 92.169 92.139 92.124 92.237 92.539 92.792 93.097 93.377 93.409 93.454 93.174 92.602 92.479 92.517 92.552 92.632 92.882 93.487 94.172 94.159 93.784 93.657 93.664
-9999 -9999 -9999 -9999 -9999 -9999 -9999 -9999 -9999 -9999 -9999 -9999 -9999 -9999 -9999 -9999 -9999 -9999 -9999 -9999 -9999 -9999 -9999 -9999 -9999 92.318 92.302 92.277 92.232 92.157 92.082 92.037 92.027 92.007 91.954 91.897 91.867 91.837 91.784 91.742 91.719 91.719 91.744 91.757 91.734 91.747 91.784 91.802 91.902 92.077 92.109 92.032 91.997 91.972 92.009 92.072 92.144 92.289 92.312 92.534 92.644 93.034 93.587 93.749 93.702 93.309 92.794 92.554 92.559 92.639 92.834 93.592 94.219 94.272 93.917
-9999 -9999 -9999 -9999 -9999 -9999 -9999 -9999 -9999 -9999 -9999 -9999 -9999 -9999 -9999 -9999 -9999 -9999 -9999 -9999 -9999 -9999 -9999 91.954 92.039 92.039 91.994 91.937 91.874 91.814 91.744 91.737 91.732 91.679 91.657 91.594 91.579 91.574 91.554 91.524 91.509 91.497 91.494 91.482 91.502 91.539 91.564 91.602 91.717 91.879 91.914 91.802 91.764 91.812 91.847 91.927 92.049 92.137 92.202 92.279 92.379 92.392 92.594 93.059 93.167 93.572 93.637 93.424 92.654 92.617 92.604 92.692 93.054 93.759 94.252
-9999 -9999 -9999 -9999 -9999 -9999 -9999 -9999 -9999 -9999 -9999 -9999 -9999 -9999 -9999 -9999 -9999 -9999 -9999 -9999 -9999 -9999 91.634 91.729 91.734 91.742 91.684 91.654 91.574 91.489 91.437 91.444 91.417 91.407 91.364 91.317 91.299 91.287 91.272 91.279 91.274 91.259 91.237 91.247 91.284 91.322 91.344 91.379 91.522 91.672 91.699 91.572 91.579 91.614 91.677 91.789 91.904 92.034 92.154 92.222 92.302 92.379 92.377 92.404 92.397 92.407 92.684 93.064 92.709 93.094 93.117 92.712 92.697 92.787 93.007
-9999 -9999 -9999 -9999 -9999 -9999 -9999 -9999 -9999 -9999 -9999 -9999 -9999 -9999 -9999 -9999 -9999 -9999 -9999 -9999 -9999 91.434 91.444 91.404 91.432 91.412 91.384 91.314 91.227 91.164 91.132 91.122 91.097 91.064 91.089 91.062 91.072 91.027 90.987 90.992 91.017 91.002 90.999 91.019 91.069 91.084 91.102 91.154 91.297 91.447 91.437 91.364 91.389 91.449 91.537 91.647 91.769 91.902 92.054 92.169 92.254 92.324 92.384 92.354 92.327 92.329 92.302 92.379 92.462 93.319 93.949 93.787 93.149 92.787 92.827
-9999 -9999 -9999 -9999 -9999 -9999 -9999 -9999 -9999 -9999 -9999 -9999 -9999 -9999 -9999 -9999 -9999 -9999 -9999 -9999 91.264 91.209 91.147 91.109 91.122 91.114 91.092 91.002 90.932 90.849 90.852 90.842 90.817 90.792 90.797 90.802 90.819 90.779 90.722 90.737 90.744 90.757 90.764 90.772 90.804 90.837 90.887 90.929 91.099 91.194 91.174 91.142 91.174 91.269 91.374 91.499 91.617 91.762 91.937 92.067 92.184 92.244 92.289 92.257 92.254 92.219 92.219 92.314 92.372 92.529 93.219 93.667 94.119 93.857 93.212
-9999 -9999 -9999 -9999 -9999 -9999 -9999 -9999 -9999 -9999 -9999 -9999 -9999 -9999 -9999 -9999 -9999 -9999 -9999 91.488 90.982 90.924 90.874 90.822 90.804 90.822 90.752 90.714 90.657 90.579 90.539 90.547 90.514 90.522 90.549 90.547 90.537 90.502 90.472 90.477 90.499 90.489 90.512 90.532 90.552 90.594 90.629 90.694 90.864 90.929 90.907 90.882 90.957 91.074 91.187 91.339 91.477 91.624 91.817 92.017 92.069 92.159 92.169 92.184 92.184 92.104 92.152 92.264 92.334 92.439 92.569 92.697 92.914 93.717 94.119
-9999 -9999 -9999 -9999 -9999 -9999 -9999 -9999 -9999 -9999 -9999 -9999 -9999 -9999 -9999 -9999 -9999 90.704 91.651 91.424 90.674 90.644 90.604 90.537 90.507 90.504 90.464 90.444 90.414 90.307 90.269 90.244 90.247 90.279 90.329 90.332 90.302 90.237 90.239 90.212 90.222 90.259 90.242 90.277 90.304 90.324 90.359 90.447 90.622 90.699 90.652 90.664 90.769 90.877 91.007 91.172 91.317 91.514 91.687 91.844 91.969 92.047 92.094 92.117 92.084 92.024 92.082 92.149 92.209 92.362 92.524 92.639 92.749 92.877 93.082
-9999 -9999 -9999 -9999 -9999 -9999 -9999 -9999 -9999 -9999 -9999 -9999 -9999 -9999 -9999 -9999 90.464 90.502 91.347 91.139 90.392 90.374 90.327 90.272 90.234 90.214 90.169 90.144 90.129 90.049 89.999 89.977 89.994 90.027 90.062 90.082 90.054 89.994 89.979 89.977 89.967 89.972 89.999 90.037 90.054 90.074 90.099 90.244 90.392 90.454 90.379 90.447 90.574 90.682 90.847 91.024 91.207 91.427 91.587 91.729 91.857 91.937 91.999 92.014 91.924 91.902 91.982 92.042 92.097 92.214 92.402 92.597 92.704 92.827 92.922
-9999 -9999 -9999 -9999 -9999 -9999 -9999 -9999 -9999 -9999 -9999 -9999 -9999 -9999 -9999 90.254 90.277 90.209 91.052 91.132 90.132 90.084 90.022 89.987 89.969 89.949 89.927 89.894 89.854 89.799 89.752 89.729 89.724 89.772 89.787 89.799 89.792 89.734 89.712 89.737 89.742 89.729 89.752 89.784 89.797 89.819 89.877 90.004 90.159 90.159 90.169 90.232 90.389 90.517 90.704 90.914 91.089 91.277 91.457 91.592 91.712 91.777 91.852 91.842 91.769 91.782 91.887 91.937 91.999 92.114 92.277 92.467 92.627 92.754 92.852
-9999 -9999 -9999 -9999 -9999 -9999 -9999 -9999 -9999 -9999 -9999 -9999 -9999 -9999 90.034 90.047 90.007 89.939 90.627 90.959 89.867 89.804 89.787 89.754 89.724 89.707 89.694 89.627 89.612 89.552 89.529 89.504 89.507 89.537 89.517 89.509 89.532 89.484 89.472 89.499 89.474 89.482 89.519 89.532 89.557 89.584 89.624 89.774 89.904 89.899 89.939 90.089 90.234 90.437 90.572 90.787 90.962 91.122 91.254 91.382 91.492 91.592 91.712 91.682 91.622 91.669 91.764 91.852 91.929 92.082 92.249 92.409 92.562 92.669 92.807
-9999 -9999 -9999 -9999 -9999 -9999 -9999 -9999 -9999 -9999 -9999 -9999 -9999 89.898 89.864 89.792 89.739 89.669 90.269 90.572 89.637 89.562 89.519 89.494 89.484 89.479 89.432 89.377 89.344 89.304 89.289 89.282 89.294 89.322 89.289 89.297 89.274 89.242 89.249 89.259 89.229 89.249 89.254 89.287 89.304 89.342 89.379 89.564 89.679 89.679 89.757 89.909 90.099 90.259 90.414 90.592 90.754 90.892 91.044 91.159 91.284 91.417 91.564 91.524 91.499 91.569 91.669 91.774 91.899 92.047 92.192 92.342 92.497 92.622 92.769
-9999 -9999 -9999 -9999 -9999 -9999 -9999 -9999 -9999 -9999 -9999 -9999 89.701 89.674 89.619 89.534 89.487 89.402 89.962 90.227 89.414 89.319 89.242 89.237 89.252 89.254 89.194 89.137 89.099 89.057 89.047 89.054 89.074 89.117 89.094 89.057 89.047 88.992 88.999 89.009 89.009 89.009 89.037 89.059 89.074 89.089 89.162 89.319 89.464 89.534 89.647 89.767 89.944 90.052 90.214 90.354 90.549 90.687 90.827 90.967 91.077 91.257 91.392 91.357 91.354 91.464 91.564 91.704 91.852 92.002 92.122 92.264 92.439 92.589 92.757
-9999 -9999 -9999 -9999 -9999 -9999 -9999 -9999 -9999 -9999 89.504 89.524 89.507 89.447 89.367 89.319 89.249 89.172 89.639 90.167 89.234 89.079 89.017 88.982 89.019 89.019 88.952 88.902 88.872 88.827 88.829 88.847 88.859 88.909 88.922 88.844 88.809 88.772 88.772 88.767 88.777 88.794 88.797 88.817 88.827 88.844 88.929 89.102 89.267 89.389 89.489 89.564 89.707 89.837 89.994 90.167 90.327 90.479 90.629 90.762 90.884 91.094 91.254 91.189 91.229 91.319 91.437 91.582 91.732 91.829 91.984 92.172 92.369 92.539 92.724
-9999 -9999 -9999 -9999 -9999 -9999 -9999 -9999 -9999 89.294 89.332 89.329 89.287 89.222 89.142 89.079 89.007 88.909 89.469 89.992 89.029 88.859 88.762 88.732 88.762 88.784 88.714 88.674 88.629 88.597 88.607 88.652 88.654 88.714 88.694 88.647 88.579 88.552 88.554 88.557 88.542 88.579 88.589 88.587 88.597 88.632 88.754 88.937 89.079 89.179 89.269 89.359 89.487 89.644 89.792 89.949 90.109 90.264 90.429 90.524 90.719 90.967 91.057 91.014 91.074 91.174 91.312 91.469 91.612 91.669 91.827 92.044 92.302 92.484 92.692
-9999 -9999 -9999 -9999 -9999 -9999 -9999 -9999 89.114 89.157 89.127 89.099 89.089 88.989 88.937 88.867 88.779 88.692 89.182 89.544 88.757 88.629 88.572 88.537 88.552 88.532 88.487 88.454 88.414 88.392 88.389 88.422 88.452 88.504 88.469 88.432 88.362 88.334 88.334 88.317 88.319 88.349 88.379 88.369 88.397 88.439 88.592 88.757 88.879 88.957 89.057 89.174 89.297 89.442 89.609 89.769 89.909 90.079 90.227 90.304 90.589 90.814 90.847 90.879 90.974 91.067 91.157 91.349 91.474 91.534 91.692 91.939 92.207 92.427 92.649
-9999 -9999 -9999 -9999 -9999 -9999 -9999 88.884 88.937 88.934 88.919 88.902 88.839 88.787 88.699 88.639 88.564 88.489 88.854 89.342 88.554 88.409 88.352 88.309 88.312 88.309 88.262 88.232 88.204 88.197 88.182 88.194 88.234 88.272 88.247 88.212 88.154 88.132 88.132 88.109 88.122 88.119 88.149 88.162 88.197 88.264 88.442 88.609 88.694 88.769 88.884 89.017 89.109 89.267 89.432 89.584 89.734 89.864 90.007 90.162 90.457 90.654 90.697 90.749 90.857 90.957 91.087 91.227 91.377 91.479 91.607 91.857 92.137 92.352 92.572
-9999 -9999 -9999 -9999 -9999 -9999 88.604 88.677 88.707 88.707 88.694 88.664 88.622 88.562 88.489 88.422 88.372 88.284 88.679 89.339 88.352 88.187 88.147 88.109 88.094 88.072 88.012 88.012 87.997 87.962 87.959 87.969 87.997 88.044 88.017 87.984 87.934 87.902 87.892 87.909 87.894 87.904 87.932 87.962 88.027 88.092 88.224 88.419 88.532 88.617 88.727 88.799 88.914 89.099 89.254 89.387 89.552 89.692 89.807 90.022 90.334 90.487 90.557 90.609 90.732 90.844 90.982 91.152 91.317 91.447 91.572 91.797 92.067 92.277 92.514
-9999 -9999 -9999 -9999 -9999 88.434 88.472 88.469 88.497 88.519 88.487 88.467 88.442 88.364 88.287 88.242 88.167 88.092 88.557 89.117 88.177 87.969 87.929 87.882 87.872 87.842 87.792 87.827 87.812 87.754 87.734 87.764 87.787 87.844 87.819 87.759 87.704 87.692 87.682 87.687 87.674 87.687 87.722 87.754 87.839 87.922 88.037 88.262 88.372 88.417 88.502 88.617 88.757 88.932 89.092 89.227 89.372 89.524 89.667 89.954 90.207 90.354 90.384 90.437 90.562 90.734 90.897 91.069 91.197 91.322 91.512 91.769 92.019 92.204 92.419
-9999 -9999 -9999 -9999 88.224 88.279 88.239 88.247 88.292 88.294 88.277 88.239 88.214 88.144 88.124 88.024 87.954 87.892 88.224 88.899 87.984 87.752 87.709 87.657 87.647 87.612 87.574 87.584 87.582 87.554 87.512 87.529 87.557 87.592 87.582 87.537 87.467 87.467 87.489 87.472 87.464 87.472 87.517 87.567 87.649 87.729 87.882 88.124 88.187 88.249 88.319 88.477 88.627 88.792 88.914 89.064 89.184 89.319 89.537 89.892 90.122 90.224 90.279 90.354 90.442 90.614 90.812 90.954 91.074 91.222 91.372 91.717 91.947 92.137 92.337
-9999 -9999 -9999 89.324 88.327 88.069 88.039 88.017 88.059 88.097 88.104 88.054 88.019 87.954 87.909 87.824 87.762 87.679 87.992 88.614 87.804 87.527 87.479 87.459 87.442 87.414 87.382 87.369 87.369 87.367 87.319 87.319 87.327 87.402 87.387 87.317 87.249 87.249 87.264 87.284 87.257 87.257 87.322 87.402 87.494 87.579 87.764 87.967 88.039 88.087 88.174 88.314 88.479 88.634 88.764 88.909 89.039 89.194 89.449 89.802 90.002 90.077 90.134 90.272 90.414 90.572 90.737 90.864 90.964 91.124 91.362 91.672 91.867 92.059 92.264
-9999 -9999 89.294 89.164 88.252 87.877 87.849 87.837 87.847 87.874 87.887 87.832 87.809 87.752 87.682 87.619 87.569 87.462 87.677 88.452 87.694 87.307 87.262 87.242 87.257 87.237 87.154 87.144 87.134 87.107 87.107 87.122 87.154 87.179 87.177 87.107 87.049 87.042 87.049 87.067 87.077 87.094 87.172 87.242 87.334 87.417 87.652 87.822 87.879 87.929 88.027 88.169 88.349 88.502 88.622 88.742 88.882 89.097 89.397 89.709 89.862 89.929 90.009 90.177 90.339 90.539 90.677 90.809 90.934 91.099 91.364 91.594 91.774 91.994 92.282
-9999 -9999 88.638 88.957 88.089 87.654 87.642 87.607 87.614 87.672 87.689 87.647 87.592 87.537 87.452 87.407 87.337 87.269 87.444 88.177 87.444 87.082 87.049 87.044 87.049 87.009 86.952 86.934 86.882 86.882 86.912 86.904 86.944 86.959 86.919 86.894 86.837 86.844 86.857 86.849 86.882 86.919 87.022 87.074 87.162 87.267 87.492 87.677 87.739 87.797 87.887 88.034 88.204 88.352 88.484 88.612 88.779 88.987 89.324 89.614 89.734 89.774 89.907 90.052 90.242 90.457 90.614 90.789 90.937 91.122 91.327 91.512 91.714 91.927 92.334
87.584 87.604 88.112 88.944 87.989 87.464 87.464 87.404 87.414 87.439 87.462 87.424 87.379 87.322 87.234 87.212 87.152 87.064 87.267 87.947 87.244 86.882 86.824 86.849 86.847 86.799 86.742 86.714 86.649 86.652 86.704 86.684 86.714 86.707 86.664 86.657 86.629 86.622 86.624 86.654 86.667 86.737 86.829 86.914 86.987 87.154 87.384 87.529 87.592 87.647 87.787 87.912 88.079 88.232 88.354 88.507 88.704 88.917 89.244 89.517 89.614 89.637 89.787 89.937 90.134 90.354 90.574 90.742 90.879 91.049 91.257 91.437 91.629 91.834 92.087
87.388 87.392 87.747 88.662 88.077 87.262 87.219 87.187 87.214 87.247 87.264 87.222 87.197 87.117 87.047 86.994 86.952 86.872 86.939 87.794 87.084 86.652 86.607 86.632 86.624 86.574 86.534 86.452 86.437 86.439 86.459 86.459 86.467 86.449 86.429 86.399 86.414 86.409 86.437 86.434 86.497 86.539 86.669 86.779 86.839 87.017 87.279 87.404 87.452 87.544 87.674 87.814 87.929 88.082 88.244 88.407 88.597 88.879 89.214 89.422 89.492 89.537 89.697 89.864 90.049 90.292 90.519 90.649 90.827 90.982 91.169 91.354 91.587 91.769 92.107
87.214 87.204 87.444 88.524 88.007 87.059 87.024 86.994 86.994 87.039 87.062 87.027 86.967 86.922 86.854 86.787 86.747 86.664 86.759 87.557 86.734 86.447 86.409 86.387 86.382 86.367 86.282 86.247 86.219 86.209 86.209 86.219 86.247 86.224 86.212 86.174 86.189 86.219 86.232 86.247 86.279 86.399 86.502 86.617 86.707 86.937 87.167 87.277 87.322 87.412 87.529 87.679 87.819 87.984 88.139 88.327 88.542 88.857 89.162 89.317 89.387 89.459 89.624 89.797 90.019 90.222 90.434 90.587 90.752 90.917 91.082 91.287 91.507 91.734 92.509
87.007 86.974 87.077 88.034 88.014 86.852 86.814 86.799 86.799 86.817 86.844 86.789 86.754 86.699 86.624 86.562 86.522 86.424 86.567 87.389 86.702 86.237 86.197 86.167 86.159 86.114 86.062 86.034 86.007 85.987 85.959 85.982 86.009 86.014 85.994 85.957 85.997 86.022 86.042 86.069 86.142 86.264 86.354 86.447 86.577 86.827 87.047 87.127 87.194 87.307 87.404 87.572 87.749 87.902 88.072 88.242 88.459 88.827 89.087 89.202 89.282 89.442 89.594 89.782 89.964 90.179 90.354 90.499 90.692 90.852 91.027 91.217 91.467 91.667 92.834
86.819 86.784 86.799 87.844 87.979 86.814 86.617 86.574 86.589 86.592 86.607 86.582 86.552 86.494 86.417 86.359 86.294 86.212 86.422 87.297 86.544 86.022 85.959 85.954 85.927 85.874 85.832 85.807 85.777 85.737 85.744 85.742 85.782 85.802 85.782 85.752 85.779 85.819 85.862 85.917 86.017 86.122 86.219 86.342 86.449 86.727 86.939 86.984 87.049 87.164 87.304 87.502 87.637 87.829 88.007 88.172 88.457 88.784 89.002 89.109 89.197 89.359 89.562 89.737 89.917 90.132 90.289 90.459 90.649 90.802 90.969 91.179 91.397 91.717 93.299
86.604 86.572 86.572 87.542 87.414 86.807 86.424 86.377 86.352 86.394 86.414 86.384 86.339 86.269 86.202 86.149 86.069 85.977 86.052 87.094 86.637 85.782 85.739 85.692 85.647 85.617 85.612 85.587 85.534 85.512 85.492 85.502 85.532 85.564 85.584 85.577 85.614 85.654 85.722 85.797 85.909 85.989 86.104 86.209 86.347 86.632 86.812 86.859 86.927 87.072 87.244 87.417 87.577 87.764 87.919 88.114 88.467 88.762 88.962 89.017 89.154 89.312 89.517 89.669 89.879 90.057 90.217 90.422 90.587 90.759 90.959 91.147 91.347 92.252 93.304
86.424 86.369 86.352 87.064 87.339 86.662 86.227 86.167 86.162 86.192 86.212 86.177 86.117 86.059 85.992 85.887 85.827 85.754 85.812 86.702 86.452 85.547 85.502 85.442 85.397 85.379 85.352 85.329 85.294 85.259 85.252 85.302 85.339 85.394 85.377 85.374 85.447 85.502 85.587 85.682 85.777 85.877 85.972 86.072 86.274 86.564 86.692 86.732 86.842 86.987 87.172 87.344 87.547 87.714 87.892 88.122 88.484 88.759 88.887 88.934 89.072 89.287 89.454 89.642 89.844 90.009 90.157 90.357 90.542 90.717 90.917 91.117 91.324 92.287 92.987
86.204 86.162 86.154 86.342 87.117 86.624 86.002 85.974 85.949 85.964 86.004 85.934 85.894 85.852 85.757 85.664 85.622 85.519 85.494 86.449 85.927 85.312 85.267 85.219 85.164 85.144 85.109 85.089 85.057 85.022 85.037 85.117 85.179 85.204 85.199 85.197 85.279 85.364 85.454 85.549 85.634 85.752 85.849 85.962 86.194 86.489 86.572 86.624 86.782 86.922 87.089 87.292 87.484 87.687 87.882 88.164 88.492 88.742 88.812 88.874 89.044 89.219 89.437 89.637 89.797 89.917 90.119 90.312 90.504 90.689 90.894 91.099 91.297 92.629 92.047
