Matlab/Roost_data/braunton/dsm/ss4837_DSM_2M.asc
ncols 500
nrows 500
xllcorner    248000
yllcorner    137000
cellsize     2
NODATA_value -9999
[rows 288 to 319 of 500, columns 213 to 283 of 500]
70.659 70.506 70.346 70.196 70.016 69.861 69.689 69.489 69.306 69.121 68.916 68.699 68.521 68.294 68.089 67.864 67.626 67.409 67.194 66.984 66.791 66.556 66.324 66.161 66.241 66.641 66.554 66.144 64.464 63.544 63.411 63.269 63.094 63.839 65.121 64.826 64.856 64.841 64.661 64.536 64.399 64.286 64.196 64.109 63.999 63.921 63.819 63.781 63.751 63.684 63.639 63.584 63.581 63.581 63.559 63.521 63.466 63.451 63.511 65.286 63.571 63.634 63.049 62.076 61.441 61.071 60.799 60.449 60.324 60.326 60.344
70.606 70.466 70.291 70.141 69.976 69.824 69.646 69.459 69.264 69.066 68.876 68.654 68.461 68.266 68.061 67.866 67.646 67.446 67.231 67.014 66.819 66.586 66.371 66.166 65.954 65.759 65.554 66.091 66.479 66.016 65.281 63.429 63.046 62.936 62.774 62.664 64.026 64.721 64.436 64.386 64.194 64.119 64.031 63.931 63.831 63.751 63.669 63.586 63.496 63.446 63.429 63.386 63.349 63.354 63.339 63.331 63.256 63.216 63.244 66.066 64.426 65.999 61.951 60.606 60.294 60.294 60.296 60.299 60.311 60.309 60.304
70.579 70.434 70.284 70.084 69.924 69.766 69.586 69.386 69.214 69.001 68.806 68.604 68.401 68.201 68.009 67.814 67.619 67.444 67.234 67.049 66.841 66.606 66.421 66.176 65.964 65.739 65.531 65.304 65.101 65.194 66.249 65.776 65.076 63.551 62.704 62.576 62.409 62.226 63.366 65.029 64.499 63.949 63.811 63.739 63.639 63.524 63.444 63.396 63.341 63.256 63.174 63.166 63.179 63.154 63.114 63.109 63.051 62.971 63.029 65.714 64.084 65.854 61.789 60.319 60.276 60.266 60.284 60.274 60.284 60.284 60.296
70.584 70.399 70.249 70.074 69.879 69.719 69.519 69.339 69.161 68.946 68.756 68.554 68.351 68.144 67.954 67.759 67.551 67.366 67.194 66.996 66.829 66.631 66.424 66.206 65.964 65.751 65.504 65.286 65.036 64.806 64.569 65.074 64.914 65.024 64.794 64.126 62.406 62.204 62.049 61.871 61.809 63.696 63.521 63.534 63.376 63.274 63.214 63.179 63.134 63.101 63.049 62.984 62.931 62.946 62.929 62.886 62.844 62.774 62.824 63.061 63.456 65.184 61.979 60.324 60.259 60.261 60.261 60.271 60.281 60.279 60.281
70.561 70.369 70.209 70.051 69.849 69.679 69.484 69.299 69.094 68.881 68.684 68.496 68.291 68.091 67.904 67.714 67.511 67.326 67.136 66.944 66.764 66.566 66.381 66.174 65.989 65.769 65.524 65.309 65.059 64.799 64.574 64.346 64.101 64.306 64.759 64.701 64.424 64.376 62.059 61.831 61.679 61.486 61.269 63.209 63.126 62.901 62.706 62.734 62.901 62.904 62.859 62.851 62.791 62.734 62.709 62.681 62.649 62.576 62.606 62.634 63.779 62.859 62.224 60.409 60.261 60.256 60.249 60.256 60.271 60.276 60.276
70.554 70.394 70.206 70.041 69.831 69.641 69.454 69.236 69.049 68.819 68.629 68.439 68.241 68.039 67.839 67.656 67.454 67.256 67.079 66.906 66.701 66.501 66.314 66.119 65.934 65.729 65.526 65.296 65.059 64.819 64.566 64.304 64.074 63.851 63.596 63.411 63.756 63.874 63.759 63.994 61.559 61.431 61.249 61.059 60.886 63.094 62.921 62.654 62.681 62.671 62.701 62.644 62.646 62.574 62.494 62.461 62.439 62.384 62.401 62.466 65.456 62.501 63.319 60.646 60.251 60.246 60.249 60.251 60.269 60.271 60.274
70.561 70.384 70.199 69.994 69.809 69.599 69.414 69.201 69.001 68.789 68.576 68.374 68.186 67.979 67.784 67.601 67.381 67.201 67.036 66.826 66.636 66.439 66.259 66.044 65.859 65.666 65.451 65.236 65.016 64.806 64.564 64.311 64.084 63.839 63.611 63.376 63.136 62.921 63.969 63.989 63.696 63.876 61.326 61.014 60.849 60.631 60.516 62.639 62.296 62.544 62.489 62.476 62.419 62.411 62.349 62.264 62.204 62.184 62.164 62.231 65.254 62.529 64.951 60.904 60.246 60.239 60.241 60.251 60.256 60.259 60.261
70.566 70.379 70.171 69.989 69.796 69.584 69.376 69.184 68.974 68.749 68.531 68.334 68.136 67.946 67.741 67.546 67.329 67.139 66.949 66.744 66.566 66.369 66.174 65.981 65.771 65.564 65.374 65.146 64.964 64.751 64.536 64.316 64.091 63.859 63.629 63.359 63.131 62.914 62.701 62.491 63.376 63.619 63.166 62.389 61.281 60.584 60.436 60.234 60.394 62.359 62.089 62.216 62.234 62.206 62.151 62.126 62.054 61.994 61.959 62.054 63.361 63.064 65.276 61.101 60.236 60.239 60.244 60.239 60.246 60.251 60.246
70.566 70.371 70.169 69.979 69.766 69.566 69.344 69.146 68.934 68.714 68.514 68.304 68.101 67.899 67.701 67.496 67.294 67.091 66.909 66.684 66.484 66.271 66.061 65.891 65.689 65.469 65.274 65.056 64.884 64.651 64.456 64.244 64.059 63.844 63.619 63.389 63.164 62.841 62.629 62.456 62.279 62.076 63.099 63.081 63.144 62.766 60.439 60.146 60.306 59.826 61.019 61.781 62.071 61.996 61.989 61.936 61.889 61.871 61.794 61.864 62.131 63.301 63.986 61.364 60.239 60.231 60.236 60.241 60.244 60.244 60.244
70.576 70.374 70.171 69.959 69.741 69.544 69.326 69.096 68.904 68.691 68.459 68.269 68.074 67.876 67.656 67.454 67.251 67.029 66.834 66.651 66.411 66.209 65.994 65.794 65.566 65.356 65.166 65.001 64.771 64.571 64.379 64.171 63.971 63.771 63.571 63.366 63.159 62.926 62.689 62.441 62.239 62.024 61.846 61.669 61.886 62.819 62.459 62.529 59.959 59.871 59.606 59.449 61.904 61.656 61.769 61.771 61.754 61.746 61.726 61.711 61.734 63.824 61.691 61.449 60.461 60.229 60.234 60.234 60.241 60.241 60.244
70.596 70.394 70.191 69.974 69.756 69.536 69.316 69.076 68.879 68.656 68.454 68.251 68.041 67.839 67.641 67.426 67.224 66.999 66.794 66.579 66.339 66.141 65.929 65.701 65.491 65.276 65.051 64.859 64.681 64.476 64.289 64.079 63.891 63.701 63.494 63.266 63.089 62.891 62.701 62.471 62.271 62.029 61.869 61.699 61.479 61.306 61.336 62.574 62.486 59.926 59.506 59.379 59.241 61.361 61.284 61.489 61.579 61.649 61.641 61.596 61.674 64.806 61.561 63.951 60.241 60.214 60.216 60.221 60.226 60.229 60.224
70.606 70.404 70.209 69.971 69.766 69.544 69.309 69.096 68.871 68.654 68.459 68.249 68.024 67.804 67.599 67.391 67.164 66.976 66.756 66.514 66.279 66.074 65.851 65.619 65.386 65.164 64.969 64.759 64.551 64.356 64.174 63.971 63.766 63.596 63.414 63.209 63.009 62.811 62.619 62.421 62.241 62.031 61.866 61.669 61.501 61.331 61.181 61.041 62.444 62.236 59.576 59.269 59.161 59.026 59.711 60.906 61.259 61.494 61.546 61.536 61.466 64.131 62.066 64.161 60.319 60.216 60.209 60.211 60.214 60.221 60.221
70.649 70.444 70.231 70.021 69.769 69.562 69.331 69.104 68.884 68.661 68.447 68.227 68.009 67.804 67.594 67.354 67.139 66.951 66.712 66.464 66.246 66.009 65.782 65.564 65.297 65.076 64.892 64.664 64.459 64.267 64.064 63.872 63.674 63.514 63.301 63.119 62.917 62.704 62.519 62.346 62.194 61.991 61.829 61.649 61.496 61.294 61.146 61.001 60.826 62.096 61.684 59.239 58.974 58.899 58.806 59.159 61.246 61.159 61.299 61.431 61.394 62.391 61.851 64.591 60.624 60.204 60.204 60.211 60.206 60.221 60.219
70.677 70.462 70.252 70.032 69.806 69.569 69.371 69.117 68.904 68.674 68.481 68.242 68.021 67.804 67.586 67.346 67.129 66.892 66.657 66.424 66.196 65.939 65.714 65.489 65.261 65.002 64.809 64.584 64.392 64.169 63.964 63.777 63.576 63.382 63.204 62.999 62.812 62.624 62.444 62.261 62.081 61.919 61.781 61.596 61.466 61.286 61.149 60.916 60.799 60.619 60.996 61.431 58.919 58.719 58.631 58.591 58.519 60.941 61.029 61.116 61.219 61.246 62.946 63.389 60.676 60.201 60.204 60.209 60.206 60.214 60.209
70.742 70.519 70.294 70.064 69.834 69.604 69.384 69.144 68.937 68.701 68.484 68.271 68.034 67.812 67.586 67.356 67.119 66.852 66.621 66.379 66.129 65.879 65.649 65.419 65.179 64.954 64.719 64.521 64.294 64.099 63.884 63.704 63.499 63.264 63.097 62.909 62.687 62.509 62.334 62.159 61.971 61.839 61.671 61.529 61.394 61.264 61.069 60.941 60.739 60.591 60.404 60.776 61.356 58.629 58.436 58.384 58.336 58.211 60.326 60.819 61.001 61.169 64.246 61.601 60.716 60.196 60.199 60.196 60.196 60.199 60.199
70.791 70.547 70.349 70.106 69.884 69.642 69.384 69.196 68.956 68.744 68.511 68.309 68.059 67.814 67.604 67.376 67.112 66.867 66.602 66.362 66.091 65.837 65.602 65.356 65.114 64.892 64.646 64.462 64.234 64.019 63.822 63.611 63.389 63.184 62.992 62.789 62.574 62.396 62.226 62.026 61.861 61.729 61.569 61.451 61.294 61.166 61.031 60.891 60.709 60.496 60.339 60.161 61.364 60.954 58.511 58.184 58.131 58.069 57.911 61.064 60.829 62.941 64.149 60.906 62.436 60.194 60.191 60.186 60.189 60.196 60.201
70.854 70.621 70.392 70.169 69.932 69.714 69.477 69.246 69.017 68.771 68.574 68.349 68.109 67.864 67.624 67.374 67.121 66.864 66.594 66.322 66.076 65.812 65.541 65.301 65.066 64.826 64.609 64.399 64.174 63.961 63.736 63.549 63.301 63.121 62.907 62.709 62.501 62.299 62.109 61.921 61.764 61.599 61.459 61.316 61.186 61.039 60.949 60.839 60.669 60.489 60.261 60.104 59.914 61.046 61.321 58.424 57.924 57.879 57.784 57.649 63.256 62.264 63.494 61.226 63.506 60.181 60.181 60.179 60.186 60.189 60.191
70.929 70.699 70.466 70.246 69.999 69.761 69.524 69.297 69.079 68.852 68.624 68.386 68.146 67.901 67.639 67.399 67.129 66.862 66.594 66.326 66.074 65.779 65.514 65.274 65.024 64.779 64.572 64.337 64.121 63.914 63.684 63.454 63.259 63.024 62.814 62.614 62.417 62.201 61.991 61.826 61.656 61.501 61.361 61.206 61.059 60.931 60.831 60.701 60.571 60.444 60.266 60.021 59.849 59.671 60.314 60.774 58.359 57.659 57.574 57.479 60.036 63.591 62.226 61.261 60.559 60.349 60.174 60.181 60.186 60.189 60.194
70.999 70.791 70.544 70.301 70.084 69.836 69.617 69.371 69.146 68.917 68.682 68.456 68.212 67.972 67.684 67.416 67.161 66.864 66.589 66.314 66.066 65.799 65.529 65.269 65.002 64.759 64.517 64.284 64.082 63.849 63.614 63.404 63.187 62.946 62.744 62.532 62.326 62.104 61.921 61.754 61.584 61.394 61.239 61.086 60.951 60.826 60.694 60.569 60.459 60.324 60.176 60.011 59.784 59.599 59.419 59.864 60.634 58.899 57.326 57.264 62.211 63.424 63.396 61.249 61.336 60.136 60.171 60.171 60.176 60.181 60.194
71.112 70.892 70.646 70.389 70.161 69.944 69.682 69.466 69.231 69.011 68.759 68.532 68.264 68.024 67.742 67.459 67.191 66.911 66.617 66.344 66.066 65.791 65.514 65.267 65.011 64.752 64.504 64.267 64.041 63.797 63.569 63.356 63.119 62.869 62.684 62.444 62.234 62.031 61.826 61.666 61.466 61.304 61.134 60.989 60.831 60.686 60.596 60.446 60.341 60.201 60.076 59.926 59.761 59.549 59.351 59.176 59.659 59.964 59.204 57.019 58.954 62.324 61.321 65.031 64.001 66.134 62.709 63.941 60.104 60.096 60.091
71.224 70.989 70.749 70.521 70.284 70.047 69.801 69.579 69.344 69.119 68.874 68.621 68.349 68.091 67.819 67.521 67.244 66.959 66.664 66.389 66.081 65.824 65.532 65.259 64.989 64.759 64.509 64.271 64.032 63.786 63.544 63.301 63.056 62.819 62.587 62.371 62.167 61.946 61.754 61.559 61.366 61.229 61.049 60.869 60.709 60.576 60.451 60.321 60.201 60.066 59.939 59.821 59.646 59.529 59.294 59.079 58.894 59.361 59.799 59.284 56.919 59.534 59.814 61.914 65.554 65.106 63.561 63.086 62.439 63.249 63.371
71.382 71.114 70.886 70.639 70.392 70.169 69.944 69.722 69.462 69.234 68.999 68.709 68.466 68.192 67.909 67.609 67.316 66.999 66.712 66.409 66.144 65.856 65.584 65.314 65.036 64.779 64.521 64.271 64.034 63.799 63.527 63.266 63.014 62.804 62.544 62.319 62.094 61.864 61.684 61.486 61.311 61.096 60.929 60.759 60.599 60.451 60.314 60.169 60.059 59.939 59.809 59.684 59.524 59.404 59.256 59.051 58.826 58.639 58.601 59.724 59.136 57.061 61.666 64.841 63.064 62.901 64.369 63.099 59.691 60.819 59.526
71.504 71.257 71.034 70.809 70.551 70.307 70.089 69.829 69.599 69.389 69.136 68.859 68.579 68.306 68.007 67.701 67.396 67.086 66.799 66.494 66.212 65.911 65.639 65.359 65.084 64.839 64.587 64.297 64.049 63.792 63.509 63.286 63.049 62.767 62.501 62.251 62.032 61.829 61.611 61.421 61.214 61.026 60.844 60.679 60.494 60.349 60.191 60.041 59.894 59.774 59.661 59.536 59.394 59.259 59.129 58.976 58.821 58.549 58.429 58.514 58.579 59.249 59.994 62.151 58.804 62.724 63.489 63.134 64.324 64.646 60.319
71.674 71.429 71.192 70.947 70.704 70.494 70.264 70.024 69.769 69.541 69.267 68.996 68.724 68.449 68.136 67.831 67.511 67.206 66.879 66.596 66.291 66.007 65.719 65.429 65.154 64.884 64.619 64.359 64.084 63.814 63.534 63.281 63.027 62.751 62.484 62.222 61.992 61.754 61.536 61.336 61.129 60.944 60.756 60.579 60.391 60.221 60.074 59.929 59.774 59.629 59.504 59.389 59.254 59.129 58.989 58.861 58.739 58.564 58.316 58.221 58.341 59.144 59.381 60.499 61.361 63.104 65.246 63.196 63.519 64.921 61.149
71.884 71.646 71.392 71.149 70.907 70.672 70.439 70.201 69.956 69.704 69.431 69.161 68.874 68.574 68.286 67.974 67.652 67.324 67.011 66.706 66.404 66.109 65.816 65.544 65.252 64.969 64.689 64.394 64.104 63.864 63.569 63.306 63.009 62.744 62.472 62.222 61.969 61.726 61.496 61.276 61.079 60.866 60.679 60.486 60.296 60.116 59.956 59.784 59.654 59.504 59.356 59.236 59.111 58.979 58.836 58.704 58.604 58.484 58.324 58.149 58.036 58.429 59.184 58.274 59.904 62.379 61.069 65.999 65.209 64.214 62.174
72.099 71.867 71.602 71.371 71.142 70.896 70.629 70.386 70.157 69.871 69.624 69.341 69.056 68.727 68.437 68.117 67.794 67.484 67.159 66.877 66.566 66.246 65.966 65.639 65.352 65.069 64.794 64.492 64.182 63.904 63.602 63.317 63.039 62.754 62.474 62.204 61.959 61.714 61.464 61.229 60.996 60.799 60.599 60.404 60.201 60.016 59.829 59.671 59.506 59.359 59.216 59.076 58.956 58.804 58.681 58.589 58.464 58.356 58.269 58.139 58.026 57.884 57.804 59.621 59.699 62.099 60.811 61.376 64.489 63.741 63.936
72.314 72.091 71.839 71.614 71.377 71.132 70.882 70.644 70.384 70.106 69.822 69.549 69.237 68.941 68.611 68.294 67.981 67.657 67.341 67.032 66.719 66.424 66.119 65.831 65.502 65.204 64.889 64.579 64.267 63.972 63.679 63.364 63.059 62.784 62.496 62.207 61.922 61.689 61.459 61.196 60.946 60.726 60.511 60.301 60.116 59.909 59.719 59.544 59.399 59.206 59.074 58.919 58.791 58.654 58.526 58.409 58.301 58.231 58.164 58.086 57.969 57.834 57.636 59.991 62.466 59.604 58.484 58.349 62.039 63.046 63.826
72.594 72.324 72.089 71.867 71.629 71.386 71.129 70.896 70.617 70.341 70.074 69.764 69.459 69.157 68.834 68.507 68.179 67.854 67.517 67.204 66.889 66.584 66.276 65.974 65.672 65.374 65.039 64.734 64.392 64.086 63.757 63.434 63.106 62.812 62.511 62.242 61.974 61.671 61.409 61.174 60.921 60.686 60.429 60.236 60.014 59.839 59.621 59.429 59.259 59.104 58.934 58.779 58.629 58.511 58.376 58.279 58.164 58.094 58.054 58.019 57.881 57.721 57.614 60.311 63.744 61.019 59.354 64.736 60.579 63.856 61.789
72.871 72.617 72.392 72.146 71.886 71.646 71.414 71.149 70.877 70.609 70.331 70.021 69.719 69.399 69.084 68.737 68.404 68.084 67.749 67.431 67.106 66.804 66.481 66.176 65.856 65.524 65.201 64.879 64.554 64.204 63.882 63.539 63.209 62.876 62.571 62.264 61.951 61.674 61.414 61.134 60.869 60.621 60.394 60.161 59.934 59.729 59.534 59.339 59.131 58.974 58.799 58.651 58.489 58.354 58.254 58.134 58.044 57.966 57.914 57.886 57.754 57.621 57.541 60.514 62.581 64.479 63.251 63.721 63.631 63.884 66.969
73.179 72.929 72.709 72.464 72.179 71.949 71.689 71.431 71.161 70.882 70.611 70.297 69.979 69.657 69.337 69.014 68.657 68.331 67.999 67.684 67.356 67.044 66.701 66.369 66.069 65.739 65.384 65.051 64.696 64.361 63.992 63.664 63.319 62.962 62.634 62.319 61.994 61.684 61.379 61.126 60.854 60.589 60.339 60.109 59.851 59.649 59.424 59.236 59.034 58.869 58.679 58.521 58.359 58.224 58.109 57.991 57.921 57.869 57.826 57.719 57.596 57.466 57.401 57.674 60.891 61.114 64.081 62.621 60.566 62.544 61.301
73.502 73.239 73.021 72.771 72.521 72.261 72.017 71.749 71.462 71.187 70.889 70.581 70.276 69.959 69.636 69.309 68.954 68.619 68.264 67.941 67.609 67.286 66.951 66.619 66.274 65.931 65.594 65.239 64.889 64.524 64.151 63.781 63.439 63.071 62.714 62.387 62.054 61.734 61.409 61.101 60.831 60.549 60.301 60.039 59.791 59.561 59.346 59.136 58.964 58.764 58.566 58.396 58.236 58.091 57.961 57.856 57.809 57.766 57.689 57.566 57.414 57.264 57.391 57.076 58.054 59.479 61.631 56.534 61.469 58.616 59.044
73.812 73.559 73.324 73.102 72.841 72.606 72.332 72.074 71.799 71.514 71.229 70.904 70.602 70.276 69.932 69.606 69.257 68.931 68.579 68.249 67.896 67.541 67.222 66.864 66.542 66.169 65.834 65.451 65.064 64.714 64.326 63.939 63.562 63.207 62.819 62.451 62.117 61.769 61.459 61.109 60.819 60.524 60.244 59.996 59.739 59.476 59.276 59.064 58.854 58.641 58.469 58.281 58.111 57.964 57.844 57.746 57.699 57.661 57.511 57.371 57.176 57.086 57.066 57.441 55.904 55.441 57.426 55.356 59.414 59.969 60.454
