Matlab/Roost_data/braunton/dsm/ss4840_DSM_2M.asc
ncols 500
nrows 500
xllcorner    248000
yllcorner    140000
cellsize     2
NODATA_value -9999
[rows 306 to 339 of 500, columns 375 to 449 of 500]
123.109 123.269 123.454 123.579 123.744 123.889 124.057 124.212 124.367 124.514 124.657 124.802 124.944 125.079 125.807 127.062 126.424 125.894 126.072 126.189 126.289 126.439 126.582 126.739 126.912 127.049 127.159 127.279 127.409 127.544 127.602 127.762 127.884 127.974 128.109 128.247 128.347 128.487 128.547 128.717 128.847 128.957 129.089 129.194 129.314 129.449 129.582 129.709 129.862 129.997 130.074 130.204 130.292 130.424 130.489 130.904 132.124 131.667 131.139 131.349 132.554 132.327 132.204 132.379 132.549 132.702 132.817 132.937 133.072 133.227 133.394 133.562 133.702 133.849 134.017
122.864 123.047 123.209 123.337 123.497 123.672 123.819 123.979 124.137 124.292 124.434 124.592 124.742 124.872 125.112 126.569 126.819 125.782 125.922 126.019 126.122 126.277 126.437 126.584 126.757 126.904 127.042 127.134 127.277 127.382 127.504 127.627 127.719 127.862 127.972 128.089 128.202 128.372 128.484 128.607 128.717 128.859 128.977 129.099 129.204 129.367 129.489 129.617 129.769 129.887 130.009 130.094 130.217 130.362 130.447 130.649 131.992 131.949 131.112 131.217 132.494 132.839 132.139 132.287 132.432 132.632 132.774 132.849 132.999 133.154 133.327 133.482 133.634 133.799 133.939
122.622 122.814 122.967 123.124 123.302 123.459 123.607 123.749 123.922 124.067 124.234 124.389 124.539 124.677 124.847 125.654 126.929 125.787 125.727 125.887 125.974 126.144 126.319 126.459 126.604 126.727 126.877 127.019 127.154 127.277 127.397 127.504 127.629 127.752 127.864 127.974 128.147 128.222 128.374 128.517 128.599 128.742 128.882 128.989 129.099 129.264 129.392 129.524 129.632 129.817 129.919 130.009 130.157 130.279 130.379 130.512 131.457 132.054 131.122 131.089 132.232 132.909 132.029 132.194 132.349 132.527 132.669 132.774 132.934 133.072 133.249 133.407 133.574 133.742 133.892
122.402 122.584 122.747 122.912 123.074 123.254 123.384 123.552 123.714 123.872 124.054 124.202 124.354 124.487 124.659 125.084 126.572 126.237 125.537 125.754 125.849 126.012 126.162 126.287 126.462 126.634 126.749 126.899 126.989 127.137 127.264 127.359 127.497 127.624 127.729 127.889 127.994 128.107 128.259 128.392 128.502 128.659 128.759 128.914 129.014 129.099 129.239 129.417 129.554 129.679 129.832 129.947 130.054 130.192 130.312 130.404 131.064 132.222 131.302 131.072 132.004 132.532 131.999 132.112 132.272 132.427 132.577 132.697 132.834 133.012 133.179 133.339 133.519 133.677 133.837
122.174 122.362 122.514 122.707 122.857 123.032 123.187 123.379 123.539 123.682 123.842 124.007 124.192 124.299 124.464 124.767 126.292 126.397 125.409 125.589 125.724 125.859 126.007 126.157 126.332 126.469 126.622 126.757 126.917 127.054 127.177 127.269 127.409 127.527 127.674 127.807 127.914 128.027 128.182 128.264 128.439 128.554 128.674 128.822 128.949 129.069 129.204 129.372 129.474 129.587 129.702 129.864 130.012 130.132 130.254 130.334 130.724 132.182 131.562 131.012 131.582 132.552 131.979 132.057 132.212 132.349 132.529 132.637 132.779 132.932 133.109 133.299 133.467 133.629 133.779
121.967 122.137 122.312 122.489 122.667 122.857 123.024 123.189 123.349 123.519 123.704 123.842 124.034 124.152 124.309 124.477 125.449 126.659 125.439 125.464 125.604 125.729 125.917 126.039 126.232 126.377 126.502 126.657 126.819 126.962 127.084 127.189 127.329 127.464 127.572 127.689 127.824 127.927 128.089 128.194 128.359 128.464 128.627 128.742 128.889 128.989 129.157 129.277 129.412 129.529 129.712 129.812 129.949 130.039 130.219 130.292 130.472 131.757 131.812 131.027 131.259 132.159 131.932 131.987 132.159 132.297 132.459 132.587 132.729 132.877 133.039 133.227 133.412 133.557 133.717
121.749 121.924 122.119 122.279 122.504 122.657 122.862 123.017 123.189 123.364 123.517 123.689 123.859 124.012 124.157 124.319 124.652 126.299 125.792 125.282 125.469 125.624 125.799 125.987 126.149 126.247 126.414 126.567 126.742 126.842 127.009 127.089 127.257 127.414 127.489 127.664 127.767 127.889 128.012 128.142 128.252 128.397 128.539 128.684 128.824 128.947 129.092 129.207 129.344 129.482 129.614 129.764 129.897 129.969 130.119 130.182 130.404 131.352 131.984 130.987 131.079 132.004 132.017 131.957 132.104 132.252 132.389 132.534 132.647 132.794 132.992 133.157 133.334 133.502 133.649
121.527 121.749 121.942 122.124 122.329 122.484 122.692 122.879 123.027 123.209 123.352 123.544 123.709 123.857 124.019 124.204 124.379 125.507 126.312 125.217 125.337 125.537 125.737 125.862 126.042 126.169 126.332 126.477 126.594 126.732 126.884 127.029 127.149 127.287 127.439 127.559 127.694 127.819 127.939 128.047 128.177 128.329 128.457 128.602 128.732 128.862 129.017 129.137 129.279 129.399 129.522 129.644 129.797 129.904 130.037 130.174 130.289 130.642 130.954 130.922 131.037 132.077 132.057 131.907 132.049 132.194 132.344 132.479 132.592 132.737 132.914 133.104 133.267 133.429 133.597
121.327 121.557 121.752 121.952 122.154 122.369 122.529 122.719 122.889 123.052 123.224 123.407 123.592 123.754 123.889 124.064 124.269 124.802 126.309 125.327 125.154 125.404 125.599 125.722 125.894 126.032 126.202 126.357 126.512 126.652 126.769 126.909 127.047 127.174 127.334 127.474 127.582 127.714 127.827 127.967 128.084 128.204 128.352 128.504 128.597 128.762 128.877 129.049 129.172 129.302 129.417 129.564 129.697 129.809 129.942 130.164 130.244 130.504 130.729 130.932 131.022 132.314 132.259 131.859 132.004 132.149 132.269 132.427 132.544 132.682 132.839 133.017 133.182 133.357 133.517
121.157 121.397 121.599 121.827 122.019 122.202 122.404 122.574 122.754 122.919 123.089 123.282 123.419 123.632 123.779 123.949 124.147 124.314 125.569 126.007 125.152 125.277 125.437 125.627 125.757 125.892 126.022 126.119 126.309 126.457 126.572 126.714 126.832 127.007 127.142 127.337 127.432 127.557 127.672 127.794 127.937 128.069 128.184 128.389 128.477 128.642 128.919 129.069 129.212 129.349 129.512 129.732 129.907 130.104 130.202 130.437 130.664 130.982 131.154 130.952 130.967 131.409 132.244 131.879 131.959 132.122 132.242 132.362 132.487 132.632 132.789 132.959 133.129 133.287 133.454
120.977 121.222 121.442 121.652 121.872 122.049 122.249 122.434 122.609 122.764 122.964 123.139 123.294 123.482 123.664 123.834 124.044 124.222 124.707 126.352 125.704 125.712 125.954 126.107 126.302 126.357 126.619 126.709 126.937 127.162 127.289 127.582 127.799 127.982 128.057 128.149 128.239 128.262 128.567 128.949 129.189 129.339 129.414 129.677 129.657 129.927 130.049 130.129 130.479 130.592 130.687 130.822 131.062 131.089 131.059 131.117 131.309 131.509 131.772 131.117 131.032 131.262 132.374 131.857 131.872 132.009 132.197 132.342 132.492 132.637 132.772 132.942 133.087 133.272 133.414
120.817 121.057 121.269 121.509 121.744 121.917 122.092 122.287 122.454 122.619 122.849 123.014 123.177 123.359 123.544 123.744 123.969 124.142 124.242 125.149 125.237 125.834 126.132 126.604 126.754 126.679 126.772 126.809 127.114 127.202 127.369 127.479 127.659 127.599 127.782 128.039 128.052 128.127 128.214 128.392 128.602 128.687 129.097 129.044 129.084 129.164 129.269 129.389 129.652 129.829 129.889 129.887 129.932 130.149 130.147 130.167 130.292 131.104 131.529 131.367 131.019 131.052 131.514 131.644 131.757 132.009 132.207 132.354 132.492 132.639 132.809 132.974 133.117 133.269 133.427
120.674 120.892 121.109 121.349 121.597 121.789 121.962 122.147 122.349 122.517 122.699 122.882 123.064 123.257 123.437 123.642 123.854 124.064 124.277 124.392 124.559 124.707 124.894 125.039 125.282 125.442 125.642 125.839 125.989 126.147 126.344 126.502 126.682 126.812 126.974 127.149 127.299 127.447 127.592 127.749 127.887 128.044 128.212 128.359 128.532 128.682 128.822 128.977 129.139 129.282 129.424 129.572 129.747 129.867 129.989 130.112 130.262 130.542 131.657 131.642 131.004 130.969 131.202 131.519 131.822 132.154 132.354 132.472 132.602 133.089 133.154 132.992 133.122 133.274 133.387
120.479 120.719 120.954 121.187 121.432 121.639 121.852 121.999 122.204 122.404 122.577 122.784 122.952 123.139 123.337 123.524 123.729 123.957 124.182 124.369 124.537 124.707 124.874 125.059 125.249 125.427 125.612 125.797 125.959 126.134 126.312 126.494 126.652 126.829 126.982 127.129 127.289 127.432 127.594 127.749 127.902 128.049 128.212 128.382 128.529 128.677 128.832 128.982 129.127 129.284 129.412 129.559 129.722 129.862 129.984 130.102 130.254 130.464 131.442 131.754 131.037 130.949 131.087 131.412 132.222 132.499 132.802 133.584 133.372 133.794 134.227 134.144 134.232 134.512 134.692
120.322 120.564 120.789 121.029 121.272 121.507 121.709 121.874 122.082 122.269 122.467 122.647 122.857 123.027 123.219 123.414 123.624 123.837 124.062 124.284 124.452 124.642 124.824 124.997 125.184 125.392 125.557 125.737 125.927 126.092 126.272 126.452 126.617 126.797 126.949 127.107 127.252 127.404 127.552 127.702 127.822 127.987 128.142 128.319 128.482 128.642 128.777 128.927 129.074 129.232 129.369 129.539 129.682 129.829 129.897 130.082 130.234 130.342 131.222 131.939 131.184 130.934 130.982 131.174 131.357 131.567 131.784 132.042 132.124 132.257 132.457 132.919 133.252 133.377 133.554
120.177 120.409 120.634 120.922 121.147 121.362 121.547 121.772 121.954 122.144 122.347 122.539 122.752 122.917 123.122 123.319 123.519 123.727 123.962 124.164 124.327 124.512 124.682 124.869 125.064 125.262 125.457 125.629 125.812 125.994 126.177 126.329 126.539 126.699 126.832 126.997 127.167 127.314 127.462 127.589 127.744 127.922 128.054 128.234 128.389 128.539 128.717 128.847 129.004 129.172 129.304 129.459 129.604 129.757 130.084 130.039 130.184 130.287 131.079 131.929 131.237 130.932 130.959 131.014 131.204 131.482 131.759 131.904 132.092 132.242 132.357 132.532 132.677 132.854 133.007
120.027 120.239 120.482 120.732 121.014 121.214 121.419 121.659 121.844 122.032 122.229 122.417 122.639 122.819 123.017 123.214 123.432 123.619 123.819 124.017 124.209 124.412 124.584 124.764 124.954 125.134 125.327 125.532 125.702 125.889 126.054 126.247 126.419 126.572 126.752 126.899 127.064 127.224 127.369 127.522 127.669 127.832 127.984 128.149 128.317 128.469 128.629 128.799 128.949 129.089 129.257 129.397 129.554 129.707 129.887 130.102 130.422 130.299 130.897 131.949 131.289 130.849 130.839 130.887 131.529 132.357 131.964 132.099 132.232 132.359 132.487 132.587 132.724 132.847 133.042
119.862 120.122 120.344 120.619 120.872 121.099 121.314 121.527 121.717 121.884 122.112 122.294 122.507 122.707 122.917 123.134 123.342 123.524 123.712 123.884 124.084 124.284 124.459 124.649 124.834 125.012 125.202 125.392 125.569 125.777 125.959 126.132 126.302 126.459 126.634 126.797 126.954 127.137 127.279 127.434 127.569 127.742 127.912 128.062 128.242 128.404 128.549 128.732 128.874 129.047 129.194 129.342 129.522 129.677 129.839 130.324 130.144 130.377 130.462 131.592 131.752 130.787 130.707 130.912 132.729 132.684 132.059 132.072 132.214 132.317 132.429 132.539 132.679 132.852 132.994
119.724 119.979 120.204 120.459 120.732 120.979 121.169 121.374 121.562 121.759 121.974 122.184 122.389 122.604 122.819 123.024 123.252 123.422 123.604 123.802 123.984 124.174 124.364 124.547 124.717 124.917 125.102 125.287 125.472 125.664 125.827 126.024 126.199 126.377 126.519 126.697 126.897 127.049 127.187 127.354 127.484 127.662 127.839 127.994 128.162 128.342 128.484 128.664 128.832 128.977 129.124 129.287 129.454 129.607 129.779 130.159 130.114 130.277 130.407 131.599 131.769 130.752 130.619 130.922 132.422 132.212 131.867 131.989 132.137 132.254 132.357 132.484 132.619 132.779 132.962
119.572 119.812 120.062 120.317 120.577 120.812 121.024 121.249 121.449 121.649 121.842 122.054 122.269 122.494 122.724 122.919 123.129 123.324 123.509 123.697 123.894 124.057 124.249 124.432 124.627 124.797 124.997 125.177 125.377 125.557 125.737 125.894 126.094 126.254 126.432 126.592 126.799 126.959 127.114 127.252 127.412 127.577 127.747 127.917 128.069 128.274 128.419 128.587 128.759 128.924 129.094 129.252 129.404 129.579 129.767 129.972 130.117 130.522 130.477 130.897 131.227 130.699 130.584 130.862 132.424 132.212 131.779 131.914 132.067 132.202 132.319 132.449 132.592 132.737 132.917
119.414 119.667 119.899 120.174 120.427 120.657 120.889 121.107 121.322 121.532 121.737 121.947 122.172 122.397 122.614 122.804 123.034 123.219 123.419 123.602 123.774 123.994 124.167 124.342 124.524 124.712 124.904 125.094 125.259 125.454 125.629 125.794 125.977 126.159 126.324 126.509 126.677 126.844 127.009 127.182 127.322 127.497 127.647 127.819 127.999 128.157 128.337 128.519 128.692 128.839 129.014 129.194 129.334 129.514 129.677 129.817 129.984 130.127 130.264 130.379 130.572 130.594 130.544 130.787 132.474 132.147 131.674 131.854 131.992 132.137 132.262 132.382 132.534 132.669 132.844
119.262 119.494 119.739 120.017 120.262 120.522 120.747 120.972 121.174 121.387 121.602 121.824 122.044 122.284 122.492 122.707 122.922 123.124 123.339 123.522 123.699 123.869 124.069 124.237 124.429 124.612 124.799 124.999 125.164 125.354 125.532 125.699 125.869 126.067 126.242 126.402 126.564 126.744 126.917 127.079 127.232 127.412 127.577 127.757 127.932 128.109 128.259 128.424 128.597 128.784 128.959 129.117 129.279 129.422 129.594 129.722 129.892 130.052 130.224 130.379 130.879 130.629 130.517 130.699 132.519 132.944 131.649 131.767 131.939 132.077 132.219 132.329 132.484 132.647 132.802
119.094 119.342 119.592 119.877 120.124 120.384 120.599 120.827 121.044 121.262 121.482 121.697 121.942 122.177 122.369 122.597 122.837 123.017 123.229 123.432 123.594 123.784 123.962 124.164 124.347 124.532 124.699 124.874 125.089 125.234 125.422 125.607 125.777 125.969 126.144 126.297 126.489 126.654 126.832 126.984 127.157 127.324 127.487 127.689 127.834 127.989 128.197 128.364 128.549 128.724 128.894 129.044 129.207 129.367 129.539 129.699 129.889 130.007 130.162 130.422 131.804 130.977 130.469 130.584 132.789 132.654 131.579 131.739 131.894 132.034 132.179 132.297 132.417 132.559 132.762
118.917 119.189 119.434 119.709 119.979 120.222 120.464 120.682 120.902 121.132 121.372 121.569 121.807 122.064 122.272 122.502 122.714 122.932 123.129 123.312 123.487 123.672 123.867 124.049 124.227 124.429 124.587 124.764 124.964 125.142 125.334 125.504 125.682 125.884 126.039 126.214 126.384 126.569 126.747 126.927 127.092 127.247 127.419 127.602 127.764 127.952 128.134 128.319 128.494 128.657 128.849 128.969 129.134 129.314 129.469 129.662 129.794 129.959 130.134 130.302 131.927 131.112 130.457 130.572 132.639 132.562 131.507 131.704 131.844 131.969 132.097 132.227 132.362 132.544 132.697
118.774 118.999 119.262 119.552 119.807 120.067 120.284 120.532 120.752 120.987 121.229 121.444 121.667 121.932 122.154 122.397 122.627 122.829 123.019 123.209 123.419 123.594 123.764 123.927 124.144 124.342 124.502 124.694 124.859 125.047 125.227 125.409 125.602 125.784 125.964 126.139 126.309 126.487 126.662 126.817 127.012 127.159 127.377 127.514 127.712 127.899 128.087 128.257 128.432 128.614 128.794 128.927 129.097 129.247 129.419 129.552 129.724 129.892 130.054 130.407 131.752 131.139 130.474 130.647 133.274 132.437 131.477 131.644 131.799 131.912 132.054 132.172 132.327 132.479 132.642
118.592 118.832 119.084 119.392 119.634 119.904 120.172 120.357 120.602 120.867 121.087 121.334 121.567 121.834 122.039 122.302 122.509 122.719 122.932 123.124 123.312 123.479 123.659 123.862 124.052 124.232 124.404 124.599 124.787 124.972 125.169 125.327 125.514 125.682 125.892 126.059 126.227 126.422 126.582 126.762 126.929 127.092 127.269 127.457 127.654 127.832 128.019 128.217 128.367 128.547 128.742 128.887 129.047 129.219 129.349 129.514 129.657 129.794 129.962 130.174 131.604 131.232 130.454 130.544 132.662 132.192 131.424 131.587 131.727 131.849 132.004 132.124 132.249 132.409 132.612
118.417 118.657 118.917 119.212 119.489 119.732 120.004 120.222 120.472 120.694 120.952 121.184 121.454 121.689 121.937 122.174 122.402 122.624 122.824 123.002 123.217 123.397 123.582 123.782 123.967 124.152 124.342 124.499 124.702 124.909 125.074 125.259 125.439 125.609 125.787 125.964 126.147 126.337 126.489 126.642 126.842 127.007 127.207 127.384 127.589 127.777 127.984 128.137 128.337 128.514 128.674 128.844 128.989 129.152 129.292 129.437 129.577 129.727 129.899 130.132 131.572 131.039 130.487 130.557 132.557 132.514 131.359 131.547 131.664 131.802 131.932 132.089 132.222 132.402 132.559
118.244 118.477 118.762 119.052 119.314 119.587 119.819 120.059 120.302 120.549 120.824 121.077 121.314 121.572 121.822 122.084 122.314 122.512 122.739 122.924 123.112 123.302 123.479 123.679 123.882 124.052 124.237 124.424 124.629 124.829 125.004 125.162 125.357 125.509 125.699 125.884 126.072 126.254 126.424 126.597 126.777 126.937 127.142 127.332 127.517 127.724 127.919 128.097 128.269 128.449 128.627 128.787 128.947 129.062 129.232 129.374 129.552 129.694 129.847 130.082 131.384 131.182 130.362 130.439 132.177 132.032 131.319 131.492 131.622 131.764 131.912 132.034 132.202 132.347 132.519
118.069 118.304 118.584 118.874 119.142 119.392 119.654 119.932 120.154 120.432 120.689 120.939 121.214 121.462 121.694 121.937 122.167 122.424 122.604 122.817 123.029 123.212 123.394 123.584 123.784 123.942 124.149 124.322 124.519 124.697 124.867 125.067 125.262 125.432 125.627 125.829 125.999 126.169 126.354 126.539 126.727 126.889 127.082 127.274 127.459 127.652 127.867 128.047 128.214 128.389 128.582 128.732 128.884 129.034 129.182 129.324 129.452 129.617 129.764 129.984 131.289 131.154 130.272 130.364 132.172 132.437 131.262 131.459 131.582 131.707 131.859 131.982 132.144 132.299 132.469
117.877 118.117 118.419 118.697 118.969 119.227 119.482 119.727 120.037 120.274 120.552 120.789 121.079 121.317 121.572 121.812 122.032 122.304 122.507 122.702 122.899 123.104 123.302 123.499 123.654 123.859 124.032 124.214 124.392 124.592 124.772 124.972 125.157 125.339 125.544 125.722 125.897 126.094 126.277 126.462 126.647 126.829 127.014 127.212 127.372 127.574 127.807 127.962 128.139 128.329 128.504 128.664 128.812 128.967 129.117 129.277 129.402 129.534 129.697 129.879 130.949 131.024 130.204 130.397 132.649 132.124 131.279 131.429 131.522 131.662 131.804 131.959 132.067 132.262 132.417
117.682 117.922 118.254 118.547 118.817 119.089 119.322 119.619 119.864 120.134 120.422 120.667 120.942 121.212 121.457 121.702 121.939 122.159 122.384 122.579 122.784 122.969 123.199 123.372 123.572 123.749 123.934 124.114 124.322 124.489 124.682 124.887 125.069 125.249 125.464 125.632 125.794 126.002 126.192 126.379 126.552 126.739 126.944 127.134 127.307 127.507 127.714 127.892 128.087 128.249 128.452 128.589 128.762 128.889 129.062 129.189 129.322 129.477 129.619 129.822 130.862 131.077 130.167 130.207 132.422 131.942 131.227 131.399 131.522 131.632 131.777 131.899 132.067 132.259 132.397
117.532 117.782 118.079 118.357 118.639 118.937 119.172 119.447 119.724 119.979 120.244 120.507 120.824 121.057 121.304 121.562 121.802 122.022 122.244 122.452 122.659 122.882 123.062 123.242 123.452 123.644 123.819 124.019 124.189 124.394 124.589 124.782 124.967 125.152 125.342 125.529 125.712 125.904 126.104 126.292 126.492 126.689 126.854 127.044 127.224 127.434 127.629 127.819 127.999 128.204 128.364 128.542 128.684 128.817 128.949 129.112 129.247 129.424 129.557 129.744 131.074 131.114 130.129 130.259 132.249 132.427 131.204 131.359 131.494 131.614 131.784 131.917 132.082 132.234 132.414
117.369 117.627 117.892 118.192 118.489 118.757 119.014 119.292 119.549 119.834 120.112 120.384 120.664 120.942 121.192 121.439 121.682 121.924 122.119 122.327 122.522 122.722 122.927 123.132 123.324 123.532 123.717 123.914 124.094 124.282 124.462 124.677 124.862 125.059 125.247 125.442 125.617 125.832 126.012 126.197 126.399 126.574 126.772 126.944 127.139 127.339 127.537 127.729 127.914 128.102 128.274 128.452 128.597 128.752 128.887 129.029 129.199 129.322 129.477 129.667 130.584 131.262 130.054 130.067 131.984 133.092 131.339 131.334 131.459 131.627 131.747 131.877 132.064 132.234 132.414
117.212 117.439 117.742 118.057 118.322 118.597 118.864 119.127 119.409 119.667 119.949 120.242 120.499 120.812 121.072 121.292 121.542 121.772 121.984 122.189 122.399 122.604 122.822 123.022 123.227 123.442 123.612 123.822 123.987 124.157 124.362 124.572 124.769 124.959 125.137 125.367 125.537 125.712 125.917 126.087 126.279 126.472 126.654 126.852 127.044 127.252 127.457 127.647 127.839 128.029 128.202 128.377 128.519 128.659 128.807 128.967 129.112 129.257 129.397 129.597 130.499 131.294 130.022 129.947 131.674 132.459 131.222 131.297 131.452 131.594 131.719 131.882 132.062 132.207 132.372
