Matlab/Roost_data/braunton/dsm/ss4835_DSM_2M.asc
ncols 500
nrows 500
xllcorner    248000
yllcorner    135000
cellsize     2
NODATA_value -9999
[rows 0 to 33 of 500, columns 308 to 384 of 500]
8.411 7.968 7.593 7.386 7.253 7.146 7.383 8.553 8.728 9.731 9.278 11.806 10.558 8.256 6.186 9.486 8.738 11.668 13.161 11.348 10.661 9.078 9.346 7.871 8.256 9.453 9.608 9.138 7.718 7.126 7.126 7.153 7.161 7.173 7.198 7.216 9.843 12.728 14.043 14.711 13.358 7.706 8.071 8.083 7.113 6.581 6.643 6.706 6.951 7.063 7.966 10.941 14.273 15.698 15.008 13.591 7.838 7.863 7.953 8.043 8.146 8.516 8.583 8.476 8.593 9.173 8.538 8.703 8.663 14.408 14.063 13.631 11.993 8.588 8.726 8.761 8.781
8.566 8.161 7.673 7.426 7.281 7.156 7.106 9.618 8.696 7.921 10.798 12.658 8.966 8.483 14.678 11.496 9.323 9.353 11.291 12.596 14.681 10.753 10.973 6.896 7.663 9.376 8.988 7.441 7.043 7.048 7.028 7.038 7.108 7.196 9.801 9.841 9.433 12.786 14.086 14.661 13.336 7.363 7.233 7.171 7.923 6.563 6.613 6.856 6.743 7.113 7.876 12.188 14.263 15.678 15.026 13.603 7.856 7.888 7.971 8.046 8.151 8.233 8.351 8.478 8.526 10.828 8.793 8.651 8.603 8.533 11.583 12.986 12.546 10.236 8.741 8.756 8.771
8.588 8.313 8.208 7.418 7.321 7.198 8.636 8.028 8.811 8.341 12.468 9.746 11.733 13.711 13.091 13.171 9.593 7.906 12.436 12.321 14.098 13.181 11.568 6.783 8.191 9.366 8.393 6.973 7.003 7.013 6.983 7.013 7.196 7.071 9.798 9.823 11.813 12.851 14.123 14.623 13.296 8.783 9.108 7.148 7.083 6.553 6.618 6.946 6.693 7.048 7.861 9.993 14.306 15.663 15.026 13.603 7.871 7.881 7.931 8.028 8.598 8.231 8.346 8.911 8.533 8.676 8.576 8.693 8.636 14.403 14.808 15.141 15.481 11.856 8.761 8.726 8.781
8.548 8.418 8.596 7.593 7.421 7.298 7.153 7.903 10.141 10.471 9.973 12.453 7.256 13.626 13.811 9.366 9.143 7.893 10.156 13.898 13.631 13.933 10.003 6.633 7.218 7.021 7.256 7.361 7.448 7.526 7.468 7.086 7.381 7.161 9.803 9.813 11.851 12.891 14.191 14.583 13.273 7.313 7.036 6.888 6.688 6.541 6.601 6.626 6.711 7.283 7.811 11.471 14.276 15.673 15.006 13.608 7.851 7.876 7.923 8.003 8.126 8.241 8.383 8.488 8.528 8.573 8.596 8.681 8.711 12.396 16.756 16.786 16.533 15.678 8.786 8.806 8.806
8.516 8.901 8.128 7.621 7.456 7.351 7.266 9.938 8.013 10.176 11.361 9.773 10.201 11.956 14.908 12.791 7.956 7.918 7.846 11.491 9.828 13.873 8.416 6.583 8.851 8.908 7.148 6.688 7.696 7.518 7.323 6.786 6.848 7.083 9.508 9.541 12.006 12.883 14.236 14.596 13.251 7.451 7.256 6.931 6.686 6.518 8.686 6.603 6.783 7.238 7.376 7.861 7.936 9.493 8.526 8.543 7.866 7.906 7.963 8.341 8.323 8.166 8.361 8.506 8.576 8.628 9.301 9.026 8.658 11.558 15.226 14.926 14.576 14.276 9.038 8.638 8.656
8.521 9.588 8.246 7.748 7.496 7.373 7.328 7.233 9.243 8.758 8.736 8.681 12.158 10.703 15.013 12.171 9.901 8.061 8.581 11.183 12.976 10.413 7.958 9.801 6.858 7.003 7.163 7.411 7.386 7.696 6.901 6.841 6.878 7.028 7.178 6.951 9.301 12.913 13.961 13.988 13.216 7.201 7.381 6.958 7.096 6.521 6.578 6.578 8.943 7.808 7.411 7.583 7.611 7.726 7.863 7.921 7.933 8.463 8.056 8.101 8.198 8.186 8.276 8.443 8.863 8.581 8.643 8.668 8.663 8.651 9.451 8.631 8.626 8.626 8.636 8.628 8.646
8.501 8.883 9.188 7.901 7.491 7.403 7.318 7.256 8.428 7.886 9.851 9.301 8.038 8.828 10.586 11.636 12.393 9.578 9.483 10.823 10.178 12.348 12.523 11.978 7.546 6.861 8.233 7.001 7.041 7.213 7.038 7.788 7.473 8.191 7.606 6.976 7.741 12.618 12.966 12.666 12.701 7.163 7.108 6.981 6.866 6.501 6.563 8.446 10.516 9.748 9.048 8.861 9.238 9.213 9.151 9.403 8.051 8.018 8.111 8.161 8.406 8.421 8.301 8.378 8.428 8.523 8.596 8.651 8.648 8.648 8.638 8.636 8.636 8.638 8.608 8.656 11.773
8.508 9.611 8.701 10.121 7.476 7.396 7.326 7.221 7.903 7.383 10.491 10.503 9.191 12.428 8.226 6.111 6.116 13.186 11.158 12.746 13.691 11.756 14.361 13.743 9.421 8.068 11.216 9.576 6.883 7.513 6.923 6.943 6.956 6.976 6.978 9.408 8.651 6.928 8.041 8.136 8.323 8.441 8.178 8.171 7.268 6.463 6.548 8.863 10.063 9.481 7.871 7.916 8.018 8.293 8.236 8.883 8.468 8.001 8.176 8.223 8.556 8.293 8.411 8.343 8.368 8.428 8.568 8.648 8.611 8.603 8.591 11.648 16.738 14.838 9.038 13.006 15.846
8.496 8.561 8.358 8.143 7.491 7.398 7.386 7.338 7.178 8.898 9.261 10.988 13.441 8.481 10.053 6.111 6.106 8.111 12.461 10.718 8.508 15.713 10.201 15.441 11.468 6.633 7.256 6.706 6.866 6.798 7.106 7.716 7.146 6.976 9.416 10.893 12.611 13.013 10.331 7.073 7.881 7.813 7.016 6.536 6.896 6.453 6.538 9.341 10.061 8.121 7.683 7.783 8.136 9.006 9.181 8.438 8.863 7.991 8.171 8.253 8.731 8.393 9.816 10.313 11.833 9.321 13.888 15.821 16.016 14.091 8.471 14.651 16.676 15.226 8.746 11.433 15.538
8.506 8.656 8.413 7.993 7.613 7.341 7.298 7.348 7.198 7.196 7.486 8.708 11.218 9.001 11.271 7.183 8.218 13.231 11.683 11.063 10.426 14.408 12.206 8.973 7.153 6.746 6.733 7.308 6.676 6.716 6.751 6.788 6.816 7.101 11.153 13.153 13.213 14.221 13.608 13.016 8.918 6.701 6.648 6.948 7.136 6.458 6.518 9.081 9.006 7.553 7.701 7.788 7.891 7.931 7.988 8.223 9.446 8.016 8.168 13.826 14.051 14.286 14.501 14.743 14.966 8.428 10.373 15.531 16.341 14.361 11.241 14.361 16.316 15.548 12.446 12.368 15.178
8.511 8.851 8.543 8.106 7.783 7.341 7.293 7.311 7.266 7.258 7.216 8.291 8.531 12.096 9.383 11.343 9.233 11.703 9.723 10.746 14.221 14.088 13.756 13.713 15.503 6.661 7.138 6.756 6.806 7.291 6.891 6.798 6.811 7.558 12.223 13.106 13.903 15.078 13.968 12.711 6.763 6.741 7.313 6.701 6.526 6.453 6.508 9.076 7.981 7.561 7.733 8.131 7.848 7.901 7.961 8.186 9.413 8.028 8.183 15.201 15.431 15.661 15.886 16.121 16.233 8.368 9.116 15.198 16.686 14.683 12.608 14.053 15.978 15.913 13.866 12.698 14.881
8.526 8.906 8.548 8.603 7.663 7.386 7.288 7.346 7.268 7.263 7.178 7.951 11.336 12.773 10.421 12.536 13.543 7.841 12.606 7.736 9.898 13.616 17.481 12.756 18.108 7.106 6.883 8.911 7.523 6.846 6.836 6.746 7.106 7.093 7.531 13.276 14.528 14.593 13.303 9.233 6.793 6.776 7.528 7.293 6.358 6.438 6.483 9.383 7.686 7.693 7.686 7.868 8.198 7.898 7.978 8.173 9.318 8.023 8.148 16.073 15.841 15.626 15.381 15.151 14.941 9.073 8.426 14.846 16.713 15.016 12.468 13.391 14.773 11.316 10.193 11.331 8.633
8.543 8.821 8.573 8.273 9.363 8.511 7.296 7.278 7.271 7.206 7.193 7.181 8.883 10.748 7.618 12.948 10.701 7.381 16.193 12.713 16.048 13.581 11.741 13.348 15.151 6.691 7.261 6.853 6.926 6.843 6.771 6.766 6.738 6.793 12.651 13.903 15.116 13.933 12.716 6.833 6.971 8.286 8.758 7.256 6.486 6.446 7.041 9.533 8.598 7.698 7.716 7.823 7.891 7.956 8.003 8.128 9.783 8.061 8.376 14.681 14.451 14.228 14.013 13.776 13.531 9.283 8.413 10.321 8.676 8.673 10.788 10.098 8.653 8.646 8.588 8.536 8.631
8.548 8.843 8.648 8.521 7.676 7.398 7.331 7.328 7.301 7.193 7.153 7.121 8.006 8.993 9.416 10.028 16.578 11.581 10.493 10.273 14.743 9.328 13.288 13.746 13.033 6.636 6.678 6.828 6.828 6.951 6.936 7.123 11.223 12.226 13.283 14.411 14.811 13.498 11.773 6.943 6.978 6.906 6.791 7.568 6.358 6.426 8.743 9.373 8.341 7.658 7.731 7.873 7.991 8.853 7.996 8.011 8.021 8.393 8.048 10.241 9.473 8.336 8.226 8.328 8.316 8.301 9.293 8.386 8.586 8.608 9.271 10.151 8.566 8.646 8.791 8.661 8.678
8.568 8.886 8.551 8.308 7.926 7.411 7.358 7.331 7.316 7.198 7.198 7.133 8.338 9.986 8.681 9.256 9.858 11.691 10.718 8.121 11.338 10.353 11.728 14.536 13.383 13.381 6.728 6.758 6.848 6.883 7.318 10.178 12.396 13.453 13.921 15.123 13.926 13.103 7.413 7.228 7.013 7.033 7.136 8.003 6.356 6.413 10.326 9.538 7.583 8.683 7.768 7.916 9.461 9.311 7.946 8.683 7.936 8.291 8.136 8.301 8.333 8.391 8.366 8.328 8.341 8.333 8.383 8.418 8.611 8.558 8.496 8.526 8.558 8.656 8.668 8.646 8.691
8.588 8.653 8.516 8.156 7.763 7.451 7.378 7.361 7.358 7.273 7.178 7.103 7.503 8.811 10.583 7.676 5.998 5.988 13.571 11.556 10.198 11.198 14.328 17.561 15.101 17.543 6.933 6.781 6.793 6.753 6.991 7.468 12.323 13.328 14.611 14.518 13.293 9.033 7.036 7.043 8.538 7.661 7.163 7.891 6.346 7.033 9.213 10.893 7.751 7.713 8.211 7.931 8.813 8.008 8.006 8.241 7.996 8.323 7.998 8.111 8.181 8.263 8.223 8.231 8.221 8.473 8.278 8.446 8.438 8.443 9.328 9.208 8.473 8.543 8.636 8.681 8.763
8.586 8.773 8.581 8.156 7.746 7.433 7.383 7.331 7.348 7.268 7.188 7.046 7.066 9.456 11.271 8.956 14.238 11.033 12.853 8.911 8.316 12.826 12.631 16.856 9.611 16.386 8.181 6.786 6.768 6.838 7.453 7.863 12.728 13.968 15.101 13.903 12.583 6.828 6.893 7.041 7.043 8.168 9.061 6.281 6.328 6.468 9.493 9.386 8.531 7.853 7.866 8.451 9.346 10.103 8.493 7.916 7.913 7.941 7.968 8.021 8.051 8.098 8.238 8.111 8.683 9.518 9.628 14.581 15.993 14.931 13.253 10.786 8.481 8.561 8.641 8.696 8.733
8.593 8.671 8.911 10.603 7.808 7.448 7.363 7.356 7.341 7.248 7.168 7.068 7.038 8.678 10.916 9.028 12.761 11.291 6.618 10.291 13.113 13.643 11.516 13.496 7.613 6.733 6.713 7.248 6.768 8.123 7.371 9.008 13.383 14.996 14.488 13.256 7.108 6.841 6.803 6.788 7.608 7.203 7.021 6.286 6.306 9.661 9.903 9.356 7.951 7.813 13.678 13.943 14.161 14.426 12.166 7.833 7.896 7.943 7.971 8.971 8.051 8.353 8.563 8.071 8.468 8.206 8.341 14.371 15.786 15.166 13.036 9.136 10.273 8.563 8.611 8.673 8.728
8.611 8.706 8.576 8.621 10.038 7.366 7.351 7.363 7.293 7.208 7.101 6.983 6.911 9.591 9.488 10.441 9.376 11.761 9.266 12.523 14.933 9.168 13.086 11.366 6.743 6.681 6.551 6.888 6.896 10.296 12.451 12.768 13.843 15.081 13.858 13.023 6.828 6.876 6.851 6.858 6.721 6.343 6.201 6.258 7.508 10.683 8.928 8.483 7.803 7.758 15.218 15.563 15.593 15.228 13.706 7.968 7.923 7.916 8.018 8.903 7.986 8.161 8.031 8.026 8.973 8.423 8.153 14.148 15.551 15.381 14.026 10.083 10.041 9.173 8.761 9.563 9.916
8.621 8.681 9.266 8.213 7.968 7.366 7.316 7.326 7.241 7.151 7.051 7.006 6.888 7.571 9.253 8.676 9.658 10.466 11.371 12.158 12.196 10.168 7.626 9.893 8.633 7.443 6.568 6.803 6.856 11.396 13.258 13.688 14.676 14.463 13.201 10.493 6.861 6.966 6.901 6.926 6.923 6.151 6.223 6.233 7.306 9.848 9.021 9.866 8.851 8.538 12.553 14.141 15.543 14.098 13.366 8.081 11.651 11.321 8.863 8.438 7.976 7.976 8.091 8.021 8.048 8.091 8.136 13.971 11.596 11.016 10.598 10.218 9.341 8.691 8.713 9.378 10.278
8.633 9.358 8.886 8.238 8.438 7.291 7.268 7.273 7.223 7.151 7.058 6.943 6.888 7.276 9.503 9.191 7.131 8.083 7.043 9.128 11.783 14.678 13.988 13.863 13.146 12.153 7.051 6.768 7.673 8.166 12.786 14.048 15.083 13.798 12.593 6.696 6.213 6.158 6.373 7.048 6.626 6.168 6.188 6.188 6.838 8.758 10.143 8.758 9.093 9.713 10.436 13.721 15.391 14.338 10.631 8.018 8.043 8.026 10.048 8.013 7.981 7.981 8.016 8.031 8.056 8.093 8.131 8.313 10.913 10.781 10.638 9.433 8.436 8.306 8.298 8.926 8.381
8.636 8.648 8.446 8.033 7.508 7.243 7.216 7.236 7.191 7.118 7.033 6.893 6.813 6.926 7.876 9.786 8.961 10.978 12.098 11.668 12.201 14.573 7.668 11.526 14.048 11.391 6.916 6.666 6.631 8.838 13.136 13.741 14.316 13.146 6.966 6.891 6.181 6.138 6.096 6.073 6.131 6.173 6.158 6.216 6.458 8.303 7.736 7.711 9.778 9.743 8.091 15.361 15.553 14.568 12.656 8.031 7.998 8.068 7.891 7.896 7.911 7.908 7.913 7.988 8.001 8.078 8.158 8.123 8.168 8.263 8.343 8.426 8.353 8.466 8.393 8.398 8.431
8.653 8.851 8.503 10.063 8.216 7.208 7.181 7.196 7.148 7.156 7.061 6.928 6.826 6.798 7.928 8.683 11.828 9.016 12.986 10.401 14.291 11.603 10.028 16.398 12.701 13.943 11.983 6.651 6.586 9.008 9.331 13.791 13.116 12.526 6.761 6.713 6.758 6.676 6.103 6.083 6.138 6.146 6.396 6.381 6.531 8.368 7.713 7.671 7.648 7.611 7.906 13.901 15.543 14.836 12.393 8.006 7.986 7.891 8.653 7.866 7.886 7.883 7.883 7.916 7.976 8.298 8.293 8.426 8.363 8.666 8.388 8.386 8.386 8.531 8.826 11.311 11.546
8.646 8.711 8.406 7.931 7.488 7.218 7.118 7.106 7.093 7.178 7.036 6.963 6.828 6.738 8.236 9.373 12.018 6.636 12.371 9.533 10.293 11.923 11.068 7.813 15.058 12.303 7.981 6.528 6.566 7.443 8.741 9.023 9.318 6.691 6.601 6.671 6.706 6.693 6.031 6.083 6.111 7.606 7.946 6.551 6.683 8.048 8.896 7.641 7.588 7.603 8.123 10.808 14.593 15.151 13.513 9.291 8.303 7.926 7.853 7.826 7.843 7.856 7.856 7.888 7.976 8.098 8.308 8.353 8.343 8.678 11.616 13.811 14.046 14.261 14.498 14.718 14.928
8.671 8.948 8.448 8.453 7.433 7.181 7.093 7.101 7.101 7.123 7.128 6.943 6.883 6.761 7.008 10.826 11.531 11.706 11.056 7.961 12.506 12.966 11.166 8.791 12.533 10.601 7.973 7.293 7.481 6.546 6.743 7.196 7.886 6.608 6.451 6.546 6.711 6.018 6.056 6.083 7.816 7.326 7.163 6.723 6.803 6.901 7.858 7.691 7.993 7.651 7.761 10.788 14.336 15.431 13.721 8.043 8.008 7.996 7.976 7.918 7.786 7.808 7.856 7.886 9.358 8.101 8.296 8.403 8.393 9.326 12.568 15.068 15.428 15.643 15.866 16.086 16.316
8.703 8.828 8.613 7.836 7.363 7.148 7.053 7.101 7.063 7.106 7.046 7.001 6.858 6.771 6.558 7.746 8.276 9.033 8.911 10.976 11.041 11.443 14.638 7.596 7.251 7.318 6.533 6.648 8.666 8.528 7.711 6.576 6.578 6.538 6.336 6.216 6.026 6.016 6.058 6.053 8.958 7.828 7.278 6.938 6.983 7.001 9.648 7.596 7.588 7.586 7.608 8.056 14.066 15.596 14.021 9.103 9.466 8.278 7.931 7.883 7.726 7.761 7.823 7.873 7.978 8.096 8.296 10.418 10.938 10.966 12.561 14.876 16.218 16.971 16.923 16.703 16.476
8.713 9.241 8.313 9.561 8.113 7.176 7.061 7.113 7.086 7.041 7.051 6.993 6.821 6.738 6.576 7.453 10.271 11.163 10.606 7.881 9.668 13.173 10.243 7.513 7.193 6.911 6.541 6.543 7.563 8.731 8.778 7.408 7.198 6.483 6.373 6.093 5.998 6.053 6.041 8.871 9.043 7.851 7.321 7.101 7.111 7.116 7.753 7.666 7.603 7.563 7.803 8.031 13.813 15.448 14.251 8.171 8.163 8.381 7.951 7.993 7.696 7.736 7.788 7.861 7.988 8.096 8.263 9.088 10.928 10.958 9.738 14.673 15.951 15.746 15.523 15.323 15.091
8.711 8.691 8.541 8.423 7.961 9.796 7.078 7.111 7.066 7.066 7.021 6.968 6.778 6.686 6.608 8.278 9.273 8.621 8.278 11.726 7.771 14.666 9.718 12.151 7.296 6.958 6.556 6.523 6.401 6.468 7.323 6.538 6.516 7.966 6.866 5.956 6.021 6.046 6.006 7.411 7.308 7.291 7.253 7.153 7.153 7.166 8.568 7.656 7.606 7.558 8.306 8.021 13.536 15.171 14.541 10.201 7.976 7.908 7.881 7.868 7.726 7.706 7.756 7.841 7.938 8.051 8.306 8.386 10.916 10.948 10.316 14.383 14.601 14.366 14.163 13.928 13.716
8.723 9.253 8.491 8.636 7.246 8.078 7.088 7.121 7.111 7.051 7.008 6.956 6.798 6.776 6.646 9.848 9.543 10.078 9.383 6.406 6.026 9.796 13.663 11.581 10.211 8.523 6.551 6.516 6.406 6.448 6.448 6.933 8.198 6.408 6.111 5.986 6.021 6.013 8.158 7.608 9.223 11.151 10.171 7.171 7.186 7.181 7.746 8.283 9.231 8.488 10.603 11.071 13.281 14.843 14.781 13.201 7.983 7.893 7.816 8.043 7.796 7.686 7.743 7.786 8.271 9.246 8.383 8.358 8.388 8.408 8.646 11.808 10.433 9.843 8.461 8.423 8.393
8.743 9.016 8.226 7.696 7.246 7.698 7.148 7.108 7.106 7.051 7.011 6.908 6.848 6.706 6.668 6.486 8.858 8.993 9.823 6.871 12.783 11.918 12.723 11.073 9.011 13.506 9.316 6.506 6.641 6.591 6.466 6.508 6.548 6.593 5.958 6.013 6.016 6.578 7.416 9.338 11.346 13.498 14.583 14.158 11.453 8.296 9.896 9.866 9.351 8.418 9.558 11.046 12.863 14.653 15.701 13.433 7.991 10.638 10.691 8.446 7.796 8.396 7.713 7.743 7.821 7.931 8.083 8.498 9.461 8.306 8.436 8.408 8.423 8.343 8.358 8.521 8.343
8.738 8.768 9.216 8.886 7.818 7.383 7.348 7.126 7.088 6.936 6.851 6.871 6.818 6.753 6.648 7.393 8.311 8.263 6.331 8.131 7.738 12.103 8.461 12.183 10.178 13.091 8.903 6.611 6.611 6.456 6.478 6.583 6.553 7.376 5.968 6.028 5.986 7.461 7.218 8.988 12.783 13.871 14.836 13.726 12.683 10.098 10.093 7.923 8.168 8.266 8.571 10.998 11.556 14.421 15.356 13.673 8.108 7.971 7.933 8.046 7.758 9.116 7.666 7.733 7.771 7.873 7.976 8.061 8.146 8.198 8.191 8.258 8.281 8.543 8.618 8.281 8.646
8.746 8.763 9.616 8.123 8.713 7.178 7.133 7.131 7.071 6.933 6.881 6.891 6.813 6.668 6.588 6.731 9.426 8.691 9.926 10.006 10.003 10.663 11.866 9.588 10.958 11.823 13.861 7.641 6.496 6.501 6.493 6.546 6.556 5.946 7.558 6.016 7.386 7.566 7.191 10.471 13.163 14.256 14.438 13.341 12.268 10.208 10.186 8.431 7.708 8.118 8.521 11.023 9.848 14.101 15.543 13.948 8.581 9.373 8.073 7.946 8.336 7.581 7.623 7.683 7.733 9.231 8.431 7.978 8.063 8.138 8.573 9.013 8.166 9.811 9.641 8.791 9.801
8.746 8.761 9.526 7.933 7.468 7.256 7.696 7.133 7.016 6.836 6.708 6.818 6.791 6.686 6.561 6.623 7.506 9.811 10.858 8.471 8.883 8.756 12.003 8.233 8.206 13.006 15.683 15.656 6.491 6.551 6.508 6.563 6.866 5.956 6.013 7.593 8.113 8.041 8.026 12.476 13.548 14.663 14.071 12.976 9.968 10.183 10.281 9.388 7.738 8.288 7.966 8.296 8.468 13.848 15.486 14.188 10.416 8.026 7.973 7.903 7.771 7.661 7.598 7.633 7.698 9.163 9.846 8.158 10.266 8.133 8.151 9.821 8.116 8.223 8.158 8.488 8.078
8.731 8.756 8.501 8.013 7.513 7.506 7.083 7.091 6.971 6.816 6.703 6.781 6.708 6.633 6.493 6.356 8.761 10.523 8.693 9.561 12.338 8.691 10.076 10.936 11.383 10.076 11.598 8.338 6.573 6.423 6.988 6.891 6.021 5.983 6.118 8.316 9.238 7.506 9.066 8.006 12.331 14.768 13.678 12.598 9.836 9.848 9.883 9.876 7.698 7.593 7.541 7.543 8.311 13.611 15.241 14.436 10.896 8.013 7.953 7.896 7.773 7.668 7.576 7.616 8.933 8.286 7.886 7.918 8.351 8.048 8.333 8.038 7.953 8.018 7.913 7.891 7.871
