Matlab/Roost_data/braunton/dsm/ss4836_DSM_2M.asc
ncols 500
nrows 500
xllcorner    248000
yllcorner    136000
cellsize     2
NODATA_value -9999
[rows 256 to 287 of 500, columns 213 to 283 of 500]
21.914 19.961 16.664 16.664 16.621 16.604 16.574 16.626 16.634 16.594 16.616 16.681 16.706 18.374 18.854 16.496 21.419 22.936 23.086 20.054 16.436 16.489 16.316 16.219 16.174 16.151 16.241 20.499 21.816 21.896 21.876 21.849 16.381 15.971 15.936 15.901 15.914 16.709 15.864 18.589 15.676 16.151 20.109 20.066 20.019 19.976 17.309 16.709 15.266 14.831 18.956 16.581 14.929 14.326 14.229 17.854 17.916 14.434 14.386 14.286 14.191 14.196 14.234 14.346 16.591 13.996 13.974 14.681 17.199 13.674 13.686
22.289 22.196 17.274 16.696 16.566 16.569 16.519 16.561 16.561 17.256 16.649 16.766 17.229 16.666 16.941 16.449 20.846 22.931 23.021 19.221 17.461 17.769 16.249 16.169 16.106 16.084 16.201 20.536 21.944 23.256 23.264 23.219 16.019 15.971 16.164 18.891 18.761 15.684 15.939 15.651 15.526 15.524 21.574 21.576 21.546 21.564 20.416 20.281 20.076 19.931 19.769 19.594 15.481 14.294 14.214 18.019 16.961 14.801 15.009 14.224 14.181 14.154 14.136 14.066 14.016 13.969 13.944 15.339 14.294 13.601 13.616
23.669 22.619 19.049 18.286 16.546 16.539 16.501 16.511 16.519 17.179 16.486 16.471 16.584 18.071 18.469 16.396 21.524 22.976 22.999 21.489 17.916 16.281 16.189 16.109 16.056 15.996 16.121 16.511 21.964 22.816 22.849 22.871 16.111 16.449 18.799 19.789 19.774 18.819 15.676 15.659 16.834 15.506 20.046 20.066 20.094 20.129 19.771 19.916 20.051 20.179 20.359 20.499 15.011 14.256 14.194 15.719 16.421 16.854 16.436 14.571 16.229 14.131 14.074 14.026 13.979 13.904 13.806 14.206 15.036 14.339 13.806
23.936 22.519 19.161 17.719 16.561 16.506 16.469 16.461 16.481 16.459 16.429 16.406 16.419 16.804 16.791 16.369 21.621 23.004 22.981 21.556 20.159 18.591 16.121 16.074 16.009 15.951 16.004 15.991 19.386 20.676 19.781 20.179 16.451 15.986 15.809 18.816 19.779 19.831 19.459 15.989 15.596 15.586 18.026 17.161 14.916 14.866 14.816 14.746 14.751 16.911 18.724 18.946 14.371 14.246 14.174 14.894 16.061 20.221 15.909 20.614 18.026 17.869 18.589 13.986 13.896 15.481 14.076 17.191 14.106 15.671 14.916
23.819 22.444 17.269 18.291 16.864 16.466 16.464 16.406 18.279 18.566 18.676 18.141 16.449 18.349 17.504 16.319 20.256 21.336 22.561 21.391 20.119 18.604 16.049 16.021 15.951 15.899 15.844 15.856 15.834 15.784 15.729 15.676 15.684 17.829 15.759 15.789 18.766 22.309 21.881 17.604 15.626 15.561 15.496 15.536 15.214 15.026 14.881 14.731 14.706 14.594 14.521 14.614 14.341 14.224 14.154 16.321 17.689 18.754 18.381 18.356 15.719 21.841 20.109 15.754 13.776 15.024 15.224 16.029 15.859 15.654 14.471
23.699 21.731 16.579 16.556 16.609 16.581 16.516 16.634 17.744 16.629 16.506 18.089 18.119 17.249 17.011 16.254 16.176 16.086 18.954 20.394 19.806 18.099 16.061 15.971 15.901 15.844 15.774 15.736 15.679 15.634 15.586 15.549 15.724 15.594 15.661 15.729 20.646 23.499 22.921 21.936 17.564 15.496 15.411 16.279 15.261 15.096 14.944 14.806 14.679 14.561 14.431 14.354 14.261 14.191 14.449 15.079 16.239 16.484 20.819 15.479 24.746 22.104 16.224 16.021 16.531 16.094 17.936 16.621 16.181 14.829 12.676
23.226 20.666 16.611 16.549 16.549 16.539 16.531 16.471 16.559 16.579 16.476 16.734 16.586 18.374 16.796 17.374 17.859 17.384 19.006 20.404 19.764 18.071 16.051 15.926 15.866 15.789 15.716 15.659 15.629 15.604 15.554 15.546 15.494 15.464 15.534 15.604 21.464 22.446 23.434 22.964 21.961 18.121 15.334 15.229 15.106 14.944 14.876 14.704 14.614 14.516 14.416 14.319 14.259 14.201 14.134 14.049 18.016 19.526 19.181 19.489 17.489 18.246 17.151 17.286 14.259 15.179 15.569 15.494 16.054 12.521 16.089
17.059 17.911 16.539 16.539 16.541 18.139 18.526 16.576 16.886 16.511 16.491 16.641 16.471 18.344 16.961 16.251 16.149 16.119 20.936 22.944 22.739 18.576 16.074 16.369 15.811 15.744 15.696 15.636 15.604 15.641 15.606 15.551 15.491 15.451 15.419 15.504 15.526 21.464 22.421 22.711 21.706 15.614 15.299 15.164 14.996 14.916 14.866 14.811 14.674 14.549 14.431 14.321 14.244 14.159 14.109 14.039 17.419 19.339 20.964 16.274 23.996 17.499 15.499 17.099 13.804 14.086 14.686 15.411 14.339 13.109 18.181
16.904 16.976 16.694 16.551 16.516 18.696 18.764 16.519 16.486 16.476 16.469 16.559 16.451 17.026 16.371 16.216 16.101 16.121 19.786 23.129 22.736 18.121 16.026 16.639 15.781 15.711 15.659 15.599 15.669 16.151 16.001 16.541 15.496 15.431 15.411 15.399 15.444 18.884 21.414 21.714 16.781 15.331 15.196 15.114 15.044 15.019 14.914 14.791 14.751 14.654 14.539 14.414 14.274 14.159 14.061 13.999 13.926 16.526 19.379 17.409 17.566 19.894 20.539 13.671 15.291 14.609 15.284 15.781 12.801 15.949 18.709
16.769 17.164 16.754 16.489 16.516 16.524 16.561 17.529 16.766 18.544 17.304 17.314 16.549 16.671 18.559 16.241 16.089 16.124 21.714 23.091 22.681 18.809 15.979 15.821 15.749 15.679 15.636 15.661 15.749 15.654 16.981 15.634 15.574 15.451 15.401 15.359 15.319 15.409 15.396 15.426 15.331 15.209 15.101 15.101 15.091 15.009 15.056 14.976 14.869 18.941 14.871 16.001 14.291 14.336 14.119 13.964 14.481 15.611 18.844 19.936 19.549 20.821 15.314 15.544 15.244 13.446 15.234 16.009 13.926 17.944 19.266
16.461 19.714 19.681 19.769 19.266 17.951 16.681 18.644 17.059 18.021 17.169 16.559 20.339 18.154 19.801 16.304 16.169 16.491 21.601 22.916 22.459 20.414 15.939 15.786 15.734 15.656 15.654 15.764 15.654 15.559 15.434 15.596 15.586 15.711 15.406 15.361 15.304 15.246 15.329 15.286 15.244 15.126 15.134 15.124 15.034 15.099 15.186 14.866 19.399 21.641 21.076 16.496 14.654 14.841 14.134 14.041 13.851 14.749 15.241 20.671 22.116 22.451 15.599 18.059 14.106 13.299 15.979 14.114 15.059 18.474 19.816
22.419 17.696 17.504 16.721 17.986 16.674 19.651 19.574 19.594 19.506 19.494 19.876 19.524 21.316 16.326 16.211 16.119 16.034 18.931 20.329 19.759 16.924 15.919 15.816 15.746 15.684 15.781 16.576 15.576 15.471 15.721 21.511 18.534 15.549 15.419 15.369 15.301 15.246 15.191 15.194 15.124 15.159 15.166 15.094 15.149 15.154 14.996 18.844 21.111 22.084 22.076 21.076 14.661 14.334 15.094 14.351 13.926 13.714 17.531 22.854 23.066 21.356 17.141 18.184 14.159 14.231 13.831 12.524 17.259 19.071 20.006
22.836 17.489 17.321 16.414 16.361 16.361 16.369 16.401 16.419 16.399 16.386 16.666 20.139 20.824 16.534 16.136 16.266 16.859 18.989 20.391 19.756 18.994 18.961 16.229 15.881 15.839 15.684 15.691 15.491 15.409 21.569 22.514 21.579 17.246 15.849 15.599 15.504 15.234 15.216 15.156 15.169 15.189 15.136 15.201 15.421 15.024 14.884 16.886 20.094 21.101 22.064 22.099 21.094 20.236 14.336 14.326 15.134 13.756 13.736 18.586 19.956 17.659 15.474 16.316 14.224 14.056 13.581 12.796 18.336 19.681 18.959
22.846 18.716 18.014 16.389 16.346 16.354 16.366 16.396 16.371 16.411 17.119 16.401 16.401 18.409 16.294 16.566 17.094 18.439 19.879 20.409 19.969 19.979 19.624 16.961 16.691 16.981 18.199 19.491 16.519 21.549 22.546 22.949 21.949 18.246 15.764 16.104 15.829 15.244 15.194 15.191 15.216 15.159 15.234 15.216 16.571 15.794 15.731 17.914 18.816 20.111 21.101 20.059 21.039 21.101 20.131 14.326 15.886 14.641 13.524 15.614 17.416 18.674 15.656 13.166 13.329 14.439 12.614 16.819 18.909 19.679 18.349
22.839 19.381 16.451 16.424 16.411 16.426 17.214 16.811 16.359 16.376 16.751 16.386 16.379 16.776 16.269 16.154 16.034 15.979 19.034 20.231 19.681 18.609 18.669 16.544 19.574 19.591 19.584 20.449 21.494 22.506 22.984 21.966 20.949 18.591 15.306 15.831 15.349 15.231 15.214 15.254 15.191 15.264 15.266 15.146 14.966 15.471 14.724 17.674 17.941 17.119 18.066 19.069 20.044 21.031 20.881 19.899 14.041 13.936 13.534 14.949 14.879 17.881 15.251 13.244 14.599 12.801 13.564 18.149 19.531 19.034 17.754
22.811 16.464 16.794 17.019 16.426 16.416 16.434 16.416 17.489 16.424 16.679 17.591 17.899 18.599 16.874 16.559 16.101 15.984 18.801 18.839 18.856 15.976 15.954 17.429 19.389 19.456 19.499 19.099 21.656 23.034 22.324 21.566 20.576 17.461 15.411 15.334 15.329 15.216 15.244 15.246 15.174 15.306 15.534 15.554 15.861 14.731 14.549 15.141 16.306 14.274 16.991 14.244 14.226 20.026 19.891 14.136 14.099 14.236 13.589 13.539 13.084 12.921 12.794 12.651 12.704 13.846 16.396 18.701 19.849 18.504 12.309
22.756 16.284 16.871 16.391 16.504 16.329 16.546 16.426 16.324 16.376 17.034 18.049 18.674 18.586 18.291 18.059 16.156 16.031 15.979 15.946 15.951 15.981 15.974 15.969 16.146 16.056 16.271 15.854 15.621 20.996 21.361 22.296 21.594 20.619 15.314 16.224 15.341 15.416 15.251 15.226 15.304 15.319 15.371 15.594 15.316 15.449 14.509 14.354 14.236 14.241 14.269 14.254 14.081 14.204 13.929 13.914 13.901 13.996 13.806 13.266 13.021 12.874 12.734 12.734 12.566 15.301 17.929 19.284 19.261 17.879 12.306
22.721 16.404 16.316 16.254 16.251 16.171 16.231 16.274 16.276 16.251 16.239 16.246 18.574 18.576 16.541 16.201 16.064 16.001 16.821 16.304 18.116 16.051 16.021 16.009 16.054 16.756 16.599 15.649 15.611 15.669 18.889 21.304 22.244 21.651 20.671 17.804 15.341 15.209 15.276 15.226 15.349 15.329 15.294 15.289 15.281 15.284 14.444 14.344 14.234 14.136 14.139 14.039 13.906 16.961 19.149 19.374 19.116 14.204 14.541 13.204 14.784 12.801 12.626 13.021 12.471 15.869 18.524 19.849 18.671 13.821 12.399
22.674 16.261 16.254 16.236 16.261 16.186 16.299 16.301 16.321 16.319 16.266 16.199 16.229 16.284 16.371 16.166 16.021 16.004 16.426 16.399 17.951 16.049 16.001 16.014 16.089 16.046 16.574 15.619 16.241 15.404 15.651 17.341 21.234 21.326 19.144 15.349 15.349 15.216 15.286 15.239 16.276 15.311 15.269 15.004 15.856 15.199 15.241 14.359 14.231 14.124 14.004 13.894 13.816 18.926 20.436 20.739 19.556 13.921 13.904 13.576 12.926 12.736 12.571 12.626 12.684 17.824 19.091 19.476 18.106 12.171 12.224
16.644 16.231 17.619 16.166 16.256 16.281 16.314 16.319 16.329 16.331 16.309 16.304 16.266 16.351 16.046 16.024 16.164 15.996 15.951 16.624 16.064 16.019 16.009 15.969 16.039 16.051 16.784 15.811 15.629 15.554 15.356 15.319 16.826 17.711 16.524 15.369 15.374 15.246 15.294 15.244 15.379 15.706 20.559 20.824 21.056 21.296 18.001 14.399 14.274 14.141 13.999 13.886 13.824 15.729 20.204 21.139 19.764 14.371 13.901 14.486 12.934 12.689 12.501 13.021 12.314 18.334 19.699 18.829 16.691 13.239 12.136
16.284 16.219 18.219 16.221 16.294 16.304 16.309 16.279 16.294 16.259 16.291 16.289 16.286 16.379 16.044 16.001 16.009 15.971 16.426 17.389 15.984 15.969 15.946 15.951 16.006 16.291 16.496 15.766 15.751 15.609 16.131 16.636 15.334 15.249 17.531 19.461 15.374 15.301 16.134 15.264 15.379 16.246 19.829 21.841 22.406 22.346 15.679 14.499 14.276 14.129 13.994 13.884 13.829 13.831 19.991 21.291 19.984 14.256 14.434 13.926 12.854 12.631 12.464 12.299 14.139 18.921 19.664 18.234 12.181 13.739 12.139
16.249 16.194 17.469 16.286 16.219 16.189 16.256 16.261 16.259 16.246 16.284 16.286 16.344 16.261 16.011 15.999 15.941 15.879 16.331 16.074 15.961 15.924 15.979 15.966 15.994 16.084 16.794 16.456 15.674 15.394 18.689 20.914 21.146 21.391 21.629 21.074 15.844 15.371 16.884 15.296 15.384 15.614 18.259 21.429 21.209 21.169 18.629 14.999 14.289 14.136 14.004 13.876 13.834 17.926 20.624 21.614 20.231 15.074 13.976 13.944 13.541 12.544 12.431 12.259 18.019 18.721 19.026 16.244 12.386 13.454 14.336
16.424 16.709 17.546 17.866 17.726 17.679 17.681 17.641 17.616 17.641 17.629 17.569 17.706 16.606 16.084 15.981 15.881 15.854 16.304 16.001 15.919 15.904 15.906 15.904 16.021 16.034 16.541 15.799 15.604 15.406 19.541 22.321 22.379 22.196 21.949 21.296 16.064 15.361 16.551 15.314 15.386 15.559 15.374 19.579 19.649 21.099 17.569 14.511 18.026 18.451 20.224 16.806 13.834 16.606 20.371 21.716 20.454 17.644 13.916 13.941 14.156 12.541 12.359 12.241 12.081 13.751 17.976 11.969 12.406 13.009 12.999
16.534 16.296 16.491 16.646 16.409 16.386 16.391 16.409 16.384 16.351 16.374 16.379 16.441 16.521 16.361 15.899 18.374 16.539 15.889 15.864 18.559 18.644 15.906 15.906 15.939 18.596 16.664 15.749 15.576 15.424 16.639 21.259 21.041 20.801 20.566 18.234 15.474 15.266 17.296 15.319 15.344 15.364 15.186 15.586 20.109 20.841 20.661 20.904 21.149 21.354 21.449 20.071 20.094 20.319 20.529 21.539 20.666 19.329 16.761 13.849 16.704 13.056 12.284 12.166 12.031 11.924 11.924 13.634 12.039 12.051 11.581
16.519 16.221 16.216 16.246 16.371 16.431 16.394 16.409 16.391 16.394 16.449 16.429 16.414 15.976 15.874 15.921 18.704 17.536 18.306 19.806 20.966 21.184 21.399 21.529 15.846 18.184 16.619 15.681 15.571 15.441 16.394 19.879 19.674 19.369 19.196 16.676 15.704 15.284 16.239 15.261 15.221 15.616 15.146 14.994 20.064 21.274 22.044 22.229 22.284 22.051 21.679 20.291 19.731 19.509 19.951 21.084 19.714 18.234 16.974 14.054 15.006 12.584 12.336 12.114 11.961 11.834 11.869 12.096 12.034 11.579 11.574
21.869 16.229 16.226 16.239 16.381 16.429 16.439 16.379 16.424 16.446 16.449 16.434 16.449 16.781 15.914 15.874 21.271 21.681 21.891 22.124 22.314 22.569 22.796 21.711 15.966 16.216 16.906 15.656 15.606 15.449 16.504 18.491 19.354 19.004 17.819 15.306 15.546 15.899 15.166 15.354 15.144 15.209 15.126 15.004 16.996 21.071 21.496 21.176 20.901 20.669 20.449 20.214 18.331 18.094 19.709 21.071 19.956 14.949 13.869 14.019 13.194 12.649 13.274 14.341 11.864 11.746 11.631 12.761 12.031 11.554 11.556
22.209 17.746 16.789 17.859 16.374 16.391 16.409 16.419 16.406 16.431 16.424 17.311 18.464 18.079 18.026 15.879 21.049 22.461 22.959 22.974 22.486 22.299 22.061 21.866 18.136 16.379 19.739 18.384 16.834 15.904 15.339 16.624 19.074 19.179 17.596 15.394 15.241 15.501 15.144 15.136 15.084 15.146 15.106 14.989 14.891 20.819 21.651 20.274 16.461 14.366 14.366 14.371 15.949 14.144 19.456 20.781 20.176 15.761 13.916 14.994 12.839 12.849 16.026 13.281 11.786 11.646 11.541 12.311 12.351 11.551 11.541
22.229 17.621 17.794 16.934 18.446 17.454 16.361 16.376 16.379 16.879 16.174 17.726 18.599 18.156 18.206 17.969 20.866 21.769 21.536 21.344 21.121 20.891 20.691 18.746 16.434 15.846 16.854 15.671 15.629 16.769 15.314 18.764 20.111 19.456 18.049 15.934 15.284 15.221 15.141 15.071 15.039 15.059 15.066 14.989 14.866 20.554 21.599 20.514 14.351 14.344 14.321 14.281 14.696 13.909 18.376 19.499 19.271 17.611 14.099 12.984 12.926 13.811 14.806 14.899 11.719 11.541 12.231 11.999 11.691 11.536 11.686
22.261 16.116 16.211 16.211 16.166 16.141 16.149 16.201 16.784 16.346 16.371 17.676 17.601 18.246 18.304 18.316 18.289 18.896 15.714 16.316 15.684 17.444 16.584 15.674 15.801 15.834 17.114 15.691 15.711 16.334 17.624 18.539 19.896 19.651 18.601 17.466 15.274 15.196 15.094 15.971 14.989 14.976 16.094 16.979 16.276 18.949 20.191 19.974 14.371 14.329 14.286 14.254 14.184 13.936 13.746 13.571 13.364 13.184 13.644 12.946 12.901 13.306 14.456 15.266 13.279 11.536 11.336 11.226 11.079 11.541 14.174
22.276 15.941 15.954 16.039 16.019 16.011 16.026 16.024 16.004 17.196 18.339 18.029 18.031 18.356 18.394 15.906 15.799 15.791 15.791 16.179 15.714 15.706 15.656 15.659 15.756 15.784 17.101 15.731 15.656 15.646 15.981 18.511 19.654 19.889 18.531 16.659 15.254 15.164 15.021 15.796 14.926 14.944 15.776 16.599 15.189 16.306 16.309 15.134 14.419 14.329 14.946 14.221 14.214 13.949 13.706 13.591 14.314 16.921 19.324 14.501 13.316 13.779 13.274 13.586 13.556 11.699 11.369 11.104 10.971 10.859 14.179
22.306 15.961 16.814 16.286 16.276 16.036 16.069 16.006 16.831 23.284 18.794 16.029 16.231 15.854 17.586 15.781 15.819 15.804 15.761 16.451 15.691 15.689 15.644 15.654 15.731 15.811 16.809 15.694 15.654 15.579 15.291 18.046 19.424 19.469 18.741 15.159 15.234 15.134 14.974 14.826 14.866 14.826 15.166 15.204 14.774 15.636 14.459 14.404 14.321 14.261 15.474 14.194 19.079 15.239 13.976 13.941 19.809 20.446 20.554 17.069 13.084 13.401 13.174 13.394 14.084 11.781 12.729 10.991 10.829 10.699 10.624
15.954 15.921 16.301 16.244 16.166 16.019 16.026 16.001 18.106 17.319 18.334 15.959 16.031 15.786 17.531 15.771 15.869 15.784 16.116 16.106 15.944 15.854 15.679 15.724 16.271 16.144 17.131 15.714 15.629 15.711 15.324 17.321 18.304 18.094 17.844 14.966 14.981 14.919 15.196 15.469 14.804 14.754 15.069 16.546 15.246 16.899 14.439 14.381 14.311 14.241 14.279 14.161 14.471 14.034 14.039 18.216 19.574 20.936 20.761 19.409 15.346 13.134 13.321 15.831 13.831 12.169 12.279 12.799 10.676 10.571 10.471
