Matlab/Roost_data/braunton/dsm/ss4834_DSM_2M.asc
ncols 500
nrows 500
xllcorner    248000
yllcorner    134000
cellsize     2
NODATA_value -9999
[rows 340 to 373 of 500, columns 154 to 230 of 500]
4.059 4.099 4.124 4.094 4.126 4.161 4.181 4.166 4.146 4.104 4.021 3.974 3.946 3.901 3.944 3.991 4.066 4.172 4.259 4.3 4.325 4.354 4.321 4.335 4.354 4.384 4.368 4.375 4.359 4.367 4.413 4.413 4.406 4.407 4.417 4.411 4.446 4.544 4.915 5.794 5.962 5.791 5.313 4.966 4.99 4.973 4.981 5.034 5.044 5.121 5.186 5.241 5.201 5.189 5.221 5.246 5.224 5.191 5.179 5.146 5.159 5.159 5.204 5.239 5.264 5.276 5.306 5.324 5.316 5.349 5.336 5.359 5.364 5.359 5.351 5.379 5.386
4.026 4.076 4.124 4.091 4.116 4.144 4.174 4.159 4.136 4.071 3.989 3.931 3.936 3.889 3.944 4.011 4.131 4.206 4.277 4.318 4.329 4.331 4.318 4.304 4.325 4.364 4.374 4.393 4.375 4.405 4.402 4.408 4.385 4.373 4.4 4.436 4.53 4.641 5.15 5.772 5.823 5.439 5.047 4.931 4.938 4.979 5.02 5.052 5.095 5.154 5.239 5.256 5.231 5.236 5.199 5.186 5.209 5.156 5.151 5.161 5.166 5.171 5.224 5.246 5.279 5.279 5.304 5.326 5.334 5.346 5.356 5.349 5.376 5.361 5.354 5.359 5.381
4.024 4.051 4.089 4.114 4.114 4.134 4.176 4.159 4.104 4.064 3.966 3.919 3.909 3.914 4.009 4.109 4.161 4.221 4.306 4.331 4.327 4.327 4.323 4.309 4.32 4.355 4.374 4.383 4.422 4.411 4.409 4.4 4.362 4.367 4.371 4.459 4.589 4.853 5.839 6.219 5.736 5.23 4.928 4.921 4.934 5.002 5.065 5.093 5.125 5.198 5.228 5.219 5.214 5.206 5.204 5.191 5.169 5.151 5.184 5.179 5.196 5.179 5.234 5.261 5.249 5.291 5.296 5.316 5.316 5.351 5.374 5.379 5.386 5.369 5.371 5.374 5.379
4.004 4.054 4.099 4.116 4.114 4.146 4.131 4.124 4.059 4.001 3.929 3.906 3.881 3.926 4.041 4.159 4.224 4.251 4.309 4.351 4.354 4.343 4.309 4.307 4.33 4.354 4.393 4.401 4.414 4.386 4.399 4.392 4.349 4.317 4.342 4.454 4.691 5.062 5.97 6.025 5.644 5.103 4.872 4.915 4.976 5.012 5.065 5.097 5.185 5.21 5.211 5.194 5.2 5.171 5.189 5.149 5.126 5.141 5.179 5.186 5.196 5.199 5.229 5.234 5.239 5.279 5.289 5.306 5.326 5.336 5.366 5.384 5.389 5.389 5.389 5.409 5.401
3.966 4.046 4.109 4.114 4.101 4.061 4.086 4.036 4.001 3.916 3.851 3.816 3.871 4.009 4.124 4.204 4.241 4.234 4.316 4.311 4.326 4.349 4.334 4.296 4.339 4.358 4.413 4.406 4.398 4.392 4.382 4.367 4.342 4.299 4.314 4.41 4.671 5.356 6.148 5.989 5.597 4.996 4.882 4.963 5.016 5.028 5.099 5.163 5.228 5.212 5.2 5.181 5.17 5.165 5.174 5.121 5.146 5.151 5.181 5.186 5.194 5.204 5.224 5.256 5.239 5.264 5.286 5.316 5.344 5.351 5.381 5.384 5.414 5.416 5.414 5.431 5.444
3.941 3.986 4.019 4.064 4.039 4.001 3.949 3.926 3.904 3.846 3.786 3.821 3.901 4.054 4.174 4.216 4.264 4.274 4.306 4.334 4.334 4.339 4.314 4.274 4.309 4.356 4.384 4.387 4.395 4.391 4.367 4.341 4.315 4.285 4.328 4.393 4.706 5.128 6.181 6.011 5.5 4.974 4.928 4.987 5.022 5.05 5.103 5.194 5.249 5.185 5.19 5.145 5.145 5.143 5.121 5.105 5.154 5.164 5.176 5.199 5.201 5.204 5.241 5.254 5.256 5.279 5.299 5.321 5.374 5.381 5.386 5.421 5.436 5.446 5.444 5.444 5.469
3.911 3.941 3.944 3.999 3.991 3.956 3.886 3.856 3.814 3.816 3.799 3.836 3.911 4.094 4.184 4.269 4.236 4.264 4.294 4.299 4.334 4.341 4.344 4.299 4.329 4.354 4.369 4.405 4.401 4.366 4.333 4.31 4.321 4.296 4.341 4.428 4.602 5.703 6.404 5.964 5.303 4.907 4.955 4.998 5.016 5.07 5.156 5.214 5.217 5.204 5.165 5.142 5.148 5.134 5.09 5.111 5.15 5.159 5.199 5.206 5.211 5.214 5.266 5.274 5.301 5.309 5.339 5.356 5.386 5.399 5.431 5.476 5.456 5.449 5.476 5.471 5.469
3.854 3.929 3.939 3.951 3.939 3.911 3.854 3.771 3.721 3.756 3.811 3.836 3.926 4.061 4.209 4.269 4.281 4.281 4.286 4.304 4.271 4.299 4.321 4.289 4.354 4.374 4.384 4.401 4.411 4.367 4.306 4.309 4.31 4.311 4.371 4.483 4.664 5.728 5.988 5.512 5.127 4.927 4.952 5.004 5.038 5.108 5.181 5.216 5.195 5.156 5.151 5.146 5.15 5.122 5.122 5.139 5.173 5.185 5.229 5.239 5.244 5.256 5.276 5.321 5.309 5.344 5.361 5.394 5.404 5.436 5.469 5.456 5.456 5.454 5.474 5.476 5.514
3.821 3.894 3.941 3.934 3.874 3.844 3.794 3.689 3.701 3.734 3.821 3.861 3.969 4.104 4.206 4.269 4.289 4.314 4.291 4.281 4.259 4.299 4.294 4.291 4.341 4.374 4.374 4.409 4.406 4.369 4.322 4.327 4.32 4.341 4.411 4.542 4.627 5.355 5.516 5.151 5.056 4.982 4.978 5.025 5.068 5.147 5.21 5.236 5.191 5.151 5.135 5.162 5.132 5.141 5.149 5.175 5.187 5.215 5.268 5.269 5.258 5.256 5.279 5.319 5.339 5.346 5.379 5.414 5.449 5.461 5.459 5.479 5.481 5.469 5.476 5.499 5.521
3.779 3.834 3.881 3.866 3.846 3.831 3.789 3.726 3.696 3.744 3.826 3.884 3.996 4.101 4.204 4.244 4.261 4.274 4.246 4.181 4.224 4.254 4.294 4.294 4.341 4.391 4.409 4.391 4.416 4.389 4.344 4.301 4.297 4.324 4.456 4.555 4.988 5.739 5.639 5.115 5.025 4.997 4.976 5.013 5.079 5.172 5.225 5.22 5.172 5.139 5.187 5.175 5.149 5.168 5.172 5.18 5.2 5.255 5.276 5.28 5.285 5.293 5.308 5.329 5.361 5.391 5.414 5.434 5.459 5.469 5.491 5.506 5.509 5.496 5.501 5.526 5.546
3.789 3.841 3.869 3.841 3.799 3.774 3.741 3.704 3.689 3.764 3.834 3.914 3.989 4.084 4.176 4.219 4.201 4.214 4.224 4.181 4.164 4.246 4.289 4.319 4.351 4.374 4.394 4.394 4.379 4.374 4.321 4.296 4.304 4.356 4.46 4.613 5.309 6.048 5.778 5.108 5.012 4.981 4.986 5.035 5.115 5.198 5.23 5.189 5.139 5.152 5.19 5.164 5.141 5.194 5.188 5.207 5.232 5.254 5.278 5.318 5.295 5.315 5.336 5.356 5.39 5.421 5.431 5.454 5.479 5.484 5.531 5.566 5.529 5.531 5.534 5.549 5.571
3.756 3.799 3.836 3.799 3.809 3.774 3.779 3.764 3.751 3.799 3.831 3.911 3.981 4.044 4.109 4.211 4.206 4.151 4.134 4.149 4.164 4.211 4.291 4.311 4.334 4.331 4.364 4.371 4.366 4.354 4.309 4.299 4.309 4.389 4.489 4.641 5.518 6.244 6 5.152 4.971 4.971 4.982 5.038 5.167 5.225 5.198 5.172 5.146 5.17 5.181 5.15 5.173 5.183 5.214 5.221 5.237 5.277 5.298 5.343 5.332 5.338 5.375 5.402 5.406 5.415 5.439 5.479 5.499 5.516 5.554 5.564 5.581 5.559 5.554 5.559 5.574
3.759 3.781 3.801 3.794 3.789 3.799 3.764 3.809 3.796 3.824 3.834 3.879 3.939 4.024 4.194 4.124 4.136 4.116 4.121 4.101 4.146 4.211 4.274 4.291 4.289 4.316 4.331 4.359 4.349 4.331 4.311 4.301 4.316 4.391 4.509 4.624 5.416 6.244 5.778 5.012 4.983 4.967 5.028 5.104 5.175 5.204 5.195 5.147 5.133 5.195 5.164 5.128 5.181 5.208 5.255 5.256 5.271 5.319 5.326 5.343 5.339 5.362 5.408 5.435 5.433 5.448 5.467 5.482 5.516 5.534 5.546 5.576 5.566 5.559 5.544 5.576 5.571
3.816 3.836 3.799 3.826 3.809 3.774 3.761 3.786 3.821 3.809 3.841 3.884 3.946 4.001 4.154 4.094 4.096 4.079 4.076 4.074 4.109 4.179 4.239 4.219 4.256 4.291 4.274 4.291 4.306 4.324 4.304 4.324 4.321 4.421 4.526 4.629 5.366 6.224 5.864 4.966 5.002 4.983 5.07 5.131 5.186 5.175 5.167 5.125 5.165 5.221 5.157 5.173 5.195 5.218 5.255 5.287 5.304 5.333 5.337 5.355 5.36 5.412 5.443 5.452 5.458 5.463 5.482 5.5 5.525 5.543 5.545 5.581 5.569 5.564 5.571 5.576 5.591
3.816 3.811 3.781 3.781 3.784 3.766 3.749 3.801 3.819 3.866 3.864 3.904 3.966 3.996 4.014 4.059 4.061 4.046 4.056 4.084 4.099 4.116 4.174 4.196 4.224 4.254 4.261 4.259 4.284 4.306 4.289 4.319 4.339 4.441 4.539 4.616 5.219 6.326 5.846 5.041 4.964 4.981 5.07 5.149 5.199 5.165 5.133 5.119 5.163 5.251 5.175 5.18 5.208 5.214 5.245 5.268 5.316 5.348 5.357 5.378 5.396 5.413 5.445 5.469 5.462 5.459 5.47 5.492 5.512 5.528 5.534 5.566 5.566 5.566 5.564 5.564 5.569
3.841 3.824 3.814 3.814 3.794 3.759 3.781 3.776 3.856 3.909 3.906 3.949 3.976 3.986 4.014 4.044 4.049 4.034 4.039 4.059 4.086 4.149 4.159 4.189 4.204 4.234 4.234 4.256 4.274 4.294 4.281 4.289 4.366 4.414 4.509 4.594 5.106 6.349 6.064 5.071 4.976 5.031 5.129 5.184 5.172 5.132 5.099 5.151 5.191 5.173 5.164 5.184 5.215 5.259 5.275 5.307 5.342 5.362 5.399 5.397 5.393 5.422 5.44 5.447 5.444 5.446 5.48 5.488 5.485 5.504 5.528 5.536 5.545 5.556 5.544 5.544 5.576
3.814 3.804 3.771 3.799 3.804 3.771 3.771 3.791 3.866 3.924 3.916 3.979 3.999 4.011 4.016 4.054 4.044 4.071 4.081 4.131 4.124 4.176 4.171 4.161 4.204 4.239 4.249 4.244 4.279 4.281 4.284 4.276 4.321 4.399 4.494 4.596 4.836 6.411 6.241 5.206 5.001 5.059 5.136 5.146 5.129 5.096 5.099 5.165 5.175 5.162 5.184 5.202 5.234 5.261 5.286 5.318 5.341 5.373 5.397 5.398 5.386 5.407 5.432 5.443 5.424 5.436 5.464 5.471 5.494 5.48 5.506 5.523 5.525 5.536 5.52 5.524 5.531
3.866 3.834 3.799 3.784 3.811 3.814 3.819 3.809 3.859 3.914 3.946 4.004 4.036 4.019 4.046 4.071 4.094 4.119 4.169 4.179 4.209 4.229 4.239 4.241 4.224 4.244 4.251 4.256 4.244 4.259 4.254 4.269 4.319 4.404 4.526 4.561 4.981 6.259 6.391 5.284 4.989 5.074 5.136 5.131 5.134 5.061 5.111 5.169 5.143 5.144 5.173 5.19 5.227 5.271 5.292 5.307 5.334 5.339 5.375 5.395 5.386 5.42 5.428 5.432 5.406 5.436 5.441 5.451 5.472 5.472 5.487 5.508 5.512 5.525 5.521 5.519 5.535
3.831 3.831 3.814 3.821 3.801 3.804 3.764 3.799 3.821 3.889 3.944 4.014 4.054 4.061 4.061 4.101 4.124 4.189 4.224 4.261 4.291 4.306 4.286 4.274 4.251 4.276 4.279 4.271 4.276 4.266 4.279 4.274 4.336 4.411 4.514 5.034 4.794 6.069 6.546 5.344 4.996 5.086 5.179 5.171 5.121 5.076 5.129 5.161 5.126 5.156 5.185 5.211 5.236 5.264 5.284 5.296 5.329 5.346 5.36 5.355 5.358 5.407 5.425 5.422 5.426 5.419 5.421 5.444 5.453 5.462 5.46 5.489 5.504 5.507 5.504 5.484 5.506
3.826 3.814 3.786 3.761 3.756 3.776 3.786 3.754 3.806 3.866 3.944 4.021 4.041 4.076 4.076 4.136 4.169 4.221 4.279 4.296 4.329 4.344 4.316 4.294 4.264 4.294 4.316 4.289 4.294 4.294 4.276 4.306 4.326 4.399 4.496 4.536 4.654 6.014 6.641 5.574 5.001 5.129 5.141 5.104 5.091 5.081 5.134 5.179 5.154 5.151 5.146 5.172 5.204 5.231 5.256 5.282 5.316 5.346 5.358 5.344 5.327 5.375 5.397 5.409 5.402 5.396 5.391 5.41 5.412 5.441 5.452 5.481 5.508 5.485 5.502 5.483 5.485
3.796 3.804 3.764 3.769 3.776 3.799 3.794 3.774 3.796 3.854 3.901 3.976 4.044 4.061 4.089 4.139 4.211 4.269 4.306 4.331 4.384 4.389 4.371 4.319 4.324 4.316 4.309 4.314 4.306 4.284 4.296 4.281 4.304 4.386 4.481 4.554 4.671 5.881 6.576 5.734 5.076 5.114 5.149 5.094 5.074 5.084 5.111 5.094 5.066 5.084 5.071 5.126 5.181 5.176 5.226 5.25 5.26 5.283 5.32 5.305 5.308 5.346 5.374 5.393 5.389 5.356 5.376 5.387 5.395 5.411 5.448 5.469 5.484 5.471 5.483 5.483 5.497
3.796 3.776 3.759 3.734 3.744 3.764 3.764 3.781 3.796 3.871 3.886 3.961 4.001 4.031 4.099 4.181 4.276 4.309 4.324 4.364 4.409 4.401 4.366 4.361 4.324 4.304 4.324 4.326 4.309 4.291 4.296 4.299 4.294 4.369 4.454 4.516 5.031 5.844 6.854 5.736 5.086 5.141 5.111 5.086 5.049 5.024 5.096 5.091 5.089 5.066 5.116 5.121 5.141 5.194 5.199 5.222 5.222 5.24 5.248 5.252 5.236 5.311 5.358 5.375 5.351 5.369 5.367 5.363 5.38 5.401 5.43 5.445 5.475 5.462 5.466 5.463 5.466
3.774 3.754 3.711 3.704 3.721 3.776 3.774 3.799 3.801 3.826 3.874 3.946 3.994 4.044 4.131 4.209 4.311 4.341 4.356 4.356 4.414 4.414 4.394 4.361 4.314 4.309 4.319 4.331 4.304 4.264 4.284 4.269 4.301 4.371 4.476 4.519 4.624 5.671 6.794 5.519 5.126 5.136 5.106 5.066 5.029 5.029 5.076 5.051 5.051 5.006 5.089 5.069 5.119 5.154 5.159 5.199 5.206 5.223 5.3 5.269 5.273 5.3 5.346 5.339 5.328 5.327 5.326 5.339 5.354 5.384 5.412 5.441 5.465 5.462 5.456 5.466 5.476
3.759 3.744 3.716 3.686 3.716 3.739 3.746 3.746 3.786 3.831 3.874 3.954 4.001 4.084 4.149 4.249 4.341 4.336 4.351 4.366 4.379 4.391 4.381 4.361 4.301 4.331 4.304 4.314 4.296 4.279 4.284 4.259 4.319 4.371 4.476 4.529 4.606 5.569 6.221 5.106 5.181 5.166 5.056 5.046 5.009 5.059 5.034 5.021 5.049 5.039 5.044 5.051 5.114 5.146 5.136 5.166 5.209 5.256 5.261 5.251 5.264 5.278 5.288 5.332 5.323 5.304 5.332 5.345 5.357 5.386 5.402 5.436 5.452 5.46 5.46 5.454 5.466
3.749 3.699 3.666 3.699 3.689 3.736 3.756 3.754 3.784 3.861 3.904 3.941 4.016 4.114 4.214 4.271 4.329 4.331 4.351 4.354 4.399 4.386 4.359 4.361 4.311 4.339 4.331 4.369 4.311 4.284 4.281 4.281 4.319 4.376 4.461 4.511 4.589 4.986 5.506 5.116 5.069 5.131 5.061 5.046 4.994 5.026 5.016 4.976 4.991 5.014 5.039 5.056 5.094 5.104 5.161 5.189 5.154 5.184 5.244 5.239 5.234 5.27 5.293 5.298 5.293 5.302 5.328 5.343 5.359 5.385 5.401 5.429 5.462 5.448 5.468 5.459 5.455
3.709 3.661 3.656 3.651 3.664 3.714 3.749 3.746 3.796 3.824 3.889 3.996 4.089 4.144 4.249 4.294 4.356 4.356 4.339 4.374 4.371 4.394 4.394 4.376 4.339 4.336 4.316 4.336 4.316 4.274 4.289 4.291 4.316 4.384 4.451 4.519 4.579 4.739 5.054 4.989 5.131 5.131 5.051 5.009 4.989 4.966 4.979 4.971 4.979 5.016 5.059 5.066 5.099 5.101 5.109 5.116 5.156 5.209 5.214 5.226 5.256 5.304 5.294 5.323 5.31 5.29 5.317 5.321 5.352 5.372 5.406 5.417 5.424 5.422 5.422 5.434 5.429
3.676 3.666 3.654 3.646 3.646 3.681 3.744 3.774 3.794 3.856 3.924 4.034 4.109 4.184 4.266 4.304 4.329 4.351 4.361 4.356 4.366 4.381 4.396 4.351 4.326 4.309 4.334 4.366 4.314 4.301 4.271 4.309 4.319 4.386 4.446 4.539 4.594 4.641 4.784 4.934 5.136 5.104 5.069 5.029 4.951 5.021 4.989 4.999 4.991 5.006 5.006 5.034 5.076 5.089 5.114 5.136 5.196 5.204 5.239 5.254 5.266 5.301 5.304 5.326 5.338 5.323 5.321 5.337 5.361 5.354 5.372 5.428 5.425 5.41 5.4 5.404 5.414
3.641 3.641 3.644 3.659 3.636 3.699 3.734 3.751 3.779 3.839 3.919 4.034 4.156 4.196 4.241 4.266 4.311 4.339 4.336 4.364 4.379 4.386 4.344 4.341 4.339 4.314 4.339 4.326 4.286 4.251 4.239 4.289 4.316 4.389 4.466 4.564 4.591 4.664 4.911 5.084 5.121 5.109 5.061 5.014 4.984 5.014 4.959 4.991 4.959 5.009 5.004 5.036 5.069 5.134 5.151 5.176 5.206 5.219 5.231 5.231 5.251 5.279 5.329 5.316 5.329 5.319 5.315 5.319 5.315 5.347 5.348 5.372 5.376 5.382 5.372 5.387 5.4
3.614 3.599 3.616 3.614 3.639 3.689 3.731 3.754 3.771 3.834 3.914 4.004 4.094 4.194 4.216 4.271 4.321 4.354 4.339 4.306 4.336 4.331 4.341 4.319 4.341 4.296 4.306 4.304 4.306 4.271 4.256 4.309 4.349 4.409 4.494 4.564 4.611 4.716 5.429 5.856 5.144 5.116 5.061 5.006 4.981 5.029 4.984 4.991 5.009 5.036 5.016 5.046 5.081 5.109 5.149 5.186 5.206 5.216 5.229 5.234 5.259 5.246 5.276 5.296 5.314 5.274 5.291 5.304 5.293 5.29 5.316 5.353 5.367 5.391 5.372 5.378 5.397
3.591 3.614 3.626 3.606 3.629 3.674 3.694 3.721 3.759 3.826 3.906 3.996 4.074 4.179 4.241 4.264 4.316 4.329 4.344 4.369 4.369 4.364 4.386 4.344 4.369 4.321 4.346 4.316 4.351 4.296 4.291 4.326 4.351 4.414 4.509 4.611 4.619 4.721 5.486 5.969 5.264 5.104 5.041 4.999 4.979 5.026 4.966 4.979 5.016 5.036 5.029 5.056 5.079 5.114 5.129 5.159 5.194 5.206 5.221 5.229 5.259 5.269 5.266 5.306 5.289 5.326 5.296 5.301 5.334 5.334 5.308 5.339 5.381 5.389 5.393 5.375 5.379
3.551 3.604 3.626 3.616 3.641 3.656 3.686 3.721 3.759 3.816 3.909 3.989 4.069 4.149 4.214 4.234 4.281 4.316 4.361 4.374 4.376 4.366 4.369 4.364 4.384 4.356 4.384 4.351 4.361 4.314 4.279 4.334 4.354 4.391 4.479 4.594 4.611 4.686 5.446 6.166 5.419 5.114 5.039 4.969 4.951 4.971 4.961 5.014 5.009 5.024 5.036 5.064 5.104 5.131 5.129 5.151 5.176 5.189 5.224 5.239 5.226 5.254 5.306 5.304 5.306 5.344 5.314 5.364 5.349 5.339 5.316 5.361 5.358 5.403 5.366 5.379 5.395
3.549 3.591 3.616 3.611 3.611 3.674 3.704 3.726 3.756 3.811 3.871 3.949 4.046 4.121 4.159 4.234 4.271 4.311 4.329 4.381 4.399 4.399 4.409 4.384 4.389 4.371 4.376 4.374 4.356 4.339 4.309 4.326 4.349 4.404 4.451 4.536 4.606 4.719 5.359 6.124 5.339 5.089 5.019 4.991 4.886 4.876 4.951 4.949 5.016 5.021 5.061 5.059 5.119 5.121 5.126 5.139 5.131 5.174 5.209 5.224 5.226 5.246 5.266 5.276 5.266 5.296 5.286 5.301 5.299 5.311 5.324 5.316 5.334 5.374 5.369 5.379 5.372
3.521 3.551 3.631 3.624 3.639 3.664 3.706 3.724 3.741 3.806 3.896 3.959 4.019 4.116 4.184 4.279 4.279 4.351 4.354 4.386 4.379 4.379 4.404 4.521 4.399 4.379 4.379 4.384 4.374 4.361 4.331 4.334 4.351 4.381 4.431 4.524 4.629 4.756 5.166 6.064 5.184 5.089 5.054 4.996 4.866 4.814 4.906 4.931 4.959 5.019 5.046 5.051 5.056 5.039 5.079 5.106 5.164 5.164 5.179 5.199 5.206 5.204 5.244 5.264 5.269 5.284 5.264 5.286 5.314 5.311 5.334 5.316 5.331 5.354 5.374 5.354 5.387
3.536 3.571 3.619 3.596 3.641 3.674 3.696 3.731 3.784 3.806 3.861 3.904 4.029 4.136 4.189 4.296 4.341 4.371 4.351 4.364 4.369 4.346 4.391 4.639 4.431 4.379 4.374 4.396 4.391 4.354 4.321 4.296 4.319 4.361 4.389 4.521 4.649 4.796 5.159 6.099 5.441 5.099 5.079 5.011 4.914 4.841 4.916 4.941 4.956 4.994 4.999 5.019 5.061 5.049 5.059 5.101 5.114 5.149 5.181 5.204 5.221 5.219 5.264 5.259 5.281 5.291 5.296 5.266 5.271 5.314 5.319 5.321 5.351 5.341 5.359 5.364 5.364
