Matlab/Roost_data/braunton/dsm/ss4839_DSM_2M.asc
ncols 500
nrows 500
xllcorner    248000
yllcorner    139000
cellsize     2
NODATA_value -9999
[rows 64 to 95 of 500, columns 142 to 212 of 500]
-9999 -9999 -9999 -9999 -9999 -9999 -9999 -9999 -9999 -9999 -9999 -9999 -9999 -9999 -9999 -9999 -9999 -9999 -9999 -9999 -9999 -9999 -9999 -9999 -9999 -9999 -9999 -9999 -9999 -9999 80.989 80.832 80.679 80.464 80.254 80.257 79.989 79.784 79.609 79.444 79.259 79.087 78.924 78.737 78.544 78.347 78.142 77.919 77.709 77.467 77.234 77.027 76.799 76.597 76.339 76.002 75.614 75.299 74.999 74.659 74.367 74.114 73.857 73.582 73.382 73.214 73.029 72.802 72.524 72.672 72.219
-9999 -9999 -9999 -9999 -9999 -9999 -9999 -9999 -9999 -9999 -9999 -9999 -9999 -9999 -9999 -9999 -9999 -9999 -9999 -9999 -9999 -9999 -9999 -9999 -9999 -9999 -9999 -9999 -9999 -9999 81.022 80.842 80.652 80.462 80.292 80.184 80.164 79.829 79.649 79.452 79.304 79.124 78.934 78.754 78.564 78.382 78.177 77.939 77.729 77.497 77.287 77.067 76.869 76.617 76.274 75.882 75.564 75.252 74.947 74.674 74.399 74.117 73.834 73.587 73.387 73.199 72.997 72.757 72.547 73.022 71.499
-9999 -9999 -9999 -9999 -9999 -9999 -9999 -9999 -9999 -9999 -9999 -9999 -9999 -9999 -9999 -9999 -9999 -9999 -9999 -9999 -9999 -9999 -9999 -9999 -9999 -9999 -9999 -9999 -9999 81.204 81.034 80.874 80.654 80.487 80.352 80.194 80.044 79.869 79.712 79.497 79.334 79.137 78.989 78.789 78.619 78.409 78.182 77.974 77.754 77.542 77.319 77.117 76.904 76.607 76.207 75.854 75.534 75.204 74.924 74.647 74.397 74.089 73.819 73.609 73.384 73.159 72.962 72.667 72.752 72.037 73.382
-9999 -9999 -9999 -9999 -9999 -9999 -9999 -9999 -9999 -9999 -9999 -9999 -9999 -9999 -9999 -9999 -9999 -9999 -9999 -9999 -9999 -9999 -9999 -9999 -9999 -9999 -9999 -9999 -9999 81.227 81.067 80.887 80.709 80.534 80.384 80.269 80.104 79.944 79.737 79.559 79.367 79.197 78.989 78.819 78.637 78.442 78.204 77.997 77.807 77.572 77.372 77.162 76.869 76.514 76.122 75.814 75.489 75.149 74.917 74.632 74.369 74.069 73.842 73.657 73.382 73.152 72.914 72.642 73.029 73.749 75.009
-9999 -9999 -9999 -9999 -9999 -9999 -9999 -9999 -9999 -9999 -9999 -9999 -9999 -9999 -9999 -9999 -9999 -9999 -9999 -9999 -9999 -9999 -9999 -9999 -9999 -9999 -9999 -9999 -9999 81.244 81.099 80.864 80.719 80.567 80.452 80.307 80.152 79.972 79.789 79.599 79.419 79.214 79.034 78.872 78.657 78.417 78.229 78.042 77.837 77.599 77.414 77.119 76.787 76.429 76.067 75.744 75.449 75.172 74.882 74.617 74.307 74.062 73.864 73.657 73.362 73.097 72.874 72.649 73.357 72.314 71.269
-9999 -9999 -9999 -9999 -9999 -9999 -9999 -9999 -9999 -9999 -9999 -9999 -9999 -9999 -9999 -9999 -9999 -9999 -9999 -9999 -9999 -9999 -9999 -9999 -9999 -9999 -9999 -9999 81.384 81.274 81.082 80.887 80.759 80.627 80.504 80.342 80.182 80.009 79.827 79.664 79.464 79.264 79.102 78.897 78.672 78.457 78.262 78.057 77.844 77.639 77.389 77.034 76.672 76.332 76.004 75.709 75.429 75.167 74.862 74.547 74.289 74.052 73.834 73.587 73.334 73.059 72.852 72.604 73.189 73.269 71.742
-9999 -9999 -9999 -9999 -9999 -9999 -9999 -9999 -9999 -9999 -9999 -9999 -9999 -9999 -9999 -9999 -9999 -9999 -9999 -9999 -9999 -9999 -9999 -9999 -9999 -9999 -9999 -9999 81.447 81.284 81.097 80.934 80.779 80.684 80.539 80.369 80.212 80.044 79.869 79.714 79.509 79.322 79.119 78.924 78.694 78.497 78.292 78.084 77.899 77.659 77.317 76.947 76.597 76.272 75.964 75.672 75.429 75.149 74.817 74.514 74.282 74.049 73.802 73.562 73.279 73.049 72.784 72.557 73.442 72.879 70.667
-9999 -9999 -9999 -9999 -9999 -9999 -9999 -9999 -9999 -9999 -9999 -9999 -9999 -9999 -9999 -9999 -9999 -9999 -9999 -9999 -9999 -9999 -9999 -9999 -9999 -9999 -9999 -9999 81.474 81.297 81.159 80.984 80.824 80.692 80.562 80.399 80.254 80.067 79.894 79.724 79.544 79.372 79.174 78.949 78.759 78.539 78.329 78.122 77.914 77.594 77.252 76.894 76.529 76.219 75.894 75.637 75.394 75.079 74.769 74.499 74.239 73.979 73.737 73.492 73.217 72.964 72.722 72.487 73.692 73.327 71.009
-9999 -9999 -9999 -9999 -9999 -9999 -9999 -9999 -9999 -9999 -9999 -9999 -9999 -9999 -9999 -9999 -9999 -9999 -9999 -9999 -9999 -9999 -9999 -9999 -9999 -9999 -9999 81.629 81.479 81.319 81.167 81.037 80.872 80.734 80.584 80.429 80.282 80.132 79.944 79.754 79.589 79.392 79.174 78.974 78.772 78.564 78.349 78.147 77.892 77.527 77.174 76.809 76.494 76.172 75.889 75.627 75.329 75.037 74.757 74.517 74.219 73.957 73.704 73.449 73.187 72.934 72.682 72.432 72.517 72.449 71.712
-9999 -9999 -9999 -9999 -9999 -9999 -9999 -9999 -9999 -9999 -9999 -9999 -9999 -9999 -9999 -9999 -9999 -9999 -9999 -9999 -9999 -9999 -9999 -9999 -9999 -9999 -9999 81.684 81.519 81.362 81.217 81.064 80.907 80.752 80.597 80.472 80.312 80.157 79.962 79.799 79.639 79.434 79.207 79.012 78.787 78.569 78.387 78.129 77.804 77.427 77.087 76.772 76.424 76.144 75.869 75.584 75.279 75.017 74.759 74.482 74.182 73.907 73.644 73.407 73.109 72.874 72.624 72.369 72.214 72.309 70.854
-9999 -9999 -9999 -9999 -9999 -9999 -9999 -9999 -9999 -9999 -9999 -9999 -9999 -9999 -9999 -9999 -9999 -9999 -9999 -9999 -9999 -9999 -9999 -9999 -9999 -9999 -9999 81.734 81.564 81.409 81.264 81.097 80.939 80.792 80.664 80.507 80.362 80.164 80.022 79.867 79.659 79.447 79.254 79.049 78.824 78.624 78.387 78.054 77.697 77.352 77.047 76.719 76.392 76.124 75.852 75.554 75.249 74.989 74.717 74.414 74.137 73.862 73.604 73.317 73.044 72.797 72.557 72.309 72.132 72.129 71.267
-9999 -9999 -9999 -9999 -9999 -9999 -9999 -9999 -9999 -9999 -9999 -9999 -9999 -9999 -9999 -9999 -9999 -9999 -9999 -9999 -9999 -9999 -9999 -9999 -9999 -9999 81.889 81.752 81.612 81.469 81.329 81.174 81.002 80.857 80.697 80.554 80.404 80.212 80.072 79.904 79.697 79.482 79.297 79.052 78.864 78.649 78.334 77.992 77.622 77.297 76.987 76.677 76.389 76.132 75.824 75.509 75.242 74.987 74.689 74.379 74.084 73.824 73.542 73.257 72.982 72.742 72.479 72.207 72.059 72.134 72.202
-9999 -9999 -9999 -9999 -9999 -9999 -9999 -9999 -9999 -9999 -9999 -9999 -9999 -9999 -9999 -9999 -9999 -9999 -9999 -9999 -9999 -9999 -9999 -9999 -9999 -9999 81.952 81.779 81.662 81.519 81.359 81.197 81.027 80.882 80.739 80.579 80.417 80.284 80.127 79.914 79.712 79.542 79.324 79.124 78.907 78.607 78.277 77.922 77.594 77.274 76.954 76.644 76.394 76.102 75.779 75.494 75.219 74.927 74.667 74.362 74.062 73.762 73.449 73.172 72.939 72.674 72.409 72.174 71.974 72.232 72.209
-9999 -9999 -9999 -9999 -9999 -9999 -9999 -9999 -9999 -9999 -9999 -9999 -9999 -9999 -9999 -9999 -9999 -9999 -9999 -9999 -9999 -9999 -9999 -9999 -9999 82.084 81.982 81.834 81.704 81.572 81.414 81.229 81.072 80.942 80.774 80.599 80.464 80.327 80.114 79.907 79.714 79.532 79.347 79.164 78.887 78.539 78.202 77.869 77.554 77.227 76.922 76.659 76.379 76.069 75.749 75.454 75.182 74.899 74.634 74.349 74.017 73.712 73.379 73.094 72.859 72.559 72.324 72.117 72.487 72.317 71.302
-9999 -9999 -9999 -9999 -9999 -9999 -9999 -9999 -9999 -9999 -9999 -9999 -9999 -9999 -9999 -9999 -9999 -9999 -9999 -9999 -9999 -9999 -9999 -9999 -9999 82.134 82.019 81.887 81.754 81.624 81.442 81.287 81.134 80.949 80.802 80.652 80.519 80.317 80.104 79.919 79.759 79.557 79.382 79.164 78.827 78.474 78.147 77.822 77.514 77.209 76.917 76.647 76.334 76.017 75.737 75.417 75.117 74.822 74.562 74.309 73.979 73.649 73.339 73.037 72.772 72.502 72.269 72.037 71.872 71.759 71.262
-9999 -9999 -9999 -9999 -9999 -9999 -9999 -9999 -9999 -9999 -9999 -9999 -9999 -9999 -9999 -9999 -9999 -9999 -9999 -9999 -9999 -9999 -9999 -9999 -9999 82.207 82.057 81.922 81.772 81.627 81.462 81.317 81.172 81.014 80.864 80.717 80.552 80.339 80.144 79.974 79.797 79.607 79.414 79.104 78.754 78.429 78.099 77.792 77.477 77.182 76.907 76.582 76.262 75.984 75.674 75.347 75.064 74.794 74.532 74.249 73.904 73.592 73.287 72.989 72.692 72.429 72.232 71.927 71.629 71.834 71.222
-9999 -9999 -9999 -9999 -9999 -9999 -9999 -9999 -9999 -9999 -9999 -9999 -9999 -9999 -9999 -9999 -9999 -9999 -9999 -9999 -9999 -9999 -9999 -9999 82.374 82.247 82.107 81.929 81.804 81.637 81.517 81.359 81.202 81.024 80.912 80.757 80.562 80.362 80.204 80.022 79.837 79.644 79.387 79.047 78.717 78.389 78.067 77.762 77.459 77.187 76.882 76.574 76.257 75.934 75.624 75.327 75.042 74.769 74.494 74.184 73.842 73.554 73.207 72.887 72.609 72.367 72.147 71.834 71.522 71.442 70.992
-9999 -9999 -9999 -9999 -9999 -9999 -9999 -9999 -9999 -9999 -9999 -9999 -9999 -9999 -9999 -9999 -9999 -9999 -9999 -9999 -9999 -9999 -9999 -9999 82.384 82.289 82.127 81.992 81.827 81.662 81.512 81.377 81.199 81.069 80.934 80.777 80.582 80.389 80.222 80.032 79.869 79.647 79.317 78.952 78.634 78.349 78.049 77.739 77.479 77.182 76.872 76.544 76.237 75.924 75.597 75.307 75.012 74.732 74.414 74.074 73.767 73.479 73.122 72.812 72.539 72.304 72.049 71.674 71.387 71.162 71.489
-9999 -9999 -9999 -9999 -9999 -9999 -9999 -9999 -9999 -9999 -9999 -9999 -9999 -9999 -9999 -9999 -9999 -9999 -9999 -9999 -9999 -9999 -9999 -9999 82.414 82.299 82.147 81.989 81.847 81.694 81.557 81.384 81.234 81.097 80.947 80.787 80.609 80.444 80.237 80.067 79.877 79.589 79.234 78.914 78.609 78.319 78.022 77.752 77.444 77.157 76.807 76.512 76.194 75.862 75.539 75.254 74.989 74.674 74.339 74.014 73.694 73.374 73.049 72.747 72.497 72.217 71.914 71.554 71.287 70.989 70.734
-9999 -9999 -9999 -9999 -9999 -9999 -9999 -9999 -9999 -9999 -9999 -9999 -9999 -9999 -9999 -9999 -9999 -9999 -9999 -9999 -9999 -9999 -9999 82.514 82.452 82.312 82.152 81.997 81.862 81.727 81.564 81.389 81.279 81.139 80.977 80.792 80.629 80.452 80.279 80.112 79.852 79.514 79.164 78.879 78.577 78.279 78.007 77.752 77.444 77.117 76.794 76.489 76.152 75.819 75.504 75.209 74.929 74.607 74.267 73.954 73.612 73.289 72.982 72.714 72.437 72.154 71.804 71.414 71.199 70.839 70.944
-9999 -9999 -9999 -9999 -9999 -9999 -9999 -9999 -9999 -9999 -9999 -9999 -9999 -9999 -9999 -9999 -9999 -9999 -9999 -9999 -9999 -9999 -9999 82.544 82.472 82.342 82.182 81.999 81.884 81.709 81.544 81.427 81.312 81.142 80.977 80.789 80.624 80.462 80.307 80.097 79.807 79.489 79.147 78.854 78.547 78.252 78.019 77.742 77.389 77.067 76.782 76.444 76.107 75.789 75.479 75.194 74.892 74.524 74.189 73.862 73.504 73.212 72.947 72.657 72.354 72.049 71.682 71.282 71.027 70.832 70.159
-9999 -9999 -9999 -9999 -9999 -9999 -9999 -9999 -9999 -9999 -9999 -9999 -9999 -9999 -9999 -9999 -9999 -9999 -9999 -9999 -9999 -9999 -9999 82.627 82.479 82.352 82.212 82.054 81.894 81.732 81.582 81.442 81.329 81.167 80.994 80.857 80.654 80.517 80.332 80.074 79.754 79.427 79.114 78.814 78.532 78.284 78.024 77.714 77.384 77.047 76.734 76.422 76.069 75.734 75.434 75.139 74.792 74.442 74.117 73.769 73.449 73.154 72.877 72.604 72.272 71.939 71.539 71.152 71.004 70.277 69.852
-9999 -9999 -9999 -9999 -9999 -9999 -9999 -9999 -9999 -9999 -9999 -9999 -9999 -9999 -9999 -9999 -9999 -9999 -9999 -9999 -9999 -9999 82.764 82.664 82.522 82.379 82.209 82.094 81.932 81.779 81.629 81.504 81.337 81.152 81.019 80.857 80.697 80.537 80.312 80.034 79.709 79.402 79.099 78.784 78.522 78.284 78.007 77.662 77.337 77.042 76.702 76.372 76.057 75.729 75.422 75.057 74.707 74.369 74.037 73.664 73.359 73.097 72.787 72.522 72.187 71.837 71.392 71.059 71.034 70.289 69.847
-9999 -9999 -9999 -9999 -9999 -9999 -9999 -9999 -9999 -9999 -9999 -9999 -9999 -9999 -9999 -9999 -9999 -9999 -9999 -9999 -9999 -9999 82.787 82.662 82.529 82.377 82.252 82.117 81.947 81.777 81.664 81.502 81.329 81.169 81.037 80.872 80.719 80.534 80.284 79.994 79.674 79.377 79.072 78.799 78.549 78.287 77.979 77.649 77.352 77.017 76.669 76.327 76.019 75.694 75.362 74.992 74.629 74.272 73.929 73.584 73.314 72.989 72.719 72.389 72.084 71.692 71.239 70.962 70.772 70.314 70.149
-9999 -9999 -9999 -9999 -9999 -9999 -9999 -9999 -9999 -9999 -9999 -9999 -9999 -9999 -9999 -9999 -9999 -9999 -9999 -9999 -9999 -9999 82.827 82.682 82.519 82.394 82.267 82.122 81.947 81.809 81.679 81.509 81.337 81.209 81.039 80.902 80.734 80.527 80.237 79.947 79.657 79.357 79.069 78.819 78.557 78.299 77.957 77.652 77.342 76.977 76.657 76.304 75.994 75.674 75.299 74.914 74.562 74.199 73.824 73.502 73.229 72.914 72.597 72.287 71.952 71.579 71.142 70.832 70.592 70.052 69.894
-9999 -9999 -9999 -9999 -9999 -9999 -9999 -9999 -9999 -9999 -9999 -9999 -9999 -9999 -9999 -9999 -9999 -9999 -9999 -9999 -9999 82.919 82.827 82.689 82.544 82.407 82.272 82.099 81.954 81.849 81.692 81.517 81.359 81.234 81.077 80.919 80.719 80.462 80.199 79.922 79.632 79.344 79.082 78.844 78.559 78.257 77.979 77.684 77.344 76.984 76.624 76.294 75.972 75.609 75.232 74.862 74.497 74.097 73.762 73.469 73.159 72.839 72.502 72.177 71.857 71.479 71.047 70.709 71.027 70.309 69.339
-9999 -9999 -9999 -9999 -9999 -9999 -9999 -9999 -9999 -9999 -9999 -9999 -9999 -9999 -9999 -9999 -9999 -9999 -9999 -9999 -9999 82.911 82.812 82.659 82.542 82.389 82.242 82.102 81.979 81.829 81.672 81.529 81.374 81.242 81.107 80.939 80.699 80.419 80.169 79.884 79.604 79.349 79.122 78.879 78.539 78.259 77.984 77.652 77.317 76.959 76.617 76.272 75.937 75.559 75.167 74.784 74.394 74.037 73.717 73.384 73.062 72.727 72.397 72.077 71.769 71.342 70.952 70.824 70.619 69.722 69.229
-9999 -9999 -9999 -9999 -9999 -9999 -9999 -9999 -9999 -9999 -9999 -9999 -9999 -9999 -9999 -9999 -9999 -9999 -9999 -9999 -9999 82.939 82.792 82.659 82.507 82.377 82.222 82.097 81.962 81.819 81.659 81.522 81.404 81.247 81.119 80.922 80.632 80.384 80.124 79.867 79.604 79.369 79.122 78.819 78.542 78.274 77.982 77.652 77.289 76.939 76.604 76.249 75.869 75.484 75.099 74.699 74.324 73.972 73.642 73.307 72.992 72.629 72.287 71.989 71.664 71.224 70.884 71.054 70.472 69.579 69.772
-9999 -9999 -9999 -9999 -9999 -9999 -9999 -9999 -9999 -9999 -9999 -9999 -9999 -9999 -9999 -9999 -9999 -9999 -9999 -9999 83.074 82.967 82.794 82.669 82.519 82.369 82.214 82.104 81.967 81.779 81.642 81.497 81.357 81.259 81.102 80.854 80.584 80.347 80.099 79.822 79.589 79.364 79.107 78.827 78.537 78.289 77.982 77.637 77.294 76.929 76.569 76.199 75.807 75.412 75.012 74.642 74.262 73.922 73.577 73.227 72.857 72.507 72.179 71.902 71.544 71.142 70.834 71.014 70.344 69.559 70.062
-9999 -9999 -9999 -9999 -9999 -9999 -9999 -9999 -9999 -9999 -9999 -9999 -9999 -9999 -9999 -9999 -9999 -9999 -9999 -9999 83.092 82.942 82.817 82.677 82.522 82.377 82.239 82.077 81.949 81.764 81.634 81.489 81.369 81.259 81.067 80.809 80.549 80.304 80.042 79.807 79.597 79.344 79.064 78.797 78.542 78.289 77.967 77.589 77.254 76.909 76.544 76.144 75.752 75.347 74.927 74.554 74.204 73.859 73.504 73.127 72.769 72.437 72.112 71.797 71.399 71.077 70.787 70.592 71.037 70.579 70.109
-9999 -9999 -9999 -9999 -9999 -9999 -9999 -9999 -9999 -9999 -9999 -9999 -9999 -9999 -9999 -9999 -9999 -9999 -9999 83.154 83.052 82.892 82.787 82.659 82.494 82.384 82.234 82.074 81.887 81.752 81.614 81.499 81.374 81.217 80.979 80.737 80.492 80.267 80.007 79.787 79.582 79.307 79.054 78.792 78.539 78.259 77.937 77.582 77.244 76.877 76.499 76.084 75.684 75.264 74.869 74.484 74.139 73.769 73.387 73.007 72.672 72.344 72.029 71.687 71.314 70.989 70.699 70.487 70.647 69.897 70.162
-9999 -9999 -9999 -9999 -9999 -9999 -9999 -9999 -9999 -9999 -9999 -9999 -9999 -9999 -9999 -9999 -9999 -9999 -9999 83.169 83.034 82.917 82.749 82.609 82.467 82.364 82.209 82.047 81.849 81.704 81.559 81.479 81.367 81.152 80.927 80.694 80.447 80.212 80.012 79.797 79.562 79.292 79.024 78.794 78.534 78.227 77.909 77.582 77.249 76.837 76.424 76.037 75.602 75.197 74.784 74.417 74.044 73.677 73.299 72.922 72.584 72.259 71.899 71.539 71.237 70.922 70.617 70.392 71.532 69.717 69.262
