Matlab/Roost_data/braunton/dsm/ss4839_DSM_2M.asc
ncols 500
nrows 500
xllcorner    248000
yllcorner    139000
cellsize     2
NODATA_value -9999
[rows 0 to 31 of 500, columns 284 to 354 of 500]
89.112 89.352 89.589 89.874 90.157 90.414 90.727 91.029 91.334 91.662 91.987 92.339 92.654 93.012 93.354 93.717 94.042 94.419 94.752 95.117 95.449 95.807 96.147 96.464 96.782 97.104 97.387 97.677 97.952 98.219 98.482 98.719 98.962 99.182 99.417 99.629 99.859 100.087 100.322 100.522 100.722 100.939 101.154 101.374 101.599 101.794 102.027 102.257 102.477 102.694 102.919 103.137 103.374 103.584 103.799 104.009 104.244 104.469 104.692 104.897 105.129 105.347 105.564 105.774 105.984 106.192 106.424 106.647 106.857 107.059 107.262
89.162 89.409 89.664 89.912 90.199 90.492 90.787 91.122 91.432 91.757 92.094 92.414 92.749 93.089 93.437 93.799 94.137 94.492 94.847 95.197 95.544 95.892 96.202 96.547 96.872 97.174 97.457 97.739 98.004 98.267 98.529 98.762 98.989 99.227 99.437 99.669 99.892 100.124 100.349 100.559 100.804 101.004 101.224 101.427 101.639 101.867 102.094 102.289 102.509 102.737 102.967 103.189 103.404 103.629 103.844 104.072 104.292 104.514 104.744 104.954 105.177 105.407 105.629 105.829 106.042 106.267 106.484 106.697 106.907 107.102 107.314
89.214 89.489 89.732 89.999 90.294 90.557 90.884 91.187 91.524 91.849 92.164 92.504 92.847 93.179 93.519 93.892 94.244 94.587 94.952 95.307 95.634 95.977 96.299 96.637 96.952 97.227 97.532 97.814 98.082 98.314 98.557 98.814 99.039 99.269 99.504 99.729 99.957 100.169 100.379 100.592 100.842 101.044 101.249 101.474 101.669 101.897 102.114 102.339 102.584 102.774 103.037 103.252 103.462 103.684 103.894 104.122 104.334 104.562 104.794 105.004 105.227 105.447 105.659 105.867 106.112 106.327 106.542 106.719 106.954 107.149 107.354
89.297 89.559 89.834 90.117 90.414 90.687 90.992 91.294 91.627 91.967 92.287 92.634 92.979 93.294 93.637 93.972 94.312 94.672 95.012 95.352 95.717 96.037 96.394 96.707 96.992 97.324 97.594 97.852 98.132 98.387 98.637 98.867 99.102 99.339 99.559 99.774 100.007 100.212 100.449 100.669 100.877 101.097 101.324 101.519 101.744 101.959 102.179 102.382 102.617 102.837 103.059 103.257 103.497 103.717 103.939 104.157 104.392 104.587 104.824 105.037 105.257 105.482 105.684 105.909 106.129 106.344 106.552 106.784 107.007 107.209 107.417
89.299 89.594 89.884 90.184 90.477 90.782 91.099 91.404 91.739 92.077 92.442 92.757 93.107 93.442 93.787 94.119 94.452 94.807 95.134 95.467 95.809 96.134 96.467 96.769 97.082 97.377 97.669 97.914 98.179 98.434 98.679 98.934 99.167 99.404 99.599 99.824 100.069 100.262 100.509 100.719 100.919 101.162 101.359 101.567 101.804 102.022 102.242 102.439 102.672 102.889 103.119 103.327 103.544 103.772 103.997 104.212 104.419 104.644 104.857 105.084 105.314 105.529 105.734 105.984 106.192 106.394 106.592 106.814 107.029 107.232 107.442
89.307 89.614 89.927 90.244 90.559 90.867 91.184 91.537 91.862 92.202 92.557 92.894 93.219 93.564 93.904 94.249 94.599 94.919 95.264 95.582 95.912 96.269 96.567 96.874 97.162 97.447 97.727 98.017 98.264 98.519 98.757 98.979 99.229 99.444 99.684 99.917 100.142 100.354 100.569 100.777 100.999 101.207 101.394 101.627 101.839 102.059 102.282 102.487 102.722 102.922 103.147 103.382 103.599 103.819 104.029 104.254 104.462 104.689 104.919 105.139 105.359 105.557 105.787 106.029 106.224 106.447 106.647 106.867 107.074 107.279 107.487
89.317 89.612 89.934 90.267 90.604 90.937 91.289 91.637 91.962 92.312 92.647 92.989 93.324 93.692 94.019 94.384 94.734 95.044 95.374 95.699 96.052 96.364 96.659 96.987 97.259 97.549 97.834 98.084 98.362 98.619 98.857 99.077 99.319 99.544 99.774 100.007 100.212 100.434 100.652 100.874 101.084 101.287 101.494 101.707 101.904 102.137 102.327 102.527 102.767 102.984 103.207 103.422 103.649 103.887 104.084 104.307 104.534 104.744 104.957 105.172 105.387 105.599 105.839 106.062 106.282 106.492 106.702 106.904 107.124 107.342 107.534
89.384 89.702 90.007 90.337 90.642 90.974 91.332 91.684 92.012 92.382 92.729 93.074 93.414 93.772 94.122 94.469 94.819 95.144 95.472 95.824 96.157 96.462 96.784 97.089 97.389 97.667 97.942 98.189 98.447 98.677 98.927 99.167 99.414 99.639 99.884 100.094 100.327 100.542 100.757 100.962 101.189 101.394 101.604 101.797 101.989 102.207 102.422 102.647 102.847 103.089 103.297 103.532 103.754 103.967 104.154 104.394 104.592 104.812 105.022 105.237 105.442 105.689 105.907 106.129 106.334 106.547 106.754 106.957 107.182 107.377 107.564
89.482 89.784 90.092 90.407 90.734 91.064 91.392 91.732 92.089 92.439 92.774 93.122 93.457 93.824 94.187 94.522 94.877 95.224 95.559 95.874 96.194 96.524 96.842 97.122 97.439 97.702 97.999 98.274 98.504 98.784 99.027 99.262 99.517 99.744 99.987 100.209 100.417 100.642 100.847 101.062 101.277 101.497 101.674 101.887 102.094 102.327 102.534 102.749 102.944 103.184 103.399 103.614 103.832 104.052 104.282 104.484 104.684 104.897 105.109 105.302 105.542 105.749 105.967 106.164 106.389 106.607 106.807 107.024 107.237 107.427 107.637
89.599 89.897 90.187 90.529 90.849 91.169 91.489 91.834 92.182 92.499 92.854 93.192 93.537 93.879 94.242 94.567 94.924 95.244 95.584 95.917 96.239 96.549 96.857 97.179 97.469 97.772 98.052 98.317 98.557 98.812 99.057 99.334 99.559 99.792 100.019 100.269 100.502 100.709 100.947 101.154 101.364 101.579 101.789 101.984 102.189 102.414 102.622 102.844 103.064 103.262 103.509 103.714 103.914 104.137 104.352 104.562 104.754 104.977 105.177 105.394 105.617 105.852 106.059 106.274 106.484 106.684 106.892 107.099 107.314 107.509 107.712
89.714 90.014 90.314 90.632 90.964 91.284 91.637 91.977 92.304 92.627 92.967 93.279 93.627 93.969 94.322 94.659 94.997 95.327 95.662 95.992 96.302 96.614 96.904 97.194 97.482 97.769 98.064 98.337 98.577 98.862 99.097 99.344 99.589 99.847 100.052 100.299 100.532 100.767 100.979 101.209 101.432 101.622 101.859 102.059 102.257 102.484 102.697 102.904 103.119 103.339 103.534 103.752 103.969 104.182 104.394 104.597 104.832 105.022 105.237 105.469 105.677 105.899 106.107 106.329 106.567 106.754 106.947 107.164 107.382 107.599 107.814
89.829 90.137 90.472 90.767 91.097 91.439 91.759 92.117 92.437 92.747 93.079 93.422 93.759 94.087 94.439 94.779 95.117 95.424 95.757 96.062 96.379 96.672 96.964 97.259 97.542 97.839 98.109 98.367 98.632 98.902 99.152 99.412 99.637 99.869 100.109 100.352 100.557 100.802 101.029 101.244 101.469 101.687 101.887 102.112 102.312 102.522 102.734 102.939 103.147 103.357 103.584 103.777 104.007 104.237 104.429 104.672 104.869 105.062 105.284 105.507 105.714 105.937 106.157 106.362 106.594 106.787 106.994 107.214 107.439 107.652 107.854
89.927 90.249 90.567 90.877 91.212 91.532 91.869 92.204 92.537 92.864 93.194 93.534 93.884 94.202 94.542 94.864 95.194 95.524 95.842 96.159 96.467 96.784 97.059 97.342 97.632 97.889 98.174 98.439 98.684 98.934 99.194 99.442 99.689 99.937 100.184 100.399 100.629 100.852 101.079 101.294 101.517 101.752 101.947 102.157 102.362 102.542 102.779 102.977 103.187 103.394 103.599 103.807 104.029 104.244 104.457 104.694 104.887 105.107 105.332 105.537 105.762 105.957 106.167 106.392 106.612 106.832 107.034 107.257 107.479 107.682 107.882
90.042 90.374 90.669 90.987 91.339 91.659 91.999 92.329 92.647 92.969 93.307 93.652 93.987 94.319 94.642 94.977 95.324 95.632 95.964 96.257 96.554 96.854 97.147 97.447 97.707 97.999 98.254 98.524 98.787 99.034 99.284 99.537 99.782 100.009 100.242 100.472 100.699 100.919 101.147 101.379 101.584 101.799 101.989 102.197 102.407 102.602 102.804 103.017 103.229 103.467 103.662 103.882 104.077 104.292 104.507 104.712 104.917 105.122 105.344 105.567 105.772 105.987 106.219 106.432 106.642 106.849 107.054 107.274 107.484 107.704 107.934
90.129 90.447 90.767 91.099 91.439 91.769 92.079 92.409 92.744 93.084 93.429 93.749 94.079 94.424 94.757 95.069 95.407 95.717 96.037 96.344 96.642 96.934 97.237 97.527 97.787 98.059 98.339 98.579 98.847 99.119 99.349 99.607 99.857 100.097 100.332 100.574 100.799 101.032 101.242 101.459 101.677 101.894 102.089 102.282 102.489 102.689 102.889 103.102 103.322 103.502 103.724 103.932 104.137 104.347 104.564 104.767 104.969 105.174 105.387 105.617 105.817 106.022 106.252 106.462 106.679 106.902 107.089 107.299 107.499 107.714 107.927
90.192 90.509 90.862 91.184 91.542 91.847 92.172 92.509 92.839 93.159 93.509 93.847 94.182 94.514 94.864 95.172 95.504 95.794 96.109 96.442 96.732 97.047 97.324 97.587 97.864 98.142 98.389 98.672 98.944 99.179 99.429 99.682 99.922 100.169 100.402 100.612 100.869 101.089 101.327 101.557 101.747 101.964 102.172 102.377 102.594 102.772 102.977 103.187 103.359 103.584 103.789 103.977 104.219 104.409 104.627 104.829 105.039 105.239 105.469 105.677 105.877 106.104 106.304 106.527 106.729 106.947 107.162 107.372 107.572 107.787 108.007
90.289 90.612 90.929 91.259 91.607 91.927 92.267 92.609 92.909 93.252 93.579 93.917 94.249 94.602 94.932 95.252 95.572 95.882 96.202 96.502 96.807 97.107 97.402 97.684 97.964 98.227 98.492 98.762 99.007 99.242 99.499 99.729 99.992 100.224 100.464 100.714 100.952 101.162 101.394 101.612 101.814 102.022 102.237 102.432 102.624 102.847 103.039 103.244 103.437 103.667 103.882 104.082 104.274 104.479 104.677 104.899 105.099 105.304 105.527 105.749 105.964 106.172 106.389 106.597 106.789 107.027 107.217 107.439 107.629 107.857 108.062
90.357 90.699 91.009 91.347 91.674 92.017 92.349 92.684 93.012 93.342 93.679 94.007 94.337 94.674 95.012 95.317 95.632 95.952 96.264 96.564 96.854 97.152 97.449 97.717 98.007 98.264 98.552 98.824 99.062 99.309 99.544 99.809 100.054 100.297 100.527 100.772 100.997 101.232 101.454 101.679 101.892 102.097 102.284 102.502 102.712 102.907 103.107 103.319 103.517 103.717 103.929 104.157 104.339 104.522 104.744 104.944 105.152 105.394 105.579 105.797 105.997 106.184 106.404 106.619 106.834 107.054 107.244 107.472 107.694 107.922 108.124
90.427 90.764 91.067 91.397 91.747 92.069 92.399 92.747 93.079 93.402 93.754 94.077 94.422 94.742 95.102 95.407 95.712 96.012 96.304 96.599 96.889 97.182 97.464 97.757 98.042 98.319 98.602 98.844 99.097 99.357 99.602 99.847 100.097 100.314 100.572 100.794 101.052 101.279 101.509 101.717 101.957 102.142 102.354 102.544 102.754 102.944 103.162 103.372 103.587 103.772 104.002 104.179 104.379 104.579 104.799 104.987 105.212 105.414 105.622 105.834 106.059 106.247 106.469 106.687 106.917 107.139 107.334 107.557 107.757 107.964 108.189
90.529 90.837 91.147 91.489 91.817 92.147 92.487 92.819 93.159 93.489 93.819 94.137 94.467 94.812 95.119 95.447 95.744 96.057 96.354 96.667 96.949 97.229 97.539 97.809 98.074 98.347 98.614 98.887 99.129 99.374 99.647 99.882 100.112 100.372 100.607 100.862 101.102 101.317 101.559 101.787 101.982 102.179 102.397 102.614 102.817 103.024 103.219 103.427 103.627 103.822 104.027 104.232 104.439 104.649 104.862 105.057 105.259 105.454 105.672 105.882 106.087 106.297 106.514 106.742 106.949 107.177 107.394 107.619 107.832 108.029 108.257
90.604 90.932 91.249 91.582 91.904 92.239 92.577 92.892 93.234 93.579 93.912 94.234 94.547 94.879 95.204 95.517 95.809 96.099 96.414 96.707 97.007 97.279 97.552 97.837 98.117 98.409 98.662 98.904 99.157 99.422 99.682 99.919 100.167 100.407 100.647 100.894 101.132 101.357 101.597 101.819 102.022 102.227 102.452 102.667 102.869 103.069 103.284 103.484 103.667 103.899 104.087 104.299 104.484 104.702 104.892 105.117 105.299 105.519 105.719 105.919 106.132 106.369 106.569 106.802 106.984 107.199 107.417 107.652 107.864 108.059 108.257
90.674 91.004 91.307 91.627 91.952 92.302 92.667 92.987 93.314 93.669 94.004 94.334 94.637 94.962 95.272 95.599 95.884 96.197 96.484 96.762 97.054 97.334 97.622 97.899 98.172 98.424 98.664 98.949 99.204 99.437 99.694 99.939 100.207 100.442 100.712 100.927 101.177 101.377 101.624 101.832 102.052 102.264 102.477 102.694 102.894 103.107 103.334 103.514 103.727 103.927 104.124 104.332 104.549 104.742 104.942 105.129 105.344 105.557 105.764 105.984 106.184 106.402 106.622 106.817 107.032 107.244 107.482 107.692 107.904 108.112 108.334
90.789 91.097 91.402 91.719 92.044 92.369 92.722 93.052 93.367 93.727 94.034 94.384 94.712 95.022 95.337 95.649 95.952 96.274 96.552 96.844 97.117 97.399 97.677 97.937 98.192 98.457 98.707 98.959 99.232 99.474 99.729 99.982 100.242 100.484 100.719 100.944 101.197 101.434 101.664 101.887 102.107 102.329 102.542 102.732 102.932 103.144 103.344 103.557 103.767 103.959 104.149 104.362 104.562 104.767 104.964 105.172 105.384 105.624 105.799 106.019 106.207 106.427 106.644 106.872 107.097 107.274 107.509 107.714 107.934 108.159 108.354
91.067 91.184 91.484 91.797 92.109 92.439 92.789 93.112 93.442 93.759 94.092 94.419 94.734 95.074 95.392 95.687 96.009 96.292 96.584 96.879 97.157 97.437 97.712 97.979 98.237 98.517 98.769 99.019 99.277 99.532 99.779 100.032 100.272 100.517 100.759 100.994 101.242 101.474 101.697 101.894 102.142 102.339 102.544 102.749 102.967 103.164 103.379 103.574 103.774 103.997 104.199 104.392 104.589 104.799 104.984 105.212 105.434 105.634 105.864 106.057 106.272 106.472 106.679 106.894 107.114 107.342 107.562 107.749 107.964 108.182 108.402
92.234 92.477 92.652 92.562 92.572 92.614 92.892 93.217 93.544 93.869 94.182 94.464 94.792 95.112 95.417 95.727 96.037 96.339 96.637 96.902 97.182 97.472 97.747 98.019 98.269 98.544 98.814 99.064 99.319 99.562 99.819 100.082 100.327 100.559 100.807 101.052 101.287 101.519 101.737 101.952 102.182 102.382 102.609 102.822 103.019 103.222 103.417 103.612 103.807 104.029 104.219 104.419 104.649 104.847 105.064 105.257 105.447 105.654 105.867 106.079 106.304 106.504 106.714 106.932 107.149 107.382 107.592 107.809 108.029 108.237 108.452
92.862 93.037 93.212 93.557 93.899 94.152 94.357 94.692 94.772 95.089 95.249 95.547 95.572 95.839 96.052 96.352 96.257 96.449 96.709 96.967 97.232 97.497 97.774 98.037 98.304 98.574 98.834 99.077 99.337 99.599 99.859 100.124 100.372 100.604 100.857 101.097 101.347 101.572 101.797 102.024 102.239 102.424 102.642 102.857 103.079 103.252 103.462 103.664 103.864 104.087 104.272 104.474 104.672 104.864 105.079 105.284 105.477 105.702 105.907 106.102 106.337 106.539 106.767 106.969 107.189 107.384 107.617 107.832 108.059 108.254 108.484
91.617 93.069 93.077 93.254 93.652 94.334 94.929 95.227 95.552 96.057 96.319 96.714 96.969 96.952 97.177 97.529 97.802 98.037 98.082 98.169 98.294 98.374 98.254 98.274 98.547 98.659 98.864 99.104 99.367 99.637 99.874 100.134 100.394 100.654 100.887 101.132 101.364 101.614 101.842 102.044 102.262 102.464 102.707 102.904 103.122 103.322 103.529 103.714 103.924 104.122 104.329 104.527 104.724 104.959 105.137 105.339 105.557 105.752 105.957 106.164 106.347 106.557 106.779 107.002 107.212 107.422 107.642 107.862 108.102 108.314 108.517
92.084 93.134 92.489 92.869 93.267 93.592 93.912 94.232 94.629 94.827 95.189 95.512 96.174 96.359 96.792 97.377 97.602 98.102 98.742 98.879 98.964 99.364 99.509 99.634 99.764 99.927 99.947 99.924 99.977 100.269 100.094 100.292 100.432 100.669 100.917 101.164 101.387 101.639 101.859 102.102 102.322 102.522 102.742 102.954 103.154 103.362 103.562 103.779 103.987 104.182 104.397 104.579 104.784 104.987 105.192 105.389 105.589 105.797 105.994 106.202 106.404 106.607 106.824 107.049 107.262 107.464 107.697 107.917 108.112 108.344 108.567
92.542 92.864 92.692 93.082 93.387 93.692 93.967 94.269 94.547 94.829 95.149 95.424 95.729 96.019 96.307 96.584 96.834 97.102 97.372 97.804 97.942 98.439 98.609 99.037 99.824 100.367 100.794 100.749 101.102 101.264 101.602 101.604 101.512 101.654 101.629 101.724 101.892 101.842 101.969 102.107 102.324 102.554 102.777 102.974 103.202 103.392 103.594 103.809 103.987 104.222 104.422 104.644 104.839 105.054 105.237 105.447 105.659 105.844 106.049 106.259 106.464 106.689 106.889 107.112 107.299 107.544 107.754 107.959 108.174 108.382 108.589
92.847 92.867 92.797 93.144 93.457 93.769 94.069 94.372 94.619 94.932 95.217 95.492 95.799 96.059 96.334 96.607 96.834 97.119 97.382 97.627 97.894 98.157 98.434 98.709 98.949 99.232 99.622 99.927 100.447 100.929 101.339 101.879 102.187 102.569 102.624 102.717 103.277 105.569 103.747 103.169 103.119 103.222 103.187 103.177 103.244 103.424 103.607 103.844 104.032 104.252 104.462 104.677 104.872 105.062 105.289 105.467 105.689 105.889 106.117 106.314 106.527 106.722 106.967 107.157 107.364 107.607 107.807 108.014 108.219 108.452 108.654
93.239 92.607 92.809 93.139 93.467 93.774 94.102 94.377 94.649 94.952 95.252 95.547 95.842 96.104 96.394 96.657 96.892 97.182 97.447 97.687 97.962 98.207 98.454 98.744 98.969 99.234 99.489 99.739 100.014 100.252 100.527 100.762 101.124 101.552 101.714 102.029 102.462 103.312 103.424 103.919 103.809 104.139 104.267 104.507 104.467 104.482 104.532 104.389 104.322 104.477 104.542 104.737 104.917 105.104 105.322 105.517 105.712 105.912 106.122 106.342 106.554 106.769 107.004 107.192 107.417 107.612 107.857 108.079 108.299 108.519 108.697
93.277 92.522 92.824 93.152 93.499 93.817 94.092 94.402 94.682 94.959 95.252 95.572 95.824 96.124 96.377 96.644 96.974 97.209 97.482 97.727 97.994 98.257 98.522 98.784 99.024 99.309 99.549 99.802 100.057 100.292 100.542 100.789 101.017 101.264 101.467 101.722 101.949 102.162 102.407 102.669 102.879 103.329 103.602 104.477 104.859 105.027 105.284 105.409 105.472 105.707 105.794 105.689 105.859 105.749 105.639 105.687 105.899 106.029 106.167 106.369 106.584 106.812 107.009 107.237 107.467 107.672 107.892 108.092 108.312 108.537 108.752
