Matlab/Roost_data/braunton/dsm/ss4835_DSM_2M.asc
ncols 500
nrows 500
xllcorner    248000
yllcorner    135000
cellsize     2
NODATA_value -9999
[rows 102 to 135 of 500, columns 0 to 76 of 500]
10.003 10.13 10.104 9.928 9.913 9.951 9.961 9.966 9.967 9.958 9.956 9.888 9.905 9.95 9.966 9.943 9.973 9.981 9.991 10.018 10.038 10.058 10.043 10.058 10.063 10.061 10.098 10.123 10.116 10.148 10.156 10.113 10.156 10.128 10.126 10.156 10.188 10.173 10.148 10.151 10.161 10.143 10.096 10.198 10.141 10.201 10.218 10.213 10.271 10.301 10.436 10.361 10.326 10.318 10.303 10.368 10.238 10.321 10.296 10.361 10.341 10.411 10.446 10.401 10.478 10.453 10.456 10.481 10.491 10.478 10.483 10.511 10.523 10.471 10.503 10.511 10.471
10.051 10.068 9.917 9.883 9.925 9.938 9.947 9.93 9.915 9.9 9.856 9.869 9.885 9.891 9.921 9.968 9.963 9.986 9.993 10.001 10.041 10.033 10.038 10.031 10.041 10.038 10.043 10.086 10.106 10.108 10.136 10.141 10.108 10.166 10.153 10.108 10.161 10.121 10.116 10.101 10.118 10.146 10.091 10.056 10.148 10.176 10.161 10.226 10.248 10.243 10.286 10.266 10.336 10.308 10.303 10.333 10.216 10.278 10.301 10.311 10.346 10.408 10.361 10.386 10.406 10.456 10.431 10.461 10.488 10.478 10.441 10.488 10.488 10.476 10.473 10.471 10.491
9.995 9.856 9.853 9.904 9.912 9.907 9.897 9.857 9.871 9.832 9.811 9.857 9.853 9.873 9.888 9.918 9.941 9.968 9.988 10.003 9.978 9.996 10.041 10.038 10.033 10.026 10.051 10.061 10.091 10.081 10.106 10.128 10.121 10.128 10.166 10.146 10.148 10.166 10.156 10.121 10.113 10.131 10.118 10.068 10.226 10.148 10.193 10.196 10.228 10.246 10.278 10.426 10.353 10.316 10.326 10.281 10.351 10.188 10.293 10.288 10.341 10.348 10.388 10.423 10.373 10.438 10.423 10.448 10.473 10.488 10.466 10.471 10.496 10.501 10.461 10.491 10.486
9.834 9.85 9.876 9.905 9.876 9.857 9.816 9.801 9.803 9.789 9.789 9.817 9.867 9.859 9.888 9.896 9.911 9.928 9.971 9.968 9.973 10.001 9.993 10.031 10.026 10.016 10.031 10.048 10.066 10.088 10.073 10.108 10.111 10.128 10.121 10.106 10.123 10.126 10.108 10.101 10.123 10.106 10.103 10.073 10.021 10.138 10.163 10.136 10.206 10.236 10.211 10.263 10.236 10.323 10.293 10.266 10.286 10.203 10.251 10.286 10.311 10.333 10.366 10.321 10.366 10.396 10.456 10.411 10.448 10.476 10.471 10.453 10.473 10.466 10.468 10.451 10.448
9.813 9.861 9.858 9.874 9.838 9.807 9.769 9.73 9.743 9.768 9.761 9.826 9.838 9.852 9.861 9.883 9.891 9.916 9.958 9.966 9.973 9.981 10.016 10.008 10.026 10.021 10.028 10.031 10.038 10.058 10.081 10.091 10.118 10.111 10.096 10.118 10.123 10.071 10.111 10.101 10.068 10.108 10.128 10.093 10.058 10.226 10.146 10.178 10.186 10.196 10.218 10.238 10.408 10.323 10.283 10.303 10.263 10.353 10.186 10.268 10.273 10.308 10.341 10.356 10.391 10.368 10.448 10.416 10.418 10.448 10.491 10.468 10.478 10.498 10.493 10.458 10.481
9.837 9.823 9.83 9.816 9.785 9.771 9.705 9.713 9.734 9.75 9.76 9.796 9.811 9.825 9.831 9.851 9.886 9.891 9.918 9.946 9.978 10.008 9.956 10.018 10.021 10.013 10.018 10.021 10.028 10.033 10.061 10.051 10.078 10.113 10.108 10.121 10.163 10.113 10.108 10.101 10.098 10.086 10.076 10.088 10.056 9.998 10.103 10.141 10.116 10.181 10.206 10.173 10.233 10.203 10.303 10.273 10.256 10.276 10.188 10.226 10.276 10.306 10.311 10.353 10.326 10.326 10.333 10.431 10.391 10.436 10.458 10.428 10.441 10.453 10.456 10.458 10.421
9.828 9.809 9.809 9.769 9.732 9.689 9.679 9.691 9.706 9.733 9.766 9.783 9.781 9.817 9.836 9.853 9.873 9.873 9.891 9.921 9.963 9.958 9.978 9.968 9.951 9.988 9.998 10.021 10.018 10.026 10.053 10.046 10.051 10.083 10.096 10.088 10.106 10.116 10.081 10.068 10.096 10.063 10.061 10.086 10.088 10.058 10.223 10.111 10.143 10.158 10.171 10.181 10.226 10.386 10.291 10.283 10.313 10.233 10.341 10.173 10.258 10.253 10.288 10.331 10.331 10.373 10.353 10.406 10.416 10.416 10.438 10.453 10.453 10.463 10.451 10.468 10.433
9.815 9.805 9.802 9.727 9.668 9.656 9.704 9.689 9.713 9.706 9.728 9.741 9.749 9.778 9.783 9.831 9.861 9.863 9.863 9.901 9.936 9.966 9.953 9.966 9.983 9.978 9.988 10.006 10.013 10.018 10.016 10.043 10.073 10.048 10.076 10.088 10.073 10.108 10.061 10.053 10.056 10.068 10.063 10.048 10.041 10.021 10.041 10.071 10.108 10.123 10.176 10.181 10.168 10.198 10.161 10.288 10.286 10.238 10.251 10.146 10.206 10.251 10.278 10.291 10.328 10.313 10.321 10.336 10.408 10.363 10.398 10.438 10.423 10.431 10.453 10.448 10.428
9.77 9.751 9.73 9.686 9.652 9.669 9.702 9.695 9.708 9.726 9.707 9.722 9.778 9.78 9.786 9.801 9.803 9.853 9.856 9.863 9.908 9.951 9.961 9.956 9.971 10.006 9.988 9.981 10.003 10.018 10.006 10.013 10.036 10.038 10.051 10.096 10.066 10.068 10.083 10.086 10.016 10.063 10.048 10.058 10.036 10.031 10.001 10.171 10.078 10.131 10.128 10.158 10.181 10.188 10.361 10.281 10.266 10.261 10.218 10.331 10.146 10.246 10.263 10.251 10.316 10.331 10.363 10.343 10.398 10.343 10.376 10.428 10.418 10.413 10.451 10.436 10.433
9.732 9.69 9.683 9.692 9.7 9.685 9.706 9.704 9.693 9.713 9.728 9.74 9.749 9.78 9.796 9.791 9.816 9.831 9.873 9.861 9.891 9.911 9.948 9.953 9.951 9.921 9.958 9.986 9.986 10.006 10.013 10.016 10.021 10.051 10.013 10.041 10.078 10.071 10.071 10.098 10.088 10.033 10.031 10.026 10.008 10.016 10.001 9.991 10.048 10.083 10.086 10.158 10.163 10.168 10.176 10.176 10.246 10.258 10.211 10.243 10.118 10.203 10.241 10.261 10.288 10.318 10.291 10.301 10.348 10.383 10.383 10.381 10.431 10.411 10.431 10.426 10.448
9.668 9.668 9.662 9.666 9.668 9.685 9.695 9.707 9.695 9.697 9.721 9.727 9.739 9.763 9.758 9.766 9.781 9.808 9.861 9.881 9.871 9.891 9.928 9.941 9.931 9.938 9.961 9.953 9.986 9.983 10.001 10.001 10.001 10.036 10.031 10.023 10.066 10.056 10.038 10.063 10.046 10.043 10.066 10.046 10.041 10.021 10.023 9.986 10.223 10.066 10.108 10.116 10.113 10.156 10.191 10.343 10.246 10.236 10.246 10.198 10.306 10.143 10.243 10.228 10.246 10.273 10.311 10.328 10.326 10.381 10.338 10.371 10.383 10.423 10.393 10.416 10.438
9.645 9.644 9.641 9.651 9.662 9.693 9.678 9.683 9.711 9.692 9.7 9.708 9.7 9.721 9.763 9.756 9.771 9.793 9.803 9.833 9.848 9.863 9.896 9.943 9.938 9.933 9.946 9.971 9.971 9.976 9.993 9.993 10.006 9.998 10.036 10.038 10.016 10.066 10.078 10.036 10.096 10.073 10.011 10.031 10.056 10.011 10.018 9.986 9.946 10.026 10.063 10.078 10.148 10.136 10.166 10.198 10.126 10.241 10.233 10.216 10.198 10.111 10.171 10.243 10.221 10.251 10.291 10.273 10.258 10.318 10.361 10.336 10.383 10.403 10.403 10.396 10.401
9.636 9.629 9.633 9.669 9.654 9.678 9.664 9.684 9.692 9.694 9.694 9.69 9.714 9.727 9.691 9.781 9.776 9.781 9.791 9.796 9.831 9.863 9.883 9.896 9.928 9.951 9.948 9.928 9.978 9.981 9.981 10.001 10.006 10.003 10.006 10.026 10.003 10.023 10.056 10.071 10.061 10.058 10.046 10.003 10.038 10.048 10.011 10.021 9.996 10.183 10.048 10.088 10.101 10.106 10.158 10.171 10.276 10.246 10.213 10.231 10.188 10.251 10.113 10.218 10.178 10.226 10.258 10.278 10.286 10.298 10.356 10.313 10.336 10.338 10.383 10.381 10.386
9.612 9.572 9.608 9.643 9.675 9.67 9.683 9.676 9.674 9.678 9.672 9.672 9.703 9.733 9.744 9.726 9.751 9.758 9.781 9.793 9.841 9.856 9.853 9.878 9.903 9.943 9.926 9.923 9.916 9.916 9.976 9.968 9.973 9.993 10.011 10.026 10.001 9.983 10.006 10.031 10.021 10.033 10.053 10.043 10.016 10.011 10.013 9.983 9.968 9.921 9.996 10.033 10.063 10.128 10.106 10.133 10.148 10.133 10.208 10.211 10.186 10.188 10.078 10.161 10.226 10.213 10.228 10.263 10.263 10.246 10.308 10.333 10.331 10.366 10.383 10.363 10.403
9.563 9.593 9.607 9.625 9.652 9.653 9.67 9.665 9.689 9.672 9.679 9.69 9.669 9.707 9.712 9.736 9.746 9.741 9.758 9.773 9.783 9.828 9.858 9.856 9.891 9.918 9.941 9.916 9.923 9.946 9.943 9.956 9.956 9.981 9.993 9.991 10.013 10.018 10.001 10.036 10.033 10.003 10.001 10.018 9.983 9.988 10.008 9.978 9.988 9.948 10.138 10.043 10.073 10.098 10.076 10.131 10.136 10.261 10.226 10.191 10.211 10.168 10.208 10.108 10.186 10.118 10.206 10.243 10.253 10.266 10.286 10.323 10.308 10.336 10.308 10.341 10.363
9.599 9.585 9.589 9.605 9.614 9.641 9.649 9.661 9.663 9.665 9.676 9.681 9.684 9.691 9.702 9.678 9.681 9.753 9.758 9.771 9.763 9.793 9.828 9.853 9.858 9.901 9.911 9.921 9.923 9.938 9.958 9.943 9.948 9.963 9.976 9.971 9.988 10.011 9.993 9.993 10.018 10.016 10.001 10.056 10.018 9.958 9.976 9.966 9.963 9.953 9.886 10.006 10.043 10.023 10.113 10.103 10.126 10.178 10.108 10.193 10.178 10.176 10.158 10.063 10.131 10.168 10.188 10.201 10.226 10.226 10.218 10.268 10.336 10.326 10.353 10.376 10.348
9.602 9.592 9.593 9.585 9.591 9.625 9.652 9.651 9.657 9.654 9.673 9.654 9.673 9.673 9.686 9.706 9.716 9.701 9.763 9.766 9.786 9.803 9.811 9.838 9.843 9.856 9.893 9.936 9.913 9.931 9.886 9.928 9.956 9.941 9.966 9.973 9.998 10.001 10.003 9.971 9.986 10.006 10.028 9.991 10.008 9.996 9.956 9.971 9.978 9.933 9.951 10.168 10.013 10.061 10.081 10.068 10.101 10.133 10.243 10.191 10.168 10.181 10.136 10.176 10.056 10.151 10.128 10.173 10.206 10.231 10.238 10.261 10.303 10.286 10.338 10.321 10.323
9.541 9.581 9.598 9.562 9.576 9.592 9.621 9.641 9.649 9.652 9.671 9.648 9.674 9.663 9.679 9.686 9.703 9.708 9.731 9.733 9.758 9.771 9.813 9.831 9.848 9.858 9.891 9.911 9.931 9.913 9.908 9.928 9.908 9.961 9.956 9.961 9.966 9.983 9.983 9.971 9.958 9.993 9.991 9.998 10.006 9.971 10.003 9.961 9.958 9.946 9.928 9.886 10.011 10.028 10.028 10.078 10.081 10.093 10.143 10.076 10.168 10.166 10.148 10.138 10.048 10.106 10.133 10.148 10.181 10.211 10.223 10.236 10.251 10.301 10.331 10.328 10.358
9.546 9.576 9.545 9.565 9.566 9.592 9.609 9.618 9.625 9.634 9.657 9.662 9.631 9.663 9.671 9.658 9.683 9.663 9.718 9.733 9.763 9.778 9.788 9.788 9.828 9.843 9.851 9.871 9.936 9.933 9.926 9.928 9.956 9.941 9.951 9.948 9.961 9.956 9.963 9.971 9.971 9.958 9.998 10.001 9.936 9.986 9.963 9.923 9.951 9.971 9.938 9.896 10.081 9.978 10.023 10.063 10.031 10.073 10.113 10.253 10.146 10.153 10.153 10.131 10.206 10.033 10.136 10.126 10.146 10.178 10.213 10.213 10.223 10.296 10.293 10.316 10.318
9.558 9.557 9.558 9.552 9.547 9.564 9.58 9.603 9.623 9.625 9.646 9.636 9.647 9.655 9.654 9.661 9.666 9.686 9.686 9.666 9.743 9.758 9.773 9.786 9.786 9.831 9.848 9.856 9.891 9.923 9.921 9.921 9.916 9.943 9.911 9.916 9.963 9.958 9.956 9.971 9.973 9.958 9.971 9.988 9.986 9.973 9.968 9.948 9.913 9.933 9.938 9.891 9.853 9.986 9.996 9.993 10.048 10.036 10.088 10.116 10.098 10.161 10.146 10.123 10.138 10.023 10.086 10.133 10.148 10.176 10.186 10.221 10.208 10.213 10.293 10.316 10.308
9.548 9.544 9.568 9.57 9.555 9.551 9.555 9.586 9.602 9.629 9.619 9.634 9.64 9.624 9.642 9.656 9.661 9.673 9.686 9.698 9.718 9.751 9.776 9.783 9.816 9.816 9.843 9.856 9.871 9.886 9.921 9.898 9.893 9.883 9.893 9.921 9.936 9.953 9.951 9.963 9.951 9.933 9.921 9.963 9.968 9.928 9.953 9.978 9.931 9.943 9.946 9.956 9.918 10.033 9.951 10.013 10.038 10.016 10.066 10.086 10.223 10.143 10.128 10.128 10.126 10.141 10.028 10.121 10.101 10.133 10.173 10.186 10.181 10.223 10.266 10.286 10.311
9.516 9.529 9.551 9.551 9.565 9.548 9.546 9.566 9.593 9.592 9.602 9.621 9.64 9.652 9.614 9.651 9.663 9.651 9.681 9.681 9.708 9.748 9.731 9.756 9.763 9.811 9.816 9.838 9.868 9.903 9.908 9.906 9.903 9.888 9.913 9.906 9.923 9.936 9.933 9.918 9.906 9.943 9.941 9.928 9.981 9.983 9.963 9.946 9.918 9.938 9.933 9.926 9.908 9.833 9.963 9.993 9.968 10.048 10.028 10.043 10.096 10.086 10.141 10.118 10.103 10.111 9.973 10.086 10.106 10.096 10.168 10.171 10.196 10.221 10.216 10.271 10.291
9.483 9.54 9.52 9.548 9.553 9.554 9.54 9.544 9.567 9.586 9.606 9.606 9.622 9.626 9.629 9.628 9.651 9.666 9.648 9.651 9.628 9.683 9.748 9.746 9.781 9.793 9.801 9.831 9.841 9.843 9.861 9.896 9.896 9.896 9.901 9.933 9.896 9.916 9.921 9.938 9.903 9.916 9.938 9.936 9.921 9.968 9.926 9.936 9.981 9.941 9.931 9.953 9.926 9.896 10.008 9.938 9.991 10.023 9.981 10.041 10.093 10.218 10.123 10.118 10.123 10.096 10.188 9.988 10.106 10.076 10.123 10.133 10.193 10.198 10.218 10.246 10.306
9.488 9.508 9.501 9.533 9.539 9.538 9.548 9.56 9.543 9.56 9.587 9.605 9.615 9.619 9.622 9.609 9.623 9.621 9.658 9.663 9.681 9.688 9.688 9.751 9.751 9.783 9.766 9.771 9.848 9.848 9.853 9.878 9.881 9.888 9.871 9.846 9.898 9.908 9.906 9.918 9.938 9.933 9.928 9.913 9.883 9.938 9.941 9.951 9.928 9.956 9.928 9.908 9.911 9.906 9.823 9.941 9.971 9.943 10.016 10.008 10.023 10.063 10.091 10.116 10.088 10.071 10.088 9.978 10.073 10.081 10.083 10.156 10.161 10.181 10.146 10.211 10.291
9.453 9.493 9.514 9.531 9.527 9.538 9.548 9.517 9.533 9.541 9.578 9.578 9.607 9.623 9.635 9.638 9.613 9.641 9.631 9.656 9.661 9.696 9.706 9.731 9.721 9.768 9.771 9.781 9.828 9.853 9.848 9.863 9.888 9.891 9.878 9.853 9.868 9.861 9.903 9.903 9.916 9.921 9.908 9.921 9.913 9.881 9.931 9.913 9.908 9.908 9.906 9.916 9.908 9.891 9.863 9.986 9.908 9.963 9.978 9.976 10.036 10.053 10.188 10.108 10.088 10.106 10.093 10.103 9.991 10.093 10.061 10.133 10.126 10.183 10.173 10.213 10.263
9.443 9.469 9.483 9.505 9.516 9.538 9.536 9.532 9.544 9.53 9.565 9.583 9.59 9.611 9.616 9.611 9.616 9.613 9.628 9.658 9.633 9.653 9.661 9.723 9.728 9.726 9.781 9.781 9.786 9.818 9.833 9.841 9.856 9.871 9.878 9.863 9.858 9.891 9.883 9.903 9.898 9.898 9.888 9.883 9.908 9.908 9.893 9.933 9.936 9.911 9.941 9.913 9.876 9.903 9.856 9.788 9.921 9.948 9.931 10.001 9.988 10.013 10.051 10.056 10.073 10.073 10.066 10.061 9.951 10.066 10.066 10.043 10.151 10.158 10.141 10.148 10.211
9.428 9.463 9.466 9.479 9.51 9.517 9.523 9.542 9.551 9.562 9.534 9.558 9.594 9.612 9.607 9.614 9.603 9.628 9.628 9.616 9.636 9.656 9.676 9.663 9.666 9.731 9.768 9.766 9.771 9.793 9.833 9.826 9.833 9.853 9.876 9.866 9.858 9.843 9.896 9.868 9.873 9.893 9.906 9.906 9.888 9.903 9.891 9.903 9.901 9.903 9.898 9.906 9.881 9.896 9.883 9.866 10.018 9.883 9.951 9.963 9.968 10.013 10.028 10.173 10.091 10.081 10.091 10.068 10.173 9.958 10.076 10.056 10.131 10.116 10.168 10.153 10.203
9.416 9.431 9.468 9.498 9.475 9.502 9.502 9.534 9.54 9.513 9.545 9.533 9.566 9.58 9.607 9.595 9.626 9.646 9.611 9.631 9.643 9.636 9.663 9.698 9.693 9.711 9.713 9.751 9.766 9.796 9.808 9.833 9.838 9.833 9.856 9.856 9.851 9.833 9.831 9.838 9.888 9.881 9.876 9.901 9.886 9.896 9.883 9.863 9.893 9.918 9.888 9.896 9.886 9.883 9.863 9.853 9.796 9.908 9.933 9.936 9.988 9.991 9.981 10.021 10.018 10.071 10.058 10.053 10.081 9.936 10.021 10.073 10.053 10.116 10.148 10.128 10.168
9.401 9.428 9.444 9.472 9.478 9.483 9.507 9.526 9.515 9.538 9.524 9.507 9.554 9.575 9.574 9.606 9.623 9.626 9.646 9.616 9.638 9.638 9.643 9.668 9.671 9.708 9.713 9.728 9.736 9.763 9.783 9.808 9.836 9.826 9.848 9.861 9.848 9.858 9.838 9.868 9.848 9.883 9.883 9.883 9.883 9.843 9.871 9.886 9.868 9.886 9.876 9.881 9.828 9.863 9.861 9.888 9.876 9.971 9.871 9.943 9.946 9.956 10.001 10.023 10.143 10.086 10.066 10.056 10.068 10.163 9.961 10.063 10.033 10.106 10.118 10.158 10.161
9.403 9.393 9.409 9.448 9.456 9.466 9.473 9.502 9.531 9.528 9.546 9.558 9.532 9.572 9.573 9.578 9.596 9.593 9.613 9.633 9.611 9.621 9.648 9.633 9.636 9.621 9.658 9.721 9.736 9.733 9.773 9.783 9.811 9.826 9.816 9.821 9.851 9.836 9.856 9.853 9.868 9.866 9.886 9.878 9.876 9.866 9.873 9.871 9.873 9.886 9.908 9.858 9.841 9.853 9.846 9.833 9.821 9.813 9.911 9.928 9.908 9.978 9.973 9.971 10.056 10.006 10.056 10.061 10.018 10.028 9.923 10.008 10.068 10.063 10.113 10.141 10.101
9.381 9.388 9.405 9.415 9.455 9.461 9.473 9.499 9.493 9.499 9.529 9.521 9.546 9.544 9.556 9.577 9.606 9.596 9.611 9.603 9.603 9.618 9.603 9.631 9.636 9.673 9.676 9.678 9.718 9.731 9.741 9.766 9.791 9.833 9.816 9.806 9.828 9.826 9.858 9.838 9.791 9.843 9.831 9.856 9.871 9.881 9.866 9.858 9.871 9.866 9.851 9.878 9.898 9.841 9.878 9.866 9.853 9.828 9.958 9.853 9.918 9.938 9.943 9.988 10.003 10.098 10.058 10.048 10.033 10.023 10.153 9.953 10.051 10.031 10.096 10.088 10.153
9.351 9.398 9.398 9.416 9.442 9.466 9.478 9.487 9.503 9.515 9.537 9.546 9.505 9.507 9.547 9.564 9.563 9.593 9.606 9.621 9.623 9.593 9.633 9.643 9.646 9.648 9.676 9.683 9.698 9.703 9.726 9.736 9.781 9.793 9.811 9.826 9.826 9.828 9.848 9.826 9.808 9.823 9.801 9.843 9.861 9.863 9.848 9.848 9.863 9.873 9.833 9.886 9.843 9.841 9.848 9.851 9.851 9.816 9.768 9.871 9.906 9.903 9.971 9.976 9.948 10.001 9.991 10.053 10.033 10.036 10.021 9.906 10.016 10.071 10.063 10.101 10.138
9.363 9.383 9.402 9.416 9.422 9.428 9.452 9.46 9.494 9.503 9.497 9.544 9.529 9.534 9.514 9.557 9.567 9.561 9.576 9.588 9.601 9.611 9.603 9.641 9.633 9.636 9.643 9.628 9.681 9.708 9.716 9.716 9.771 9.783 9.793 9.801 9.806 9.821 9.838 9.838 9.838 9.818 9.838 9.848 9.846 9.841 9.838 9.831 9.816 9.841 9.853 9.818 9.856 9.873 9.846 9.863 9.856 9.833 9.838 9.968 9.853 9.916 9.933 9.926 9.963 10.001 10.083 10.053 10.026 10.041 10.011 10.128 9.948 10.073 10.003 10.066 10.091
9.351 9.371 9.385 9.408 9.416 9.426 9.44 9.453 9.463 9.477 9.481 9.487 9.49 9.531 9.547 9.536 9.573 9.573 9.598 9.596 9.598 9.606 9.596 9.616 9.613 9.636 9.631 9.638 9.631 9.636 9.711 9.731 9.738 9.766 9.768 9.808 9.786 9.791 9.801 9.823 9.828 9.826 9.793 9.846 9.811 9.838 9.858 9.851 9.831 9.838 9.841 9.826 9.863 9.856 9.826 9.886 9.843 9.823 9.801 9.753 9.893 9.913 9.896 9.963 9.933 9.941 10.006 9.986 10.021 10.013 10.008 10.006 9.913 10.008 10.051 10.051 10.108
