Matlab/Roost_data/braunton/dsm/ss4836_DSM_2M.asc
ncols 500
nrows 500
xllcorner    248000
yllcorner    136000
cellsize     2
NODATA_value -9999
[rows 288 to 319 of 500, columns 142 to 212 of 500]
16.991 15.869 15.876 16.204 18.396 18.394 18.371 15.879 15.889 15.866 15.851 16.504 16.144 16.034 17.469 16.299 16.021 15.849 15.834 15.781 15.919 16.091 15.951 15.984 15.946 18.881 20.141 20.071 19.214 18.404 18.149 16.861 16.151 17.581 16.019 17.911 17.046 16.514 17.291 16.166 16.244 16.151 16.186 16.186 16.154 16.156 16.189 16.194 16.216 16.764 18.256 18.254 16.001 15.999 18.514 22.264 23.419 22.961 21.761 16.074 16.054 15.144 15.269 16.994 17.969 15.896 15.894 15.899 16.186 18.004 18.109
15.979 15.866 15.889 15.856 18.014 15.941 15.824 15.821 15.861 16.044 15.774 16.204 18.061 16.024 16.001 15.884 15.821 15.811 15.766 15.909 17.296 16.534 17.176 17.014 16.726 19.721 20.964 21.269 20.159 18.906 16.551 15.994 16.424 18.136 16.526 18.109 17.316 16.216 16.139 16.114 16.089 16.076 16.044 16.016 16.006 16.009 16.016 16.756 17.916 16.136 16.104 16.034 16.059 16.736 16.919 22.314 24.086 22.911 21.741 16.236 16.276 15.146 15.236 15.704 18.101 15.959 16.706 16.226 16.246 16.764 15.971
16.381 15.841 15.856 15.841 15.796 15.781 15.791 15.784 16.054 15.786 15.774 15.761 15.906 15.851 15.824 15.801 15.756 15.711 15.829 16.559 15.876 15.961 16.769 15.989 19.316 20.244 21.341 20.569 19.286 16.154 15.999 16.509 16.511 16.506 17.436 20.009 22.564 16.166 16.146 16.151 16.146 16.111 16.081 16.034 16.011 16.001 16.036 16.051 16.096 16.081 16.054 16.039 16.036 16.194 16.491 22.301 23.489 22.866 21.709 16.191 16.166 15.144 15.234 15.261 16.244 16.539 15.896 16.271 17.294 16.241 16.151
16.889 15.861 15.839 15.804 15.831 15.821 15.801 15.741 16.009 15.754 15.756 15.774 15.789 15.789 15.761 15.736 15.721 15.751 15.796 15.879 15.936 15.941 15.946 16.009 16.021 18.979 19.831 19.714 17.469 17.631 16.584 16.109 16.534 16.669 18.541 22.236 22.366 16.864 16.134 16.819 16.441 16.091 16.054 15.996 15.979 15.979 16.001 16.051 16.061 16.204 16.031 16.039 15.994 16.074 16.944 22.351 23.521 22.806 21.669 16.156 16.171 15.126 15.219 15.249 15.284 15.399 15.959 16.054 17.819 15.941 15.929
16.069 15.864 15.834 15.821 17.319 17.369 15.919 15.854 16.016 15.709 15.731 15.754 15.754 15.769 15.894 15.839 15.746 15.806 15.826 15.899 15.959 15.946 17.294 19.364 15.976 17.856 17.731 18.896 16.736 16.016 16.561 16.056 15.996 16.076 18.169 18.009 22.354 16.276 16.226 16.169 16.164 16.134 16.104 16.076 16.086 16.139 17.896 16.421 16.896 16.409 17.449 16.009 16.006 16.359 17.351 22.396 23.899 22.801 21.609 19.321 15.741 15.126 15.211 15.221 15.309 15.414 15.579 15.714 15.789 15.861 15.866
16.451 16.904 15.966 17.421 16.271 16.324 15.801 15.756 15.736 15.691 15.689 15.704 15.774 15.939 15.919 15.901 15.791 16.061 15.871 15.899 15.929 19.029 19.729 20.056 17.729 15.946 17.714 15.994 16.519 16.069 16.101 16.076 16.061 16.091 15.994 16.041 16.976 16.349 16.294 16.286 16.244 16.269 16.206 16.369 16.091 16.291 16.264 16.266 16.269 16.261 17.024 16.034 16.049 17.641 17.681 22.939 23.721 22.716 21.581 16.111 16.161 15.099 15.199 15.236 15.301 15.439 15.546 15.674 15.789 16.546 17.269
16.189 15.976 16.326 15.891 15.819 15.821 15.914 15.786 17.246 15.709 15.644 15.659 15.844 15.879 15.909 15.886 15.836 15.821 15.904 15.916 19.596 20.359 21.031 20.701 19.366 15.964 17.916 17.994 16.364 16.006 16.069 16.019 16.084 16.006 16.026 15.991 16.884 16.384 17.126 17.546 18.194 20.149 20.426 19.606 18.969 16.269 16.256 16.259 16.306 16.721 16.034 16.006 16.011 16.134 18.054 22.424 23.111 22.699 21.304 16.071 17.199 15.091 15.166 15.206 15.681 18.071 17.809 17.161 18.884 18.346 18.046
18.294 18.454 15.894 15.871 18.631 19.061 19.551 16.596 15.741 15.771 15.539 15.929 15.844 15.879 15.886 15.874 15.871 15.856 15.911 15.944 18.929 20.234 21.616 21.366 20.019 17.984 15.991 16.006 16.031 16.104 16.894 16.014 16.159 16.491 16.141 15.984 17.251 16.159 16.084 16.434 18.821 20.079 20.469 19.611 18.994 16.189 16.244 16.214 16.284 16.991 16.514 16.541 15.964 16.566 17.039 21.846 21.889 21.929 21.361 16.076 16.181 15.081 15.151 15.244 18.009 16.531 16.906 18.076 19.241 16.461 15.504
18.141 15.984 18.756 19.571 20.034 20.094 18.964 15.784 16.474 15.811 16.341 15.891 15.954 15.874 15.874 17.824 19.276 15.889 16.044 17.201 16.004 19.546 20.594 20.704 19.071 16.894 16.056 16.034 16.039 16.054 17.271 17.101 16.031 16.324 16.316 16.049 17.666 16.169 16.076 16.934 18.771 20.051 20.536 19.646 19.026 16.466 16.076 16.079 16.069 16.046 16.024 15.999 15.981 16.344 16.396 15.839 15.756 15.664 16.271 17.189 15.154 15.069 15.149 15.296 16.486 15.556 15.559 15.561 15.829 17.991 18.206
16.071 15.841 16.829 19.704 21.141 20.581 19.134 16.449 15.834 15.816 16.654 15.926 15.869 16.974 18.941 19.389 19.731 16.239 15.889 15.954 16.749 18.911 20.234 19.864 17.686 16.241 16.151 16.069 16.061 16.054 16.176 16.309 18.199 16.874 17.596 16.019 17.144 16.159 16.756 19.706 19.759 19.961 20.601 19.699 19.059 16.449 16.119 17.894 18.831 18.926 19.041 16.009 16.021 15.964 15.896 15.819 15.706 15.601 15.479 15.344 15.171 15.051 15.159 15.306 17.781 15.544 16.119 16.321 17.181 19.384 19.564
16.229 15.809 15.819 19.226 20.651 20.624 19.614 16.649 15.804 16.446 15.841 15.881 18.559 19.921 20.381 20.821 20.226 18.339 17.039 15.986 16.006 16.036 19.591 20.506 19.111 16.256 16.254 16.071 16.061 16.116 16.174 16.644 16.376 16.791 16.326 16.089 17.739 16.176 16.209 19.231 19.179 19.939 20.694 19.729 18.329 16.446 16.104 17.336 19.396 19.294 19.206 16.011 16.009 15.984 16.061 16.329 16.146 15.339 15.334 15.229 15.134 15.044 15.131 15.281 15.809 15.509 21.459 22.674 21.401 19.604 19.376
16.229 15.824 16.491 18.779 19.659 19.219 20.021 18.661 15.951 16.176 16.194 15.904 15.979 19.559 20.974 21.821 20.679 19.279 18.846 16.134 16.011 19.121 18.869 20.199 19.559 17.216 16.101 16.089 16.076 16.081 16.366 16.354 16.319 16.221 16.351 16.006 17.401 16.269 16.121 16.244 16.214 16.866 16.166 16.959 16.214 16.349 16.331 16.399 18.364 17.839 15.941 15.821 17.159 15.701 15.586 15.499 15.434 15.361 15.281 15.206 15.089 15.046 15.151 15.286 16.431 15.491 21.246 22.539 21.664 18.549 17.019
16.319 15.896 17.849 18.269 17.081 16.531 19.689 19.134 15.781 16.511 16.079 15.944 15.929 19.109 20.524 20.426 19.959 19.509 18.851 18.564 16.164 18.694 18.641 18.904 16.159 16.054 16.081 16.126 16.099 16.101 16.091 16.374 16.381 16.309 16.721 16.386 17.274 16.671 16.494 16.289 16.461 16.079 15.966 15.944 15.881 16.644 16.299 16.284 18.241 18.206 19.456 20.031 18.736 16.679 16.029 15.544 15.484 15.416 15.314 15.221 15.124 15.066 15.131 15.264 16.399 15.504 20.571 22.269 21.869 20.194 15.881
16.266 15.876 16.156 18.006 15.784 15.781 19.201 19.504 15.789 15.854 15.879 15.919 15.961 18.564 19.454 19.006 17.659 16.041 18.846 18.524 16.021 18.314 19.064 16.044 16.044 16.064 16.089 16.114 16.216 16.436 18.181 18.066 16.351 16.329 16.281 16.051 15.934 15.926 15.891 15.876 15.849 15.816 15.816 16.176 15.806 15.854 16.301 16.254 15.876 16.794 20.926 22.819 21.796 15.739 15.671 15.609 15.541 15.514 15.436 15.341 15.166 15.079 15.134 15.226 15.564 15.824 18.999 21.349 21.156 19.996 17.089
16.204 15.886 15.856 15.769 15.931 16.271 18.526 15.881 15.781 15.806 15.881 15.911 15.961 15.909 16.029 15.921 15.986 16.059 16.076 16.066 18.159 16.071 17.321 16.511 17.771 15.999 15.764 15.746 15.701 15.679 15.686 15.694 15.689 18.911 18.464 15.891 15.919 15.891 15.871 15.856 15.824 15.814 15.786 15.816 15.751 15.814 15.786 15.761 15.741 15.994 21.031 22.384 22.026 19.439 15.684 15.649 15.614 15.574 15.496 15.396 15.174 15.084 15.134 15.156 15.274 15.366 15.406 15.644 17.451 15.674 15.374
17.629 15.876 15.974 15.811 15.781 15.764 15.786 15.761 15.789 15.831 15.879 17.466 15.976 15.966 16.134 15.956 16.041 16.024 15.939 15.826 15.711 15.716 15.729 15.726 15.711 15.739 15.744 15.749 15.739 15.729 15.744 15.784 15.796 15.779 15.766 15.901 15.919 15.871 15.849 15.851 15.791 15.761 15.726 15.716 16.221 15.806 15.796 15.774 15.724 15.716 20.449 22.199 22.176 20.679 15.779 15.654 15.641 15.596 15.506 15.436 15.174 15.091 15.136 15.156 15.199 15.276 15.364 15.374 15.456 15.274 15.314
16.044 15.886 15.876 15.809 15.774 15.814 15.934 18.229 17.401 17.026 15.989 16.429 16.351 15.689 15.679 15.699 15.694 15.684 15.674 15.699 15.696 15.679 15.711 15.726 15.751 15.784 15.786 15.784 15.764 15.751 15.754 15.766 15.776 15.774 15.781 15.819 15.891 16.569 15.874 15.976 15.774 15.696 15.694 15.761 16.724 15.784 15.844 15.814 15.759 15.709 19.321 22.026 22.384 20.976 15.766 15.659 15.644 15.631 15.476 15.296 15.141 15.099 15.139 15.169 15.196 15.219 15.274 15.846 15.369 15.331 15.339
16.224 16.796 15.989 15.894 16.279 16.344 15.989 15.794 15.626 15.651 15.884 15.601 15.631 15.599 15.639 15.654 15.676 15.691 15.694 15.716 15.724 15.724 15.731 15.719 15.749 15.769 15.771 15.769 15.754 15.764 15.761 15.769 15.759 15.751 15.759 15.721 15.776 15.829 15.841 15.881 15.739 15.681 15.659 15.646 15.624 15.671 15.861 15.806 15.761 15.754 18.914 21.674 20.469 18.409 15.661 15.739 15.591 15.584 15.431 15.239 15.119 15.086 15.139 15.164 15.484 16.104 15.259 15.261 15.266 15.274 15.269
15.984 15.516 15.549 15.559 15.546 15.544 15.561 15.564 15.576 15.611 15.639 15.661 15.664 15.664 15.671 15.689 15.686 15.706 15.711 15.711 15.711 15.724 15.711 15.724 15.741 15.741 15.759 15.764 15.764 15.746 15.751 15.746 15.746 15.726 15.726 15.736 15.734 15.726 15.774 15.771 15.709 15.641 15.659 15.624 15.609 15.594 17.169 17.359 17.016 17.456 18.434 19.809 19.991 19.654 16.469 15.636 15.636 15.596 15.479 17.689 15.171 15.096 15.134 15.164 15.161 15.176 15.329 15.376 15.389 15.404 15.419
15.436 15.496 15.519 15.549 15.549 15.576 15.601 15.611 15.631 15.659 15.664 15.661 15.666 15.681 15.699 15.709 15.711 15.709 15.699 15.696 15.709 15.699 15.699 15.709 15.719 15.716 15.729 15.726 15.744 15.744 15.744 15.741 15.734 15.724 15.714 15.716 15.699 15.721 19.959 16.081 15.664 15.619 15.601 15.611 15.594 15.579 15.834 15.741 15.719 15.919 18.356 21.416 22.761 21.601 15.686 16.146 16.981 15.629 15.556 17.846 15.159 15.521 15.124 15.149 15.169 15.289 15.381 15.414 15.476 19.684 15.614
15.486 15.499 15.516 15.551 15.576 15.581 15.621 15.619 15.631 15.659 15.679 15.661 15.659 15.669 15.681 15.699 15.694 15.704 15.686 15.694 15.696 15.686 15.679 15.686 15.699 15.704 15.729 15.739 15.729 15.731 15.729 15.726 15.709 15.701 15.699 15.699 15.704 15.726 18.469 18.331 15.719 15.574 15.566 15.566 15.556 15.581 15.756 15.721 15.731 15.736 18.351 21.229 22.614 21.784 18.816 16.634 15.744 15.666 15.621 17.104 15.166 15.271 15.124 15.134 15.281 15.516 20.864 21.096 21.324 21.561 16.959
15.501 15.514 15.536 15.549 15.571 15.594 15.599 15.611 15.629 15.639 15.654 15.651 15.654 15.654 15.676 15.681 15.684 15.676 15.674 15.671 15.666 15.671 15.674 15.666 15.676 15.691 15.704 15.699 15.719 15.709 15.706 15.701 15.691 15.684 15.679 15.674 15.684 15.666 15.684 15.666 15.711 15.516 15.551 15.531 15.534 15.539 15.674 15.726 15.719 15.704 18.344 21.059 22.391 21.969 19.369 19.146 17.724 15.666 16.231 18.029 15.176 15.076 15.126 15.154 15.426 15.291 21.354 22.451 22.321 22.116 16.936
15.499 15.516 15.544 15.544 15.554 15.569 15.586 15.591 15.614 15.609 15.631 15.639 15.636 15.636 15.654 15.641 15.659 15.656 15.659 15.641 15.656 15.649 15.649 15.656 15.666 15.679 15.679 15.691 15.666 15.679 15.671 15.671 15.659 15.646 15.641 15.644 15.636 15.639 15.621 15.634 15.659 15.514 15.506 15.499 15.489 15.529 15.619 17.034 15.711 15.711 18.291 20.569 22.214 22.194 20.184 18.369 17.909 16.764 17.016 17.801 15.174 15.559 15.104 15.136 15.314 15.329 21.116 21.169 20.921 21.016 18.084
15.496 15.504 15.526 15.539 15.556 15.561 15.581 15.576 15.576 15.606 15.601 15.611 15.614 15.619 15.631 15.644 15.634 15.646 15.624 15.634 15.631 15.619 15.624 15.631 15.624 15.641 15.631 15.646 15.621 15.644 15.631 15.629 15.626 15.616 15.601 15.599 15.606 15.579 15.609 15.629 15.614 15.494 15.471 15.456 15.469 15.474 15.576 16.046 15.696 15.861 15.979 15.749 15.766 15.591 15.574 15.541 15.526 15.559 15.579 15.616 15.166 15.319 15.104 15.119 15.289 15.316 17.516 15.411 15.419 15.419 15.396
15.479 15.501 15.511 15.524 15.544 15.539 15.556 15.551 15.569 15.581 15.596 15.594 15.599 15.591 15.614 15.604 15.609 15.606 15.591 15.594 15.586 15.581 15.591 15.594 15.599 15.596 15.601 15.601 15.611 15.584 15.591 15.556 15.559 15.546 15.546 15.531 15.539 15.526 15.541 15.556 15.571 15.516 15.459 15.431 15.431 15.434 15.521 15.549 15.559 15.541 15.529 15.524 15.514 15.501 15.486 15.454 15.469 15.534 15.571 15.366 15.126 15.066 15.101 15.111 15.266 15.366 16.416 15.584 15.809 15.886 16.119
15.474 15.484 15.496 15.519 15.519 15.524 15.539 15.529 15.529 15.549 15.554 15.564 15.549 15.556 15.564 15.556 15.559 15.564 15.569 15.551 15.551 15.544 15.526 15.536 15.529 15.531 15.519 15.526 15.519 15.524 15.516 15.531 15.534 15.521 15.521 15.531 15.519 15.516 15.496 15.499 15.509 15.579 15.454 15.406 15.396 15.404 15.419 15.496 15.486 15.514 15.524 15.489 15.496 15.474 15.446 15.446 15.454 15.444 15.486 15.241 15.089 15.104 15.094 15.096 15.276 15.329 15.999 15.846 15.879 15.911 16.371
15.446 15.456 15.456 15.469 15.479 15.496 15.489 15.491 15.496 15.506 15.514 15.524 15.539 15.524 15.521 15.519 15.501 15.501 15.484 15.489 15.481 15.471 15.474 15.489 15.479 15.479 15.496 15.506 15.511 15.514 15.506 15.499 15.501 15.491 15.486 15.489 15.491 15.501 15.486 15.424 15.501 15.586 15.436 15.386 15.384 15.389 15.401 15.484 15.481 15.499 15.501 15.456 15.451 15.434 15.406 15.431 15.459 15.446 15.451 15.179 15.401 15.074 15.104 15.094 15.226 15.799 16.016 16.044 15.284 15.221 15.136
15.426 15.424 15.444 15.454 15.459 15.461 15.459 15.459 15.471 15.479 15.471 15.471 15.459 15.461 15.451 15.446 15.444 15.454 15.464 15.446 15.456 15.469 15.456 15.454 15.456 15.464 15.474 15.481 15.486 15.484 15.494 15.499 15.491 15.481 15.479 15.484 15.481 15.484 15.466 15.459 15.454 15.536 15.444 15.396 15.386 15.369 15.379 15.454 15.444 15.466 15.446 15.436 15.434 15.421 15.391 15.414 15.391 15.434 15.449 15.166 15.044 15.069 15.104 15.079 15.071 15.091 15.094 15.121 15.134 15.181 15.704
15.406 15.406 15.409 15.416 15.401 15.414 15.406 15.409 15.404 15.419 15.421 15.431 15.426 15.429 15.429 15.444 15.429 15.439 15.419 15.414 15.424 15.426 15.411 15.431 15.439 15.456 15.464 15.464 15.469 15.484 15.474 15.484 15.466 15.471 15.464 15.461 15.454 15.454 15.449 15.449 15.424 15.504 15.431 15.429 15.361 15.391 15.361 15.476 15.449 15.446 15.414 15.416 15.416 15.424 15.384 15.351 15.359 15.394 15.446 15.146 16.934 15.066 15.104 15.084 15.109 15.146 15.164 15.204 20.691 21.154 19.894
15.359 15.356 15.369 15.359 15.374 15.379 15.389 15.389 15.396 15.399 15.409 15.406 15.409 15.399 15.399 15.391 15.411 15.401 15.394 15.419 15.416 15.406 15.411 15.421 15.426 15.431 15.441 15.436 15.461 15.461 15.469 15.461 15.459 15.441 15.439 15.441 15.439 15.444 15.449 15.419 15.364 15.546 15.421 15.411 15.364 15.369 15.369 15.471 15.444 15.411 15.421 15.419 15.409 15.449 15.334 15.296 15.304 15.464 15.399 15.136 16.934 15.056 15.091 15.121 15.171 15.209 15.249 15.284 20.721 21.544 21.479
15.339 15.356 15.354 15.354 15.361 15.369 15.374 15.371 15.369 15.374 15.386 15.391 15.386 15.391 15.381 15.396 15.394 15.389 15.399 15.401 15.401 15.389 15.396 15.394 15.404 15.421 15.436 15.434 15.444 15.444 15.444 15.444 15.441 15.431 15.414 15.414 15.419 15.434 15.411 15.399 15.386 15.524 15.404 15.406 15.356 15.366 15.361 15.349 15.324 15.841 15.316 16.216 15.314 16.406 15.306 15.286 15.269 15.369 15.369 15.124 16.354 15.054 15.091 15.111 15.154 15.196 16.714 16.434 20.764 21.581 21.424
15.324 15.339 15.331 15.346 15.344 15.351 15.351 15.366 15.364 15.364 15.364 15.379 15.369 15.376 15.374 15.381 15.384 15.379 15.391 15.384 15.366 15.364 15.376 15.376 15.406 15.414 15.406 15.424 15.419 15.431 15.439 15.426 15.421 15.421 15.409 15.384 15.399 15.396 15.394 15.376 15.386 15.471 15.424 15.391 15.379 15.369 15.371 15.346 15.321 16.844 15.339 15.346 15.296 15.384 15.281 15.249 15.241 15.334 15.254 15.109 14.996 15.044 15.214 15.104 15.139 16.271 17.186 16.734 20.804 21.626 21.404
