Matlab/Roost_data/braunton/dsm/ss4837_DSM_2M.asc
ncols 500
nrows 500
xllcorner    248000
yllcorner    137000
cellsize     2
NODATA_value -9999
[rows 32 to 63 of 500, columns 355 to 425 of 500]
29.595 29.215 28.725 28.383 28.17 28.075 27.923 27.875 27.875 27.845 27.805 27.76 27.808 27.828 27.805 27.78 27.665 27.32 28.493 27.053 27.345 27.453 27.448 27.448 27.718 27.63 27.745 27.083 26.965 26.543 26.448 26.478 26.658 27.098 26.823 26.645 26.688 26.67 26.318 26.408 26.583 26.563 26.735 27.21 26.343 26.598 28.94 26.305 26.33 26.388 26.333 26.853 26.18 27.003 30.623 26.203 26.67 26.463 26.363 26.78 28.05 27.213 27.238 27.198 27.1 26.78 26.623 26.508 26.4 26.36 26.318
29.57 29.245 28.798 28.413 28.26 28.085 27.943 27.898 27.858 27.748 27.715 27.68 27.708 27.755 27.71 27.688 27.563 27.345 27.58 27.22 28.55 27.29 28.085 27.32 27.445 27.553 27.623 28.178 27.808 26.74 26.498 26.568 26.615 26.718 26.855 26.663 26.373 26.403 26.648 29.235 26.753 26.455 26.343 26.465 30.17 26.23 26.27 26.323 26.295 26.415 34.39 39.903 36.385 30.785 27.478 26.425 26.59 26.468 26.378 26.885 27.285 27.215 27.163 27.14 26.775 26.64 26.445 26.348 26.308 26.283 26.318
29.515 29.268 28.913 28.538 28.283 28.163 27.97 27.925 27.868 27.748 27.695 27.63 27.62 27.64 27.643 27.628 27.645 27.78 27.503 27.275 27.013 27.02 27.6 27.483 27.23 27.63 27.575 27.178 26.775 26.865 26.743 26.523 26.373 26.45 26.663 26.67 26.623 26.67 26.645 26.473 26.573 26.193 26.213 26.298 26.728 26.693 26.285 26.233 26.188 26.875 27.06 27.593 26.188 26.393 26.558 26.685 26.633 26.698 26.518 27.165 27.193 27.138 27.13 26.763 26.5 26.498 26.298 26.23 26.283 26.29 26.315
29.485 29.235 28.98 28.668 28.388 28.233 27.93 27.858 27.765 27.675 27.63 27.578 27.573 27.553 27.553 27.568 27.565 27.528 27.735 27.065 26.223 26.268 27.08 27.118 27.473 26.745 27.533 27.445 26.388 26.748 26.495 26.848 26.86 27.73 26.795 26.773 26.845 26.923 27.878 26.26 31.63 26.313 26.23 26.79 26.95 30.053 26.135 26.14 31.218 28.363 26.295 26.355 26.343 26.398 26.57 27.29 26.515 26.588 27.063 27.138 27.09 27.073 26.713 26.425 26.385 26.578 26.128 26.16 26.258 26.248 26.255
29.51 29.243 29.023 28.77 28.518 28.27 27.898 27.78 27.75 27.675 27.643 27.573 27.513 27.525 27.503 27.44 27.405 27.38 27.38 26.758 26.228 26.565 26.953 28.205 28.108 26.563 26.408 26.403 26.585 26.82 26.663 26.93 26.748 26.44 26.36 26.913 26.865 26.578 27.763 26.333 28.008 26.268 26.25 26.333 26.625 26.463 41.095 43.153 29.553 28.915 26.468 26.313 26.32 26.353 26.183 26.27 26.718 27.025 27.078 27.045 27.033 26.773 26.48 26.265 26.165 26.123 26.093 26.165 26.16 26.235 26.218
29.51 29.283 29.013 28.778 28.525 28.285 27.843 27.805 27.765 27.7 27.593 27.565 27.488 27.463 27.46 27.42 27.388 27.383 27.753 27.115 27.115 27.163 27.208 26.975 27.068 26.478 26.52 26.695 26.4 26.365 26.47 26.56 26.338 30.475 26.158 26.478 31.273 26.505 26.205 26.275 26.62 26.265 27.238 26.113 29.555 29.213 32.925 26.235 27.658 26.353 26.235 27.818 26.708 26.308 26.77 26.37 27.063 28.76 26.968 26.978 26.793 26.42 26.285 26.083 26.053 26.078 26.08 26.118 26.18 26.208 26.22
29.528 29.268 28.988 28.758 28.468 28.135 27.815 27.828 27.853 27.74 27.64 27.6 27.438 27.405 27.405 27.403 27.365 27.355 27.185 27.038 27.095 27.925 26.56 27.02 26.658 26.81 26.495 26.338 26.295 26.305 26.355 26.353 26.298 26.198 26.41 26.45 26.45 26.468 26.318 26.293 26.618 29.953 27.468 26.245 26.18 26.513 26.32 26.475 26.248 31.403 26.098 26.653 26.483 26.31 26.595 27.018 27.01 26.935 26.935 26.738 26.478 26.235 26.063 26.008 26.03 26.058 26.095 26.113 26.168 26.17 26.225
29.525 29.223 28.915 28.608 28.328 27.965 27.838 27.865 27.81 27.73 27.628 27.48 27.398 27.373 27.378 27.348 27.365 27.315 27.225 27.113 27.645 30.118 26.068 26.118 26.083 26.72 26.368 26.313 26.325 26.308 26.325 26.503 26.433 26.388 26.233 26.15 26.125 26.19 26.228 26.2 28.383 26.255 27.655 29.86 26.183 26.663 26.818 26.225 25.988 28.59 26.168 26.59 26.473 26.808 27.068 26.995 26.898 26.898 26.765 26.348 26.188 26.06 25.988 26.01 26.015 26.025 26.093 26.135 26.165 26.2 26.198
29.51 29.2 28.883 28.538 28.12 27.923 27.863 27.868 27.715 27.645 27.513 27.373 27.303 27.248 27.233 27.278 27.3 27.3 27.278 27.168 27.055 26.903 26.115 25.993 25.768 26.075 26.583 26.348 26.323 26.453 26.418 26.558 26.548 26.275 26.12 26.258 28.615 26.12 26.185 26.16 26.36 26.225 26.128 26.335 26.418 26.28 26.823 28.77 26.015 26.103 27.28 26.125 26.54 26.803 26.928 26.858 26.868 26.81 26.45 26.12 25.993 25.99 25.968 26.033 26.005 26.045 26.125 26.158 26.2 26.203 26.175
29.468 29.163 28.755 28.41 27.988 27.905 27.91 27.795 27.625 27.553 27.375 27.263 27.188 27.113 27.138 27.193 27.228 27.248 27.268 27.068 26.963 26.875 26.74 26.713 25.973 25.625 26.48 27.67 26.378 26.093 26.07 26.08 26.13 26.218 26.123 26.878 33.99 29.428 26.245 26.265 26.135 26.095 26.528 26.94 27.328 29.88 26.99 26.323 26.345 26.295 26.188 26.215 26.655 26.858 26.85 26.835 26.825 26.57 26.235 31.493 25.908 25.918 25.923 25.975 26.003 26.06 26.15 26.153 26.15 26.163 26.148
29.348 29.025 28.63 28.258 27.97 27.89 27.803 27.625 27.57 27.405 27.243 27.13 27.073 27.048 27.06 27.118 27.165 27.233 27.188 27.088 26.975 26.855 26.68 26.643 26.658 26.118 25.913 26.553 28.57 26.015 28.16 26.02 26.245 26.453 26.193 26.28 26.24 26.583 26.393 26.213 26.058 26.183 26.59 26.363 34.323 41.805 30.523 26.065 26.323 25.998 26.16 26.605 26.75 26.805 26.798 26.795 26.695 26.343 25.983 25.84 25.858 25.87 25.893 25.928 25.98 26.038 26.093 26.095 26.128 26.103 26.113
29.115 28.773 28.393 28.078 27.965 27.87 27.713 27.483 27.355 27.208 27.105 27.008 26.938 26.93 27.015 27.03 27.088 27.108 27.14 27.013 26.975 26.833 26.63 26.465 26.575 26.52 25.945 26.4 27.143 29.753 31.943 26.47 26.41 26.008 25.903 25.95 26.113 26.215 26.243 26.02 25.895 25.855 26.01 26.263 28.423 32.045 31.08 26.125 25.955 26.1 26.708 26.725 26.798 26.77 26.768 26.663 26.44 26.028 25.87 25.788 25.843 25.82 25.86 25.913 25.968 26.03 26.095 26.095 26.09 26.053 26.025
28.855 28.5 28.188 28.035 27.923 27.803 27.578 27.358 27.178 27.045 26.988 26.868 26.833 26.865 26.92 27.015 27.058 27.095 27.055 26.998 26.923 26.86 26.745 26.548 26.435 26.515 26.403 27.845 28.68 29.623 26.5 26.138 25.875 25.818 25.813 26.095 26.103 29.505 26.138 25.973 25.828 25.798 25.798 25.96 26.055 25.933 25.948 25.868 26.178 26.59 26.783 26.775 26.748 26.753 26.65 26.448 26.19 25.79 25.718 25.79 25.793 25.83 25.89 25.895 25.93 25.975 26.008 26.07 26.008 25.94 25.935
28.558 28.278 28.13 27.958 27.855 27.68 27.445 27.298 27.063 26.868 26.81 26.77 26.725 26.768 26.865 26.908 26.955 27.02 27.01 26.918 26.843 26.823 26.618 26.55 26.455 26.375 26.6 28.685 25.635 28.005 26.245 25.89 25.83 25.815 25.815 26.148 26.148 26.19 26.155 26.075 25.89 30.585 35.803 28.113 26 25.975 25.86 25.85 26.468 26.758 26.76 26.738 26.758 26.665 26.545 26.228 25.878 25.678 25.695 25.703 25.77 25.813 25.883 25.898 25.903 25.925 25.925 25.945 25.918 25.868 25.863
28.335 28.215 28.075 27.865 27.708 27.56 27.353 27.128 26.933 26.735 26.685 26.66 26.653 26.695 26.76 26.823 26.853 26.958 26.965 26.888 26.763 26.653 26.575 26.465 26.403 26.308 26.313 26.418 25.448 25.958 26.133 25.87 25.818 25.823 25.915 27.345 25.843 25.983 26.035 26.09 26.115 35.61 34.72 29.888 26.038 25.865 25.805 26.275 26.755 26.71 26.69 26.725 26.69 26.653 26.368 25.89 25.635 25.6 25.598 25.675 25.77 25.815 25.828 25.863 25.87 25.855 25.855 25.85 25.845 25.84 25.86
28.285 28.19 27.973 27.798 27.625 27.423 27.21 27.01 26.773 26.618 26.565 26.555 26.548 26.6 26.668 26.75 26.79 26.883 26.9 26.833 26.723 26.625 26.525 26.453 26.36 26.29 26.565 26.698 26.838 25.403 26.938 26.023 25.875 25.895 28.103 30.768 25.758 25.955 26.01 25.94 26 27.823 25.805 25.858 25.858 25.765 26.158 27.218 26.68 26.625 26.66 26.653 26.673 27.303 26.178 33.323 25.448 25.393 25.433 25.638 25.745 25.785 25.823 25.863 25.883 25.86 25.835 25.81 25.805 25.835 25.823
28.253 28.07 27.883 27.698 27.503 27.215 27.035 26.85 26.6 26.48 26.445 26.46 26.458 26.55 26.603 26.653 26.765 26.808 26.825 26.735 26.645 26.588 26.493 26.393 26.325 26.213 26.12 26.08 30.75 30.615 29.668 27.59 26.01 25.743 26.21 25.735 25.54 25.628 25.973 25.848 25.885 25.928 25.835 25.783 25.785 26.118 26.558 26.668 26.643 26.618 26.683 26.648 26.478 25.903 25.443 29.418 33.255 28.608 27.7 25.65 25.673 25.763 25.81 25.848 25.858 25.843 25.798 25.825 25.798 25.788 25.81
28.145 27.955 27.778 27.488 27.255 27.08 26.833 26.635 26.44 26.345 26.335 26.353 26.373 26.455 26.535 26.598 26.675 26.725 26.7 26.665 26.588 26.513 26.443 26.325 26.238 26.138 27.325 25.945 25.95 26.018 26.035 26.56 25.783 25.69 25.57 25.505 25.658 27.193 26.028 25.895 25.895 27.808 25.868 25.74 25.815 26.47 26.633 26.633 26.598 26.63 26.673 26.533 25.828 32.93 25.178 25.133 27.47 29.318 31.16 25.945 28.173 25.628 25.708 25.813 25.835 25.803 25.765 25.763 25.753 25.755 25.828
38.488 27.768 27.486 27.166 27.028 26.808 26.573 26.333 26.208 26.208 26.228 26.248 26.286 26.378 26.411 26.518 26.571 26.606 26.616 26.553 26.516 26.446 26.353 26.278 26.123 26.001 25.871 25.801 25.801 25.876 25.941 27.278 30.153 25.466 25.506 25.536 25.523 26.958 26.916 25.841 25.733 25.701 27.701 26.796 26.393 26.653 26.625 26.57 26.593 26.603 26.54 25.948 25.718 28.16 25.578 25.135 25.125 25.128 25.128 26.025 25.445 25.235 26.258 29.11 25.813 25.703 25.7 25.68 25.713 25.78 25.845
29.183 27.393 27.028 26.878 26.671 26.443 26.278 26.123 26.058 26.066 26.093 26.171 26.178 26.246 26.296 26.388 26.453 26.491 26.501 26.441 26.386 26.311 26.226 26.113 25.936 25.813 25.766 25.728 25.671 25.628 25.571 26.073 25.341 25.281 25.493 25.561 25.576 25.761 25.591 25.551 26.788 25.643 25.748 26.308 26.626 26.66 26.595 26.593 26.548 26.428 26.06 25.678 25.483 26.535 27.308 27.918 25.358 25.128 25.145 31.88 26.615 26.618 25.375 25.69 25.683 25.558 25.545 25.61 25.758 25.858 25.858
31.758 27.916 26.856 26.583 26.313 26.116 26.033 25.961 25.911 25.911 25.983 26.036 26.021 26.071 26.138 26.188 26.298 26.343 26.338 26.283 26.253 26.131 25.996 25.846 25.806 25.668 25.671 25.643 25.591 25.578 25.521 27.253 25.758 25.108 25.436 25.706 25.591 25.513 25.463 26.196 25.643 25.596 26.236 26.558 26.668 26.615 26.585 26.57 26.483 26.195 25.74 25.47 25.615 25.798 29.135 28.988 25.368 25.973 25.825 26.183 26.66 25.135 25.938 27.283 27.915 26.898 25.345 25.54 25.68 25.825 25.88
31.228 29.133 26.523 26.183 25.983 25.853 25.821 25.766 25.758 25.791 25.788 25.806 25.818 25.781 25.776 25.836 25.936 26.001 26.123 26.001 25.943 25.856 25.798 25.721 25.586 25.553 25.558 25.571 25.596 25.568 25.453 25.553 25.871 25.186 25.113 25.623 25.598 26.016 25.458 28.916 26.698 25.711 26.491 26.578 26.591 26.57 26.535 26.488 26.273 25.735 25.588 25.343 25.59 31.253 25.585 32.143 28.67 25.468 25.648 29.588 25.703 25.908 25.14 28.288 29.018 30.213 25.27 25.235 25.82 25.843 25.903
26.653 30.856 26.013 25.823 25.726 25.681 25.626 25.613 25.606 25.628 25.641 25.621 25.651 25.636 25.643 25.706 25.728 25.768 25.803 25.768 25.728 25.666 25.621 25.588 25.543 25.508 25.546 25.516 25.511 25.518 25.463 25.443 25.723 25.853 26.401 25.293 25.588 25.506 25.468 26.843 25.561 26.141 26.511 26.518 26.516 26.53 26.448 26.29 25.788 26.318 25.478 25.763 33.633 39.01 34.843 29.313 25.183 25.588 25.575 25.558 28.9 26.2 25.415 27.388 29.588 28 25.168 25.173 25.715 25.898 25.975
29.083 26.373 25.671 25.603 25.596 25.546 25.501 25.506 25.591 25.556 25.558 25.533 25.546 25.481 25.501 25.523 25.543 25.576 25.556 25.531 25.503 25.526 25.533 25.496 25.466 25.521 25.496 25.516 25.516 25.488 25.488 25.426 25.438 25.621 25.736 24.961 25.556 26.001 26.463 25.496 25.943 26.456 26.493 26.466 26.481 26.445 26.325 26.678 25.563 25.535 26.413 25.335 29.175 34.853 28.593 25.03 25.71 25.765 25.783 25.79 28.315 25.628 25.455 25.568 25.365 25.185 25.188 25.17 25.18 25.53 25.875
25.801 25.546 25.368 25.386 25.393 25.373 25.393 25.388 25.446 25.468 25.441 25.446 25.438 25.373 25.331 25.363 25.416 25.418 25.383 25.408 25.433 25.471 25.468 25.438 25.508 25.468 25.411 25.443 25.453 25.471 25.493 25.441 26.086 25.351 26.111 25.418 27.918 25.898 26.996 25.841 26.461 26.473 26.451 26.441 26.396 26.323 26.3 25.933 25.323 25.438 25.325 27.218 29.513 28.118 26.753 25.285 25.75 25.705 25.773 25.813 25.875 25.975 26.715 25.548 25.583 25.51 25.278 25.185 26.773 27.15 25.375
25.508 25.378 25.171 25.196 25.241 25.241 25.233 25.223 25.296 25.328 25.328 25.353 25.341 25.291 25.243 25.246 25.293 25.338 25.311 25.316 25.353 25.431 25.408 25.368 25.423 25.356 25.378 25.443 25.433 25.456 25.466 25.458 25.401 27.408 25.401 25.843 25.173 24.876 25.518 26.148 26.428 26.458 26.433 26.406 26.333 26.158 25.775 25.333 25.37 25.478 25.293 25.033 29.285 25.025 26.448 25.715 25.76 25.768 25.843 25.89 25.928 25.97 26.008 26.213 25.473 25.575 25.598 25.475 26.058 30.888 25.2
25.261 25.171 25.136 25.133 25.161 25.186 25.186 25.131 25.221 25.263 25.281 25.278 25.271 25.226 25.218 25.201 25.191 25.266 25.213 25.256 25.321 25.343 25.306 25.351 25.321 25.293 25.361 25.416 25.383 25.416 25.421 25.431 25.413 25.636 25.283 25.273 25.341 24.873 25.923 26.383 26.436 26.451 26.431 26.331 26.368 25.933 25.358 25.178 25.375 25.765 28.91 27.553 28.193 25.013 25.715 25.718 25.753 25.808 25.89 25.928 25.958 25.998 25.938 25.658 29.388 25.655 25.695 25.733 25.498 25.19 27.97
25.043 24.988 25.056 25.063 25.126 25.138 25.133 25.128 25.118 25.153 25.218 25.218 25.201 25.166 25.166 25.163 25.166 25.161 25.203 25.251 25.261 25.283 25.251 25.298 25.318 25.308 25.361 25.406 25.391 25.386 25.426 25.416 25.426 25.386 25.421 25.233 25.476 25.331 26.338 26.388 26.413 26.431 26.356 26.296 26.376 25.413 25.843 25.22 27.583 25.315 26.488 24.99 24.99 25.013 25.698 25.7 25.753 25.795 25.933 25.938 25.98 25.978 25.955 25.978 25.965 26.388 25.653 25.948 25.715 25.568 26.27
24.953 24.941 24.933 24.991 24.991 25.038 25.051 25.076 25.076 25.088 25.126 25.148 25.191 25.111 25.133 25.126 25.103 25.106 25.156 25.186 25.221 25.251 25.241 25.271 25.276 25.291 25.336 25.363 25.371 25.361 25.386 25.411 25.446 25.453 25.396 25.408 25.901 26.421 26.363 26.341 26.368 26.366 26.258 26.106 26.078 25.258 25.138 25.063 30.23 28.103 26.68 29.308 26.055 26.33 25.71 25.74 25.793 25.873 25.888 25.9 25.925 25.925 25.91 25.923 25.998 26.045 25.988 27.133 26.503 26.293 26
24.933 24.891 24.886 24.911 24.918 24.991 25.011 25.036 25.033 25.006 25.038 25.106 25.078 25.106 25.101 25.078 25.048 25.138 25.106 25.148 25.176 25.191 25.211 25.198 25.226 25.281 25.273 25.311 25.356 25.358 25.373 25.428 25.488 25.478 25.406 25.801 26.311 26.351 26.301 26.328 26.321 26.238 26.141 25.718 25.753 25.195 27.74 25.97 24.835 24.903 27.61 25.768 25.63 25.643 25.733 25.798 25.86 25.853 25.88 25.893 25.91 25.875 25.908 25.923 25.963 25.998 26.033 26.018 26.028 26.033 26.1
24.926 24.883 24.858 24.898 24.888 24.926 24.971 24.998 24.991 24.968 24.961 25.053 25.026 25.021 25.003 25.013 25.033 25.046 25.036 25.098 25.146 25.171 25.258 25.188 25.196 25.286 25.293 25.341 25.383 25.343 25.423 25.466 25.506 25.468 25.616 26.131 26.388 26.321 26.281 26.298 26.243 32.081 25.956 25.341 25.201 25.283 27.19 29.165 24.84 25.468 24.898 25.548 25.593 25.678 25.783 25.823 25.835 25.818 25.85 25.895 25.918 25.88 25.9 25.95 25.97 26.013 26.045 26.025 26.065 26.093 26.1
24.911 24.866 24.843 24.821 24.858 24.846 24.928 25.038 24.983 24.948 24.938 24.956 24.921 24.963 24.956 24.998 24.988 25.003 25.038 25.081 25.128 25.138 25.206 25.208 25.258 25.273 25.296 25.358 25.323 25.383 25.376 25.458 25.408 25.546 26.093 26.281 26.348 26.296 26.301 26.308 26.186 33.856 29.251 25.261 25.251 27.42 28.09 30.138 33.048 28.575 25.495 25.538 25.6 25.698 25.788 25.81 25.818 25.835 25.865 25.81 25.86 25.863 25.875 25.93 25.973 25.96 26.015 26.075 26.143 26.15 26.113
