Matlab/Roost_data/braunton/dsm/ss4935_DSM_2M.asc
ncols 500
nrows 500
xllcorner    249000
yllcorner    135000
cellsize     2
NODATA_value -9999
[rows 64 to 95 of 500, columns 288 to 359 of 500]
10.026 9.941 9.998 10.168 11.263 10.828 10.178 10.238 10.276 10.388 10.441 10.486 10.538 10.593 10.633 10.681 10.736 10.801 10.833 10.886 10.966 10.941 11.008 11.041 11.093 11.151 11.221 11.298 11.346 11.401 11.456 11.511 11.511 11.538 11.588 11.633 11.671 11.721 11.788 11.836 11.891 11.948 12.006 12.076 12.146 12.206 12.268 12.301 12.268 11.988 12.936 13.203 12.868 13.541 13.046 13.546 13.621 13.661 13.696 13.721 13.741 13.778 13.801 13.836 13.863 13.876 13.881 13.911 13.798 14.028 14.203 14.396
9.938 9.991 10.303 10.471 10.433 10.181 10.211 10.313 10.351 10.408 10.433 10.496 10.568 10.626 10.676 10.703 10.773 10.823 10.848 10.898 10.923 10.958 11.023 11.061 11.136 11.178 11.248 11.348 11.371 11.443 11.481 11.523 11.571 11.606 11.658 11.686 11.718 11.758 11.806 11.841 11.923 11.986 12.036 12.128 12.208 12.266 12.346 12.386 12.321 12.376 12.371 13.431 13.246 15.173 13.146 13.371 13.568 13.661 13.681 13.706 13.741 13.766 13.803 13.831 13.851 13.886 13.913 13.941 14.141 14.238 14.398 14.446
9.986 10.786 10.531 10.063 10.188 10.171 10.271 10.323 10.371 10.461 10.493 10.536 10.591 10.646 10.693 10.728 10.801 10.858 10.896 10.916 10.948 11.023 11.041 11.123 11.201 11.268 11.303 11.371 11.421 11.491 11.513 11.571 11.623 11.651 11.713 11.738 11.758 11.813 11.846 11.891 11.941 12.033 12.078 12.146 12.211 12.281 12.356 12.411 12.453 12.498 12.583 12.151 13.596 16.488 13.433 13.613 13.606 13.618 13.673 13.691 13.721 13.753 13.791 13.816 13.846 13.883 13.916 13.936 13.973 14.348 14.471 14.448
10.768 10.113 10.103 10.156 10.231 10.316 10.336 10.388 10.466 10.511 10.536 10.606 10.638 10.708 10.703 10.818 10.838 10.896 10.943 10.966 11.026 11.051 11.136 11.168 11.211 11.286 11.366 11.406 11.466 11.508 11.593 11.631 11.658 11.711 11.741 11.773 11.813 11.826 11.858 11.933 11.988 12.053 12.128 12.171 12.241 12.301 12.388 12.436 12.493 12.538 12.611 12.641 12.763 14.488 13.598 13.736 13.723 13.663 13.623 13.686 13.713 13.753 13.786 13.816 13.853 13.888 13.913 13.941 13.973 13.996 14.478 14.513
10.258 10.041 10.111 10.186 10.313 10.293 10.388 10.461 10.501 10.556 10.613 10.668 10.678 10.741 10.806 10.873 10.888 10.926 11.008 11.038 11.086 11.138 11.186 11.231 11.288 11.353 11.401 11.458 11.516 11.573 11.608 11.663 11.716 11.766 11.796 11.836 11.863 11.886 11.908 11.966 12.026 12.078 12.131 12.183 12.241 12.323 12.431 12.453 12.501 12.568 12.638 12.713 12.608 12.703 15.428 16.111 14.128 13.796 13.703 14.296 13.701 13.738 13.776 13.808 13.843 13.873 13.898 13.928 13.976 15.753 14.503 14.991
9.998 10.073 10.123 10.233 10.286 10.363 10.438 10.466 10.523 10.598 10.681 10.751 10.831 10.853 10.918 10.953 10.943 11.016 11.051 11.093 11.178 11.191 11.268 11.336 11.378 11.421 11.458 11.528 11.546 11.633 11.683 11.716 11.743 11.791 11.838 11.888 11.901 11.943 11.993 12.038 12.076 12.113 12.171 12.211 12.256 12.316 12.391 12.501 12.538 12.621 12.678 12.706 12.696 12.516 14.446 13.551 13.801 13.838 13.903 13.803 13.658 13.723 13.776 13.816 13.833 13.851 13.901 13.933 14.123 14.431 15.201 16.286
9.983 10.048 10.151 10.201 10.316 10.371 10.428 10.473 10.543 10.653 10.746 10.811 10.898 10.936 10.953 10.976 11.048 11.091 11.121 11.193 11.243 11.291 11.346 11.418 11.483 11.496 11.581 11.593 11.631 11.696 11.696 11.733 11.796 11.823 11.878 11.918 11.956 12.021 12.038 12.083 12.126 12.171 12.208 12.246 12.303 12.343 12.418 12.493 12.586 12.671 12.726 12.808 12.833 12.673 12.758 14.291 15.213 14.563 13.858 13.871 13.876 13.708 13.768 13.796 13.816 13.846 13.866 13.971 14.398 14.588 15.373 15.613
10.031 10.066 10.148 10.236 10.333 10.406 10.448 10.463 10.528 10.691 10.736 10.833 10.901 10.961 10.988 11.048 11.128 11.148 11.208 11.283 11.326 11.381 11.436 11.481 11.528 11.613 11.638 11.651 11.721 11.733 11.783 11.808 11.831 11.888 11.926 11.973 11.993 12.046 12.086 12.126 12.186 12.228 12.253 12.278 12.353 12.391 12.458 12.518 12.643 12.738 12.813 12.908 12.926 12.941 12.836 13.768 13.991 13.888 13.938 13.931 14.031 14.141 14.058 13.798 13.813 13.823 13.866 14.413 14.588 16.603 15.883 16.273
10.048 10.136 10.236 10.286 10.391 10.473 10.548 10.563 10.636 10.678 10.751 10.841 10.918 10.918 11.013 11.051 11.108 11.188 11.251 11.353 11.416 11.456 11.511 11.566 11.636 11.663 11.736 11.751 11.768 11.788 11.833 11.871 11.896 11.916 11.966 12.023 12.058 12.101 12.136 12.211 12.221 12.271 12.311 12.346 12.401 12.416 12.471 12.546 12.668 12.778 12.886 12.953 13.008 13.128 13.153 13.346 14.536 14.488 14.236 13.713 13.966 15.021 14.591 14.226 13.798 13.808 14.351 14.491 14.941 15.776 19.571 16.571
10.111 10.168 10.271 10.373 10.503 10.563 10.583 10.666 10.703 10.783 10.841 10.868 10.918 10.996 11.018 11.068 11.141 11.223 11.291 11.383 11.451 11.551 11.581 11.631 11.658 11.718 11.768 11.798 11.843 11.838 11.883 11.928 11.941 11.993 12.041 12.076 12.083 12.158 12.191 12.241 12.283 12.313 12.356 12.406 12.446 12.483 12.511 12.603 12.698 12.813 12.931 13.028 13.108 13.208 13.326 13.411 13.528 13.678 13.803 13.913 13.958 14.341 14.773 14.888 14.271 14.266 14.411 15.283 15.776 15.793 15.941 15.548
10.128 10.246 10.361 10.451 10.513 10.591 10.663 10.758 10.793 10.868 10.913 10.953 10.981 11.021 11.058 11.128 11.178 11.228 11.343 11.398 11.461 11.553 11.603 11.671 11.726 11.783 11.846 11.853 11.901 11.931 11.933 11.986 12.036 12.061 12.078 12.123 12.156 12.208 12.261 12.301 12.346 12.396 12.426 12.466 12.526 12.581 12.603 12.693 12.761 12.841 12.981 13.126 13.208 13.306 13.466 13.636 13.766 13.903 13.996 14.106 14.206 14.348 14.493 14.951 15.328 15.221 16.738 14.781 15.393 15.341 15.403 15.563
10.176 10.271 10.398 10.483 10.593 10.651 10.691 10.771 10.858 10.918 10.968 11.001 11.101 11.121 11.176 11.231 11.236 11.288 11.338 11.411 11.488 11.548 11.618 11.696 11.748 11.808 11.846 11.923 11.971 11.998 12.018 12.056 12.091 12.136 12.166 12.213 12.221 12.263 12.283 12.343 12.398 12.426 12.493 12.528 12.606 12.676 12.688 12.758 12.848 12.938 13.036 13.181 13.321 13.463 13.643 13.811 13.961 14.101 14.233 14.373 14.416 14.526 14.673 14.853 16.453 16.191 16.143 15.283 15.123 15.278 15.458 16.196
10.183 10.283 10.411 10.523 10.591 10.643 10.746 10.793 10.896 10.963 10.976 11.083 11.156 11.186 11.243 11.283 11.328 11.361 11.426 11.443 11.516 11.573 11.638 11.706 11.776 11.833 11.881 11.971 11.991 12.053 12.068 12.141 12.143 12.181 12.256 12.256 12.288 12.323 12.341 12.416 12.443 12.496 12.563 12.593 12.671 12.753 12.811 12.878 12.928 13.018 13.133 13.256 13.436 13.626 13.788 13.996 14.116 14.221 14.401 14.523 14.583 14.683 14.768 14.946 15.011 15.043 15.046 15.086 15.128 15.443 16.573 16.928
10.211 10.333 10.436 10.541 10.641 10.708 10.748 10.823 10.898 10.958 11.063 11.108 11.178 11.216 11.288 11.333 11.388 11.406 11.448 11.516 11.576 11.611 11.658 11.733 11.791 11.828 11.916 11.968 12.031 12.083 12.161 12.181 12.233 12.263 12.288 12.331 12.361 12.388 12.431 12.468 12.531 12.563 12.616 12.691 12.741 12.818 12.906 12.963 13.043 13.121 13.241 13.408 13.638 13.776 13.931 14.081 14.246 14.381 14.503 14.603 14.743 14.798 14.913 15.021 15.068 15.036 15.066 15.183 15.301 16.516 16.696 16.578
10.256 10.361 10.521 10.588 10.656 10.723 10.793 10.868 10.941 10.993 11.101 11.143 11.198 11.238 11.316 11.366 11.441 11.471 11.521 11.571 11.623 11.666 11.703 11.731 11.778 11.841 11.911 11.996 12.073 12.121 12.206 12.226 12.263 12.318 12.336 12.376 12.421 12.453 12.506 12.541 12.603 12.633 12.711 12.741 12.801 12.896 12.983 13.043 13.143 13.243 13.416 13.586 13.766 13.966 14.116 14.263 14.363 14.503 14.598 14.723 14.811 14.931 15.023 15.108 15.183 15.151 15.273 16.206 14.786 16.473 16.511 16.696
10.278 10.388 10.533 10.621 10.698 10.751 10.806 10.893 10.961 11.028 11.098 11.186 11.223 11.291 11.346 11.411 11.466 11.528 11.588 11.643 11.666 11.706 11.758 11.773 11.843 11.881 11.981 11.996 12.066 12.136 12.221 12.243 12.311 12.368 12.383 12.438 12.476 12.503 12.548 12.611 12.668 12.731 12.773 12.818 12.921 12.968 13.076 13.151 13.256 13.421 13.568 13.751 13.936 14.103 14.238 14.356 14.461 14.586 14.708 14.836 14.943 15.008 15.136 15.203 15.268 15.341 15.196 14.608 21.843 16.408 16.648 16.863
10.353 10.423 10.546 10.668 10.728 10.791 10.851 10.933 10.998 11.063 11.153 11.218 11.281 11.331 11.378 11.438 11.506 11.581 11.643 11.688 11.716 11.766 11.818 11.858 11.926 11.933 11.986 12.031 12.071 12.131 12.203 12.278 12.353 12.411 12.431 12.471 12.556 12.583 12.628 12.696 12.743 12.771 12.851 12.906 12.988 13.053 13.138 13.236 13.388 13.561 13.711 13.928 14.073 14.211 14.321 14.448 14.578 14.683 14.803 14.933 15.021 15.136 15.198 15.301 15.348 15.278 14.628 14.913 16.581 16.581 16.788 17.001
10.393 10.486 10.623 10.691 10.773 10.818 10.901 10.963 11.061 11.113 11.171 11.273 11.321 11.361 11.431 11.516 11.563 11.618 11.651 11.713 11.793 11.838 11.853 11.913 11.981 11.983 12.026 12.061 12.096 12.173 12.236 12.301 12.381 12.438 12.476 12.526 12.591 12.641 12.688 12.773 12.828 12.871 12.958 12.993 13.093 13.151 13.271 13.381 13.538 13.703 13.876 14.018 14.166 14.288 14.413 14.508 14.636 14.758 14.881 15.001 15.113 15.226 15.301 15.306 15.018 14.648 15.606 16.611 16.521 16.686 16.943 17.186
10.433 10.526 10.686 10.733 10.786 10.891 10.936 11.041 11.073 11.146 11.238 11.318 11.386 11.426 11.478 11.556 11.583 11.646 11.696 11.793 11.828 11.888 11.913 11.993 11.993 12.028 12.098 12.118 12.141 12.188 12.266 12.321 12.441 12.473 12.531 12.576 12.651 12.703 12.761 12.828 12.906 12.981 13.056 13.093 13.188 13.276 13.413 13.556 13.693 13.873 13.998 14.158 14.276 14.393 14.508 14.636 14.718 14.826 14.923 15.048 15.193 15.251 15.233 14.981 14.583 18.498 17.783 16.441 16.608 16.861 17.106 17.326
10.483 10.571 10.666 10.758 10.853 10.896 10.983 11.076 11.163 11.193 11.291 11.341 11.436 11.523 11.568 11.601 11.631 11.736 11.778 11.833 11.893 11.911 11.991 12.056 12.073 12.108 12.146 12.168 12.208 12.243 12.288 12.346 12.438 12.481 12.568 12.628 12.698 12.746 12.811 12.888 12.971 13.051 13.163 13.216 13.351 13.403 13.548 13.698 13.863 13.991 14.108 14.248 14.348 14.493 14.566 14.683 14.796 14.881 14.988 15.108 15.216 15.213 15.213 14.581 15.956 16.586 16.381 16.503 16.791 17.041 17.248 17.433
10.503 10.586 10.688 10.806 10.881 10.946 11.013 11.091 11.161 11.263 11.326 11.388 11.471 11.558 11.603 11.666 11.711 11.768 11.811 11.878 11.943 11.986 12.063 12.061 12.126 12.176 12.238 12.243 12.263 12.291 12.338 12.378 12.433 12.498 12.576 12.641 12.723 12.801 12.876 12.971 13.071 13.141 13.228 13.308 13.433 13.558 13.716 13.841 13.978 14.093 14.211 14.318 14.406 14.521 14.653 14.736 14.818 14.923 15.048 15.133 15.126 15.103 14.623 16.906 16.658 16.256 16.431 16.701 16.988 17.158 17.358 17.501
10.521 10.633 10.738 10.826 10.903 10.976 11.071 11.168 11.228 11.298 11.391 11.438 11.516 11.583 11.631 11.708 11.768 11.818 11.863 11.946 12.008 12.056 12.111 12.133 12.193 12.258 12.296 12.316 12.328 12.353 12.381 12.463 12.476 12.508 12.578 12.661 12.763 12.831 12.941 13.023 13.146 13.216 13.306 13.441 13.586 13.726 13.836 13.951 14.066 14.188 14.268 14.396 14.466 14.606 14.691 14.788 14.903 15.008 15.073 15.056 15.066 14.721 16.083 16.151 16.161 16.341 16.611 16.898 17.078 17.261 17.428 17.558
10.561 10.653 10.776 10.898 10.946 11.006 11.091 11.178 11.248 11.371 11.418 11.511 11.563 11.633 11.731 11.771 11.806 11.871 11.936 12.013 12.053 12.118 12.156 12.211 12.238 12.338 12.356 12.398 12.426 12.451 12.468 12.496 12.516 12.563 12.641 12.676 12.748 12.878 12.971 13.053 13.196 13.318 13.421 13.558 13.688 13.808 13.961 14.051 14.138 14.233 14.343 14.451 14.563 14.653 14.753 14.861 14.966 15.028 14.996 14.638 14.976 15.766 16.581 16.068 16.253 16.536 16.808 17.008 17.171 17.333 17.483 17.656
10.686 10.703 10.798 10.893 10.988 11.053 11.111 11.213 11.318 11.391 11.481 11.583 11.626 11.708 11.788 11.808 11.888 11.926 12.001 12.073 12.118 12.178 12.208 12.258 12.306 12.356 12.408 12.461 12.498 12.531 12.546 12.578 12.611 12.686 12.701 12.728 12.803 12.876 12.988 13.061 13.196 13.371 13.518 13.653 13.766 13.903 14.026 14.108 14.196 14.311 14.433 14.521 14.623 14.723 14.808 14.911 15.006 14.978 15.016 14.746 15.626 16.513 15.991 16.183 16.436 16.678 16.893 17.081 17.261 17.396 17.558 17.736
10.681 10.761 10.851 10.956 10.996 11.096 11.181 11.316 11.358 11.443 11.493 11.578 11.668 11.743 11.848 11.878 11.933 11.991 12.086 12.163 12.206 12.231 12.276 12.336 12.388 12.423 12.476 12.513 12.576 12.588 12.628 12.668 12.706 12.746 12.806 12.803 12.863 12.911 12.978 13.076 13.228 13.418 13.581 13.731 13.846 13.973 14.078 14.171 14.273 14.406 14.488 14.596 14.683 14.786 14.881 14.961 14.991 14.953 14.438 15.673 16.193 15.901 16.101 16.351 16.598 16.816 17.001 17.141 17.301 17.448 17.638 17.821
10.711 10.788 10.871 10.991 11.076 11.161 11.236 11.318 11.401 11.481 11.586 11.628 11.708 11.801 11.856 11.943 11.986 12.053 12.161 12.198 12.256 12.306 12.341 12.388 12.428 12.473 12.533 12.581 12.621 12.648 12.688 12.741 12.801 12.843 12.878 12.908 12.916 12.978 13.043 13.113 13.241 13.456 13.621 13.786 13.908 14.038 14.138 14.238 14.346 14.461 14.566 14.648 14.756 14.848 14.928 14.933 14.811 14.431 16.206 16.381 15.813 16.026 16.253 16.506 16.708 16.881 17.061 17.183 17.348 17.523 17.698 17.928
10.748 10.826 10.931 11.028 11.113 11.213 11.296 11.371 11.481 11.548 11.613 11.703 11.793 11.851 11.913 11.983 12.061 12.111 12.191 12.268 12.323 12.363 12.428 12.466 12.503 12.573 12.596 12.641 12.668 12.716 12.763 12.838 12.883 12.918 12.968 12.988 13.046 13.081 13.141 13.191 13.316 13.473 13.641 13.793 13.943 14.071 14.193 14.308 14.431 14.513 14.618 14.726 14.813 14.888 14.896 14.738 14.431 15.443 15.938 15.741 15.963 16.193 16.413 16.606 16.788 16.931 17.091 17.256 17.443 17.586 17.778 17.991
10.786 10.876 10.968 11.088 11.176 11.276 11.346 11.456 11.508 11.603 11.706 11.761 11.866 11.906 11.966 12.056 12.118 12.203 12.268 12.308 12.368 12.428 12.478 12.528 12.588 12.638 12.671 12.713 12.758 12.813 12.836 12.901 12.946 13.003 13.061 13.083 13.106 13.193 13.233 13.321 13.378 13.528 13.646 13.788 13.943 14.083 14.233 14.363 14.473 14.571 14.663 14.791 14.861 14.888 14.773 14.456 15.246 16.068 15.681 15.901 16.113 16.328 16.501 16.683 16.818 16.976 17.133 17.308 17.508 17.678 17.891 18.123
10.843 10.926 11.033 11.131 11.243 11.343 11.406 11.486 11.571 11.651 11.733 11.846 11.931 11.978 12.073 12.153 12.178 12.241 12.301 12.378 12.416 12.473 12.526 12.588 12.631 12.696 12.756 12.773 12.826 12.871 12.918 12.978 13.021 13.078 13.113 13.166 13.226 13.261 13.376 13.436 13.493 13.588 13.686 13.813 13.966 14.128 14.248 14.388 14.491 14.611 14.761 14.868 14.858 14.676 14.748 15.533 15.671 15.608 15.853 16.066 16.266 16.416 16.586 16.708 16.851 17.001 17.176 17.353 17.586 17.763 17.993 18.246
10.903 11.028 11.098 11.191 11.293 11.336 11.473 11.538 11.628 11.721 11.783 11.888 11.966 12.038 12.138 12.191 12.243 12.308 12.416 12.443 12.501 12.533 12.588 12.636 12.703 12.766 12.788 12.833 12.916 12.956 13.011 13.051 13.101 13.151 13.193 13.261 13.306 13.386 13.441 13.526 13.611 13.696 13.786 13.903 14.023 14.166 14.288 14.423 14.568 14.741 14.851 14.808 14.758 14.371 15.178 15.553 15.543 15.758 15.988 16.201 16.353 16.476 16.616 16.771 16.896 17.068 17.271 17.451 17.656 17.873 18.101 18.286
10.923 11.033 11.103 11.211 11.308 11.433 11.513 11.616 11.701 11.786 11.863 11.963 12.031 12.106 12.166 12.251 12.318 12.393 12.443 12.456 12.538 12.606 12.641 12.713 12.771 12.813 12.858 12.896 12.953 13.026 13.101 13.123 13.191 13.238 13.288 13.331 13.376 13.478 13.566 13.621 13.706 13.788 13.893 13.981 14.128 14.233 14.343 14.498 14.698 14.801 14.736 14.531 14.868 15.888 15.731 15.481 15.718 15.913 16.136 16.296 16.418 16.533 16.663 16.821 16.976 17.113 17.301 17.536 17.738 17.988 18.168 18.398
10.953 11.031 11.166 11.258 11.343 11.466 11.563 11.676 11.746 11.821 11.918 12.003 12.096 12.181 12.213 12.301 12.361 12.441 12.483 12.541 12.611 12.666 12.731 12.768 12.833 12.873 12.918 12.971 13.016 13.071 13.156 13.213 13.263 13.316 13.396 13.413 13.498 13.568 13.641 13.733 13.808 13.908 14.021 14.123 14.218 14.318 14.478 14.611 14.721 14.648 14.411 14.666 15.041 16.196 15.381 15.626 15.826 16.036 16.203 16.323 16.451 16.571 16.683 16.861 17.013 17.223 17.431 17.603 17.803 18.026 18.251 18.501
