Matlab/Roost_data/braunton/dsm/ss4940_DSM_2M.asc
ncols 500
nrows 500
xllcorner    249000
yllcorner    140000
cellsize     2
NODATA_value -9999
[rows 155 to 185 of 500, columns 350 to 419 of 500]
106.242 105.989 106.697 108.397 107.579 107.292 107.597 108.734 109.254 107.657 107.899 107.654 108.124 107.777 107.952 107.859 107.637 107.612 107.487 107.524 107.772 107.632 108.122 108.109 107.884 107.994 107.949 107.764 107.787 107.832 107.967 108.202 108.154 107.822 108.017 108.012 107.742 107.659 107.804 107.759 107.902 107.669 107.447 107.469 107.419 107.229 107.014 107.057 107.012 107.112 107.099 107.137 106.779 106.889 106.799 106.714 106.654 106.609 106.719 106.727 106.504 106.392 106.212 106.529 106.399 105.767 105.034 104.319 104.269 104.222
105.832 105.637 106.792 107.872 107.239 107.274 107.264 110.002 109.022 107.269 107.389 107.539 107.422 107.437 107.604 107.527 107.489 107.422 107.434 107.409 107.319 107.544 107.537 107.777 107.439 107.387 107.472 107.382 107.479 107.472 107.769 107.847 107.827 107.632 107.612 107.602 107.512 107.452 107.554 107.527 107.502 107.344 107.194 107.009 107.032 106.874 106.744 106.662 106.654 106.914 106.779 106.562 106.404 106.459 106.452 106.267 106.302 106.342 106.334 106.269 106.212 105.909 105.982 106.252 105.704 105.432 105.367 104.514 104.052 104.037
105.479 105.302 106.529 107.264 106.962 106.884 107.492 108.227 108.334 107.012 107.074 107.147 107.239 107.222 107.089 107.102 107.074 107.172 107.209 107.239 107.087 107.319 107.169 107.257 107.627 107.302 107.047 107.039 107.124 107.102 107.369 107.514 107.382 107.264 107.199 107.187 107.037 107.029 107.152 107.214 107.209 107.107 107.002 106.634 106.554 106.604 106.492 106.579 106.409 106.567 106.489 106.352 106.169 105.982 106.042 106.177 106.164 106.039 106.074 106.067 105.797 105.834 105.807 105.997 105.457 105.744 105.937 105.359 103.962 103.822
105.099 104.989 106.299 106.982 106.697 106.722 106.159 106.179 106.742 106.797 106.909 106.957 106.704 106.857 106.817 106.687 106.902 106.924 107.027 106.919 106.877 107.129 106.957 106.739 106.992 106.997 106.734 106.889 106.987 106.832 106.844 107.079 107.009 106.924 106.744 106.809 106.867 106.684 106.714 106.999 107.049 106.937 106.619 106.587 106.332 106.217 106.224 106.022 106.149 106.429 106.034 106.089 105.802 105.674 105.779 105.807 105.727 105.859 105.722 105.489 105.297 105.394 105.239 105.237 105.189 107.447 105.747 104.702 103.709 103.659
104.727 104.579 106.037 106.984 106.897 108.279 105.947 105.794 106.292 109.112 108.422 106.797 106.482 106.577 106.564 106.399 106.544 106.582 106.514 106.469 106.627 106.699 106.664 106.567 106.799 106.537 106.504 106.539 106.552 106.622 106.607 106.659 106.519 106.454 106.564 106.419 106.544 106.367 106.489 106.862 106.749 106.727 106.569 106.387 106.247 106.069 105.949 105.859 105.964 105.812 105.832 105.667 105.592 105.482 105.607 105.444 105.379 105.297 105.249 105.139 105.027 105.007 105.019 104.899 104.782 104.624 104.317 104.089 103.444 103.429
104.382 104.322 105.789 106.672 106.467 107.634 106.187 105.482 105.952 106.124 106.357 106.392 106.152 106.219 106.182 106.219 106.382 106.362 106.484 106.502 106.479 106.162 105.984 106.089 106.224 106.324 106.419 106.319 106.459 106.199 106.182 106.427 106.352 106.319 106.324 106.152 106.207 106.352 106.379 106.579 106.297 106.557 106.372 106.162 106.184 105.982 105.739 105.657 105.554 105.654 105.529 105.387 105.472 105.379 105.107 105.137 104.967 104.937 104.784 104.857 104.839 104.997 105.077 104.909 104.732 104.479 104.254 103.884 103.229 103.277
103.992 103.987 105.274 106.154 108.159 108.299 106.977 105.257 106.549 105.592 105.814 105.957 105.844 105.874 105.892 105.914 105.834 105.887 106.044 106.232 106.077 105.727 105.824 105.817 105.932 106.027 105.949 106.072 106.217 106.199 105.892 105.882 105.927 105.914 106.172 105.924 105.954 105.974 106.087 105.967 105.854 106.047 106.099 105.967 105.892 105.647 105.559 105.432 105.407 105.277 105.269 105.207 104.989 104.949 104.852 104.664 104.577 104.567 104.514 104.562 104.794 104.872 104.619 104.744 104.332 104.109 104.019 103.179 103.122 105.679
103.654 103.602 104.839 106.012 108.514 110.317 107.837 105.429 105.692 105.284 105.519 105.564 105.439 105.652 105.592 105.652 105.527 105.692 105.749 105.754 105.804 105.577 105.679 105.662 105.807 105.674 105.779 105.769 105.759 105.727 105.577 105.804 105.647 105.884 105.902 105.989 105.904 105.534 105.717 105.759 105.512 105.632 105.592 105.689 105.477 105.387 105.444 105.222 105.207 105.072 105.024 104.909 104.739 104.749 104.602 104.427 104.399 104.244 104.262 104.319 104.572 104.392 104.392 104.217 103.879 104.059 103.017 102.784 102.934 104.262
103.254 103.254 104.992 105.877 106.149 109.387 105.379 104.907 104.812 104.827 105.182 105.137 105.192 105.114 105.264 105.314 105.279 105.224 105.447 105.477 105.424 105.427 105.427 105.749 105.669 105.394 105.494 105.647 105.529 105.539 105.454 105.679 105.599 105.707 105.697 105.809 105.539 105.349 105.374 105.409 105.344 105.307 105.574 105.532 105.354 105.237 105.014 104.907 104.867 104.802 104.769 104.669 104.452 104.409 104.429 104.272 104.414 104.012 104.014 103.982 103.987 104.112 103.852 103.692 104.809 104.379 102.497 102.707 102.897 102.957
102.947 102.984 104.537 104.949 109.204 108.252 105.537 104.832 104.707 104.644 104.699 104.892 104.899 104.819 105.039 105.022 104.982 104.907 104.942 104.964 104.977 104.949 105.047 105.119 105.084 105.044 105.009 105.014 105.102 105.317 105.369 105.432 105.399 105.459 105.499 105.534 105.249 105.114 105.137 105.237 104.939 105.217 105.267 105.242 105.189 105.124 104.744 104.679 104.614 104.474 104.594 104.299 104.187 104.192 104.072 103.869 104.052 103.827 103.942 103.899 103.797 103.929 103.484 103.352 102.857 102.277 102.499 102.692 103.334 107.739
102.607 102.842 104.204 104.479 104.907 108.647 106.192 104.827 104.642 108.527 104.607 104.519 104.662 104.669 104.659 104.654 104.647 104.714 104.764 104.807 104.659 104.954 104.662 104.732 104.744 104.684 104.629 104.839 104.869 105.014 105.189 105.092 105.229 105.222 105.362 105.254 105.047 104.869 105.082 104.964 104.792 104.852 104.917 104.929 104.899 104.642 104.544 104.494 104.584 104.114 104.007 103.979 103.992 104.022 103.912 103.809 103.737 103.639 103.629 103.692 103.644 103.467 103.139 102.642 101.824 102.867 110.459 109.619 114.267 118.177
102.319 102.549 103.919 105.637 105.139 108.564 108.222 104.489 104.209 104.162 104.082 104.057 104.309 104.354 104.324 104.322 104.364 104.412 104.439 104.529 104.554 104.594 104.334 104.484 104.487 104.319 104.402 104.529 104.692 104.909 104.867 104.829 104.962 105.004 105.014 104.717 104.499 104.664 104.702 104.794 104.662 104.497 104.557 104.579 104.324 104.087 104.279 104.252 103.944 103.967 103.812 103.609 103.589 103.469 103.549 103.332 103.294 103.122 102.987 102.984 102.992 103.007 102.464 101.534 101.584 107.024 112.522 117.397 117.399 118.259
102.039 102.434 103.519 106.544 104.844 106.442 106.224 104.257 104.024 104.294 103.807 103.887 103.944 104.027 103.942 103.962 104.132 104.299 104.219 104.074 104.294 104.379 104.389 104.244 104.114 104.054 104.194 104.202 104.509 104.669 104.637 104.429 104.617 104.692 104.702 104.369 104.407 104.594 104.524 104.569 104.589 104.147 104.077 103.984 103.884 103.732 103.752 103.879 103.779 103.654 103.704 103.427 103.344 103.212 103.099 102.927 102.747 102.724 102.519 102.374 102.292 101.929 101.314 101.182 105.637 109.777 113.602 117.807 118.267 117.682
101.722 102.279 103.327 104.189 104.019 110.189 104.349 104.044 103.644 103.904 103.694 103.524 103.434 103.662 103.589 103.582 103.737 104.697 104.712 104.017 104.374 104.117 104.269 104.002 103.907 103.822 103.967 103.997 104.044 104.224 104.322 104.187 104.257 104.369 104.309 104.054 104.302 106.054 104.042 104.077 104.059 103.934 103.752 103.604 103.602 103.562 103.439 103.529 103.647 103.592 103.427 103.184 103.239 102.984 102.832 102.784 102.629 102.477 102.277 101.942 101.679 100.737 100.782 101.647 106.792 114.332 116.909 116.442 116.947 116.679
101.409 101.972 102.982 103.129 103.174 106.204 103.212 103.712 103.464 103.487 103.444 103.284 103.199 103.159 103.337 103.379 103.452 103.454 103.499 103.732 103.789 103.902 103.807 103.852 103.657 103.647 103.692 103.757 104.064 103.897 104.037 103.777 103.784 103.949 103.787 103.677 103.874 103.719 103.702 103.502 103.357 103.374 103.429 103.477 103.399 103.444 103.417 103.339 103.282 103.192 103.134 103.134 103.082 102.934 102.722 102.357 102.064 101.719 101.657 101.207 100.389 100.609 100.807 104.967 113.522 116.132 116.724 109.637 117.292 116.294
101.097 101.739 102.524 102.444 103.049 104.657 103.884 103.377 103.117 103.214 103.862 103.314 103.057 102.959 103.187 103.242 103.037 103.317 103.547 103.252 103.342 103.437 103.722 103.732 103.519 103.414 103.362 103.487 103.567 103.459 103.302 103.469 103.619 103.687 103.529 103.422 103.547 103.354 103.302 103.174 103.099 103.172 103.279 103.392 103.192 103.199 102.987 102.944 102.807 102.784 102.857 102.812 102.662 102.562 102.357 101.769 101.527 101.229 100.919 100.107 99.989 100.332 100.702 103.522 109.967 112.117 113.467 114.567 116.207 108.247
100.749 101.574 102.984 104.472 107.379 103.124 102.309 102.934 102.697 102.894 103.177 102.997 102.822 102.702 102.704 102.837 102.679 102.749 102.769 103.122 102.912 103.172 103.364 103.404 103.402 103.322 103.127 103.067 103.159 103.129 103.102 103.354 103.552 107.424 103.439 103.234 103.164 103.149 103.089 102.992 103.004 103.054 102.979 102.972 102.862 102.979 102.714 102.504 102.474 102.312 102.344 102.134 101.969 102.002 101.807 101.157 100.772 100.479 99.649 99.549 102.207 104.162 101.472 99.847 100.244 107.232 113.164 112.634 110.832 113.919
100.432 101.347 104.234 104.859 107.007 102.204 101.977 104.789 103.762 102.434 102.677 102.929 102.642 102.557 102.359 102.359 102.332 102.307 102.534 102.557 102.559 102.927 102.857 102.822 102.889 102.882 102.934 102.809 102.892 102.992 102.829 103.237 103.262 103.074 102.989 102.919 102.809 102.774 102.729 102.727 102.714 103.307 102.697 102.582 102.499 102.394 102.207 102.124 102.142 101.874 101.707 101.567 101.599 101.367 101.072 100.777 100.212 99.207 100.177 102.952 109.249 114.224 112.429 106.059 105.574 106.404 114.927 111.812 113.584 114.054
100.164 101.664 102.997 104.727 101.537 101.519 106.707 108.604 102.392 102.097 102.334 106.314 102.382 106.059 102.344 102.002 101.837 101.969 102.139 102.257 102.479 102.587 102.497 102.394 102.417 102.589 102.599 102.597 102.684 102.859 102.919 103.232 102.862 102.822 102.842 102.614 102.614 102.544 102.392 102.354 102.562 102.589 102.492 102.387 102.297 101.952 101.969 101.912 101.659 101.422 101.164 101.044 100.892 100.682 100.284 99.832 98.982 98.722 103.679 111.272 114.639 115.992 111.007 112.859 112.589 114.287 112.764 112.449 114.407 106.989
99.844 100.917 103.267 105.062 105.617 101.214 102.779 103.342 101.722 101.842 102.034 102.014 102.174 101.979 101.824 101.664 101.524 101.592 101.752 101.807 102.062 102.084 102.194 102.062 102.202 102.372 102.569 102.249 102.292 102.324 102.597 102.672 102.692 102.579 102.314 102.194 102.299 102.329 102.117 102.199 102.304 102.194 102.132 102.042 101.767 101.769 101.524 101.547 101.324 101.087 100.797 100.622 100.224 99.982 99.522 98.499 98.419 98.642 108.172 111.964 114.967 113.707 112.037 113.482 114.142 109.427 107.094 108.024 112.674 111.822
99.579 100.859 101.699 102.167 102.057 103.647 108.119 103.477 101.552 101.699 101.559 101.614 101.682 101.624 101.567 101.514 101.317 101.272 101.287 101.359 101.584 101.869 102.024 101.919 102.022 102.219 102.012 101.902 101.937 102.057 102.112 102.152 101.949 102.134 102.209 102.137 101.972 101.907 101.787 101.947 101.889 102.042 101.757 101.597 101.352 101.264 101.144 101.109 100.984 100.532 100.117 99.984 99.494 99.282 98.439 98.064 98.567 104.124 114.024 112.372 112.454 108.879 111.894 113.054 111.704 110.622 101.679 109.147 112.232 107.689
99.339 100.792 104.522 106.719 101.149 100.807 105.089 100.747 101.264 101.069 101.142 101.222 101.287 101.429 101.304 102.589 105.029 101.002 100.942 101.044 101.352 101.672 101.729 101.622 101.652 101.857 101.589 101.587 101.652 101.722 101.579 101.572 101.697 101.979 101.712 101.669 101.564 101.499 101.524 101.452 101.452 101.784 101.452 101.187 100.984 100.777 100.592 100.584 100.674 99.869 99.762 99.522 98.862 97.982 97.644 97.829 99.179 104.467 111.662 115.572 111.937 108.217 111.409 105.324 108.024 107.709 111.732 111.067 105.792 100.337
99.054 100.649 103.007 105.437 107.737 100.514 104.172 103.684 101.864 100.812 100.742 100.897 100.962 100.932 101.024 100.922 102.464 103.584 100.662 100.714 101.104 101.174 101.447 101.277 101.164 101.309 101.277 101.314 101.259 101.364 101.294 101.212 101.459 101.444 101.429 101.394 101.194 101.057 101.182 101.069 101.029 101.087 100.974 100.944 100.709 100.364 100.144 100.012 99.929 99.374 98.964 98.507 97.722 97.339 97.454 99.922 107.129 106.719 108.944 113.247 112.154 110.617 111.907 111.704 108.409 112.317 110.839 108.514 99.547 97.197
98.964 100.372 102.564 107.029 100.722 100.154 103.039 105.117 103.604 100.347 100.477 100.504 100.424 100.607 100.604 100.622 101.762 101.084 100.252 100.412 100.707 100.877 100.977 101.072 100.747 100.927 100.974 101.037 100.922 100.872 100.887 101.009 100.979 101.087 101.049 101.257 100.899 100.689 100.782 100.694 100.747 100.749 100.477 100.437 100.382 99.859 99.684 99.507 99.287 98.889 98.489 97.424 96.877 97.064 99.777 110.324 112.592 111.229 109.849 110.479 112.627 112.132 110.367 110.477 110.819 110.342 111.307 108.932 104.584 103.064
98.634 100.494 101.499 105.332 99.947 99.859 99.497 99.217 100.084 100.012 100.374 100.009 100.152 100.274 100.389 100.249 100.524 100.122 100.062 100.089 100.234 100.252 100.484 100.372 100.342 100.449 100.644 100.534 100.434 100.542 100.477 100.474 100.384 100.767 101.042 100.762 100.752 100.472 100.342 100.484 100.304 100.109 100.034 99.932 99.622 99.457 99.154 98.969 98.657 98.289 97.532 96.562 96.707 97.077 105.799 112.284 114.377 111.939 109.067 110.739 110.622 106.759 108.339 106.072 110.134 112.299 110.059 106.382 97.987 105.017
98.419 99.942 99.874 101.342 105.524 100.744 99.132 100.184 102.349 101.937 99.657 99.829 99.914 100.039 99.934 99.857 99.952 100.067 100.084 99.917 99.949 99.869 100.027 100.082 100.034 99.994 100.292 100.082 100.074 100.104 100.222 99.997 99.992 100.497 100.157 100.094 99.954 99.949 99.992 99.957 99.829 99.732 99.532 99.312 99.162 99.282 98.832 98.412 97.967 97.054 96.217 96.382 98.922 102.442 110.072 113.487 112.292 112.244 108.527 110.357 108.399 110.749 111.914 109.864 111.027 109.469 108.077 109.972 108.279 105.409
98.154 99.504 99.297 101.634 102.627 99.039 99.239 106.804 105.517 99.907 99.532 99.469 99.422 99.687 99.599 99.637 99.797 99.854 99.579 99.709 99.719 99.772 99.782 99.737 99.879 99.954 99.814 99.677 99.777 99.747 99.624 99.604 99.624 99.567 99.739 99.574 99.647 99.659 99.699 99.464 99.209 99.117 99.017 99.142 98.784 98.882 98.099 97.772 97.084 95.959 95.974 97.587 104.914 110.067 109.607 109.829 111.112 112.547 111.292 105.762 107.979 108.639 105.307 108.724 108.857 106.737 108.449 107.724 104.927 104.004
97.542 98.597 98.904 98.632 98.659 101.242 98.374 101.287 99.957 99.157 99.032 99.422 99.029 99.367 99.362 99.269 99.499 99.622 99.327 99.307 99.647 99.612 99.524 99.527 99.404 99.519 99.609 99.392 99.317 99.437 99.394 99.397 99.309 99.209 99.202 99.312 99.167 99.127 99.072 98.864 98.667 98.557 98.392 98.504 98.379 97.887 97.317 96.642 95.859 95.827 96.707 97.557 106.324 109.054 103.837 111.267 111.427 109.457 111.264 105.234 102.314 107.639 109.372 109.069 104.867 107.759 104.459 102.222 106.404 107.349
97.137 98.277 98.184 99.219 99.177 98.099 98.609 102.354 102.924 99.187 98.539 98.619 98.659 98.977 98.932 99.167 99.142 99.004 99.022 99.509 99.452 99.454 99.379 99.329 99.199 99.152 99.267 99.194 99.167 99.182 99.137 99.187 98.989 98.869 98.982 99.047 98.792 98.664 98.414 98.222 98.139 97.802 97.787 97.684 97.424 96.969 96.319 95.529 95.592 95.969 101.514 101.417 108.282 112.442 108.832 107.114 107.674 111.792 109.614 102.349 106.067 105.514 107.852 109.839 107.369 106.902 108.727 108.242 105.427 99.797
96.752 98.167 98.289 98.074 98.982 99.694 101.114 98.607 98.954 98.432 98.349 98.532 98.572 98.694 98.887 98.804 98.622 98.757 98.982 98.969 98.897 98.834 98.832 98.877 98.884 99.047 98.957 99.027 99.034 98.837 98.807 98.994 99.527 98.562 98.462 98.434 98.312 98.044 97.757 97.562 97.559 97.499 97.259 96.979 96.724 96.214 95.429 95.407 95.702 100.422 109.692 108.972 108.717 108.834 108.269 107.629 108.554 109.862 104.812 108.894 110.154 103.864 102.847 100.094 103.542 105.714 106.759 106.862 101.924 102.647
96.389 97.619 97.869 98.034 99.709 97.542 97.687 97.074 97.327 98.607 98.004 98.277 98.244 98.297 99.689 98.177 98.069 98.524 98.524 98.809 98.612 98.374 98.559 98.634 98.967 98.599 98.709 98.824 98.869 99.139 98.597 98.499 98.389 98.269 98.042 97.944 97.824 97.704 97.452 97.334 97.217 97.049 96.717 96.514 95.987 95.199 95.267 95.634 95.812 101.034 108.969 107.294 101.689 99.462 106.472 103.989 105.139 108.247 108.419 107.812 107.144 106.424 97.179 104.222 108.669 105.267 105.962 104.067 103.589 107.382
