Matlab/Roost_data/braunton/dsm/ss4940_DSM_2M.asc
ncols 500
nrows 500
xllcorner    249000
yllcorner    140000
cellsize     2
NODATA_value -9999
[rows 217 to 247 of 500, columns 0 to 69 of 500]
127.099 126.257 125.624 127.584 128.392 126.974 127.679 127.127 125.129 125.959 126.309 125.224 125.437 125.592 126.264 126.132 125.539 124.532 124.912 125.302 124.454 124.432 123.889 124.679 123.734 123.779 123.619 123.484 123.547 123.609 123.214 123.267 122.942 123.052 122.039 122.174 121.759 122.837 122.909 122.099 122.662 120.709 120.632 120.162 119.662 119.109 120.519 119.464 118.077 117.729 118.764 119.279 117.699 118.062 118.262 115.034 115.714 117.222 117.289 117.114 116.492 115.849 115.009 115.752 115.467 113.757 113.832 113.327 112.579 113.807
127.092 128.209 125.659 127.689 128.054 127.257 127.384 126.937 126.254 126.874 126.459 126.529 126.217 126.637 125.999 126.269 125.509 124.602 125.559 125.159 124.917 126.194 125.102 124.009 124.812 124.617 123.204 124.182 124.449 124.707 123.699 124.294 123.667 123.294 122.892 123.012 123.429 123.504 123.147 122.364 122.999 121.602 121.137 121.642 121.279 121.077 121.302 119.777 119.422 119.517 118.769 118.377 117.869 117.817 118.532 118.227 117.569 116.764 117.344 116.614 116.779 116.029 114.962 115.559 115.302 116.192 114.357 113.254 114.372 113.969
128.227 127.877 127.199 127.397 127.854 128.224 127.439 128.152 126.844 126.752 126.814 127.127 127.557 126.172 125.617 125.354 125.289 125.129 125.227 124.622 125.714 125.094 125.554 124.607 124.654 125.022 124.734 124.707 124.424 123.952 124.434 124.829 124.527 123.772 123.144 123.732 123.634 122.737 122.242 122.879 122.877 123.189 122.117 121.997 119.949 120.247 120.569 120.919 120.997 120.402 120.174 119.934 118.399 117.969 117.614 118.612 118.657 118.399 117.742 117.809 117.847 117.354 116.737 116.187 115.062 114.292 117.182 114.957 114.794 113.864
128.754 128.809 128.029 128.189 128.057 128.012 127.947 127.032 127.352 126.867 126.409 128.422 127.602 126.704 126.719 124.054 123.882 120.842 121.562 125.362 124.322 124.487 125.772 124.999 124.739 125.024 125.367 124.989 125.382 124.907 124.924 123.554 123.367 124.554 124.219 124.164 124.509 123.692 123.342 123.462 123.234 122.784 122.749 122.514 121.897 120.239 120.407 119.829 120.797 120.494 119.492 119.994 119.884 119.059 118.759 119.334 118.204 119.179 118.237 117.952 117.239 117.709 117.299 117.937 114.649 115.589 115.974 115.589 116.022 115.964
128.399 128.647 128.474 128.482 129.057 128.299 128.669 127.579 128.534 128.622 127.347 127.757 126.942 127.749 125.127 122.722 125.664 120.299 120.084 123.139 122.787 125.719 125.184 125.167 125.884 125.272 125.344 125.247 125.347 124.439 124.699 124.829 124.949 124.719 124.292 123.777 124.722 124.349 124.197 123.369 123.977 123.867 123.664 122.277 123.122 122.282 122.147 122.219 120.962 120.777 119.097 119.784 119.519 120.342 119.784 119.237 118.344 119.372 119.157 117.557 119.212 118.412 116.659 117.517 117.204 117.472 116.134 116.377 116.104 117.019
127.009 127.677 128.237 129.092 127.637 127.962 128.544 127.909 127.817 128.352 127.719 127.424 127.622 127.887 126.207 126.037 127.032 125.577 124.502 123.159 122.004 123.299 122.962 125.097 125.229 124.342 125.659 125.999 125.584 125.304 125.602 124.027 124.547 124.784 124.347 124.604 124.649 123.947 123.814 123.964 123.964 124.082 124.142 123.524 122.864 122.809 122.749 122.789 121.387 120.379 120.784 121.274 120.859 120.842 119.969 120.112 119.749 119.669 119.334 118.682 118.877 118.594 117.997 115.994 117.424 117.282 116.552 117.312 116.567 117.004
123.847 124.404 126.932 128.817 128.454 127.227 126.057 123.969 124.869 128.869 127.744 125.382 126.039 127.114 127.129 128.267 126.952 127.074 126.862 127.167 126.479 122.209 120.374 121.424 121.682 121.754 124.412 125.817 125.677 125.569 125.894 126.367 124.612 124.547 125.237 125.142 125.114 125.454 125.717 124.614 124.249 124.257 123.734 123.519 123.579 123.552 122.877 122.957 122.434 121.137 121.449 122.307 121.452 120.457 120.097 120.724 119.719 118.972 118.879 119.114 118.649 118.199 118.392 118.079 117.944 118.094 116.979 116.494 117.077 116.482
127.812 124.922 124.732 126.532 128.474 128.562 127.367 125.749 124.419 125.117 125.867 127.539 129.709 128.234 127.984 127.629 127.344 127.449 127.482 127.054 127.642 126.182 122.587 122.532 121.417 121.439 121.267 121.627 122.689 124.167 124.819 123.102 123.544 120.717 122.812 124.237 124.277 124.727 124.814 124.897 124.499 125.059 124.679 123.327 123.709 123.487 123.362 123.567 122.959 122.729 122.007 121.769 122.004 121.282 120.917 120.572 120.582 119.799 120.109 118.682 119.472 118.649 118.914 119.232 119.179 118.284 117.914 117.059 116.362 116.687
130.857 129.902 130.122 129.214 129.022 129.242 128.902 128.644 127.992 128.997 129.124 128.694 128.997 129.277 128.462 127.887 127.704 127.199 127.332 126.664 127.357 126.747 126.552 125.909 126.664 126.322 123.762 120.002 120.374 121.312 123.407 124.307 125.817 123.249 121.584 121.299 120.584 121.469 122.719 122.982 123.487 124.679 123.502 124.217 123.887 123.462 123.922 123.279 122.579 123.722 123.402 122.347 122.804 122.024 122.189 120.039 121.019 120.584 120.464 120.557 118.472 119.024 118.687 118.777 118.944 118.432 118.869 118.769 118.679 118.019
130.922 130.079 130.464 129.894 128.412 129.214 129.307 129.032 129.174 129.764 128.397 129.477 128.679 128.307 128.317 128.317 129.249 128.687 127.577 128.084 127.332 128.339 127.162 127.847 127.929 126.977 127.714 126.284 124.964 125.827 126.522 126.757 126.952 126.204 125.827 123.834 121.204 119.167 119.457 119.464 120.482 123.332 122.692 122.212 125.624 123.007 124.624 124.037 123.614 123.749 123.294 122.552 122.337 122.379 122.977 121.389 121.319 119.744 121.094 120.644 120.524 121.087 119.999 119.444 118.972 118.309 116.529 118.047 118.204 116.904
131.729 130.644 130.609 130.912 130.464 129.542 130.094 129.919 129.764 128.372 128.352 129.184 129.644 129.297 129.714 129.149 129.029 128.614 128.409 128.692 128.784 127.427 127.269 128.334 128.022 127.847 127.554 127.299 126.952 126.307 127.284 127.367 127.654 124.474 126.479 127.019 126.992 124.544 124.872 122.602 119.622 120.377 119.677 119.132 121.182 119.609 123.079 123.714 123.952 124.134 124.154 123.624 122.852 122.559 122.269 122.582 121.849 121.052 121.522 121.392 120.512 121.012 119.132 119.912 120.912 119.794 118.077 118.207 119.012 117.414
131.097 130.074 131.179 130.532 130.487 129.854 130.354 129.979 130.254 129.494 129.964 130.519 129.812 130.364 129.914 129.727 128.197 128.269 128.409 129.042 128.169 128.517 127.589 128.982 128.044 127.149 128.024 128.087 127.942 127.759 127.357 127.259 127.097 127.009 126.827 126.189 126.339 126.909 127.159 127.517 124.279 123.564 123.159 119.924 118.794 119.284 121.242 122.784 122.867 123.524 124.237 124.454 122.944 123.654 122.502 121.854 120.887 121.954 121.832 120.352 120.412 119.599 115.342 115.759 119.522 119.824 118.489 117.939 119.354 117.927
130.537 130.674 131.624 130.917 130.984 130.514 127.177 129.219 129.244 130.322 129.049 129.577 129.782 129.547 129.344 129.014 129.537 128.989 129.042 129.717 129.884 129.372 129.332 129.559 128.974 126.889 127.302 127.137 128.489 128.394 128.604 128.094 128.252 127.409 126.737 125.349 125.409 125.797 127.529 126.252 126.132 125.862 125.739 124.037 122.007 124.059 122.897 120.884 119.147 120.042 122.632 121.737 120.904 120.712 119.204 117.902 118.487 121.529 120.409 121.914 120.587 121.304 116.749 117.497 119.827 119.692 117.832 119.217 119.114 118.587
131.822 131.172 132.087 130.819 129.457 130.192 128.014 130.562 130.642 129.334 129.642 130.777 129.492 129.944 130.149 130.449 129.337 129.697 129.724 130.389 130.534 130.347 129.779 129.724 128.577 128.787 129.057 128.859 128.854 128.689 128.467 128.489 127.812 127.092 125.852 127.184 127.429 126.549 126.547 126.849 125.589 124.184 125.847 125.347 125.992 124.557 125.524 123.882 120.054 118.489 118.419 118.482 120.814 118.722 116.667 117.114 119.024 118.899 121.139 121.437 121.447 121.189 120.124 119.817 120.157 119.929 120.672 120.854 120.039 118.934
131.599 132.052 131.559 131.187 131.069 131.057 131.427 129.612 129.099 130.639 131.062 130.619 128.839 130.837 130.659 130.799 129.779 129.829 129.902 130.282 130.029 129.587 129.727 129.224 128.709 129.659 129.642 129.364 129.294 129.054 128.004 129.009 128.582 128.599 127.682 128.399 127.127 126.332 127.399 127.767 126.457 124.142 125.449 126.067 125.064 124.364 124.284 124.787 124.759 123.154 121.562 121.869 123.874 121.434 117.379 120.609 122.529 122.012 122.032 122.982 121.782 121.169 121.264 121.007 120.589 121.127 119.457 119.902 119.399 117.849
131.077 131.034 131.464 131.472 131.574 131.497 130.792 130.427 131.464 130.822 130.657 130.532 130.067 130.222 130.677 130.414 130.887 130.657 130.419 130.927 129.867 130.622 129.932 130.764 130.609 129.677 129.544 129.772 128.567 129.037 128.977 129.209 129.137 127.489 127.732 125.374 126.394 128.227 128.914 128.389 127.104 125.474 126.189 123.914 125.534 126.544 125.282 123.142 125.244 123.849 124.167 123.712 122.582 122.869 122.659 123.389 123.472 122.284 121.969 123.032 123.364 122.407 122.832 121.762 120.809 121.257 120.757 120.904 119.879 119.099
132.724 133.407 131.322 131.412 130.039 131.984 130.369 130.752 130.997 131.119 131.374 131.282 131.127 130.742 130.997 131.394 130.584 131.432 131.104 130.609 130.114 130.599 130.922 131.347 130.319 130.307 129.892 128.994 129.732 129.317 127.912 126.824 127.467 127.512 127.977 127.197 127.797 128.284 128.749 128.307 127.399 128.222 126.044 127.404 126.577 126.714 125.344 126.179 124.564 124.694 124.382 123.889 123.272 123.172 124.157 124.364 125.142 123.019 123.754 123.049 123.254 122.927 122.692 121.442 121.567 121.714 121.729 120.652 120.452 120.379
132.702 132.877 132.502 131.959 131.042 132.174 131.302 131.852 130.834 131.057 131.332 131.584 132.077 130.924 130.639 131.484 131.572 131.929 131.642 131.717 130.787 130.869 131.377 131.012 130.062 131.637 130.547 130.689 128.672 127.852 129.149 128.649 128.572 126.854 129.782 129.229 129.029 128.889 129.207 125.217 127.797 127.467 127.304 122.229 126.862 126.477 126.104 126.104 126.542 125.824 125.017 125.034 123.952 124.267 123.872 125.252 123.734 124.224 124.204 123.484 122.892 122.647 121.704 122.729 122.909 121.217 120.752 120.764 120.167 121.104
132.042 134.097 132.999 132.567 131.847 131.719 131.589 131.742 132.019 132.457 132.312 132.244 131.949 131.154 131.027 132.292 132.032 132.259 131.477 133.207 132.062 131.577 131.324 131.344 131.277 130.727 131.147 129.789 129.269 130.924 129.157 130.872 129.892 129.044 128.744 127.627 129.869 129.262 126.527 126.832 127.187 126.652 126.364 126.557 126.807 127.269 126.424 126.582 125.789 125.632 125.437 125.632 125.262 124.997 125.247 123.737 124.104 123.839 124.149 123.212 122.412 123.004 122.054 122.542 123.219 121.857 121.634 121.864 120.687 120.234
131.334 132.837 132.857 132.074 128.269 131.249 131.659 132.752 131.547 132.867 132.372 132.809 132.227 131.909 131.942 132.129 132.724 132.402 132.289 132.804 132.504 131.644 130.612 131.319 131.869 131.787 128.899 131.069 130.784 129.164 130.482 128.419 129.349 128.814 129.239 129.382 128.947 128.672 128.067 127.494 128.727 126.394 128.447 126.347 128.187 127.724 127.614 126.542 125.829 125.227 126.432 125.602 125.839 125.324 125.082 123.832 125.502 124.622 123.999 123.837 124.002 123.547 122.967 122.854 123.102 121.672 122.689 121.659 121.484 120.462
131.697 132.359 133.682 132.209 131.229 131.102 132.264 132.429 132.627 133.034 132.282 132.734 132.897 131.387 131.734 132.522 132.007 132.172 132.019 132.414 132.299 131.024 131.984 132.352 130.267 128.014 130.082 131.742 130.879 131.054 129.174 129.967 130.192 130.029 130.819 128.989 130.237 129.869 129.267 129.454 128.577 129.084 126.927 128.407 127.967 126.954 127.197 126.947 126.934 126.174 126.764 125.602 125.339 125.532 126.282 124.959 124.677 124.977 124.657 122.877 122.534 123.127 123.017 122.367 122.464 122.272 121.737 121.607 121.454 121.194
131.852 132.539 132.459 132.482 133.252 132.547 132.437 133.277 132.729 133.397 132.869 132.527 132.747 131.602 131.917 131.992 132.369 132.204 133.037 133.219 133.124 130.629 132.344 132.687 130.789 130.467 131.457 131.189 131.807 130.814 129.907 131.092 130.472 130.889 130.237 130.414 129.939 130.534 129.304 128.739 129.332 129.039 130.304 129.169 128.782 128.794 127.739 127.172 126.862 126.449 127.432 126.752 126.192 125.607 125.889 125.417 126.054 124.772 124.637 124.687 123.567 121.932 122.442 122.537 122.487 122.517 121.467 121.352 122.137 120.719
132.112 132.767 132.117 133.269 132.959 132.029 133.044 133.272 133.819 133.202 133.014 133.462 131.982 132.577 133.384 133.097 132.754 132.644 133.342 132.859 132.837 132.647 132.214 131.774 131.729 132.007 131.869 130.964 129.987 130.962 131.594 130.347 130.774 128.659 129.207 129.887 129.119 131.192 129.784 129.122 129.319 130.154 128.457 129.887 128.317 128.394 127.027 126.704 127.054 127.259 126.999 127.594 127.204 126.222 125.819 125.882 125.552 124.504 125.069 125.604 124.339 122.777 122.792 124.147 122.974 122.552 121.772 122.402 122.424 121.297
132.849 133.024 133.197 133.939 133.107 133.054 133.097 133.572 133.099 134.017 132.659 133.519 133.852 133.207 134.002 133.284 133.674 133.669 133.757 133.557 132.692 132.782 133.194 132.387 132.244 131.684 132.199 130.722 131.794 132.242 130.582 132.219 131.242 132.239 131.287 129.244 130.754 130.809 130.699 129.397 130.787 130.172 129.567 129.802 129.182 128.009 128.199 128.494 128.084 128.302 126.839 127.192 127.359 126.604 126.567 126.142 125.662 125.232 124.087 124.084 124.204 122.829 123.474 124.219 124.079 123.142 122.642 122.264 123.032 122.547
130.242 133.184 134.052 133.142 133.587 133.009 133.709 133.447 133.209 132.954 133.222 132.734 133.909 132.504 133.617 133.877 133.682 133.462 132.494 132.914 133.552 133.009 132.409 132.354 133.437 133.652 131.082 132.984 133.222 132.444 131.769 132.102 131.962 132.152 131.692 132.694 131.342 131.654 130.677 129.467 129.659 130.389 129.834 130.059 130.989 129.394 129.044 128.277 128.804 128.727 128.139 127.334 127.112 126.704 126.627 127.367 126.689 125.922 124.904 125.509 125.189 122.829 123.004 124.334 124.387 123.859 123.599 123.339 122.909 122.169
128.644 130.034 131.722 132.074 133.437 133.119 134.252 133.414 134.177 133.802 133.217 133.837 133.919 134.262 133.919 133.434 133.922 133.079 133.567 132.617 133.337 133.832 130.962 133.039 133.434 131.157 132.537 133.209 133.017 133.247 130.807 132.009 131.007 131.547 131.864 131.482 131.884 131.157 130.884 130.759 131.259 131.169 130.784 129.934 129.917 129.364 129.942 128.459 128.307 127.769 128.097 127.627 126.797 127.237 126.149 126.754 126.397 125.344 125.447 125.279 125.454 124.557 124.399 124.314 124.082 124.069 124.534 123.994 122.787 122.374
128.859 128.639 128.777 129.219 130.562 133.632 134.729 133.782 134.809 134.587 134.122 134.352 133.394 134.387 134.227 133.742 134.787 133.604 133.174 131.509 129.707 132.267 133.269 130.927 132.309 132.372 132.387 132.049 133.637 132.519 131.934 132.664 129.252 131.799 130.759 132.169 132.049 131.254 131.162 131.497 131.337 130.764 131.149 130.017 131.199 129.734 129.732 130.569 128.844 128.014 127.647 127.544 127.894 127.742 127.329 126.392 126.579 126.797 125.869 125.394 124.989 125.502 125.174 124.192 123.952 123.969 123.484 122.524 123.394 122.669
132.434 129.539 128.849 128.747 128.832 130.832 132.719 133.604 133.134 132.647 133.682 134.292 133.437 134.282 133.682 133.764 134.734 133.817 133.372 129.389 127.937 128.584 129.262 132.934 133.814 131.999 132.897 132.589 132.529 133.264 132.802 132.264 132.219 130.072 132.367 133.657 131.969 131.922 132.194 132.217 132.064 131.864 131.554 130.052 130.297 130.404 129.944 130.099 129.539 128.962 128.369 128.742 127.802 128.972 128.052 127.042 127.462 126.207 125.842 126.429 125.849 125.159 124.547 124.237 124.079 123.359 124.279 123.589 123.212 121.429
136.037 134.419 132.104 131.572 132.064 129.119 129.097 129.489 129.577 129.509 131.819 133.229 130.889 133.757 134.439 134.804 133.962 129.549 128.897 128.309 128.214 128.122 128.027 130.112 131.349 133.512 132.707 130.709 134.134 133.442 131.617 132.549 132.482 129.067 132.399 132.902 133.042 133.134 132.259 131.624 131.829 132.712 132.787 131.537 131.307 131.307 131.304 130.617 129.519 130.197 129.302 129.832 129.212 128.597 128.479 127.562 127.839 127.307 126.427 125.814 126.787 126.147 125.787 125.419 125.122 122.699 124.592 124.989 122.292 119.009
135.402 134.907 133.419 135.022 134.799 132.369 130.424 130.434 131.432 131.222 129.484 129.444 129.179 130.839 132.744 133.119 132.667 130.649 131.294 130.079 128.617 128.664 129.394 129.369 128.219 129.462 131.792 133.387 133.679 134.579 133.869 133.767 133.559 133.179 131.412 132.539 131.332 133.152 132.757 132.074 133.027 132.279 132.479 131.477 131.842 131.452 131.604 131.512 130.607 130.152 129.209 128.909 129.362 128.119 128.499 128.647 127.647 127.677 128.519 126.839 127.144 126.259 125.852 125.517 125.277 125.174 123.097 123.782 124.189 122.954
136.422 135.792 135.427 135.804 134.107 135.674 135.917 133.872 134.152 134.944 134.909 133.974 129.804 132.617 134.064 134.419 133.994 133.342 134.262 135.617 132.874 131.452 134.214 133.092 129.729 128.377 128.367 129.634 132.922 133.947 134.344 133.404 133.139 132.472 133.719 133.962 133.209 132.862 133.952 133.262 132.822 132.369 132.854 133.012 132.409 132.249 132.009 132.552 131.377 131.259 129.937 130.027 130.167 129.439 129.079 128.644 128.147 127.389 128.159 126.724 126.587 127.404 127.712 126.769 125.492 125.094 122.014 123.869 125.199 125.604
