Matlab/Roost_data/braunton/dsm/ss4939_DSM_2M.asc
ncols 500
nrows 500
xllcorner    249000
yllcorner    139000
cellsize     2
NODATA_value -9999
[rows 403 to 433 of 500, columns 207 to 275 of 500]
81.566 69.721 67.418 68.323 87.176 81.098 76.651 71.413 72.471 86.091 80.788 74.431 75.211 75.961 76.571 76.928 77.648 78.306 78.931 79.491 80.191 80.588 81.108 81.693 82.173 82.741 83.601 84.406 85.773 86.518 86.881 86.941 87.501 88.253 89.098 89.578 97.721 97.746 96.876 91.738 95.948 100.978 93.088 93.393 93.868 93.651 95.236 95.808 96.351 96.683 96.866 96.386 96.818 97.148 97.433 97.748 98.036 98.288 98.523 98.778 98.993 99.203 99.391 99.568 99.733 99.908 100.046 100.156 100.331
85.326 75.328 67.491 76.493 87.628 88.048 70.896 73.686 72.516 74.441 81.296 77.588 75.378 76.176 76.631 77.383 78.361 78.753 79.538 80.178 81.458 81.991 81.506 82.076 82.491 82.826 83.653 84.393 85.113 85.908 86.921 88.356 88.458 89.131 90.586 91.248 90.323 93.781 91.756 99.233 97.738 95.623 94.943 93.636 94.471 95.098 95.203 95.516 94.993 95.348 95.758 96.103 96.428 96.703 97.038 97.383 97.668 97.953 98.198 98.436 98.651 98.846 99.046 99.251 99.418 99.573 99.708 99.791 99.981
68.108 66.923 67.863 78.743 75.243 87.798 71.343 84.901 83.086 79.001 74.398 86.746 75.708 76.328 77.278 77.793 79.288 81.603 80.033 80.228 81.368 82.041 82.386 82.808 82.773 83.011 85.068 86.123 86.551 86.383 86.866 87.361 88.033 89.433 90.291 90.591 90.356 90.693 96.951 97.741 92.403 92.291 93.626 94.116 93.866 93.698 93.961 94.291 94.663 95.003 95.343 95.663 96.028 96.368 96.661 97.001 97.306 97.583 97.816 98.036 98.253 98.486 98.691 98.888 99.063 99.226 99.336 99.406 99.633
66.748 81.766 70.961 88.688 82.496 70.556 71.331 89.978 73.113 81.731 75.283 76.986 76.013 76.583 78.271 82.483 86.098 88.311 85.931 80.533 81.133 82.128 82.513 82.758 83.053 83.226 83.638 84.238 86.673 86.528 87.321 87.808 89.123 89.256 89.046 89.438 90.201 91.426 90.781 94.348 92.888 92.888 92.923 92.601 92.966 93.326 93.678 94.001 94.303 94.636 94.971 95.298 95.638 95.938 96.238 96.568 96.881 97.183 97.406 97.618 97.831 98.093 98.288 98.498 98.681 98.838 98.938 99.036 99.228
69.596 75.101 84.438 78.293 70.413 70.763 84.313 72.488 81.481 81.618 77.511 86.436 76.261 79.576 89.523 91.336 88.198 90.231 90.636 82.606 81.506 82.068 82.548 83.746 83.526 83.448 83.746 84.848 85.886 86.621 87.843 89.578 88.746 89.456 89.258 89.313 89.771 90.623 91.398 92.078 91.653 91.591 91.931 92.298 92.621 92.978 93.336 93.673 93.996 94.308 94.688 94.923 95.183 95.523 95.826 96.153 96.428 96.718 96.941 97.163 97.371 97.618 97.833 98.061 98.261 98.408 98.511 98.588 98.766
72.543 82.838 91.448 87.416 78.178 71.246 74.143 77.988 73.513 74.341 86.918 88.651 88.856 77.946 87.321 83.328 85.806 86.513 86.353 82.168 81.693 82.428 82.638 83.526 84.008 83.673 85.523 85.251 86.163 86.783 87.523 87.913 88.596 88.838 89.171 90.258 90.656 90.861 90.511 90.571 90.918 91.291 91.628 91.943 92.266 92.626 93.001 93.323 93.628 93.976 94.223 94.516 94.786 95.103 95.411 95.708 95.963 96.221 96.441 96.696 96.876 97.116 97.346 97.583 97.721 97.923 98.048 98.116 98.298
82.633 75.428 84.833 78.168 86.386 78.976 72.573 73.573 87.571 76.733 86.988 77.478 77.643 77.863 84.333 79.246 84.418 81.096 89.353 87.311 81.868 82.696 82.988 83.541 83.866 84.561 84.456 85.416 86.271 86.748 87.711 88.431 88.878 89.088 89.183 89.201 89.248 89.588 89.926 90.276 90.618 90.951 91.308 91.653 91.936 92.253 92.613 92.943 93.286 93.523 93.798 94.078 94.331 94.636 94.953 95.243 95.498 95.718 95.941 96.186 96.371 96.568 96.766 97.021 97.203 97.378 97.546 97.633 97.783
85.158 81.816 73.596 70.023 71.043 72.128 74.656 86.318 75.253 74.791 81.303 80.758 77.171 88.658 87.186 83.451 90.621 82.053 81.931 86.786 83.916 85.966 83.168 83.616 84.108 84.558 85.078 86.906 87.228 87.191 87.566 87.306 87.573 87.923 88.313 88.663 88.971 89.313 89.611 89.958 90.313 90.683 91.038 91.346 91.591 91.906 92.256 92.546 92.823 93.098 93.358 93.598 93.853 94.161 94.476 94.763 94.981 95.248 95.421 95.668 95.836 96.038 96.221 96.453 96.628 96.826 97.001 97.071 97.276
68.971 88.248 75.631 86.058 85.338 72.081 72.823 79.976 84.296 86.241 86.438 80.136 85.486 84.211 87.768 91.043 80.258 80.711 81.238 81.551 82.116 82.811 83.393 84.323 85.048 85.371 85.733 85.593 85.821 86.178 86.578 86.968 87.333 87.711 88.078 88.393 88.726 89.018 89.348 89.706 90.053 90.381 90.716 90.991 91.273 91.608 91.826 92.123 92.416 92.673 92.913 93.151 93.398 93.656 93.948 94.233 94.468 94.723 94.916 95.138 95.333 95.526 95.703 95.886 96.073 96.258 96.451 96.543 96.728
81.956 84.161 78.778 72.913 71.431 75.296 78.916 73.796 85.118 76.836 77.523 76.941 86.078 78.868 90.006 88.788 80.273 90.238 84.456 82.101 82.213 83.721 84.191 84.113 84.183 84.463 84.886 85.253 85.638 86.036 86.393 86.748 87.113 87.503 87.843 88.181 88.511 88.778 89.091 89.458 89.748 90.078 90.391 90.658 91.001 91.178 91.491 91.753 92.016 92.251 92.483 92.723 92.938 93.193 93.476 93.731 93.971 94.186 94.413 94.618 94.816 95.016 95.181 95.368 95.551 95.728 95.888 96.001 96.183
70.451 69.296 70.108 81.301 71.851 75.571 79.913 74.098 84.631 79.668 86.786 76.998 78.416 83.718 90.293 81.013 80.933 87.953 85.051 82.106 83.496 83.331 83.423 83.723 84.056 84.378 84.728 85.056 85.441 85.841 86.213 86.576 86.983 87.341 87.658 87.963 88.271 88.543 88.858 89.173 89.503 89.811 90.068 90.398 90.543 90.811 91.101 91.353 91.608 91.851 92.061 92.288 92.526 92.748 93.011 93.253 93.478 93.683 93.898 94.113 94.288 94.513 94.673 94.863 95.043 95.213 95.361 95.473 95.643
81.393 70.998 74.298 73.686 81.083 72.773 73.946 74.253 84.923 84.963 77.018 88.063 78.101 88.833 86.813 80.128 80.533 81.786 82.866 82.726 82.928 83.108 83.338 83.596 83.861 84.188 84.556 84.926 85.306 85.701 86.073 86.438 86.811 87.163 87.471 87.768 88.046 88.321 88.626 88.948 89.251 89.498 89.738 89.981 90.226 90.478 90.706 90.976 91.213 91.426 91.641 91.876 92.113 92.298 92.538 92.788 93.001 93.191 93.418 93.591 93.773 93.973 94.161 94.333 94.503 94.696 94.821 94.976 95.093
69.321 69.993 76.406 82.253 72.258 73.051 74.836 84.478 83.258 83.648 88.081 77.496 82.976 83.608 80.748 79.998 81.396 82.148 81.988 82.098 82.766 82.953 83.191 83.466 83.738 84.076 84.431 84.793 85.173 85.551 85.906 86.276 86.636 86.993 87.286 87.573 87.836 88.093 88.401 88.693 88.951 89.218 89.453 89.676 89.896 90.123 90.346 90.583 90.808 91.031 91.231 91.451 91.653 91.863 92.086 92.303 92.518 92.706 92.911 93.081 93.238 93.421 93.613 93.798 93.976 94.163 94.296 94.448 94.553
76.238 82.271 70.996 80.496 79.736 79.476 80.598 88.423 87.481 85.201 80.881 79.248 78.173 78.811 79.471 81.326 81.366 81.141 81.253 83.228 82.618 82.808 83.073 83.321 83.601 83.921 84.278 84.646 85.031 85.398 85.758 86.128 86.511 86.813 87.091 87.361 87.593 87.856 88.118 88.408 88.668 88.911 89.128 89.348 89.596 89.776 89.986 90.218 90.426 90.628 90.821 91.041 91.211 91.391 91.613 91.833 92.041 92.223 92.411 92.568 92.726 92.896 93.078 93.238 93.451 93.616 93.743 93.893 94.028
69.876 71.641 75.103 72.093 72.813 73.461 78.253 75.003 81.178 86.656 81.636 82.616 78.196 78.956 80.523 81.206 80.546 80.668 80.953 82.398 82.493 82.651 82.943 83.166 83.456 83.786 84.141 84.508 84.898 85.256 85.618 85.986 86.296 86.631 86.913 87.156 87.378 87.633 87.901 88.136 88.366 88.661 88.861 89.053 89.236 89.438 89.636 89.858 90.056 90.253 90.441 90.601 90.808 91.013 91.191 91.363 91.558 91.741 91.918 92.066 92.226 92.376 92.543 92.721 92.891 93.051 93.193 93.363 93.476
84.273 80.816 73.023 77.341 78.108 76.046 86.436 82.146 76.121 76.881 76.988 84.646 82.608 80.083 80.421 79.986 80.096 80.343 80.678 82.248 82.318 82.498 82.753 82.998 83.303 83.651 83.976 84.356 84.726 85.098 85.441 85.773 86.116 86.433 86.711 86.938 87.171 87.416 87.631 87.868 88.101 88.358 88.551 88.748 88.888 89.063 89.308 89.506 89.711 89.891 90.051 90.206 90.368 90.533 90.736 90.896 91.081 91.263 91.418 91.563 91.706 91.868 92.021 92.201 92.358 92.478 92.623 92.806 92.933
70.806 80.831 75.091 84.098 81.078 77.908 83.491 83.491 82.506 77.471 77.071 79.101 79.346 79.803 79.368 79.536 79.781 80.088 80.466 82.126 82.113 82.316 82.563 82.796 83.093 83.458 83.813 84.158 84.523 84.883 85.238 85.553 85.881 86.193 86.463 86.703 86.931 87.143 87.381 87.598 87.818 88.058 88.256 88.443 88.548 88.721 88.948 89.148 89.343 89.496 89.676 89.808 89.951 90.106 90.288 90.441 90.613 90.763 90.933 91.083 91.231 91.363 91.503 91.656 91.808 91.948 92.071 92.226 92.381
71.173 76.051 76.008 79.873 82.928 76.288 74.966 77.703 78.151 79.318 78.613 79.053 78.876 78.658 78.898 79.213 79.533 79.841 80.238 81.821 81.871 82.056 82.303 82.568 82.906 83.241 83.596 83.966 84.318 84.643 84.993 85.323 85.643 85.936 86.196 86.431 86.638 86.871 87.083 87.323 87.531 87.746 87.961 88.088 88.228 88.391 88.608 88.786 88.971 89.146 89.306 89.426 89.561 89.716 89.836 89.988 90.141 90.288 90.446 90.608 90.738 90.866 91.016 91.138 91.283 91.428 91.548 91.666 91.811
75.231 79.491 79.328 78.383 74.491 74.283 75.053 76.433 78.073 77.773 78.428 77.828 78.053 78.296 78.588 78.911 79.288 79.581 79.973 81.713 81.621 81.843 82.078 82.346 82.651 83.018 83.341 83.718 84.063 84.421 84.718 85.076 85.401 85.638 85.913 86.123 86.341 86.568 86.788 87.028 87.243 87.433 87.636 87.731 87.868 88.023 88.221 88.418 88.588 88.763 88.911 89.033 89.153 89.276 89.418 89.556 89.683 89.843 89.986 90.136 90.253 90.381 90.506 90.651 90.768 90.891 91.018 91.133 91.266
82.006 80.066 78.551 76.806 73.996 74.908 76.023 76.221 76.566 76.876 77.141 77.416 77.713 77.993 78.338 78.676 79.031 79.313 79.651 81.443 81.353 81.563 81.798 82.043 82.363 82.733 83.068 83.431 83.783 84.128 84.443 84.801 85.096 85.381 85.611 85.836 86.018 86.243 86.453 86.673 86.916 87.103 87.258 87.378 87.516 87.658 87.833 88.028 88.196 88.376 88.501 88.631 88.736 88.851 88.973 89.133 89.263 89.398 89.553 89.658 89.771 89.901 90.028 90.136 90.258 90.356 90.503 90.601 90.711
73.793 72.321 74.096 73.856 75.028 75.216 75.878 75.831 76.158 76.498 76.816 77.131 77.471 77.788 78.126 78.466 78.751 79.053 79.356 81.016 81.083 81.313 81.501 81.753 82.053 82.398 82.751 83.111 83.486 83.816 84.136 84.493 84.761 85.058 85.298 85.526 85.688 85.901 86.136 86.323 86.776 86.738 86.886 87.016 87.146 87.283 87.438 87.611 87.783 87.956 88.086 88.228 88.311 88.423 88.551 88.686 88.811 88.948 89.081 89.193 89.321 89.423 89.518 89.636 89.761 89.861 89.983 90.091 90.186
72.648 73.343 74.056 74.328 74.671 74.876 75.146 75.516 75.861 76.218 76.556 76.898 77.223 77.538 77.871 78.201 78.451 78.756 79.068 80.726 80.743 80.968 81.196 81.423 81.713 82.038 82.421 82.743 83.123 83.468 83.778 84.111 84.438 84.693 84.971 85.181 85.368 85.536 85.758 85.956 86.138 86.346 86.506 86.631 86.778 86.913 87.046 87.238 87.381 87.518 87.663 87.798 87.891 87.976 88.133 88.243 88.376 88.506 88.626 88.743 88.851 88.951 89.053 89.176 89.258 89.346 89.471 89.563 89.646
72.186 73.738 74.383 74.048 74.203 74.533 74.866 75.263 75.643 76.016 76.378 76.701 77.016 77.328 77.636 77.926 78.196 78.461 78.731 80.406 80.448 80.646 80.863 81.066 81.346 81.673 82.046 82.383 82.751 83.086 83.373 83.708 84.016 84.281 84.576 84.793 84.986 85.168 85.373 85.581 85.758 85.938 86.118 86.243 86.388 86.528 86.668 86.826 86.983 87.116 87.263 87.396 87.503 87.578 87.693 87.811 87.923 88.038 88.161 88.291 88.401 88.493 88.578 88.688 88.783 88.866 88.971 89.083 89.133
73.041 73.501 73.338 73.638 73.968 74.336 74.678 75.068 75.446 75.836 76.176 76.516 76.836 77.133 77.401 77.668 77.926 78.201 78.486 80.103 80.143 80.336 80.523 80.713 80.981 81.308 81.668 82.001 82.371 82.663 82.963 83.268 83.596 83.888 84.143 84.406 84.561 84.758 84.946 85.151 85.316 85.481 85.666 85.828 85.981 86.131 86.253 86.411 86.566 86.701 86.876 87.006 87.106 87.153 87.268 87.391 87.503 87.606 87.708 87.838 87.928 88.046 88.128 88.216 88.313 88.383 88.481 88.581 88.633
73.068 72.746 73.083 73.411 73.763 74.136 74.518 74.908 75.333 75.691 76.008 76.321 76.633 76.908 77.166 77.446 77.683 77.931 78.226 79.756 79.798 80.001 80.191 80.383 80.631 80.921 81.271 81.601 81.933 82.246 82.531 82.841 83.173 83.451 83.706 83.973 84.151 84.321 84.506 84.711 84.858 85.036 85.201 85.376 85.538 85.688 85.818 85.963 86.111 86.266 86.438 86.566 86.706 86.763 86.833 86.948 87.063 87.156 87.273 87.388 87.493 87.588 87.663 87.756 87.831 87.921 87.991 88.066 88.148
72.263 72.581 72.901 73.228 73.603 73.998 74.413 74.813 75.191 75.528 75.838 76.116 76.408 76.676 76.923 77.211 77.438 77.706 77.986 79.448 79.486 79.663 79.873 80.013 80.241 80.546 80.876 81.221 81.491 81.788 82.071 82.403 82.688 82.966 83.243 83.511 83.691 83.876 84.053 84.251 84.398 84.563 84.751 84.923 85.073 85.243 85.388 85.518 85.663 85.801 85.981 86.136 86.256 86.333 86.416 86.511 86.586 86.691 86.801 86.923 87.021 87.113 87.201 87.278 87.368 87.438 87.511 87.566 87.656
72.061 72.386 72.748 73.073 73.461 73.891 74.258 74.668 75.041 75.356 75.658 75.968 76.233 76.491 76.738 76.991 77.213 77.443 77.683 79.141 79.136 79.336 79.528 79.681 79.893 80.183 80.496 80.786 81.071 81.348 81.621 81.911 82.206 82.478 82.753 83.016 83.206 83.403 83.581 83.758 83.911 84.088 84.253 84.423 84.588 84.756 84.906 85.038 85.171 85.333 85.511 85.671 85.773 85.858 85.973 86.038 86.128 86.263 86.358 86.458 86.558 86.656 86.731 86.816 86.901 86.981 87.031 87.101 87.166
71.871 72.236 72.586 72.958 73.366 73.796 74.173 74.576 74.903 75.208 75.486 75.763 76.041 76.293 76.533 76.781 76.978 77.226 77.418 78.846 78.823 79.011 79.228 79.346 79.563 79.826 80.106 80.398 80.658 80.901 81.168 81.453 81.753 81.976 82.228 82.486 82.706 82.888 83.081 83.246 83.428 83.588 83.746 83.923 84.103 84.246 84.431 84.543 84.666 84.801 84.986 85.143 85.278 85.381 85.468 85.556 85.646 85.768 85.868 85.976 86.076 86.166 86.271 86.336 86.418 86.506 86.561 86.616 86.683
71.796 72.146 72.521 72.873 73.253 73.678 74.058 74.431 74.758 75.073 75.351 75.576 75.883 76.083 76.306 76.568 76.773 77.021 77.221 78.718 78.566 78.723 78.921 79.066 79.223 79.478 79.723 79.996 80.218 80.491 80.736 81.003 81.256 81.473 81.716 81.978 82.203 82.378 82.546 82.706 82.898 83.051 83.213 83.386 83.576 83.746 83.903 84.043 84.163 84.278 84.441 84.608 84.756 84.868 84.981 85.061 85.161 85.283 85.378 85.461 85.568 85.693 85.776 85.853 85.928 85.998 86.058 86.116 86.178
71.703 72.058 72.421 72.826 73.188 73.548 73.931 74.276 74.591 74.888 75.151 75.408 75.663 75.911 76.101 76.376 76.616 76.806 77.041 78.243 78.261 78.416 78.638 78.741 78.933 79.171 79.391 79.631 79.836 80.108 80.331 80.563 80.781 81.026 81.228 81.456 81.663 81.836 82.031 82.183 82.341 82.488 82.653 82.808 83.023 83.221 83.393 83.516 83.646 83.753 83.911 84.051 84.206 84.336 84.488 84.591 84.658 84.773 84.861 84.966 85.073 85.176 85.261 85.333 85.423 85.501 85.573 85.613 85.673
71.653 72.016 72.348 72.693 73.063 73.431 73.791 74.156 74.481 74.753 75.006 75.256 75.501 75.733 75.926 76.181 76.446 76.646 76.896 77.958 78.066 78.128 78.371 78.458 78.631 78.856 79.066 79.281 79.486 79.728 79.943 80.156 80.383 80.576 80.781 80.981 81.151 81.316 81.501 81.626 81.786 81.913 82.093 82.238 82.473 82.673 82.823 82.958 83.081 83.193 83.356 83.481 83.648 83.761 83.898 84.021 84.098 84.193 84.323 84.421 84.536 84.621 84.728 84.808 84.923 84.976 85.051 85.108 85.151
