Matlab/Roost_data/braunton/dsm/ss4935_DSM_2M.asc
ncols 500
nrows 500
xllcorner    249000
yllcorner    135000
cellsize     2
NODATA_value -9999
[rows 384 to 415 of 500, columns 360 to 431 of 500]
10.901 10.906 10.926 10.941 10.946 10.951 10.964 10.984 10.996 10.979 11.001 10.999 10.999 10.996 11.006 10.999 11.006 11.019 11.034 11.044 11.066 11.071 11.081 11.076 11.061 11.061 11.059 11.064 11.071 11.086 11.056 11.094 11.094 11.081 11.051 11.051 11.021 11.006 10.954 10.961 10.904 10.941 11.889 12.046 11.736 11.029 11.139 11.234 11.301 11.274 11.306 11.231 11.206 10.957 12.456 11.44 11.452 11.429 11.263 11.261 11.344 11.428 11.359 11.324 11.432 11.488 11.45 11.454 11.479 11.414 11.439 11.536
10.879 10.894 10.904 10.894 10.914 10.926 10.949 10.966 10.956 10.959 10.981 10.984 10.979 10.986 11.004 11.006 11.021 11.034 11.029 11.046 11.039 11.026 11.029 11.034 11.021 11.036 11.029 11.024 11.031 11.041 11.066 11.064 11.069 11.064 11.059 11.016 11.034 11.019 11.004 10.951 10.954 10.949 10.944 11.134 11.999 11.939 10.946 11.146 11.184 11.144 11.119 11.111 11.156 10.873 11.848 11.984 11.604 11.373 11.264 11.318 11.59 11.777 11.435 11.322 11.345 11.344 11.363 11.344 11.329 11.341 11.404 11.399
10.859 10.854 10.856 10.889 10.891 10.891 10.921 10.916 10.934 10.961 10.969 10.981 10.971 10.971 10.961 10.959 10.974 11.004 10.994 11.004 10.999 11.011 10.994 10.994 10.979 10.979 10.989 10.994 10.996 11.021 11.026 11.029 11.051 11.069 11.019 11.051 11.019 11.024 11.011 11.004 10.949 10.949 10.974 10.916 10.751 12.394 12.341 12.001 11.059 11.054 10.964 10.946 11.071 12.091 11.586 11.302 11.591 11.256 11.278 11.339 11.802 12.083 11.38 11.337 11.331 11.334 11.322 11.297 11.264 11.296 11.361 11.401
10.836 10.834 10.869 10.861 10.866 10.894 10.904 10.911 10.909 10.904 10.919 10.936 10.941 10.941 10.949 10.946 10.954 10.971 10.979 10.976 10.979 10.971 10.961 10.949 10.949 10.954 10.966 10.959 10.974 10.984 10.991 10.999 11.019 11.084 11.064 11.029 11.059 11.014 11.016 11.001 11.011 10.984 10.964 10.964 10.974 10.876 11.596 12.119 12.499 10.909 10.834 10.889 10.851 12.499 11.578 10.948 11.225 11.607 11.639 11.508 11.542 11.474 11.266 11.278 11.293 11.303 11.29 11.258 11.266 11.259 11.254 11.249
10.804 10.814 10.826 10.821 10.849 10.851 10.881 10.894 10.906 10.901 10.911 10.934 10.934 10.929 10.934 10.931 10.916 10.926 10.921 10.956 10.954 10.929 10.941 10.941 10.916 10.931 10.929 10.944 10.944 10.954 10.964 10.979 11.004 11.001 11.039 11.041 11.064 11.041 11.014 11.011 11.021 11.016 11.016 10.994 10.999 11.024 11.009 10.949 11.736 12.556 10.904 10.784 10.804 12.765 12.045 12.948 11.33 11.531 11.798 11.772 11.576 11.229 11.195 11.21 11.238 11.239 11.248 11.254 11.259 11.244 11.256 11.209
10.796 10.789 10.794 10.806 10.809 10.824 10.844 10.879 10.884 10.904 10.894 10.924 10.914 10.916 10.919 10.924 10.924 10.914 10.939 10.929 10.911 10.899 10.904 10.909 10.896 10.914 10.904 10.929 10.921 10.931 10.931 10.959 10.969 10.989 10.999 11.036 11.029 11.041 11.009 10.999 10.999 11.041 11.024 11.031 10.979 10.986 10.984 11.001 10.744 11.554 12.124 10.706 11.239 11.404 11.043 11.32 11.444 11.547 11.616 11.624 11.387 11.131 11.16 11.177 11.172 11.157 11.163 11.205 11.239 11.229 11.246 11.216
10.761 10.754 10.766 10.781 10.771 10.786 10.804 10.824 10.849 10.871 10.891 10.874 10.889 10.886 10.886 10.874 10.901 10.899 10.884 10.874 10.891 10.874 10.866 10.871 10.866 10.864 10.879 10.886 10.889 10.904 10.899 10.929 10.944 10.954 10.966 10.981 11.016 11.051 11.016 10.974 10.999 11.014 11.026 11.036 11.029 10.961 10.936 10.886 10.834 10.809 10.856 10.971 11.864 11.551 11.747 11.824 12.473 12.575 11.966 11.518 11.447 11.1 11.134 11.138 11.142 11.112 11.105 11.14 11.154 11.236 11.259 11.211
10.746 10.739 10.736 10.734 10.744 10.764 10.771 10.784 10.821 10.831 10.829 10.859 10.871 10.866 10.874 10.874 10.861 10.874 10.866 10.854 10.851 10.844 10.821 10.829 10.824 10.826 10.844 10.841 10.851 10.861 10.866 10.886 10.911 10.929 10.949 10.954 10.966 10.986 10.991 10.991 10.981 11.006 11.034 11.039 11.036 10.989 10.926 10.836 10.764 10.774 10.874 10.956 10.546 11.266 12.973 12.419 12.316 12.528 12.394 11.519 11.078 11.104 11.104 11.097 11.101 11.075 11.076 11.101 11.139 11.181 11.196 11.191
10.719 10.729 10.699 10.716 10.724 10.729 10.749 10.774 10.806 10.814 10.836 10.851 10.854 10.871 10.859 10.854 10.851 10.856 10.846 10.836 10.841 10.819 10.799 10.816 10.826 10.814 10.816 10.819 10.841 10.846 10.861 10.869 10.889 10.909 10.931 10.931 10.941 10.944 10.964 11.014 10.989 10.994 11.016 11.041 11.016 11.009 10.956 10.819 10.769 10.734 10.806 12.879 11.106 13.806 11.537 12.422 12.545 12.532 12.053 11.265 11.08 11.096 11.076 11.067 11.052 11.038 11.055 11.063 11.094 11.131 11.131 11.111
10.689 10.701 10.704 10.686 10.696 10.711 10.739 10.744 10.751 10.774 10.791 10.796 10.806 10.816 10.824 10.829 10.819 10.809 10.816 10.809 10.791 10.794 10.794 10.786 10.794 10.786 10.791 10.799 10.801 10.809 10.846 10.856 10.866 10.894 10.896 10.929 10.934 10.954 10.959 10.964 10.961 10.959 11.001 11.009 11.001 11.041 10.949 10.859 10.789 10.799 10.576 11.584 10.789 11.364 11.392 11.248 12.376 12.388 11.367 11.065 11.078 11.072 11.067 11.033 11.023 11.015 11.027 11.046 11.068 11.076 11.066 11.054
10.689 10.696 10.704 10.679 10.706 10.714 10.726 10.716 10.739 10.761 10.769 10.794 10.804 10.816 10.809 10.829 10.824 10.819 10.781 10.786 10.764 10.779 10.771 10.766 10.766 10.781 10.761 10.789 10.789 10.801 10.804 10.836 10.856 10.869 10.861 10.884 10.904 10.911 10.896 10.889 10.894 10.936 10.964 10.954 10.984 10.984 10.929 10.899 10.821 10.786 11.184 12.256 11.266 12.099 11.443 11.14 11.535 11.255 11.104 11.029 11.054 11.029 11.031 11.003 10.991 11.014 11.02 11.042 11.049 11.069 11.024 11.004
10.674 10.671 10.661 10.666 10.676 10.684 10.709 10.701 10.711 10.716 10.744 10.756 10.771 10.794 10.784 10.796 10.804 10.796 10.794 10.796 10.771 10.766 10.761 10.749 10.736 10.746 10.759 10.746 10.749 10.774 10.796 10.791 10.806 10.809 10.824 10.851 10.854 10.859 10.849 10.856 10.874 10.876 10.926 10.926 10.904 10.924 10.859 10.911 10.819 10.541 11.449 11.649 12.746 10.989 11.256 11.321 11.172 11.083 10.981 11.012 11.011 10.987 10.984 10.974 10.964 10.987 11.024 11.044 11.044 11.024 10.994 10.986
10.656 10.654 10.656 10.664 10.674 10.684 10.661 10.669 10.664 10.691 10.701 10.724 10.724 10.731 10.726 10.736 10.759 10.774 10.741 10.761 10.739 10.744 10.744 10.739 10.721 10.741 10.724 10.741 10.734 10.746 10.744 10.761 10.784 10.791 10.806 10.834 10.834 10.854 10.866 10.854 10.856 10.861 10.876 10.886 10.859 10.874 10.831 10.866 10.774 10.729 12.751 10.446 13.121 10.996 10.99 11.054 11.067 10.949 10.969 10.989 10.978 10.963 10.956 10.938 10.944 10.979 10.995 11.002 11.017 11.031 10.981 10.981
10.639 10.654 10.649 10.659 10.659 10.654 10.669 10.671 10.681 10.686 10.684 10.686 10.704 10.711 10.714 10.724 10.741 10.729 10.749 10.746 10.736 10.744 10.739 10.729 10.729 10.726 10.726 10.726 10.721 10.741 10.731 10.744 10.736 10.766 10.764 10.784 10.811 10.816 10.816 10.801 10.816 10.789 10.809 10.839 10.846 10.834 10.824 10.814 10.764 11.176 11.694 13.226 12.009 10.966 11.136 11.009 10.92 10.925 10.952 10.933 10.935 10.918 10.919 10.89 10.924 10.938 10.993 11.009 10.989 10.991 10.974 10.951
10.639 10.636 10.639 10.641 10.644 10.646 10.654 10.664 10.681 10.674 10.664 10.666 10.671 10.666 10.694 10.689 10.686 10.704 10.696 10.716 10.729 10.716 10.719 10.714 10.716 10.706 10.716 10.709 10.704 10.724 10.716 10.721 10.734 10.721 10.751 10.769 10.771 10.799 10.799 10.791 10.789 10.769 10.809 10.811 10.844 10.799 10.799 10.769 10.624 11.521 10.976 13.589 10.844 11.259 10.924 10.87 10.859 10.907 10.897 10.888 10.892 10.89 10.904 10.913 10.909 10.923 10.945 10.95 10.98 10.984 10.961 10.956
10.641 10.639 10.636 10.639 10.641 10.646 10.659 10.659 10.649 10.654 10.649 10.651 10.651 10.664 10.649 10.649 10.669 10.689 10.686 10.694 10.691 10.681 10.701 10.704 10.711 10.701 10.704 10.711 10.719 10.714 10.696 10.714 10.726 10.734 10.729 10.736 10.729 10.729 10.729 10.751 10.769 10.769 10.796 10.791 10.799 10.781 10.769 10.749 10.391 11.669 12.496 11.529 11.441 10.849 10.871 10.782 10.836 10.867 10.847 10.842 10.859 10.871 10.868 10.872 10.882 10.891 10.919 10.945 10.961 10.942 10.921 10.936
10.636 10.646 10.654 10.649 10.649 10.641 10.656 10.649 10.651 10.654 10.649 10.651 10.651 10.664 10.651 10.641 10.649 10.644 10.664 10.681 10.701 10.681 10.699 10.694 10.694 10.696 10.699 10.701 10.699 10.706 10.701 10.699 10.709 10.714 10.724 10.724 10.734 10.719 10.709 10.726 10.744 10.761 10.771 10.764 10.736 10.719 10.726 10.696 10.654 12.034 11.544 12.411 10.939 10.836 10.736 10.758 10.82 10.84 10.844 10.835 10.84 10.827 10.82 10.815 10.851 10.853 10.892 10.915 10.924 10.905 10.914 10.939
10.611 10.619 10.631 10.631 10.639 10.631 10.649 10.634 10.641 10.636 10.621 10.619 10.606 10.614 10.599 10.611 10.606 10.611 10.621 10.631 10.626 10.654 10.656 10.656 10.664 10.676 10.684 10.679 10.681 10.684 10.676 10.686 10.681 10.681 10.676 10.676 10.701 10.686 10.681 10.719 10.751 10.739 10.726 10.764 10.714 10.696 10.664 10.684 11.054 11.966 11.739 11.329 10.739 10.769 10.741 10.778 10.811 10.823 10.806 10.812 10.795 10.786 10.791 10.804 10.803 10.854 10.884 10.898 10.897 10.91 10.899 10.919
10.606 10.619 10.629 10.644 10.626 10.634 10.646 10.654 10.651 10.639 10.616 10.619 10.604 10.586 10.579 10.564 10.579 10.581 10.586 10.604 10.616 10.631 10.644 10.656 10.674 10.681 10.701 10.704 10.704 10.696 10.689 10.694 10.691 10.679 10.676 10.676 10.661 10.661 10.676 10.666 10.669 10.681 10.689 10.721 10.689 10.684 10.644 10.519 11.419 11.429 13.266 11.086 10.751 10.664 10.734 10.775 10.786 10.782 10.784 10.771 10.752 10.759 10.745 10.78 10.789 10.839 10.864 10.865 10.876 10.892 10.891 10.911
10.579 10.606 10.654 10.654 10.654 10.656 10.659 10.641 10.634 10.629 10.629 10.624 10.594 10.596 10.581 10.566 10.564 10.554 10.554 10.584 10.579 10.584 10.609 10.621 10.631 10.654 10.669 10.684 10.689 10.674 10.674 10.654 10.656 10.656 10.651 10.634 10.639 10.616 10.639 10.651 10.654 10.631 10.651 10.649 10.649 10.654 10.609 10.249 11.614 10.664 13.014 10.711 10.644 10.681 10.746 10.756 10.764 10.764 10.733 10.725 10.74 10.73 10.737 10.75 10.76 10.819 10.84 10.85 10.83 10.849 10.839 10.904
10.516 10.581 10.616 10.634 10.651 10.644 10.636 10.634 10.634 10.631 10.609 10.614 10.586 10.571 10.566 10.544 10.544 10.516 10.534 10.539 10.554 10.551 10.574 10.574 10.596 10.611 10.624 10.651 10.656 10.666 10.664 10.651 10.639 10.646 10.631 10.629 10.604 10.611 10.631 10.631 10.636 10.626 10.646 10.614 10.614 10.624 10.554 10.449 11.644 12.431 10.964 10.629 10.579 10.679 10.719 10.714 10.723 10.735 10.718 10.706 10.694 10.7 10.711 10.736 10.752 10.798 10.809 10.849 10.81 10.812 10.859 10.874
10.499 10.541 10.606 10.644 10.636 10.654 10.649 10.636 10.626 10.624 10.629 10.589 10.579 10.569 10.534 10.536 10.509 10.491 10.486 10.486 10.491 10.514 10.529 10.554 10.559 10.574 10.606 10.626 10.644 10.639 10.649 10.661 10.651 10.639 10.634 10.621 10.621 10.621 10.619 10.626 10.591 10.569 10.611 10.556 10.604 10.564 10.531 10.999 13.036 10.299 10.671 10.566 10.631 10.671 10.661 10.694 10.68 10.665 10.672 10.678 10.687 10.69 10.697 10.717 10.764 10.792 10.809 10.782 10.791 10.765 10.806 10.836
10.504 10.524 10.551 10.611 10.644 10.666 10.656 10.641 10.644 10.624 10.609 10.594 10.579 10.569 10.531 10.521 10.496 10.476 10.496 10.476 10.491 10.504 10.526 10.539 10.549 10.546 10.581 10.591 10.606 10.616 10.609 10.624 10.614 10.624 10.626 10.609 10.604 10.601 10.564 10.579 10.569 10.574 10.546 10.536 10.579 10.529 10.219 11.189 11.884 13.261 10.599 10.491 10.606 10.641 10.639 10.636 10.64 10.648 10.644 10.651 10.661 10.661 10.682 10.695 10.736 10.751 10.761 10.743 10.743 10.762 10.801 10.789
10.471 10.499 10.536 10.581 10.604 10.629 10.626 10.606 10.616 10.611 10.591 10.571 10.554 10.544 10.524 10.519 10.504 10.479 10.466 10.459 10.476 10.484 10.481 10.499 10.476 10.511 10.524 10.549 10.569 10.556 10.581 10.599 10.601 10.601 10.604 10.591 10.594 10.609 10.586 10.589 10.539 10.559 10.511 10.514 10.524 10.449 10.194 11.484 10.751 11.059 10.441 10.529 10.589 10.601 10.609 10.596 10.601 10.609 10.631 10.629 10.639 10.636 10.669 10.708 10.734 10.734 10.715 10.695 10.728 10.748 10.775 10.776
10.456 10.476 10.501 10.539 10.576 10.621 10.636 10.639 10.636 10.634 10.604 10.571 10.569 10.551 10.516 10.511 10.489 10.464 10.474 10.459 10.459 10.444 10.474 10.474 10.496 10.509 10.504 10.516 10.524 10.541 10.549 10.571 10.574 10.574 10.586 10.589 10.581 10.591 10.586 10.574 10.521 10.539 10.514 10.514 10.496 10.479 10.791 11.824 10.184 10.644 10.431 10.509 10.554 10.569 10.579 10.589 10.582 10.588 10.587 10.607 10.625 10.621 10.654 10.703 10.723 10.73 10.688 10.693 10.703 10.73 10.707 10.726
10.434 10.446 10.474 10.516 10.564 10.576 10.589 10.596 10.599 10.596 10.579 10.559 10.544 10.539 10.509 10.494 10.479 10.484 10.454 10.456 10.449 10.451 10.446 10.449 10.451 10.471 10.484 10.496 10.499 10.506 10.544 10.541 10.549 10.556 10.559 10.559 10.556 10.549 10.531 10.511 10.509 10.511 10.501 10.484 10.461 10.201 11.134 12.599 11.271 10.476 10.439 10.514 10.524 10.541 10.546 10.546 10.546 10.546 10.56 10.568 10.581 10.624 10.674 10.703 10.701 10.696 10.673 10.684 10.692 10.693 10.724 10.721
10.354 10.404 10.426 10.451 10.471 10.494 10.536 10.564 10.576 10.584 10.561 10.556 10.536 10.529 10.504 10.494 10.484 10.464 10.454 10.444 10.446 10.444 10.451 10.449 10.446 10.441 10.451 10.436 10.461 10.479 10.501 10.494 10.499 10.506 10.526 10.529 10.536 10.509 10.541 10.506 10.516 10.474 10.466 10.461 10.409 10.114 11.431 10.936 11.594 10.329 10.459 10.506 10.509 10.516 10.526 10.531 10.509 10.511 10.524 10.56 10.568 10.609 10.66 10.682 10.683 10.662 10.654 10.656 10.654 10.671 10.684 10.681
10.369 10.389 10.411 10.436 10.476 10.501 10.531 10.551 10.554 10.561 10.544 10.539 10.519 10.501 10.494 10.481 10.471 10.464 10.441 10.444 10.434 10.429 10.421 10.409 10.411 10.426 10.429 10.431 10.429 10.444 10.461 10.459 10.474 10.476 10.474 10.494 10.516 10.531 10.519 10.484 10.496 10.464 10.439 10.411 10.411 10.634 10.969 11.839 10.469 10.376 10.469 10.519 10.499 10.481 10.469 10.474 10.479 10.485 10.491 10.506 10.548 10.576 10.617 10.654 10.662 10.641 10.617 10.635 10.647 10.65 10.66 10.633
10.344 10.366 10.376 10.409 10.431 10.444 10.479 10.524 10.534 10.549 10.559 10.551 10.544 10.539 10.514 10.489 10.481 10.469 10.446 10.439 10.429 10.426 10.424 10.411 10.401 10.404 10.401 10.389 10.416 10.419 10.414 10.434 10.424 10.449 10.459 10.466 10.479 10.479 10.449 10.459 10.459 10.454 10.431 10.391 10.101 11.149 10.804 11.211 10.391 10.409 10.476 10.471 10.491 10.476 10.469 10.456 10.459 10.456 10.469 10.479 10.514 10.554 10.598 10.621 10.624 10.619 10.619 10.617 10.605 10.598 10.622 10.612
10.326 10.296 10.339 10.369 10.379 10.394 10.434 10.466 10.469 10.479 10.481 10.489 10.489 10.484 10.451 10.456 10.446 10.436 10.431 10.406 10.424 10.414 10.396 10.396 10.386 10.379 10.364 10.379 10.384 10.369 10.381 10.399 10.404 10.404 10.411 10.454 10.484 10.451 10.434 10.429 10.426 10.411 10.401 10.321 10.116 11.684 13.064 11.264 10.339 10.384 10.451 10.471 10.469 10.436 10.446 10.434 10.431 10.442 10.431 10.429 10.481 10.524 10.546 10.579 10.579 10.604 10.621 10.608 10.595 10.584 10.582 10.564
10.271 10.319 10.301 10.306 10.356 10.356 10.384 10.414 10.439 10.474 10.499 10.511 10.496 10.489 10.489 10.489 10.459 10.446 10.439 10.434 10.426 10.404 10.401 10.391 10.371 10.361 10.351 10.339 10.344 10.356 10.369 10.359 10.379 10.401 10.396 10.411 10.424 10.424 10.379 10.386 10.374 10.384 10.349 10.316 10.639 10.889 10.881 10.429 10.331 10.429 10.454 10.476 10.451 10.419 10.416 10.419 10.411 10.403 10.405 10.426 10.456 10.475 10.506 10.529 10.57 10.617 10.599 10.588 10.583 10.556 10.561 10.55
10.219 10.284 10.306 10.314 10.314 10.344 10.349 10.356 10.391 10.411 10.439 10.436 10.439 10.431 10.436 10.441 10.434 10.431 10.424 10.411 10.384 10.394 10.374 10.366 10.364 10.359 10.349 10.334 10.339 10.334 10.329 10.324 10.326 10.356 10.349 10.376 10.334 10.346 10.331 10.371 10.334 10.374 10.314 10.031 11.009 11.556 12.759 10.269 10.379 10.444 10.444 10.446 10.419 10.396 10.384 10.394 10.374 10.379 10.387 10.387 10.422 10.459 10.484 10.488 10.543 10.599 10.601 10.58 10.558 10.545 10.539 10.52
