Matlab/Roost_data/braunton/dsm/ss4937_DSM_2M.asc
ncols 500
nrows 500
xllcorner    249000
yllcorner    137000
cellsize     2
NODATA_value -9999
[rows 320 to 351 of 500, columns 142 to 212 of 500]
70.283 69.876 69.453 69.043 68.618 68.143 67.603 67.063 66.506 65.916 65.371 64.796 64.251 63.966 63.201 62.278 61.156 60.161 59.198 58.233 57.373 56.468 55.566 54.623 53.591 52.676 51.818 50.776 50.008 49.058 47.831 45.913 45.483 45.263 43.773 43.648 43.593 43.326 42.003 40.496 39.433 38.701 38.196 38.303 37.496 37.636 37.491 37.461 37.373 37.326 37.346 37.408 37.501 37.558 37.618 37.696 37.773 37.818 37.911 38.008 38.096 38.318 38.378 38.536 38.788 39.108 39.501 39.916 40.331 40.748 41.136
70.338 69.881 69.456 69.056 68.638 68.158 67.621 67.076 66.503 65.946 65.403 64.826 64.423 64.238 63.891 62.206 61.108 60.231 59.368 58.298 57.398 56.481 56.861 57.183 54.928 52.563 51.616 50.853 49.976 49.011 47.501 46.043 45.521 50.008 49.086 46.768 43.326 43.161 41.996 40.986 39.773 38.661 37.811 38.566 37.651 38.233 37.406 37.396 37.321 37.286 37.283 37.351 37.396 37.461 37.511 37.583 37.643 37.678 37.786 37.928 38.023 38.251 38.308 38.448 38.716 39.048 39.398 39.798 40.236 40.673 41.038
70.311 69.883 69.503 69.083 68.653 68.188 67.663 67.151 66.518 65.993 65.446 64.876 64.576 64.156 63.841 62.106 61.008 60.221 59.338 58.378 57.428 56.473 55.568 54.623 53.561 52.531 51.621 50.876 49.948 49.001 47.871 47.221 47.883 47.698 45.816 43.861 43.028 43.003 42.053 40.663 39.533 38.536 37.616 38.331 37.293 38.388 37.333 37.321 37.273 37.198 37.198 37.261 37.311 37.376 37.403 37.456 37.531 37.566 37.723 37.833 37.948 38.156 38.238 38.376 38.611 38.941 39.291 39.696 40.131 40.596 40.968
70.318 69.931 69.508 69.141 68.713 68.231 67.683 67.171 66.528 66.021 65.461 64.941 64.543 64.243 63.138 62.721 61.158 60.193 59.313 58.348 57.396 56.488 55.513 54.511 53.621 54.963 51.671 50.863 49.928 48.976 53.146 53.003 45.651 45.483 44.918 42.786 42.728 42.771 42.201 40.941 39.213 38.723 37.621 37.751 37.558 38.253 37.291 37.286 37.236 37.133 37.103 37.163 37.208 37.276 37.318 37.366 37.443 37.486 37.638 37.751 37.858 38.108 38.148 38.311 38.528 38.841 39.206 39.593 40.031 40.508 40.926
70.368 69.956 69.541 69.228 68.716 68.296 67.703 67.148 66.533 66.066 65.466 64.906 64.721 64.253 63.126 62.368 61.306 61.653 60.483 58.353 57.396 56.446 55.433 54.533 54.368 58.611 51.726 55.233 49.941 48.971 50.136 48.373 50.338 45.916 45.416 42.626 42.506 42.566 41.866 40.363 38.998 38.366 38.228 37.291 36.916 37.993 37.281 37.233 37.221 37.096 37.041 37.053 37.108 37.183 37.233 37.281 37.371 37.423 37.518 37.643 37.768 38.048 38.081 38.228 38.401 38.758 39.096 39.508 39.986 40.481 40.873
70.371 70.008 69.611 69.156 68.733 68.256 67.721 67.163 66.558 66.061 65.453 64.988 64.861 64.213 63.383 61.976 61.076 60.288 59.198 58.223 57.333 56.473 55.391 54.336 53.486 52.573 51.646 50.776 49.798 48.828 47.403 45.986 45.853 49.016 48.016 42.728 42.333 42.293 41.598 40.138 38.956 39.366 37.468 37.163 36.448 37.626 37.236 37.181 37.136 37.056 36.988 36.958 37.006 37.078 37.156 37.186 37.271 37.358 37.446 37.551 37.671 37.961 37.976 38.128 38.328 38.658 39.026 39.451 39.893 40.388 40.736
70.476 70.078 69.696 69.223 68.753 68.256 67.708 67.108 66.556 66.041 65.431 64.991 64.868 64.131 63.068 61.853 61.168 60.061 59.281 58.096 57.193 56.258 55.323 54.411 53.736 54.356 53.133 50.628 47.976 47.306 46.903 45.968 45.688 45.486 48.368 42.356 42.103 42.073 41.698 40.101 39.128 38.913 37.736 37.223 36.676 36.913 37.123 37.088 37.023 36.976 36.921 36.908 36.926 37.003 37.066 37.143 37.238 37.306 37.376 37.461 37.591 37.863 37.896 38.031 38.236 38.571 38.953 39.338 39.791 40.273 40.716
70.583 70.171 69.678 69.283 68.791 68.271 67.731 67.128 66.548 65.996 65.451 65.036 64.878 64.073 62.998 61.816 60.998 59.978 59.013 58.058 57.223 56.258 55.306 54.316 53.413 52.413 51.533 50.146 47.466 46.826 46.596 45.906 45.661 45.513 47.648 42.408 41.843 41.796 41.718 40.393 39.306 38.696 38.041 37.068 36.728 36.206 36.978 36.963 36.921 36.893 36.833 36.831 36.836 36.951 37.033 37.091 37.173 37.246 37.298 37.366 37.501 37.748 37.826 37.908 38.131 38.453 38.821 39.196 39.643 40.163 40.646
70.688 70.261 69.806 69.336 68.808 68.298 67.828 67.138 66.598 66.038 65.473 65.011 64.741 64.018 62.876 61.938 61.213 59.861 58.978 58.053 57.406 56.093 55.241 54.328 53.378 52.463 51.566 50.533 47.813 47.133 47.176 47.846 45.756 45.516 44.691 44.503 41.606 41.601 41.611 41.671 39.448 38.253 37.288 37.006 36.918 36.076 36.923 36.876 36.883 36.838 36.776 36.763 36.823 36.926 37.006 37.068 37.121 37.178 37.206 37.273 37.386 37.631 37.713 37.813 38.008 38.246 38.618 39.016 39.516 40.056 40.581
70.828 70.398 69.938 69.466 68.916 68.396 67.826 67.186 66.628 66.058 65.491 65.013 64.731 63.921 62.658 61.746 60.761 60.001 58.961 59.263 58.043 56.403 55.128 54.303 53.278 52.528 51.891 50.621 49.441 48.383 48.683 46.373 45.841 45.806 45.143 44.681 45.378 42.023 41.431 41.906 39.636 38.353 37.306 37.006 36.913 36.026 36.743 36.786 36.776 36.723 36.691 36.733 36.791 36.878 37.006 37.056 37.093 37.131 37.163 37.191 37.253 37.486 37.601 37.686 37.873 38.113 38.381 38.813 39.296 39.893 40.431
70.988 70.526 70.048 69.521 68.961 68.441 67.838 67.253 66.636 66.076 65.453 65.021 64.651 63.743 62.493 61.541 60.701 59.748 59.086 57.851 57.318 56.048 55.436 54.151 53.176 52.411 51.526 50.566 49.623 48.738 47.556 46.501 46.001 45.848 45.321 43.233 41.206 41.051 41.201 41.093 39.951 38.403 37.313 37.041 36.898 36.158 36.348 36.676 36.733 36.671 36.641 36.678 36.771 36.843 36.956 37.018 37.043 37.073 37.096 37.163 37.151 37.373 37.518 37.558 37.738 37.988 38.248 38.581 39.118 39.706 40.283
71.123 70.661 70.203 69.613 69.053 68.533 67.901 67.313 66.663 66.076 65.553 65.078 64.576 63.883 63.293 63.098 60.963 60.013 59.163 58.046 56.941 55.998 55.081 54.246 53.198 52.393 51.433 50.611 49.678 48.766 47.511 46.431 45.991 48.158 44.838 43.596 41.386 40.853 40.936 40.898 40.123 38.693 37.648 37.308 36.966 36.633 35.913 36.603 36.661 36.646 36.603 36.641 36.708 36.788 36.883 36.971 37.008 37.063 37.053 37.078 37.118 37.296 37.446 37.463 37.618 37.846 38.096 38.366 38.873 39.451 40.066
71.263 70.773 70.278 69.763 69.176 68.623 67.951 67.371 66.768 66.131 65.616 65.118 64.638 63.818 62.573 61.533 60.551 59.518 59.023 58.256 56.966 55.941 55.141 54.191 53.153 52.353 51.626 52.516 54.321 48.686 48.006 54.483 47.581 49.873 47.828 43.616 42.093 40.661 40.716 40.743 40.486 38.966 38.096 37.553 37.726 36.788 35.786 36.516 36.616 36.596 36.586 36.593 36.621 36.701 36.828 36.888 36.943 37.011 36.998 37.023 37.066 37.161 37.361 37.366 37.503 37.721 37.928 38.251 38.568 39.186 39.808
71.443 70.913 70.401 69.851 69.308 68.661 68.026 67.446 66.796 66.198 65.661 65.128 64.621 63.583 62.963 61.671 60.591 65.586 59.233 58.053 57.156 56.223 55.153 54.301 53.178 52.391 51.468 50.481 49.651 48.641 47.426 48.571 47.616 48.588 45.176 53.356 42.803 40.453 40.441 40.561 41.766 39.343 38.606 41.558 37.286 36.863 36.551 35.976 36.526 36.563 36.523 36.533 36.533 36.613 36.698 36.806 36.856 36.911 36.928 36.931 36.943 37.056 37.298 37.308 37.393 37.578 37.816 38.126 38.388 38.886 39.513
71.588 71.093 70.563 69.993 69.386 68.773 68.151 67.546 66.913 66.256 65.801 65.283 64.783 63.583 62.646 61.526 60.611 59.958 58.851 57.963 57.081 56.051 55.241 54.371 56.196 52.571 51.616 50.633 49.688 48.748 47.633 46.368 45.791 45.408 45.361 44.583 43.288 46.873 47.153 41.153 42.158 39.841 39.558 37.713 37.066 37.236 36.666 35.778 36.396 36.443 36.483 36.458 36.471 36.533 36.601 36.691 36.786 36.816 36.843 36.823 36.883 37.008 37.208 37.251 37.331 37.471 37.708 37.973 38.198 38.548 39.263
71.776 71.231 70.713 70.131 69.511 68.898 68.281 67.648 66.971 66.366 65.866 65.388 64.928 63.578 62.413 61.548 60.938 60.198 59.353 58.196 57.243 56.428 55.353 55.661 53.413 52.573 51.751 50.828 49.741 48.731 47.748 46.646 45.733 45.413 45.448 46.153 44.313 40.146 40.098 40.223 40.246 39.971 38.538 37.718 38.396 36.946 37.158 35.766 35.931 36.341 36.401 36.343 36.416 36.451 36.503 36.576 36.608 36.678 36.731 36.701 36.776 36.901 37.158 37.223 37.266 37.383 37.596 37.878 38.141 38.436 39.001
71.958 71.458 70.866 70.273 69.678 69.041 68.428 67.781 67.103 66.488 65.966 65.536 64.991 63.601 62.778 61.666 61.068 60.903 59.533 58.138 57.246 56.393 55.838 54.848 53.578 52.843 52.341 50.873 49.876 48.821 47.933 47.013 45.783 45.456 45.438 45.276 43.951 40.228 39.943 40.001 40.058 41.268 38.376 37.631 37.561 36.761 36.686 36.306 35.483 36.368 36.281 36.288 36.298 36.373 36.426 36.483 36.538 36.516 36.528 36.603 36.681 36.806 37.033 37.148 37.183 37.301 37.476 37.751 38.026 38.306 38.773
72.143 71.613 71.081 70.491 69.871 69.273 68.648 67.966 67.246 66.693 66.143 65.591 65.143 66.386 62.696 61.868 61.176 60.476 60.051 58.791 57.328 56.513 55.978 54.766 53.788 52.886 51.926 51.041 50.066 49.008 48.003 46.753 45.843 45.573 45.488 44.916 43.398 40.316 39.826 39.796 39.893 41.301 38.923 42.398 38.461 36.623 36.591 36.501 35.366 36.296 36.181 36.228 36.208 36.316 36.368 36.413 36.436 36.388 36.436 36.523 36.616 36.771 36.951 37.073 37.093 37.246 37.416 37.656 37.893 38.143 38.616
72.418 71.828 71.356 70.858 70.168 69.503 68.868 68.153 67.441 66.846 66.288 65.678 65.191 63.943 62.938 62.101 61.141 60.396 59.848 58.683 57.868 56.906 55.846 54.838 54.011 53.268 52.406 51.166 50.233 49.141 51.206 47.166 46.043 45.578 45.461 45.256 43.528 41.426 39.901 39.703 39.698 39.651 39.388 37.996 36.773 36.573 36.516 36.711 36.243 35.466 36.073 36.088 36.101 36.266 36.333 36.331 36.291 36.268 36.343 36.381 36.518 36.708 36.858 36.993 37.023 37.196 37.368 37.573 37.783 38.036 38.516
72.688 72.098 71.536 71.008 70.481 69.841 69.193 68.411 67.708 67.036 66.443 66.043 65.363 64.343 63.026 62.246 61.553 60.831 61.148 58.873 57.951 57.203 55.956 54.948 54.138 53.178 52.371 51.351 50.983 50.753 52.201 48.746 46.203 45.878 45.408 45.233 43.976 42.216 40.061 39.503 39.441 39.498 39.541 38.593 36.938 36.618 36.598 36.611 36.743 35.338 35.726 35.978 36.001 36.121 36.198 36.213 36.193 36.188 36.278 36.336 36.446 36.641 36.791 36.938 36.953 37.133 37.316 37.511 37.718 37.983 38.488
73.041 72.383 71.811 71.356 70.798 70.186 69.563 68.823 68.068 67.318 66.676 66.206 65.611 64.633 63.381 62.493 61.758 61.143 60.323 59.318 58.556 57.401 56.378 55.176 54.488 53.508 52.598 51.943 50.721 49.646 48.431 47.528 46.226 46.288 45.408 45.338 44.963 42.638 41.153 39.453 39.293 39.306 39.166 38.861 37.388 36.996 36.503 36.526 36.473 35.936 35.291 35.836 35.963 36.078 36.123 36.103 36.076 36.091 36.196 36.266 36.353 36.571 36.776 36.933 36.911 37.081 37.236 37.461 37.683 38.058 38.501
73.308 72.728 72.156 71.643 71.133 70.638 69.988 69.173 68.361 67.601 67.018 66.443 65.866 64.816 63.751 62.931 62.083 61.331 60.471 62.278 58.646 57.978 56.731 55.451 54.648 54.093 52.876 51.853 50.916 49.981 48.976 48.183 53.693 53.128 48.781 46.706 44.438 43.216 42.626 39.566 39.146 39.066 39.131 39.088 38.073 36.741 36.578 36.468 36.506 36.166 35.216 35.498 35.978 35.988 36.023 35.998 35.961 36.068 36.101 36.178 36.276 36.511 36.676 36.838 36.861 36.943 37.173 37.418 37.666 38.118 38.571
73.431 72.946 72.413 71.863 71.293 70.806 70.266 69.533 68.668 68.028 67.208 66.713 66.201 65.371 64.278 63.296 62.483 61.586 65.021 60.013 59.118 58.008 57.016 55.806 54.891 54.093 53.161 52.053 51.138 50.301 49.341 48.396 47.198 45.891 45.486 45.461 44.763 42.861 42.466 40.708 39.121 38.916 39.001 39.008 38.771 37.176 36.678 36.481 36.418 36.298 35.296 35.173 35.803 35.901 35.876 35.886 35.861 35.951 35.983 36.073 36.226 36.426 36.608 36.748 36.873 36.873 37.113 37.343 37.728 38.166 38.578
73.458 73.008 72.546 71.998 71.443 70.961 70.343 69.696 68.978 68.251 67.536 66.996 66.761 65.771 64.796 63.711 62.916 68.638 62.698 61.078 59.253 58.228 57.266 56.363 55.186 54.468 53.503 52.413 51.653 50.871 49.723 49.263 47.013 50.006 45.486 45.473 45.073 43.403 42.271 43.016 45.106 38.781 38.731 38.821 38.806 37.858 36.588 36.476 36.403 36.633 35.901 36.551 35.388 35.656 35.756 35.803 35.808 35.858 35.891 35.991 36.196 36.336 36.518 36.661 36.831 36.853 37.056 37.291 37.656 38.098 38.533
73.486 73.013 72.571 72.053 71.558 71.061 70.431 69.801 69.151 68.573 67.811 67.221 66.998 66.473 65.021 64.171 63.358 63.026 61.503 60.588 59.856 58.718 58.111 56.543 55.551 54.893 53.838 52.913 52.666 51.326 50.838 50.001 48.823 49.488 45.606 45.478 45.381 44.341 47.881 47.488 43.296 38.763 38.563 38.683 38.761 38.288 36.761 36.526 36.401 36.458 36.001 37.006 35.263 35.518 35.698 35.728 35.753 35.813 35.828 35.981 36.136 36.223 36.368 36.566 36.788 36.823 37.038 37.248 37.601 38.028 38.423
73.501 73.038 72.613 72.126 71.646 71.093 70.536 69.948 69.311 68.673 67.996 67.421 67.108 66.763 65.398 64.541 63.488 62.928 61.728 60.816 59.978 59.208 58.038 59.513 55.923 55.213 54.171 53.253 56.353 51.343 62.041 49.906 49.521 47.158 47.016 45.476 45.546 45.166 46.646 42.768 41.403 38.798 38.426 38.383 38.591 38.468 36.933 36.233 36.206 35.998 36.206 43.408 36.423 35.506 35.611 35.676 35.708 35.741 35.786 35.951 36.086 36.143 36.216 36.448 36.648 36.741 36.923 37.191 37.548 37.906 38.326
73.513 73.078 72.661 72.136 71.701 71.163 70.593 70.006 69.423 68.811 68.183 67.601 67.566 67.118 66.273 64.811 63.921 62.913 61.961 61.158 60.268 59.261 58.478 60.301 58.461 55.576 54.543 53.758 56.378 52.768 50.808 50.248 49.268 48.411 47.283 45.688 45.476 45.376 47.803 42.533 41.131 39.398 39.008 38.241 38.446 38.493 37.663 36.971 36.436 36.218 36.998 37.363 35.866 35.448 35.521 35.613 35.593 35.623 35.821 35.938 36.001 36.063 36.136 36.316 36.526 36.701 36.778 37.123 37.466 37.793 38.138
73.488 73.086 72.638 72.173 71.711 71.211 70.648 70.086 69.491 68.878 68.321 67.736 67.253 66.881 65.998 64.948 64.161 63.223 62.221 61.356 60.408 59.371 58.483 57.593 56.558 55.878 54.963 54.103 52.996 51.463 50.276 49.576 49.568 49.168 47.303 45.616 45.388 45.351 45.276 43.613 41.878 41.923 39.178 38.163 38.153 38.321 38.303 37.973 37.421 36.693 36.971 34.963 34.948 35.418 35.451 35.518 35.548 35.566 35.768 35.873 35.908 36.026 36.053 36.158 36.458 36.691 36.741 37.051 37.328 37.663 37.931
73.506 73.073 72.606 72.188 71.743 71.218 70.668 70.126 69.546 68.958 68.433 67.811 67.338 66.986 66.443 65.121 64.356 63.358 62.418 61.533 61.793 59.658 58.766 57.933 56.826 56.181 55.138 53.373 55.336 56.226 54.483 47.883 48.896 47.291 45.628 45.558 45.248 45.428 45.228 44.371 41.728 40.928 40.388 38.098 37.916 38.171 38.216 37.951 37.651 37.048 36.043 35.243 34.948 34.933 35.336 35.466 35.306 35.541 35.646 35.781 35.768 35.861 36.013 36.138 36.348 36.621 36.698 36.956 37.201 37.511 37.766
73.418 73.038 72.621 72.148 71.726 71.201 70.663 70.158 69.603 69.051 68.486 67.913 67.323 66.913 66.473 65.476 64.446 63.581 62.651 61.698 60.798 63.948 58.948 58.036 57.051 56.438 54.163 52.656 52.001 49.993 48.208 46.856 48.578 46.001 45.971 45.533 45.281 45.323 45.333 44.383 42.181 41.633 40.136 38.213 37.853 37.941 38.063 37.978 37.671 37.248 36.338 35.493 36.506 34.766 34.973 35.843 35.276 35.416 35.621 35.688 35.618 35.823 35.956 36.091 36.296 36.551 36.621 36.831 37.076 37.393 37.643
73.358 72.963 72.531 72.098 71.631 71.128 70.606 70.121 69.566 69.068 68.488 67.936 67.373 66.921 66.591 65.746 65.776 63.698 62.786 61.896 61.006 60.113 59.133 58.276 57.366 55.898 53.956 52.461 51.216 49.631 48.471 47.051 46.076 45.853 45.761 46.151 45.296 45.221 45.253 44.556 42.803 41.386 39.803 39.038 37.756 37.691 37.913 37.891 37.686 37.353 36.978 36.148 37.128 35.766 40.433 46.911 36.473 35.481 35.538 35.616 35.606 35.716 35.856 36.003 36.196 36.438 36.538 36.693 36.958 37.273 37.488
73.253 72.853 72.433 72.001 71.528 71.026 70.553 70.018 69.498 68.976 68.403 67.966 67.361 66.913 66.536 65.881 64.771 63.773 62.963 62.116 61.126 60.331 59.881 58.601 61.028 57.921 54.383 52.913 51.641 54.666 48.386 47.018 46.766 46.308 46.203 46.646 45.421 45.161 50.368 44.073 42.441 41.061 40.033 38.806 37.676 37.551 37.703 37.726 37.626 37.496 37.248 36.921 36.191 36.371 39.178 41.536 35.266 35.388 35.488 35.568 35.563 35.638 35.738 35.866 36.056 36.318 36.556 36.588 36.868 37.126 37.361
