Matlab/Roost_data/braunton/dsm/ss4934_DSM_2M.asc
ncols 500
nrows 500
xllcorner    249000
yllcorner    134000
cellsize     2
NODATA_value -9999
[rows 170 to 203 of 500, columns 380 to 455 of 500]
5.984 5.984 6.006 6.021 6.286 6.531 6.159 6.181 8.374 11.811 15.379 16.006 16.674 17.024 16.661 16.019 15.689 15.141 14.756 11.419 10.011 8.224 6.141 6.081 6.086 6.089 6.084 6.091 6.119 6.124 6.094 6.064 6.118 6.203 7.149 10.984 12.225 14.938 14.841 16.119 16.648 17.04 16.475 15.272 13.683 7.761 6.556 7.339 7.415 6.97 6.155 6.082 6.059 6.121 6.121 6.171 6.316 6.569 8.214 9.496 7.549 7.396 7.014 7.646 11.041 12.541 13.564 13.429 13.249 13.234 13.329 13.309 13.326 13.444 13.374 13.501
5.946 5.986 5.999 6.046 6.276 6.164 6.146 6.846 14.246 15.414 16.029 16.739 17.061 16.581 15.921 13.826 12.729 9.086 8.669 6.309 6.101 6.104 6.121 6.041 6.054 6.064 6.079 6.104 6.104 6.091 6.069 6.094 6.125 6.14 6.137 6.222 6.738 10.102 11.582 13.074 16.034 16.725 17.051 16.423 15.734 10.822 8.895 6.22 6.245 7.392 6.163 6.094 6.061 6.121 6.161 6.139 6.281 6.454 7.064 8.011 7.691 7.731 8.241 9.424 10.279 12.596 13.599 13.174 12.289 12.234 11.911 12.319 12.329 12.384 12.429 12.329
5.954 5.939 5.999 6.084 6.144 6.146 6.484 12.419 15.449 16.104 16.716 17.016 16.539 15.914 13.531 8.729 6.974 6.116 6.144 6.079 6.056 6.066 6.056 6.064 6.069 6.106 6.129 6.116 6.164 6.561 6.126 6.126 6.107 6.135 6.494 6.582 6.159 6.135 7.143 10.21 13.907 16.128 16.813 16.876 16.332 15.584 10.895 7.43 6.282 7.053 6.367 6.089 6.146 6.144 6.141 6.119 6.299 6.459 6.739 7.059 7.454 7.331 9.731 7.819 12.001 12.614 13.564 13.071 12.046 9.171 8.676 9.369 9.141 7.879 8.444 8.726
5.981 6.024 6.016 6.119 6.116 9.226 12.794 15.506 16.139 16.769 17.004 16.469 15.866 15.181 9.694 6.279 6.139 6.114 6.124 6.111 6.106 6.066 6.046 6.066 6.136 6.151 6.149 6.166 6.226 6.221 6.192 6.147 6.135 6.126 6.306 6.356 6.14 6.169 6.145 6.84 11.781 15.256 16.174 16.859 16.904 16.229 14.307 13.034 6.469 6.367 6.306 6.169 6.121 6.156 6.166 6.164 6.311 6.451 6.749 7.119 7.401 7.396 7.951 8.459 10.531 12.641 13.471 13.036 11.969 7.054 6.646 6.686 7.009 7.491 7.409 7.086
5.964 5.964 6.059 6.104 8.406 14.591 15.539 16.151 16.836 16.929 16.419 15.784 14.769 10.809 6.099 6.176 6.101 6.091 6.089 6.084 6.086 6.064 6.064 6.089 6.149 6.199 6.241 6.229 6.266 6.255 6.236 6.175 6.171 6.118 6.122 6.139 6.139 6.158 6.153 6.143 6.488 13.391 15.582 16.24 16.829 16.886 16.112 14.873 7.463 6.553 6.219 6.189 6.091 6.141 6.146 6.161 6.351 6.489 6.814 7.166 7.401 7.356 7.964 6.949 11.116 12.756 13.481 12.984 11.371 8.029 7.866 7.509 7.304 7.599 7.071 7.196
5.989 5.966 6.036 7.666 13.809 15.561 16.266 16.831 16.921 16.351 15.736 13.584 7.949 6.234 6.131 6.096 6.134 6.179 6.091 6.089 6.061 6.039 6.101 6.166 6.211 6.261 6.326 6.366 6.376 6.34 6.262 6.221 6.171 6.122 6.115 6.141 6.202 6.273 6.125 6.122 6.084 6.386 13.11 15.623 16.313 16.924 16.67 16.07 13.361 10.551 6.654 6.166 6.106 6.124 6.109 6.159 6.379 6.516 6.819 7.176 7.399 7.296 6.924 6.494 11.729 12.769 13.526 12.926 11.526 6.401 8.731 11.164 8.481 7.776 7.321 7.149
5.911 5.951 6.049 11.524 15.536 16.186 16.816 16.906 16.314 15.726 13.909 8.374 6.171 6.231 6.219 6.169 6.111 6.161 6.149 6.066 6.074 6.096 6.124 6.194 6.251 6.349 6.406 6.457 6.481 6.415 6.325 6.254 6.175 6.148 6.134 6.141 6.241 6.159 6.13 6.144 6.084 6.054 9.005 13.206 15.681 16.398 16.934 16.706 16.119 14.741 10.786 6.466 6.111 6.156 6.149 6.176 6.354 6.804 8.129 7.194 7.381 7.236 6.944 6.506 11.584 12.799 13.614 12.894 11.861 6.614 7.281 10.359 11.449 8.029 7.794 7.001
5.991 5.939 6.014 10.531 13.071 15.886 16.486 16.286 15.636 14.044 8.291 6.199 6.251 6.279 6.281 6.211 6.179 6.064 6.081 6.161 6.079 6.106 6.176 6.259 6.346 6.421 6.492 6.534 6.546 6.471 6.394 6.271 6.203 6.158 6.129 6.135 6.161 6.215 6.128 6.164 6.12 6.103 6.103 7.676 13.013 15.764 16.482 16.989 16.581 15.864 14.799 9.834 6.104 6.159 6.091 6.161 6.336 7.176 6.944 7.244 7.416 7.259 7.519 6.901 11.796 12.879 13.681 12.884 11.836 7.099 7.064 8.624 7.879 7.591 7.029 6.526
5.929 5.941 6.031 6.226 11.654 13.566 15.914 15.579 13.264 7.731 6.191 6.261 6.334 6.369 6.321 6.254 6.176 6.096 6.216 6.084 6.096 6.151 6.191 6.289 6.406 6.502 6.525 6.561 6.537 6.477 6.404 6.302 6.227 6.178 6.157 6.139 6.152 6.193 6.149 6.151 6.142 6.131 6.073 6.1 9.574 14.802 15.861 16.404 16.129 14.339 12.264 9.211 6.079 6.119 6.089 6.154 6.344 6.551 6.926 7.274 7.416 8.344 8.094 7.201 11.841 12.904 13.561 12.884 11.814 6.761 6.549 7.079 7.486 7.264 6.599 6.491
5.956 5.924 6.021 7.004 8.266 7.879 14.779 12.399 6.156 6.196 6.254 6.331 6.406 6.401 6.359 6.276 6.164 6.109 6.326 6.066 6.104 6.176 6.229 6.329 6.46 6.508 6.508 6.507 6.491 6.476 6.394 6.313 6.238 6.206 6.177 6.136 6.143 6.219 6.16 6.141 6.16 6.129 6.124 6.101 6.081 6.711 15.194 15.766 14.016 13.596 11.454 6.166 6.089 6.149 6.121 6.201 6.366 6.524 7.671 10.369 11.444 7.404 7.066 6.821 11.504 12.919 13.476 12.846 11.791 6.354 6.339 7.379 7.594 6.714 6.514 6.411
5.984 5.941 6.079 6.139 6.116 6.131 8.531 8.054 6.161 6.236 6.279 6.384 6.459 6.406 6.351 6.229 6.144 6.116 6.226 6.064 6.096 6.141 6.211 6.349 6.425 6.446 6.437 6.42 6.404 6.39 6.342 6.286 6.223 6.199 6.172 6.149 6.146 6.149 6.209 6.176 6.166 6.15 6.109 6.071 6.064 6.046 8.009 12.449 12.749 8.879 9.981 6.154 6.141 6.149 6.099 6.194 6.539 10.154 10.841 13.051 16.411 12.114 6.649 7.726 11.881 13.004 13.471 12.816 12.034 10.749 10.231 11.331 9.879 10.056 9.324 9.189
5.926 5.946 6.094 6.121 6.136 6.196 7.579 6.119 8.501 6.189 6.276 6.414 6.469 6.404 6.296 6.191 6.126 6.284 6.066 6.106 6.094 6.109 6.226 6.306 6.357 6.35 6.332 6.327 6.298 6.274 6.255 6.227 6.194 6.175 6.165 6.13 6.136 6.149 6.201 6.119 6.135 6.107 6.091 6.079 6.046 6.026 6.059 9.964 7.896 6.174 6.401 6.144 6.111 6.126 6.109 6.209 7.561 11.576 11.479 12.944 16.044 13.416 6.616 6.916 11.974 13.011 13.544 13.124 12.821 12.804 12.754 12.714 12.706 12.691 12.556 12.594
5.939 5.884 6.039 11.039 11.404 11.281 14.594 13.464 9.736 6.264 6.294 6.401 6.454 6.401 6.316 6.211 6.171 6.251 6.054 6.041 6.076 6.116 6.206 6.258 6.283 6.288 6.278 6.284 6.247 6.236 6.231 6.207 6.177 6.117 6.129 6.122 6.11 6.121 6.157 6.115 6.127 6.111 6.064 6.066 6.016 6.036 6.029 6.084 6.131 6.159 6.196 6.174 6.104 6.126 6.089 6.156 6.569 7.421 11.324 12.804 13.691 12.319 7.106 6.814 12.024 13.084 13.706 13.704 13.599 13.624 13.641 13.629 13.644 13.624 13.561 13.524
5.876 5.924 6.104 13.854 15.604 15.836 15.976 15.461 13.774 6.626 6.259 6.364 6.419 6.354 6.291 6.224 6.179 6.194 6.059 6.071 6.094 6.157 6.192 6.208 6.218 6.24 6.214 6.212 6.192 6.188 6.172 6.154 6.144 6.114 6.113 6.108 6.117 6.148 6.138 6.12 6.116 6.081 6.086 6.054 6.021 6.034 6.041 6.091 6.116 6.151 6.184 6.174 6.116 6.106 6.089 6.171 6.336 6.519 9.769 11.949 9.171 7.426 6.636 8.011 12.031 12.724 12.804 12.821 12.876 12.979 12.929 12.971 13.031 13.089 13.076 13.121
5.936 5.939 6.124 11.499 15.836 16.626 16.786 16.116 11.846 7.134 6.244 6.294 6.389 6.331 6.296 6.251 6.249 6.159 6.031 6.071 6.113 6.137 6.137 6.129 6.13 6.103 6.103 6.109 6.107 6.076 6.08 6.043 6.077 6.079 6.095 6.179 5.767 6.084 6.078 6.093 6.079 6.076 6.086 6.089 6.061 6.039 6.081 6.106 6.124 6.141 6.154 6.109 6.081 6.134 6.079 6.189 6.311 6.509 10.119 10.284 6.726 7.106 7.049 8.424 10.304 10.404 9.886 10.599 10.776 11.131 11.574 11.946 12.006 12.014 12.061 11.276
5.909 5.936 6.184 9.071 15.656 16.544 17.111 16.306 14.226 9.034 6.211 6.256 6.321 6.306 6.276 6.256 6.266 6.021 6.024 6.026 6.076 6.074 6.083 6.083 6.08 6.094 6.093 6.07 6.047 6.038 6.069 6.049 6.05 6.071 6.08 6.067 6.041 6.085 6.092 6.134 6.036 6.114 6.111 6.106 6.046 6.071 6.104 6.116 6.139 6.174 6.169 6.086 6.084 6.109 6.056 6.234 6.304 7.609 12.191 13.821 10.044 7.674 6.404 7.014 6.806 6.661 6.321 6.749 7.851 7.441 7.556 9.271 8.471 9.671 8.241 7.839
5.946 5.944 6.079 9.559 15.471 16.351 17.109 16.479 14.974 9.659 6.164 6.214 6.269 6.286 6.289 6.239 6.299 6.026 6.056 6.09 6.065 6.056 6.052 6.077 6.086 6.111 6.107 6.092 6.082 6.065 6.043 6.07 6.064 6.068 6.084 6.081 6.103 6.096 6.066 6.136 6.124 6.119 6.129 6.096 6.106 6.086 6.104 6.101 6.159 6.181 6.144 6.029 6.066 6.109 6.094 6.229 6.296 7.951 11.574 13.124 10.534 7.486 6.521 9.256 10.249 6.854 6.296 6.331 7.244 7.674 7.309 7.601 7.321 8.254 8.071 7.779
5.959 5.959 6.014 7.309 13.721 16.146 16.954 16.716 15.814 12.024 6.139 6.174 6.221 6.259 6.246 6.266 6.329 6.025 6.058 6.081 6.084 6.044 6.022 6.03 6.065 6.067 6.069 6.022 6.038 6.063 6.059 6.043 6.061 6.099 6.138 6.095 6.076 6.081 6.039 6.076 6.126 6.139 6.146 6.136 6.151 6.106 6.136 6.139 6.149 6.116 6.074 6.054 6.109 6.144 6.114 6.229 8.009 10.084 9.256 8.574 7.264 7.079 6.509 10.199 10.314 7.939 6.259 6.294 6.289 6.369 6.339 8.206 9.406 9.524 9.281 9.371
5.919 5.991 6.059 6.171 15.039 15.974 16.866 16.901 15.971 12.334 7.764 6.141 6.211 6.254 6.251 6.281 6.159 6.025 6.055 6.053 6.042 6.025 6.019 6.009 6.039 6.021 6.022 6.016 6.004 6.027 6.03 6.027 6.006 6.052 6.04 6.029 6.041 6.049 6.041 6.061 6.041 6.026 6.014 6.019 6.031 5.974 6.041 5.986 6.041 6.031 6.079 6.076 6.134 6.141 6.081 6.469 8.544 10.711 8.014 7.009 6.444 8.009 7.114 8.384 7.134 6.526 6.256 6.301 6.266 6.284 6.284 8.321 10.151 10.639 10.576 10.274
5.936 5.941 6.659 6.681 11.461 15.801 16.691 16.914 16.151 14.254 6.509 6.139 6.181 6.209 6.259 6.265 6.234 6.005 6.017 6.024 6.024 6.023 6.014 6.027 6.028 6.014 6.002 6.009 5.994 5.993 5.997 6 6.021 6.005 6.012 6.014 6.036 6.041 6.029 6.044 6.056 6.051 6.024 6.036 5.999 5.999 6.021 6.021 6.076 6.109 6.076 6.081 6.119 6.119 6.081 6.251 6.399 7.446 7.031 6.774 6.416 7.994 7.304 6.704 6.236 6.261 6.311 6.304 6.266 6.271 6.289 7.996 10.249 11.149 11.284 10.376
5.896 5.996 7.146 6.704 9.396 15.576 16.489 17.091 16.346 13.746 12.209 8.726 6.176 6.224 6.228 6.17 6.161 6.018 6.02 6.037 6.009 6.028 6.045 6.032 6.032 6.006 6.003 5.992 5.996 6.006 6.021 6.02 6.016 6.009 6.066 6.041 6.026 6.024 6.029 6.016 6.009 6.024 6.016 6.024 6.041 6.006 6.019 6.016 6.051 6.111 6.106 6.076 6.104 6.129 6.079 6.216 6.376 6.631 6.861 6.776 6.584 7.651 6.651 6.279 6.244 6.251 6.279 6.251 6.264 6.261 6.286 8.424 10.284 11.214 11.204 10.359
5.941 5.999 6.091 6.139 6.086 15.164 16.331 17.011 16.506 15.729 11.841 14.834 10.399 6.183 6.123 6.074 6.036 6.006 6.039 6.019 6.03 6.082 6.095 6.092 6.091 6.059 6.058 6.089 6.095 6.072 6.102 6.462 6.618 6.195 6.029 6.056 6.089 6.104 6.109 6.114 6.126 6.129 6.141 6.139 6.094 6.096 6.101 6.064 6.059 6.049 6.099 6.121 6.144 6.129 6.094 6.286 6.441 6.624 8.919 8.311 6.874 7.604 6.224 6.206 6.234 6.241 6.271 6.291 6.266 6.261 6.316 8.724 10.314 11.294 11.136 10.211
5.914 5.959 6.011 6.049 6.589 15.216 16.114 17.009 16.679 16.331 16.319 13.239 11.265 6.181 6.116 6.11 6.285 6.112 6.038 6.069 6.125 6.181 6.195 6.168 6.127 6.103 6.078 6.091 6.083 6.061 6.079 6.214 6.405 6.084 6.359 7.614 7.149 6.226 6.126 6.184 6.224 6.214 6.271 6.241 6.229 6.274 6.251 6.281 6.231 6.154 6.056 6.106 6.109 6.124 6.101 6.301 6.446 8.076 11.246 12.109 8.206 7.479 6.189 6.161 6.201 6.224 6.249 6.264 6.289 6.304 6.324 9.054 10.331 11.371 11.171 10.186
5.951 5.999 6.036 6.089 7.129 14.666 16.059 16.834 16.924 16.831 16.816 16.578 7.069 6.138 6.094 6.051 6.131 6.121 6.058 6.28 6.775 6.203 6.18 6.161 6.123 6.107 6.096 6.126 6.127 6.073 6.074 6.055 6.531 6.119 7.526 8.581 8.531 6.504 6.111 6.141 6.214 6.226 6.271 6.251 6.259 6.299 6.286 6.266 6.249 6.294 6.096 6.104 6.114 6.124 6.124 6.261 6.416 8.536 10.461 12.566 6.621 6.876 6.146 6.179 6.174 6.191 6.246 6.269 6.299 6.309 6.341 8.666 10.379 11.399 11.179 10.164
5.974 5.981 6.046 6.074 8.581 15.371 16.261 17.081 16.556 16.029 15.95 15.631 10.307 6.466 6.151 6.045 6.249 6.134 6.026 6.099 6.124 6.132 6.096 6.083 6.084 6.077 6.096 6.1 6.111 6.124 6.119 6.129 6.289 6.151 7.421 8.571 8.556 6.406 6.114 6.186 6.179 6.201 6.216 6.236 6.276 6.239 6.221 6.191 6.174 6.226 6.231 6.091 6.114 6.124 6.119 6.254 6.384 8.371 10.941 11.799 8.434 6.789 6.101 6.141 6.171 6.186 6.244 6.299 6.291 6.334 6.346 8.961 10.449 11.441 11.141 10.211
5.971 5.986 6.031 6.216 10.506 15.606 16.504 17.091 16.351 15.406 12.35 13.01 7.684 6.835 6.269 6.068 5.983 6.008 6.045 6.089 6.088 6.054 6.023 6.023 6.027 6.034 6.052 6.06 6.09 6.093 6.111 6.146 6.206 6.174 7.389 8.484 8.374 6.259 6.176 6.206 6.204 6.199 6.179 6.146 6.166 6.219 6.241 6.254 6.251 6.259 6.269 6.116 6.121 6.126 6.101 6.244 6.374 7.706 9.349 11.776 7.679 7.171 6.156 6.126 6.151 6.189 6.231 6.264 6.314 6.306 6.326 8.889 10.451 11.364 11.089 10.341
5.966 5.986 6.601 6.751 13.226 15.834 16.701 16.944 16.159 14.57 7.802 7.373 7.036 7.043 6.162 6.034 6.131 5.987 6.039 6.075 6.03 5.972 5.962 6.577 6.447 6.882 6.671 6.793 6.375 6.034 6.154 6.171 6.254 6.176 6.609 6.726 6.591 6.171 6.221 6.224 6.239 6.241 6.246 6.276 6.246 6.276 6.266 6.271 6.279 6.249 6.279 6.131 6.139 6.104 6.071 6.281 6.406 6.676 7.276 6.726 6.291 7.696 6.269 6.109 6.111 6.164 6.204 6.229 6.259 6.301 6.399 9.421 10.476 11.344 11.236 10.994
5.946 6.131 6.411 7.071 14.656 16.041 16.834 16.799 15.692 11.281 6.685 6.888 7.11 6.951 6.089 6.291 6.627 5.989 6.033 6.057 6.039 6.01 6.028 7.372 9.849 10.673 11.334 10.606 8.989 6.004 6.131 6.169 6.209 6.181 6.194 6.216 6.214 6.196 6.214 6.274 6.271 6.269 6.276 6.279 6.304 6.271 6.296 6.314 6.314 6.281 6.281 6.129 6.136 6.151 6.116 6.294 6.426 6.679 6.904 6.524 6.976 7.254 6.256 6.116 6.141 6.141 6.179 6.224 6.261 6.326 6.369 9.436 10.531 11.344 11.524 11.499
5.991 6.034 6.084 7.699 15.371 16.296 17.059 16.521 14.623 9.203 6.81 6.827 6.875 6.514 6.133 6.379 6.513 5.998 6.014 6.025 6.039 6.014 6.056 8.031 9.876 10.805 11.385 10.579 9.701 6.441 6.154 6.169 6.161 6.176 6.206 6.246 6.251 6.234 6.291 6.354 6.329 6.289 6.259 6.279 6.289 6.294 6.311 6.331 6.339 6.361 6.336 6.106 6.124 6.116 6.141 6.299 6.394 6.726 6.864 6.541 6.579 7.194 6.129 6.121 6.161 6.191 6.196 6.254 6.286 6.341 6.329 9.164 10.316 10.519 10.469 10.501
5.971 6.006 6.146 10.424 15.574 16.514 17.059 15.96 14.22 9.902 6.705 6.556 6.36 6.526 6.279 7.068 6.154 6.01 5.991 5.987 6.01 6.003 5.952 7.966 9.959 10.84 11.361 10.584 9.666 6.031 6.166 6.144 6.121 6.156 6.196 6.294 6.291 6.334 6.354 6.346 6.346 6.274 6.281 6.304 6.314 6.304 6.341 6.341 6.326 6.334 6.306 6.104 6.129 6.131 6.169 6.301 6.449 6.644 6.841 6.554 6.394 7.526 6.804 6.229 6.181 6.221 6.216 6.249 6.259 6.309 6.464 8.524 8.761 9.259 8.484 8.769
6.001 6.126 6.304 12.529 15.814 16.635 16.565 15.503 13.996 7.704 7.085 7.353 7.539 7.474 6.261 7.164 6.162 5.956 5.959 5.973 6.027 5.99 5.98 7.665 9.964 10.861 11.356 10.509 8.971 6.056 6.096 6.076 6.121 6.146 6.219 6.281 6.311 6.359 6.409 6.379 6.329 6.339 6.256 6.324 6.344 6.339 6.324 6.356 6.339 6.326 6.296 6.086 6.154 6.136 6.139 6.291 6.499 6.704 6.794 6.524 6.214 7.511 8.129 7.126 6.176 6.194 6.229 6.246 6.249 6.276 6.314 6.234 6.499 6.246 6.336 6.354
6.029 6.084 7.071 14.661 15.961 16.296 16.157 15.088 12.639 7.338 7.441 7.739 7.946 7.71 6.373 6.775 6.027 5.926 5.943 5.968 6.03 6.013 5.987 7.28 9.996 10.926 11.389 10.464 8.744 6.039 6.066 6.084 6.119 6.139 6.179 6.274 6.329 6.404 6.389 6.419 6.376 6.291 6.306 6.311 6.301 6.336 6.349 6.359 6.316 6.334 6.296 6.101 6.151 6.099 6.159 6.311 6.476 6.761 6.889 6.559 6.574 9.371 9.194 8.074 7.194 6.576 6.171 6.206 6.211 6.249 6.249 6.236 6.214 6.234 6.266 6.289
6.014 6.104 6.716 15.21 15.498 15.426 15.518 14.634 10.835 7.379 7.689 7.965 8.135 7.421 6.289 6.286 5.977 5.942 5.918 5.949 6.027 6.016 6.011 7.966 10.026 10.936 11.366 10.441 9.201 6.074 6.124 6.124 6.136 6.196 6.244 6.309 6.331 6.334 6.351 6.371 6.326 6.301 6.311 6.309 6.339 6.384 6.414 6.394 6.346 6.334 6.314 6.069 6.156 6.156 6.166 6.336 6.461 6.806 6.894 6.666 8.066 10.549 8.291 10.624 9.834 7.679 6.294 6.199 6.229 6.246 6.254 6.239 6.241 6.226 6.241 6.251
5.974 6.041 8.114 12.804 14.155 13.741 14.435 13.218 9.223 7.401 7.618 7.877 8.023 6.978 6.015 5.967 5.981 5.911 5.928 5.945 6.016 6.036 5.991 8.186 10.074 10.994 11.319 10.436 8.899 6.091 6.156 6.179 6.134 6.179 6.264 6.289 6.319 6.311 6.301 6.296 6.306 6.314 6.284 6.336 6.374 6.396 6.409 6.389 6.354 6.369 6.314 6.089 6.156 6.141 6.194 6.396 6.486 6.829 6.989 8.221 12.071 12.349 9.989 11.606 9.821 9.574 6.576 6.176 6.156 6.219 6.231 6.251 6.264 6.241 6.219 6.224
