Matlab/Roost_data/braunton/dsm/ss4936_DSM_2M.asc
ncols 500
nrows 500
xllcorner    249000
yllcorner    136000
cellsize     2
NODATA_value -9999
[rows 416 to 447 of 500, columns 142 to 212 of 500]
16.688 16.426 16.433 16.481 16.491 16.731 16.563 19.141 19.201 19.223 19.248 16.863 16.863 16.836 16.873 16.891 16.861 16.816 16.893 16.971 17.016 17.073 17.111 17.151 17.958 18.331 18.146 17.981 17.168 17.078 17.071 17.056 18.848 17.148 17.218 17.461 18.088 20.363 20.913 22.263 23.331 19.911 18.036 18.028 18.086 21.216 22.338 21.591 18.223 18.011 20.551 17.848 17.866 18.086 17.943 18.253 18.093 18.133 18.261 18.273 18.188 18.171 17.866 17.833 17.851 17.866 17.848 17.863 17.868 18.511 19.543
18.651 16.393 16.428 16.471 16.491 16.593 16.566 16.613 16.783 16.653 16.648 16.843 16.906 17.108 16.806 16.818 16.806 16.813 16.858 16.956 16.978 17.053 17.051 20.056 21.488 21.121 19.978 17.033 17.091 17.053 17.023 16.986 18.251 17.836 17.643 17.341 17.631 18.076 17.998 18.258 17.828 18.006 17.971 17.958 18.853 20.468 21.258 19.821 17.721 17.981 17.726 19.903 18.721 20.836 20.318 18.026 19.491 18.093 18.558 18.111 18.131 19.861 19.628 19.001 17.621 18.876 17.636 18.073 19.998 19.886 20.298
16.563 16.371 16.386 16.428 16.491 16.331 16.398 16.403 16.621 16.838 17.476 17.578 17.073 16.908 16.858 16.758 16.741 16.738 16.813 16.896 16.928 16.966 17.911 20.278 21.433 21.093 19.943 16.991 17.046 17.043 17.021 16.983 17.891 18.921 17.331 17.966 17.241 17.431 17.536 17.408 17.448 19.391 17.201 19.436 19.436 19.398 17.206 23.203 22.473 20.826 19.413 19.093 19.276 19.168 18.136 19.448 20.888 20.783 19.136 17.538 17.966 20.381 20.353 19.221 18.811 19.338 19.816 19.783 19.828 19.658 19.631
16.306 16.323 16.311 16.251 16.306 19.198 20.368 21.016 19.826 16.428 16.476 16.573 16.628 16.703 16.798 16.693 16.696 16.668 16.796 16.841 16.868 17.491 19.173 20.271 21.446 21.106 19.921 16.946 16.998 17.011 16.963 16.911 16.953 18.378 17.003 17.013 17.043 17.058 17.103 17.851 17.271 17.413 17.161 17.148 17.128 17.103 17.101 17.266 22.868 18.183 17.213 17.218 17.226 17.238 17.243 17.266 19.698 17.913 19.853 20.216 19.816 18.588 17.348 17.763 18.406 17.363 17.396 17.418 17.458 17.496 17.558
16.208 16.218 16.228 16.233 16.248 19.196 20.373 20.996 19.828 16.416 16.498 16.523 16.558 16.583 16.756 16.633 16.638 16.588 16.751 16.813 16.846 16.878 19.391 20.246 21.423 21.121 19.941 16.911 16.973 16.948 16.903 16.851 16.786 18.816 20.883 16.973 17.038 17.031 17.056 19.186 19.188 18.328 17.096 17.106 17.083 17.248 17.711 17.111 17.326 17.211 17.201 17.208 17.188 17.226 17.213 17.241 21.343 17.258 17.118 17.131 17.156 17.211 17.283 17.391 17.211 17.281 17.343 17.383 17.418 17.916 17.588
16.108 16.118 16.141 16.188 16.348 18.926 20.323 21.008 19.816 17.246 16.433 16.458 16.496 16.538 16.683 16.578 16.593 16.538 16.681 16.748 16.803 16.796 16.713 20.238 21.413 21.141 19.961 16.853 16.896 16.916 16.866 16.823 16.783 18.638 18.251 16.923 17.003 17.023 17.031 17.123 17.126 18.311 17.006 16.993 17.028 17.033 17.023 17.051 17.108 17.141 17.133 17.123 17.113 17.148 17.148 17.153 17.203 17.176 17.021 17.051 17.083 17.031 16.968 17.353 17.118 17.198 17.248 17.291 17.303 17.268 17.353
16.081 16.093 16.136 17.541 16.341 18.883 20.328 21.026 19.841 18.896 16.366 16.411 16.433 16.478 16.628 16.511 16.546 16.488 16.626 16.656 16.693 16.671 16.668 20.251 21.416 21.146 19.971 16.766 16.796 16.821 16.826 16.851 16.743 18.731 17.253 16.878 16.961 17.003 16.991 17.066 17.093 18.318 18.981 16.773 16.783 16.733 16.708 16.716 17.156 17.006 17.038 17.426 17.051 17.053 18.503 21.723 18.401 17.318 16.773 19.846 21.033 20.743 19.588 17.073 17.021 17.043 17.086 17.116 17.086 17.081 17.168
16.046 16.053 16.076 16.148 16.343 19.178 20.311 21.026 19.828 18.896 16.336 16.388 16.383 16.413 16.578 16.463 16.486 16.446 16.558 16.573 16.598 16.648 17.071 16.723 16.751 16.736 16.741 16.733 16.771 16.763 16.826 16.833 16.708 18.661 16.758 16.836 16.916 16.963 16.946 16.988 17.041 18.396 16.681 17.491 20.291 21.348 20.263 17.291 17.008 16.951 16.966 16.981 16.978 16.968 16.921 16.916 16.988 17.418 16.788 19.781 20.933 20.768 19.676 17.161 16.868 16.908 16.918 16.911 16.948 17.938 19.903
16.006 16.636 16.051 16.111 16.326 19.036 20.306 21.033 19.846 16.116 16.243 16.331 16.333 16.368 16.536 16.408 16.433 16.401 16.443 16.376 16.368 16.366 16.363 16.603 16.581 18.588 18.741 18.703 16.756 18.711 18.771 17.161 16.838 18.503 16.748 16.833 16.876 16.916 16.941 16.966 17.016 18.493 16.661 17.071 20.166 21.338 20.328 17.731 16.943 16.871 16.883 16.883 16.853 16.846 16.821 17.108 17.878 16.843 16.768 19.723 20.886 20.881 19.713 17.358 16.781 16.768 16.751 16.746 16.736 16.806 19.906
16.961 15.991 16.116 16.038 16.018 16.751 18.818 17.611 16.116 16.133 16.163 16.241 16.271 16.351 16.536 16.351 16.378 16.361 16.396 16.343 16.338 16.333 17.361 16.701 16.326 17.748 18.206 18.676 16.491 18.941 18.941 17.491 17.873 17.226 16.738 16.783 16.838 17.028 16.921 18.973 18.968 17.396 19.451 19.381 20.061 21.261 20.426 18.973 17.013 16.791 16.816 16.796 16.783 16.758 16.706 16.688 16.686 16.816 16.751 19.671 20.816 20.963 19.806 16.748 16.703 16.738 16.736 17.223 17.643 18.583 19.938
17.318 16.036 16.456 18.133 16.166 18.511 18.521 18.253 16.088 16.113 16.141 16.176 16.201 16.226 16.276 16.288 16.328 16.296 16.406 16.351 16.316 16.303 16.311 16.303 16.938 17.956 17.191 17.478 16.351 16.711 16.641 16.558 17.938 16.628 16.578 16.586 16.701 16.588 16.636 18.983 18.983 17.466 19.401 19.531 19.998 21.153 20.503 19.376 16.716 16.708 16.943 17.323 17.848 18.468 18.858 17.961 19.116 19.111 17.163 19.573 20.728 21.018 19.881 16.786 20.033 20.096 20.173 20.258 20.323 20.401 19.968
17.206 16.898 15.996 16.023 16.576 18.516 18.526 18.458 16.086 16.103 16.126 16.136 16.148 16.178 16.193 16.221 16.266 16.248 16.358 16.338 16.338 16.321 16.266 16.298 19.471 20.633 20.383 19.223 16.566 16.431 16.493 16.518 17.318 16.571 16.556 16.558 16.686 17.576 18.208 19.006 18.998 19.003 19.011 18.996 19.896 21.056 20.593 19.433 16.726 19.981 20.046 20.108 20.186 20.271 20.348 20.183 19.133 19.126 17.038 19.088 20.671 20.973 19.951 16.751 21.211 21.273 21.343 21.371 21.411 21.426 19.968
16.071 15.978 15.921 17.896 15.896 18.508 18.513 18.388 16.056 16.068 16.078 16.101 16.118 16.123 16.116 16.168 16.203 16.191 16.286 16.263 16.288 16.283 16.273 18.236 19.448 20.626 20.393 19.243 16.431 16.428 16.428 16.446 16.673 19.323 19.756 19.853 19.926 19.998 20.073 18.478 19.018 19.011 19.016 16.646 19.828 21.021 19.063 19.868 19.748 21.131 21.191 21.258 21.308 21.308 21.296 18.981 18.301 17.823 17.343 16.793 16.743 18.018 17.063 18.271 20.601 20.523 20.458 20.373 20.298 20.218 16.701
15.901 15.793 15.781 15.788 15.811 15.853 16.786 18.331 16.198 17.161 15.976 16.056 16.081 16.083 16.118 16.173 16.146 16.121 16.216 16.193 16.231 16.263 16.243 17.981 19.423 20.601 20.386 19.231 16.398 16.401 16.398 16.478 18.326 18.748 20.921 20.991 21.076 21.221 21.083 19.876 17.991 17.823 17.471 16.638 16.651 17.081 16.796 16.818 19.008 20.481 20.393 20.328 20.273 20.201 20.126 16.668 16.611 17.096 16.653 16.698 16.746 16.741 16.683 16.763 18.663 19.333 18.438 19.218 19.161 16.716 16.673
16.053 15.741 15.758 15.778 15.811 16.708 19.566 20.711 19.658 17.691 15.963 16.008 16.018 16.066 16.278 16.143 16.078 16.073 16.098 16.136 16.178 16.236 16.228 16.398 19.413 20.576 20.451 19.256 16.573 16.406 16.411 16.466 18.658 17.918 20.256 20.181 20.098 20.021 19.943 19.043 16.536 17.118 16.551 17.973 16.628 16.616 16.578 16.581 17.626 19.096 18.518 19.203 19.143 18.956 16.621 16.571 16.508 16.828 16.541 16.723 16.701 16.663 16.703 16.908 16.653 16.653 16.666 16.666 16.686 16.678 16.593
15.891 17.321 15.678 15.726 15.943 17.146 19.541 20.916 19.656 18.523 15.998 15.931 15.966 15.983 15.998 16.113 16.008 16.011 16.006 16.111 16.146 16.153 16.156 16.093 19.411 20.568 20.436 19.296 16.353 16.396 16.446 16.451 17.411 17.546 19.118 18.813 19.581 19.228 18.301 16.441 16.448 17.821 16.426 17.941 16.571 16.553 16.536 16.541 17.866 16.531 16.548 16.568 16.568 16.596 16.583 16.528 16.416 16.413 16.446 16.648 16.716 16.703 16.673 16.703 16.613 16.583 16.611 16.613 16.648 16.623 16.528
16.298 17.113 15.621 15.658 15.698 16.818 19.551 20.681 19.646 18.541 15.878 15.873 15.906 15.918 15.978 16.041 15.948 15.951 15.928 16.086 16.076 16.106 16.121 16.308 18.171 18.446 17.756 16.638 16.323 16.311 16.326 16.333 16.633 16.348 16.351 16.366 19.548 16.416 16.401 17.586 16.356 16.338 17.288 17.823 16.471 16.491 16.451 16.468 16.961 16.483 16.496 16.496 16.563 16.543 16.563 16.473 16.331 16.316 16.371 16.578 16.626 16.633 16.618 17.906 16.598 16.553 16.531 16.543 16.536 16.506 16.448
16.396 15.753 15.571 15.588 15.621 16.491 19.531 20.678 19.678 17.821 15.841 15.826 15.838 15.848 15.888 16.016 15.886 15.903 15.861 16.021 16.016 16.046 16.036 16.021 16.061 16.621 16.106 16.138 16.158 16.176 16.158 16.191 16.348 17.903 16.586 16.348 16.336 16.368 16.326 16.303 16.258 16.203 17.646 17.718 16.391 16.391 16.376 16.371 16.401 16.388 16.398 16.441 16.416 16.463 16.458 16.398 16.246 16.223 16.301 17.733 17.948 17.343 17.263 17.573 17.198 17.406 17.248 16.908 16.688 16.398 16.333
16.628 15.528 15.523 15.541 15.556 16.958 19.508 20.673 19.701 17.908 15.693 15.751 15.771 15.778 15.828 15.948 15.823 15.851 15.806 15.938 15.948 16.338 15.931 15.943 15.978 18.138 16.026 16.068 16.458 16.098 16.121 16.148 16.378 17.246 17.366 16.528 16.218 16.223 17.216 16.223 16.163 16.093 16.121 17.468 16.303 16.326 16.306 16.428 16.728 16.478 16.698 16.481 17.001 16.606 16.428 16.191 16.156 16.168 16.143 16.221 16.256 16.258 16.241 16.221 16.173 16.146 16.141 16.163 16.163 16.188 16.198
17.446 15.453 15.463 15.491 15.521 16.418 18.738 18.676 18.368 16.873 15.623 15.651 15.683 15.743 15.791 15.966 15.763 15.796 15.723 15.871 15.866 16.981 15.863 15.883 17.823 15.938 15.963 16.136 17.021 16.026 16.031 16.056 16.558 16.108 16.098 16.066 16.028 16.031 16.046 16.051 16.021 16.003 16.008 16.093 16.108 16.323 16.226 16.101 16.111 16.126 16.133 16.121 16.071 16.056 16.046 16.053 16.068 16.093 16.103 16.108 16.138 16.141 16.141 16.148 16.153 16.158 16.168 16.178 16.188 16.303 16.201
17.246 15.513 15.486 15.523 15.633 15.523 15.621 15.651 15.658 15.681 16.768 15.608 15.638 15.668 15.721 15.831 15.696 15.736 15.666 15.713 15.783 15.793 15.786 15.803 16.748 15.881 15.898 16.013 16.076 15.896 15.933 15.893 15.891 15.911 15.933 15.941 15.968 15.973 15.973 15.968 15.916 15.893 15.898 15.908 15.923 15.933 15.951 15.976 15.986 16.001 16.036 16.041 16.048 16.058 16.068 16.071 16.083 16.101 16.113 16.123 16.118 16.126 16.138 16.126 16.138 16.148 16.156 16.156 17.043 16.283 16.263
16.603 15.386 15.356 15.408 15.516 15.478 15.533 15.533 15.561 15.588 16.038 16.598 15.541 15.576 16.468 15.753 15.646 15.671 15.608 15.518 15.543 15.693 15.683 15.686 15.671 15.696 15.703 15.711 15.698 15.678 15.653 15.673 15.691 15.726 15.768 15.798 15.823 15.828 15.843 15.866 15.891 15.911 15.931 15.941 15.956 15.961 15.971 15.973 15.986 15.993 16.023 16.033 16.036 16.041 16.041 16.046 16.066 16.088 16.163 16.216 16.246 16.268 16.298 16.231 16.198 16.251 16.291 16.513 17.118 17.586 17.993
14.951 15.201 15.226 15.253 15.293 15.436 15.418 15.396 15.418 18.116 18.088 17.531 17.503 17.371 16.926 17.706 15.606 15.613 15.561 15.456 15.498 15.496 15.486 15.493 15.526 15.543 15.556 15.596 15.616 15.646 15.688 15.708 15.736 15.768 15.796 15.811 15.828 15.836 15.853 15.876 15.883 15.898 15.916 15.928 15.938 15.943 15.941 15.941 15.953 15.961 15.968 15.981 15.973 15.983 16.146 17.321 17.783 16.418 18.386 18.703 18.833 18.831 18.593 18.251 17.026 17.006 16.401 16.356 16.338 16.326 16.448
14.973 15.226 15.408 15.421 15.448 15.313 15.371 15.421 15.703 15.323 15.468 16.721 15.433 16.563 15.618 17.671 15.601 15.541 15.513 15.406 15.446 15.463 15.476 15.493 15.536 15.561 15.573 15.583 15.613 15.646 15.661 15.678 15.708 15.731 15.746 15.761 15.791 15.818 15.946 16.008 16.031 16.048 16.076 16.078 16.106 16.603 16.101 16.006 15.881 15.883 15.896 15.901 15.898 15.986 19.001 17.951 17.078 18.221 15.868 15.873 15.898 16.193 16.196 16.338 17.623 16.226 15.986 16.008 15.993 15.996 16.033
15.008 15.043 15.061 15.106 15.351 15.253 15.236 16.231 16.406 15.228 15.273 15.418 15.368 15.401 15.513 17.583 15.558 15.478 15.461 15.361 15.388 15.423 15.428 15.418 15.466 15.541 15.576 15.633 15.711 15.753 15.783 15.823 15.853 15.888 15.906 19.036 15.911 15.901 15.873 15.881 16.158 15.938 16.018 16.018 16.123 16.031 16.023 16.786 15.996 15.801 15.808 15.823 15.803 16.011 19.143 15.993 15.981 16.908 16.658 15.943 15.861 16.091 16.138 15.986 16.158 16.071 16.211 15.891 15.871 15.898 15.923
14.973 14.983 15.011 15.058 15.873 15.196 15.171 15.181 15.196 15.236 15.263 15.293 15.326 15.383 15.403 17.518 15.511 15.403 15.403 15.316 15.328 15.348 15.366 15.541 15.618 15.821 16.183 16.616 16.696 16.111 16.078 15.758 15.756 16.153 16.308 18.668 15.946 15.801 15.841 15.778 15.853 15.843 16.203 15.898 15.926 16.023 15.916 15.988 16.068 15.866 15.738 15.758 15.731 15.956 15.928 15.906 17.146 17.246 19.573 20.871 20.623 19.481 17.743 15.823 15.866 16.256 18.456 18.546 18.641 18.728 18.831
14.958 14.973 14.976 15.018 15.191 15.126 15.118 15.148 15.171 15.203 15.223 15.256 15.303 15.326 15.361 16.661 15.453 15.333 15.348 15.263 15.238 15.366 16.073 15.973 17.383 16.036 15.958 15.766 15.621 15.666 15.651 15.661 15.666 15.653 19.791 16.826 15.783 15.698 15.701 15.686 15.708 15.653 15.818 17.108 16.198 16.668 15.826 15.881 15.921 16.606 15.673 15.678 15.643 15.826 15.826 15.916 15.823 18.463 19.586 20.733 20.701 19.558 18.486 15.821 17.736 17.223 19.636 19.703 19.788 19.898 19.998
14.926 14.961 14.976 14.946 15.093 17.286 15.016 15.041 15.128 15.173 15.218 18.276 18.403 18.526 18.506 16.056 15.401 15.273 15.291 15.201 15.166 16.291 15.518 16.006 15.486 15.908 15.563 15.683 15.656 15.633 15.568 15.586 15.571 23.381 25.488 19.438 15.783 16.466 16.088 18.341 18.446 18.521 18.598 18.651 18.746 18.846 16.461 15.291 16.651 17.418 15.676 15.601 15.573 15.743 15.748 15.741 15.736 17.943 19.503 20.633 20.816 19.683 18.568 15.803 16.201 15.891 20.673 20.571 20.471 20.376 20.271
15.008 14.943 14.913 14.851 15.311 17.298 15.021 15.016 15.026 15.058 16.098 18.128 19.241 19.608 18.651 15.331 15.376 15.208 15.236 15.153 15.246 15.693 15.431 15.571 15.343 15.818 17.786 15.488 15.411 15.401 15.496 15.508 16.923 24.128 24.658 18.891 15.651 18.106 15.958 19.166 19.253 19.331 19.428 19.501 19.588 19.688 18.306 15.276 16.328 17.023 15.666 15.531 15.521 15.671 15.853 15.711 15.653 17.383 19.453 20.576 20.931 19.793 18.681 15.848 15.713 15.686 19.478 19.346 19.273 19.181 19.086
14.796 14.823 15.238 16.646 17.331 17.333 15.826 18.236 18.376 18.508 18.668 18.798 19.136 19.883 19.248 15.246 15.943 15.141 15.181 15.118 15.223 15.231 15.443 15.258 17.511 20.086 20.696 20.403 15.573 15.681 15.443 15.461 15.436 16.466 18.911 20.243 15.638 18.098 15.468 19.691 20.013 19.513 19.433 19.338 19.263 19.173 18.316 15.511 15.286 15.771 15.611 15.456 15.458 15.571 15.751 15.571 15.548 16.386 19.298 20.433 21.036 19.886 18.771 15.721 15.716 15.753 16.126 16.516 15.808 17.186 18.406
18.033 18.176 18.331 18.476 17.338 17.336 16.921 19.388 19.506 19.666 19.818 19.968 19.988 19.886 19.738 16.266 15.948 15.098 15.121 15.066 15.173 15.188 16.008 16.343 21.426 21.623 21.818 22.038 15.496 15.493 15.383 15.406 15.371 15.356 16.496 19.021 16.008 15.451 15.578 18.853 18.761 18.691 18.618 18.546 18.463 18.386 18.301 15.611 15.248 15.696 15.551 15.381 15.378 15.443 16.071 15.596 15.561 16.231 19.206 20.328 21.136 19.988 18.876 15.533 15.541 15.508 15.466 15.846 15.418 16.566 18.511
19.193 19.348 19.491 17.888 16.563 15.796 15.111 19.053 19.441 19.273 19.126 18.968 18.848 18.738 18.578 17.063 16.768 15.103 15.058 16.028 15.101 15.231 15.188 15.036 22.283 22.163 21.958 21.761 15.486 15.506 15.321 15.348 15.336 15.316 15.316 16.263 16.213 17.388 15.391 15.373 18.163 15.976 15.458 15.473 16.291 16.433 16.571 15.638 15.233 15.433 15.431 15.301 15.303 15.298 15.723 15.548 15.456 15.518 19.116 20.263 21.236 20.136 18.933 15.451 15.478 15.433 15.353 15.383 15.363 15.318 15.301
