Matlab/Roost_data/braunton/dsm/ss4934_DSM_2M.asc
ncols 500
nrows 500
xllcorner    249000
yllcorner    134000
cellsize     2
NODATA_value -9999
[rows 340 to 373 of 500, columns 380 to 455 of 500]
6.274 6.294 6.299 6.296 6.324 6.359 6.346 6.359 6.361 6.371 6.386 6.379 6.389 6.376 6.439 6.426 6.396 6.381 6.404 6.386 6.369 6.384 6.386 6.424 6.439 6.434 6.414 6.454 6.459 6.486 6.481 6.511 6.536 6.549 6.534 6.549 6.536 6.544 6.561 6.519 6.509 6.511 6.506 6.511 6.539 6.519 6.526 6.556 6.591 6.564 6.559 6.534 6.504 6.546 6.569 6.556 6.574 6.596 6.609 6.639 6.649 6.671 6.681 6.661 6.681 6.669 6.709 6.721 6.741 6.701 7.461 6.886 7.364 6.681 6.724 6.741
6.251 6.286 6.249 6.311 6.306 6.339 6.346 6.351 6.339 6.369 6.386 6.381 6.349 6.361 6.429 6.446 6.449 6.439 6.451 6.426 6.409 6.401 6.441 6.469 6.446 6.409 6.399 6.439 6.424 6.431 6.456 6.456 6.471 6.446 6.471 6.461 6.499 6.554 6.576 6.541 6.511 6.521 6.546 6.569 6.591 6.524 6.554 6.574 6.609 6.601 6.569 6.569 6.514 6.569 6.574 6.569 6.569 6.599 6.601 6.631 6.654 6.661 6.626 6.691 6.669 6.694 6.721 6.729 6.699 6.761 6.746 6.709 6.716 6.731 6.934 6.699
6.219 6.266 6.274 6.286 6.296 6.284 6.319 6.336 6.349 6.354 6.359 6.361 6.346 6.349 6.356 6.439 6.436 6.456 6.466 6.469 6.491 6.486 6.461 6.466 6.399 6.401 6.394 6.431 6.439 6.474 6.496 6.476 6.461 6.469 6.484 6.484 6.496 6.516 6.526 6.546 6.549 6.544 6.574 6.561 6.604 6.601 6.611 6.601 6.631 6.574 6.586 6.609 6.546 6.559 6.539 6.561 6.571 6.596 6.624 6.621 6.634 6.601 6.659 6.636 6.641 6.659 6.679 6.689 6.676 6.691 6.714 6.671 6.704 6.734 6.754 6.794
6.254 6.264 6.269 6.284 6.296 6.309 6.314 6.336 6.334 6.319 6.349 6.351 6.359 6.361 6.366 6.386 6.424 6.454 6.456 6.479 6.511 6.531 6.504 6.481 6.461 6.431 6.439 6.459 6.506 6.514 6.524 6.519 6.489 6.516 6.521 6.484 6.511 6.531 6.539 6.546 6.524 6.546 6.556 6.574 6.591 6.594 6.611 6.594 6.641 6.631 6.619 6.636 6.619 6.599 6.614 6.624 6.589 6.609 6.619 6.604 6.579 6.636 6.601 6.649 6.621 6.644 6.634 6.661 6.631 6.631 6.664 6.661 6.676 6.679 6.699 6.709
6.226 6.271 6.281 6.301 6.319 6.324 6.349 6.361 6.394 6.376 6.381 6.406 6.414 6.389 6.416 6.394 6.414 6.416 6.434 6.451 6.499 6.504 6.521 6.546 6.521 6.521 6.524 6.501 6.491 6.491 6.486 6.501 6.506 6.494 6.514 6.521 6.504 6.514 6.541 6.549 6.549 6.581 6.611 6.634 6.579 6.586 6.629 6.634 6.646 6.646 6.649 6.679 6.666 6.614 6.604 6.619 6.614 6.616 6.606 6.576 6.591 6.581 6.589 6.626 6.614 6.619 6.611 6.624 6.604 6.609 6.664 6.661 6.641 6.666 6.701 6.669
6.239 6.274 6.301 6.311 6.344 6.336 6.361 6.361 6.379 6.381 6.409 6.426 6.386 6.444 6.434 6.416 6.414 6.426 6.431 6.439 6.449 6.471 6.466 6.494 6.514 6.566 6.574 6.576 6.584 6.579 6.581 6.604 6.574 6.521 6.534 6.549 6.544 6.556 6.546 6.571 6.559 6.629 6.619 6.591 6.579 6.581 6.624 6.619 6.641 6.641 6.636 6.664 6.709 6.666 6.656 6.614 6.621 6.619 6.604 6.596 6.604 6.574 6.626 6.601 6.619 6.616 6.646 6.626 6.639 6.656 6.644 6.644 6.676 6.661 6.689 6.594
6.171 6.201 6.239 6.281 6.319 6.356 6.361 6.386 6.396 6.411 6.419 6.416 6.416 6.421 6.449 6.444 6.436 6.451 6.441 6.446 6.426 6.451 6.449 6.481 6.499 6.524 6.551 6.579 6.614 6.619 6.626 6.606 6.669 6.616 6.599 6.596 6.616 6.619 6.631 6.609 6.631 6.649 6.611 6.594 6.611 6.624 6.639 6.661 6.674 6.686 6.674 6.696 6.734 6.719 6.669 6.641 6.639 6.644 6.636 6.601 6.629 6.631 6.654 6.646 6.621 6.621 6.629 6.654 6.666 6.601 6.624 6.591 6.689 6.681 6.674 6.621
6.071 6.111 6.094 6.164 6.281 6.336 6.346 6.379 6.384 6.424 6.439 6.434 6.426 6.439 6.446 6.466 6.466 6.474 6.474 6.469 6.469 6.469 6.484 6.501 6.486 6.509 6.504 6.546 6.541 6.609 6.584 6.626 6.649 6.671 6.649 6.646 6.651 6.679 6.689 6.696 6.646 6.651 6.674 6.656 6.664 6.694 6.679 6.691 6.711 6.716 6.701 6.699 6.771 6.781 6.736 6.691 6.641 6.656 6.649 6.644 6.651 6.646 6.684 6.694 6.686 6.701 6.686 6.719 6.731 6.651 6.644 6.684 6.729 6.669 6.641 6.644
6.019 5.984 5.979 6.036 6.156 6.236 6.294 6.381 6.409 6.451 6.454 6.461 6.446 6.484 6.459 6.479 6.499 6.509 6.489 6.486 6.509 6.519 6.509 6.541 6.524 6.541 6.511 6.559 6.544 6.574 6.606 6.624 6.636 6.656 6.694 6.694 6.664 6.691 6.756 6.726 6.691 6.679 6.654 6.644 6.656 6.661 6.744 6.764 6.709 6.734 6.714 6.721 6.769 6.791 6.786 6.726 6.719 6.674 6.704 6.716 6.706 6.726 6.729 6.774 6.741 6.731 6.744 6.759 6.754 6.699 6.691 6.766 6.764 6.701 6.716 6.701
5.969 5.984 5.966 5.961 6.036 6.139 6.256 6.339 6.421 6.469 6.494 6.516 6.471 6.504 6.526 6.526 6.519 6.531 6.509 6.596 6.566 6.556 6.566 6.546 6.556 6.586 6.566 6.594 6.569 6.551 6.594 6.619 6.664 6.599 6.626 6.649 6.666 6.694 6.719 6.724 6.749 6.696 6.651 6.651 6.664 6.724 6.794 6.796 6.751 6.731 6.724 6.721 6.754 6.834 6.824 6.789 6.786 6.776 6.814 6.804 6.791 6.854 6.861 6.819 6.796 6.824 6.859 6.816 6.804 6.766 6.819 6.819 6.841 6.819 6.804 6.809
5.971 5.956 6.049 5.974 6.074 6.106 6.156 6.226 6.299 6.401 6.466 6.546 6.526 6.531 6.536 6.506 6.564 6.554 6.606 6.581 6.564 6.564 6.594 6.609 6.589 6.594 6.586 6.629 6.614 6.589 6.611 6.631 6.624 6.631 6.626 6.651 6.651 6.641 6.661 6.684 6.711 6.681 6.654 6.669 6.719 6.744 6.811 6.791 6.766 6.721 6.744 6.761 6.796 6.861 6.841 6.854 6.854 6.821 6.786 6.829 6.881 6.906 6.911 6.851 6.884 6.914 6.906 6.894 6.884 6.886 6.871 6.886 6.904 6.904 6.881 6.896
6.024 5.976 6.014 5.999 6.109 6.139 6.136 6.134 6.204 6.286 6.386 6.456 6.539 6.564 6.546 6.526 6.546 6.584 6.596 6.621 6.626 6.614 6.604 6.619 6.631 6.611 6.644 6.641 6.624 6.606 6.629 6.621 6.664 6.651 6.661 6.664 6.681 6.684 6.681 6.704 6.694 6.664 6.684 6.734 6.756 6.769 6.776 6.794 6.799 6.794 6.761 6.791 6.789 6.794 6.836 6.876 6.866 6.869 6.884 6.874 6.921 6.916 6.896 6.906 6.919 6.936 6.951 6.974 7.001 6.984 6.936 6.944 6.961 6.949 6.999 7.004
6.009 5.971 5.999 6.034 6.151 6.166 6.194 6.164 6.184 6.236 6.291 6.339 6.459 6.574 6.621 6.536 6.569 6.619 6.636 6.629 6.629 6.604 6.614 6.621 6.629 6.631 6.651 6.671 6.674 6.594 6.626 6.629 6.656 6.709 6.679 6.694 6.684 6.706 6.704 6.721 6.719 6.739 6.781 6.749 6.751 6.759 6.796 6.814 6.816 6.806 6.824 6.811 6.824 6.849 6.831 6.879 6.846 6.831 6.884 6.891 6.896 6.889 6.894 6.909 6.914 6.921 6.951 6.969 6.966 6.969 6.961 6.951 6.976 6.949 6.979 7.019
6.011 5.991 5.969 6.039 6.099 6.124 6.156 6.179 6.221 6.251 6.259 6.316 6.344 6.449 6.556 6.616 6.604 6.571 6.619 6.651 6.646 6.636 6.631 6.676 6.691 6.684 6.666 6.679 6.644 6.651 6.649 6.666 6.714 6.734 6.709 6.736 6.746 6.726 6.759 6.766 6.744 6.771 6.749 6.774 6.764 6.789 6.806 6.804 6.854 6.814 6.851 6.846 6.851 6.861 6.831 6.864 6.861 6.839 6.884 6.881 6.871 6.914 6.886 6.916 6.909 6.926 6.916 6.929 6.919 6.919 6.939 6.939 6.946 7.021 6.999 7.006
6.056 6.016 6.029 6.091 6.141 6.171 6.206 6.241 6.251 6.286 6.306 6.314 6.306 6.391 6.464 6.589 6.659 6.641 6.679 6.654 6.666 6.679 6.674 6.681 6.706 6.709 6.706 6.701 6.696 6.674 6.659 6.711 6.714 6.744 6.761 6.751 6.741 6.749 6.741 6.781 6.759 6.761 6.756 6.804 6.816 6.799 6.836 6.824 6.869 6.864 6.859 6.834 6.841 6.854 6.854 6.836 6.864 6.836 6.886 6.891 6.911 6.909 6.904 6.909 6.931 6.926 6.939 6.964 7.004 6.964 6.956 6.991 6.991 7.021 7.009 6.999
6.061 6.039 6.016 6.076 6.141 6.161 6.199 6.256 6.246 6.321 6.311 6.329 6.344 6.384 6.439 6.491 6.604 6.649 6.656 6.651 6.681 6.686 6.739 6.714 6.724 6.744 6.736 6.719 6.731 6.734 6.726 6.721 6.729 6.731 6.739 6.766 6.761 6.741 6.764 6.791 6.821 6.786 6.794 6.769 6.786 6.776 6.841 6.849 6.836 6.824 6.854 6.866 6.846 6.864 6.901 6.876 6.904 6.921 6.889 6.916 6.939 6.939 6.934 6.976 6.981 6.959 6.969 6.979 6.979 6.986 6.974 6.999 7.001 7.001 7.044 7.076
6.089 6.076 6.029 6.091 6.159 6.161 6.161 6.249 6.279 6.324 6.316 6.311 6.336 6.401 6.411 6.419 6.541 6.646 6.674 6.681 6.739 6.691 6.694 6.731 6.736 6.734 6.726 6.734 6.736 6.749 6.731 6.744 6.731 6.776 6.769 6.764 6.774 6.791 6.794 6.774 6.804 6.799 6.804 6.754 6.761 6.804 6.839 6.841 6.856 6.849 6.839 6.859 6.854 6.849 6.856 6.911 6.894 6.891 6.929 6.919 6.909 6.954 6.951 6.959 6.974 6.989 6.989 6.979 6.994 7.004 7.021 6.964 7.009 7.034 7.036 7.049
6.114 6.099 6.104 6.141 6.176 6.156 6.181 6.234 6.274 6.289 6.324 6.326 6.344 6.366 6.386 6.426 6.474 6.556 6.661 6.721 6.736 6.721 6.714 6.739 6.746 6.736 6.726 6.759 6.756 6.746 6.764 6.749 6.769 6.756 6.814 6.786 6.814 6.824 6.806 6.816 6.826 6.806 6.786 6.766 6.789 6.821 6.786 6.821 6.819 6.804 6.796 6.829 6.854 6.869 6.861 6.886 6.874 6.924 6.861 6.891 6.889 6.929 6.939 6.896 6.944 6.956 6.926 6.929 6.986 6.966 7.009 6.981 7.021 7.059 7.006 7.031
6.129 6.106 6.114 6.179 6.201 6.191 6.236 6.234 6.286 6.314 6.364 6.364 6.359 6.386 6.439 6.414 6.461 6.526 6.614 6.749 6.764 6.764 6.794 6.749 6.754 6.751 6.761 6.786 6.801 6.831 6.791 6.774 6.764 6.776 6.829 6.846 6.834 6.826 6.821 6.821 6.816 6.796 6.789 6.796 6.784 6.776 6.779 6.816 6.786 6.799 6.809 6.806 6.821 6.841 6.841 6.846 6.864 6.881 6.801 6.834 6.849 6.874 6.921 6.914 6.949 6.944 6.941 6.951 6.959 6.946 6.961 6.989 7.006 7.044 7.036 7.034
6.114 6.156 6.151 6.231 6.264 6.196 6.219 6.254 6.291 6.381 6.369 6.349 6.394 6.456 6.434 6.409 6.469 6.464 6.534 6.626 6.739 6.804 6.769 6.764 6.771 6.804 6.824 6.799 6.819 6.851 6.791 6.796 6.774 6.804 6.846 6.846 6.849 6.824 6.856 6.834 6.806 6.784 6.776 6.796 6.771 6.781 6.756 6.769 6.771 6.766 6.786 6.811 6.819 6.826 6.866 6.851 6.859 6.849 6.866 6.891 6.869 6.889 6.906 6.921 6.906 6.936 6.939 6.946 6.966 6.981 6.974 6.966 7.004 6.981 7.024 7.044
6.139 6.169 6.146 6.166 6.264 6.229 6.234 6.249 6.309 6.354 6.319 6.356 6.419 6.431 6.439 6.456 6.449 6.489 6.476 6.541 6.666 6.764 6.784 6.754 6.779 6.824 6.826 6.809 6.834 6.836 6.796 6.799 6.819 6.839 6.856 6.846 6.851 6.846 6.831 6.826 6.819 6.824 6.826 6.826 6.831 6.854 6.809 6.791 6.809 6.819 6.856 6.866 6.876 6.879 6.904 6.864 6.851 6.851 6.871 6.839 6.869 6.869 6.916 6.911 6.901 6.934 6.944 6.939 6.954 6.936 6.954 6.949 6.956 6.979 6.999 7.004
6.139 6.149 6.156 6.219 6.256 6.269 6.201 6.286 6.336 6.334 6.319 6.346 6.406 6.399 6.414 6.469 6.491 6.474 6.496 6.536 6.556 6.671 6.774 6.744 6.764 6.819 6.811 6.821 6.806 6.826 6.821 6.829 6.834 6.854 6.859 6.891 6.881 6.874 6.849 6.846 6.869 6.874 6.854 6.824 6.799 6.824 6.794 6.729 6.736 6.776 6.766 6.814 6.846 6.811 6.816 6.831 6.856 6.869 6.869 6.884 6.896 6.929 6.931 6.931 6.934 6.971 6.979 6.954 6.956 6.951 6.936 6.959 6.969 6.986 6.986 7.031
6.151 6.181 6.151 6.241 6.224 6.234 6.264 6.281 6.316 6.374 6.361 6.376 6.419 6.406 6.456 6.459 6.486 6.469 6.514 6.494 6.499 6.594 6.726 6.774 6.744 6.786 6.779 6.804 6.789 6.834 6.854 6.841 6.854 6.881 6.906 6.869 6.879 6.879 6.876 6.889 6.866 6.876 6.809 6.756 6.734 6.706 6.661 6.636 6.641 6.661 6.706 6.704 6.721 6.731 6.721 6.689 6.756 6.766 6.766 6.759 6.809 6.809 6.839 6.841 6.869 6.909 6.881 6.879 6.886 6.871 6.894 6.914 6.931 6.949 6.964 6.969
6.184 6.179 6.199 6.231 6.239 6.271 6.294 6.301 6.324 6.371 6.374 6.384 6.419 6.459 6.434 6.449 6.471 6.496 6.491 6.451 6.479 6.519 6.659 6.744 6.779 6.744 6.764 6.779 6.786 6.826 6.829 6.824 6.854 6.894 6.876 6.871 6.901 6.871 6.874 6.871 6.844 6.779 6.731 6.636 6.601 6.564 6.604 6.601 6.671 6.646 6.674 6.699 6.701 6.694 6.694 6.686 6.701 6.719 6.671 6.679 6.696 6.739 6.799 6.769 6.764 6.781 6.799 6.754 6.774 6.774 6.756 6.824 6.831 6.834 6.871 6.854
6.196 6.169 6.196 6.244 6.276 6.306 6.294 6.339 6.349 6.359 6.376 6.421 6.419 6.459 6.466 6.444 6.491 6.519 6.486 6.471 6.481 6.504 6.591 6.674 6.774 6.724 6.751 6.761 6.786 6.786 6.809 6.829 6.839 6.841 6.844 6.851 6.874 6.861 6.899 6.824 6.809 6.724 6.649 6.584 6.554 6.584 6.601 6.626 6.671 6.664 6.636 6.679 6.676 6.651 6.684 6.676 6.691 6.719 6.696 6.664 6.721 6.754 6.776 6.774 6.739 6.736 6.729 6.714 6.724 6.719 6.759 6.769 6.776 6.794 6.801 6.804
6.204 6.184 6.249 6.256 6.296 6.304 6.339 6.316 6.361 6.334 6.441 6.429 6.444 6.459 6.429 6.431 6.464 6.511 6.506 6.471 6.456 6.506 6.551 6.606 6.696 6.741 6.734 6.726 6.751 6.774 6.776 6.791 6.821 6.811 6.869 6.851 6.861 6.886 6.859 6.811 6.771 6.671 6.616 6.561 6.564 6.571 6.586 6.604 6.641 6.669 6.641 6.656 6.679 6.699 6.699 6.681 6.719 6.746 6.681 6.644 6.716 6.771 6.759 6.739 6.734 6.721 6.729 6.716 6.729 6.761 6.759 6.756 6.786 6.806 6.806 6.804
6.184 6.211 6.276 6.286 6.306 6.326 6.351 6.331 6.376 6.384 6.386 6.424 6.441 6.456 6.456 6.456 6.481 6.521 6.534 6.516 6.519 6.539 6.551 6.564 6.676 6.749 6.766 6.719 6.751 6.751 6.801 6.784 6.796 6.851 6.821 6.851 6.821 6.851 6.789 6.734 6.656 6.559 6.531 6.529 6.526 6.586 6.596 6.634 6.636 6.666 6.646 6.719 6.689 6.704 6.731 6.711 6.731 6.679 6.671 6.694 6.706 6.751 6.741 6.759 6.766 6.731 6.766 6.761 6.761 6.766 6.739 6.766 6.791 6.791 6.814 6.801
6.231 6.281 6.306 6.341 6.364 6.364 6.389 6.381 6.409 6.434 6.451 6.466 6.474 6.529 6.466 6.489 6.519 6.549 6.571 6.531 6.559 6.549 6.546 6.581 6.619 6.739 6.766 6.726 6.746 6.759 6.766 6.789 6.786 6.866 6.821 6.804 6.811 6.844 6.716 6.659 6.589 6.551 6.526 6.529 6.574 6.606 6.619 6.649 6.641 6.679 6.684 6.696 6.689 6.721 6.716 6.704 6.714 6.694 6.699 6.719 6.721 6.766 6.776 6.761 6.751 6.734 6.749 6.736 6.749 6.769 6.746 6.769 6.794 6.819 6.821 6.829
6.259 6.314 6.321 6.336 6.361 6.389 6.391 6.396 6.446 6.416 6.451 6.494 6.531 6.501 6.486 6.531 6.546 6.531 6.551 6.546 6.534 6.541 6.544 6.559 6.609 6.709 6.791 6.761 6.701 6.699 6.754 6.769 6.776 6.794 6.794 6.789 6.789 6.816 6.701 6.644 6.629 6.581 6.614 6.544 6.601 6.609 6.616 6.649 6.624 6.659 6.684 6.699 6.714 6.711 6.714 6.699 6.706 6.699 6.704 6.726 6.729 6.781 6.771 6.731 6.716 6.766 6.761 6.769 6.751 6.799 6.774 6.821 6.841 6.816 6.799 6.849
6.281 6.299 6.351 6.399 6.359 6.396 6.441 6.499 6.419 6.434 6.509 6.524 6.501 6.504 6.499 6.541 6.569 6.546 6.569 6.524 6.544 6.549 6.611 6.589 6.601 6.664 6.729 6.769 6.706 6.724 6.744 6.764 6.814 6.811 6.806 6.784 6.786 6.806 6.711 6.661 6.674 6.589 6.569 6.611 6.609 6.594 6.636 6.654 6.664 6.651 6.671 6.701 6.744 6.739 6.716 6.701 6.729 6.734 6.744 6.729 6.761 6.814 6.794 6.766 6.774 6.784 6.769 6.776 6.786 6.789 6.821 6.844 6.824 6.834 6.821 6.809
6.269 6.296 6.349 6.384 6.386 6.404 6.454 6.494 6.459 6.491 6.519 6.511 6.551 6.539 6.559 6.604 6.581 6.586 6.576 6.564 6.544 6.559 6.574 6.576 6.596 6.621 6.636 6.836 6.779 6.716 6.749 6.779 6.794 6.779 6.809 6.779 6.751 6.766 6.764 6.716 6.639 6.626 6.591 6.621 6.599 6.584 6.654 6.639 6.639 6.656 6.681 6.706 6.756 6.736 6.704 6.741 6.731 6.704 6.734 6.736 6.761 6.766 6.766 6.789 6.769 6.791 6.754 6.774 6.791 6.764 6.836 6.839 6.834 6.834 6.836 6.801
6.291 6.321 6.364 6.371 6.399 6.466 6.464 6.506 6.519 6.511 6.519 6.559 6.544 6.564 6.571 6.571 6.616 6.584 6.546 6.566 6.594 6.589 6.571 6.604 6.611 6.609 6.631 6.699 6.819 6.746 6.754 6.754 6.796 6.794 6.771 6.739 6.739 6.779 6.816 6.779 6.701 6.621 6.571 6.594 6.606 6.596 6.626 6.639 6.659 6.664 6.694 6.696 6.736 6.744 6.739 6.756 6.739 6.746 6.719 6.736 6.759 6.784 6.794 6.789 6.779 6.796 6.789 6.781 6.781 6.796 6.824 6.844 6.846 6.856 6.851 6.859
6.301 6.344 6.366 6.421 6.424 6.469 6.501 6.539 6.539 6.489 6.534 6.561 6.556 6.554 6.564 6.564 6.584 6.586 6.549 6.549 6.574 6.541 6.574 6.574 6.576 6.574 6.624 6.716 6.859 6.776 6.709 6.769 6.801 6.816 6.761 6.771 6.759 6.724 6.759 6.806 6.744 6.619 6.554 6.579 6.611 6.614 6.606 6.604 6.659 6.674 6.689 6.704 6.734 6.724 6.754 6.731 6.749 6.726 6.696 6.731 6.771 6.784 6.796 6.809 6.766 6.784 6.796 6.781 6.811 6.816 6.856 6.849 6.851 6.839 6.839 6.826
6.301 6.341 6.376 6.404 6.416 6.441 6.481 6.546 6.534 6.511 6.506 6.566 6.564 6.566 6.556 6.551 6.571 6.559 6.569 6.574 6.571 6.571 6.574 6.611 6.601 6.601 6.626 6.684 6.784 6.834 6.744 6.744 6.786 6.804 6.816 6.794 6.734 6.716 6.751 6.809 6.764 6.666 6.591 6.629 6.646 6.609 6.581 6.656 6.686 6.696 6.691 6.709 6.764 6.739 6.761 6.784 6.741 6.746 6.734 6.759 6.786 6.799 6.774 6.789 6.804 6.799 6.791 6.814 6.801 6.809 6.854 6.844 6.841 6.836 6.849 6.861
