Matlab/Roost_data/braunton/dsm/ss4939_DSM_2M.asc
ncols 500
nrows 500
xllcorner    249000
yllcorner    139000
cellsize     2
NODATA_value -9999
[rows 93 to 123 of 500, columns 414 to 482 of 500]
93.672 93.894 94.114 94.342 94.582 94.827 95.122 95.369 95.589 95.829 96.047 96.299 96.504 96.699 96.877 97.047 97.247 97.384 97.577 97.749 97.929 98.087 98.274 98.447 98.617 98.779 98.979 99.144 99.327 99.487 99.659 99.819 99.962 100.119 100.244 100.372 100.497 100.609 100.739 100.854 100.984 101.084 101.207 101.357 101.482 101.604 101.737 101.877 102.024 102.144 102.284 102.384 102.484 102.587 102.669 102.749 102.817 102.862 102.899 102.947 102.997 103.027 103.057 103.084 103.094 103.127 103.144 103.152 103.209
93.892 94.117 94.364 94.582 94.839 95.084 95.337 95.579 95.814 96.057 96.307 96.534 96.759 96.959 97.159 97.327 97.524 97.697 97.872 98.054 98.249 98.402 98.614 98.772 98.932 99.104 99.297 99.454 99.634 99.822 99.979 100.132 100.259 100.417 100.542 100.669 100.789 100.902 101.019 101.127 101.247 101.364 101.474 101.589 101.757 101.857 101.997 102.137 102.294 102.409 102.517 102.614 102.749 102.839 102.927 103.002 103.079 103.152 103.187 103.227 103.267 103.289 103.342 103.367 103.417 103.429 103.437 103.482 103.484
94.114 94.352 94.574 94.819 95.072 95.314 95.569 95.812 96.064 96.297 96.557 96.754 96.977 97.202 97.399 97.642 97.792 97.999 98.172 98.382 98.549 98.734 98.917 99.099 99.264 99.462 99.619 99.797 99.967 100.124 100.292 100.439 100.582 100.722 100.849 100.959 101.064 101.189 101.317 101.439 101.529 101.642 101.757 101.899 101.997 102.124 102.262 102.372 102.504 102.659 102.764 102.882 102.984 103.092 103.184 103.264 103.329 103.399 103.454 103.522 103.547 103.584 103.639 103.677 103.717 103.747 103.769 103.779 103.817
94.354 94.572 94.814 95.057 95.314 95.567 95.784 96.042 96.297 96.547 96.769 97.002 97.224 97.467 97.664 97.874 98.087 98.249 98.472 98.662 98.834 99.042 99.232 99.399 99.602 99.774 99.947 100.107 100.274 100.454 100.604 100.744 100.902 101.019 101.122 101.247 101.374 101.494 101.602 101.707 101.854 101.939 102.042 102.164 102.282 102.382 102.517 102.637 102.767 102.894 103.014 103.122 103.204 103.322 103.422 103.507 103.602 103.662 103.707 103.764 103.827 103.859 103.909 103.949 104.002 104.014 104.057 104.089 104.102
94.602 94.804 95.074 95.304 95.574 95.822 96.049 96.287 96.572 96.812 97.032 97.249 97.499 97.714 97.937 98.169 98.362 98.562 98.767 98.954 99.179 99.354 99.557 99.742 99.914 100.109 100.262 100.417 100.594 100.757 100.894 101.062 101.189 101.334 101.422 101.574 101.697 101.794 101.889 102.012 102.127 102.222 102.337 102.432 102.547 102.669 102.767 102.889 103.007 103.122 103.252 103.369 103.467 103.572 103.669 103.777 103.837 103.902 103.972 104.029 104.112 104.139 104.179 104.239 104.269 104.317 104.344 104.382 104.397
94.804 95.047 95.312 95.572 95.822 96.079 96.312 96.572 96.824 97.047 97.294 97.514 97.742 97.984 98.199 98.399 98.634 98.844 99.044 99.244 99.459 99.659 99.884 100.044 100.242 100.407 100.567 100.744 100.889 101.039 101.194 101.357 101.504 101.622 101.757 101.869 101.997 102.097 102.202 102.309 102.424 102.494 102.604 102.714 102.809 102.912 103.024 103.137 103.242 103.379 103.484 103.574 103.719 103.819 103.922 104.009 104.082 104.179 104.224 104.304 104.369 104.417 104.447 104.504 104.542 104.582 104.637 104.669 104.689
95.067 95.317 95.574 95.829 96.067 96.314 96.569 96.827 97.074 97.322 97.554 97.787 98.032 98.247 98.472 98.707 98.919 99.119 99.339 99.522 99.739 99.957 100.169 100.344 100.547 100.722 100.862 101.022 101.194 101.354 101.524 101.659 101.794 101.934 102.062 102.194 102.302 102.397 102.527 102.614 102.694 102.812 102.904 102.989 103.089 103.207 103.299 103.387 103.507 103.627 103.754 103.862 103.964 104.069 104.197 104.284 104.354 104.447 104.512 104.567 104.642 104.704 104.742 104.787 104.824 104.864 104.914 104.939 104.987
95.322 95.567 95.837 96.109 96.354 96.609 96.884 97.107 97.374 97.614 97.864 98.089 98.314 98.554 98.774 98.989 99.189 99.414 99.642 99.829 100.039 100.254 100.422 100.622 100.807 100.964 101.159 101.317 101.467 101.652 101.809 101.952 102.079 102.227 102.372 102.497 102.589 102.719 102.817 102.917 103.029 103.109 103.179 103.304 103.369 103.474 103.579 103.679 103.787 103.892 103.992 104.099 104.237 104.354 104.452 104.547 104.629 104.697 104.769 104.837 104.917 104.977 105.042 105.094 105.114 105.149 105.197 105.217 105.252
95.582 95.847 96.122 96.377 96.619 96.879 97.159 97.419 97.639 97.902 98.137 98.372 98.604 98.802 99.032 99.244 99.454 99.679 99.902 100.109 100.319 100.509 100.707 100.884 101.077 101.242 101.437 101.584 101.747 101.912 102.087 102.229 102.369 102.532 102.634 102.762 102.889 102.994 103.084 103.222 103.299 103.384 103.492 103.569 103.654 103.767 103.837 103.967 104.052 104.137 104.262 104.357 104.512 104.612 104.702 104.807 104.897 104.974 105.022 105.119 105.179 105.252 105.309 105.357 105.412 105.449 105.479 105.502 105.532
95.824 96.089 96.359 96.614 96.867 97.137 97.394 97.647 97.882 98.117 98.387 98.594 98.819 99.044 99.259 99.494 99.712 99.937 100.152 100.362 100.577 100.772 100.969 101.157 101.319 101.507 101.694 101.832 102.017 102.197 102.329 102.492 102.642 102.767 102.932 103.032 103.159 103.284 103.372 103.477 103.584 103.667 103.774 103.857 103.954 104.042 104.127 104.224 104.332 104.439 104.532 104.654 104.757 104.879 104.994 105.082 105.164 105.234 105.327 105.392 105.462 105.547 105.604 105.644 105.697 105.722 105.779 105.799 105.824
96.057 96.337 96.607 96.862 97.159 97.407 97.674 97.909 98.182 98.427 98.662 98.899 99.154 99.352 99.574 99.809 100.029 100.242 100.449 100.669 100.844 101.029 101.232 101.394 101.584 101.747 101.892 102.082 102.234 102.402 102.567 102.719 102.887 103.022 103.177 103.317 103.409 103.509 103.644 103.764 103.857 103.969 104.042 104.117 104.217 104.317 104.402 104.514 104.632 104.719 104.827 104.934 105.042 105.137 105.267 105.354 105.454 105.529 105.599 105.677 105.734 105.807 105.864 105.929 105.972 106.004 106.047 106.069 106.089
96.347 96.582 96.837 97.107 97.359 97.649 97.872 98.157 98.414 98.639 98.917 99.137 99.407 99.624 99.852 100.079 100.304 100.502 100.742 100.949 101.142 101.332 101.537 101.714 101.857 101.994 102.152 102.322 102.484 102.627 102.794 102.939 103.069 103.237 103.384 103.534 103.684 103.772 103.884 104.019 104.139 104.242 104.332 104.417 104.494 104.604 104.689 104.787 104.879 104.994 105.112 105.224 105.332 105.439 105.537 105.627 105.727 105.804 105.884 105.964 106.049 106.097 106.167 106.217 106.279 106.312 106.342 106.344 106.372
96.517 96.822 97.097 97.504 97.894 98.359 98.639 98.912 99.217 99.432 99.577 99.874 100.084 100.327 100.557 100.707 101.009 101.114 101.384 101.664 101.699 101.922 101.964 102.102 102.099 102.247 102.437 102.609 102.752 102.897 103.079 103.202 103.369 103.507 103.639 103.759 103.882 104.017 104.122 104.224 104.339 104.457 104.574 104.682 104.749 104.862 104.957 105.049 105.149 105.262 105.412 105.512 105.617 105.732 105.819 105.909 106.009 106.087 106.174 106.247 106.314 106.369 106.422 106.484 106.527 106.584 106.602 106.609 106.624
97.962 98.477 98.712 98.999 99.362 99.664 100.089 100.382 100.744 100.962 101.132 101.382 101.597 101.914 102.149 102.334 102.617 102.707 103.009 103.154 103.352 103.604 103.482 103.594 103.377 103.297 102.972 102.987 103.039 103.169 103.289 103.459 103.582 103.737 103.879 104.017 104.154 104.259 104.382 104.497 104.632 104.734 104.847 104.962 105.039 105.127 105.224 105.292 105.397 105.524 105.649 105.742 105.837 105.977 106.062 106.172 106.259 106.354 106.464 106.537 106.567 106.637 106.667 106.737 106.782 106.814 106.819 106.829 106.842
98.159 98.392 98.609 98.769 98.999 99.292 99.524 99.904 100.097 100.402 100.692 100.882 101.159 101.322 101.489 101.704 101.912 102.034 102.272 102.404 102.637 102.907 103.002 103.294 103.689 104.102 104.402 104.659 104.734 104.834 104.719 104.617 104.627 104.407 104.329 104.374 104.447 104.547 104.672 104.802 104.874 105.014 105.122 105.197 105.309 105.409 105.489 105.582 105.657 105.787 105.897 106.029 106.117 106.237 106.342 106.459 106.534 106.629 106.717 106.802 106.864 106.917 106.964 107.017 107.062 107.087 107.117 107.122 107.139
97.952 98.217 98.484 98.757 99.054 99.307 99.619 99.909 100.192 100.474 100.722 100.962 101.237 101.454 101.667 101.864 102.072 102.252 102.432 102.624 102.769 102.949 103.089 103.259 103.432 103.609 103.744 103.962 104.159 104.337 104.644 104.894 105.092 105.224 105.332 105.677 105.922 105.887 105.884 105.987 106.112 105.982 105.937 105.837 105.779 105.817 105.794 105.852 105.934 106.064 106.174 106.299 106.369 106.504 106.619 106.739 106.812 106.904 106.984 107.039 107.084 107.172 107.217 107.259 107.294 107.339 107.382 107.399 107.389
98.207 98.442 98.739 98.997 99.267 99.562 99.834 100.134 100.419 100.694 100.954 101.207 101.449 101.684 101.904 102.114 102.309 102.517 102.699 102.869 103.039 103.207 103.384 103.579 103.709 103.852 104.029 104.187 104.347 104.512 104.662 104.829 104.947 105.134 105.297 105.447 105.652 105.852 106.109 106.327 106.579 106.774 106.989 107.097 107.189 107.127 107.107 107.177 106.607 106.409 106.772 106.922 107.092 107.279 107.194 107.412 107.737 107.704 107.699 107.914 108.059 108.262 108.302 108.384 108.707 108.697 108.774 108.864 108.927
98.379 98.627 98.879 99.179 99.424 99.719 100.024 100.289 100.574 100.862 101.117 101.369 101.604 101.842 102.059 102.274 102.497 102.689 102.869 103.034 103.219 103.394 103.597 103.762 103.944 104.079 104.272 104.457 104.619 104.807 104.962 105.107 105.252 105.419 105.567 105.722 105.882 106.044 106.177 106.304 106.419 106.577 106.679 106.802 106.902 107.039 107.254 107.447 107.224 106.894 107.602 108.334 108.504 108.609 108.877 108.789 108.869 109.007 108.974 108.962 108.994 109.014 109.189 109.229 109.294 109.227 109.102 108.999 108.892
98.592 98.837 99.102 99.362 99.644 99.907 100.207 100.492 100.779 101.042 101.304 101.534 101.787 102.004 102.247 102.477 102.667 102.902 103.079 103.242 103.442 103.614 103.819 103.997 104.187 104.347 104.522 104.682 104.852 105.019 105.199 105.352 105.499 105.657 105.834 105.987 106.167 106.302 106.437 106.594 106.747 106.859 106.979 107.089 107.177 107.262 107.359 107.384 107.287 107.319 108.237 108.479 108.267 108.227 108.207 108.217 108.249 108.304 108.324 108.357 108.399 108.477 108.502 108.547 108.582 108.599 108.619 108.639 108.652
98.779 99.039 99.277 99.517 99.792 100.072 100.352 100.617 100.907 101.169 101.432 101.677 101.904 102.159 102.372 102.609 102.812 103.007 103.214 103.412 103.574 103.784 103.982 104.144 104.344 104.534 104.737 104.897 105.097 105.279 105.419 105.617 105.777 105.947 106.114 106.267 106.409 106.552 106.712 106.842 106.979 107.124 107.244 107.357 107.447 107.539 107.599 107.607 107.529 107.734 108.737 108.537 108.137 108.207 108.279 108.354 108.437 108.547 108.617 108.667 108.719 108.817 108.844 108.894 108.942 108.994 109.019 109.039 109.029
98.977 99.232 99.462 99.697 99.979 100.227 100.512 100.782 101.064 101.332 101.584 101.812 102.067 102.317 102.534 102.772 102.972 103.144 103.369 103.589 103.782 103.939 104.152 104.314 104.522 104.717 104.892 105.082 105.287 105.469 105.652 105.822 105.999 106.169 106.347 106.497 106.662 106.799 106.969 107.129 107.239 107.379 107.522 107.592 107.699 107.767 107.859 107.899 107.894 108.359 109.624 108.599 108.392 108.454 108.544 108.637 108.764 108.859 108.944 109.009 109.087 109.147 109.222 109.242 109.297 109.349 109.377 109.399 109.387
99.199 99.432 99.654 99.892 100.147 100.404 100.674 100.959 101.237 101.464 101.749 101.984 102.229 102.479 102.699 102.924 103.107 103.322 103.537 103.734 103.929 104.109 104.292 104.497 104.714 104.899 105.099 105.289 105.502 105.682 105.887 106.064 106.247 106.414 106.582 106.729 106.894 107.077 107.209 107.344 107.484 107.589 107.732 107.847 107.932 108.029 108.119 108.179 108.249 108.977 109.592 108.699 108.622 108.702 108.839 108.934 109.034 109.147 109.274 109.344 109.442 109.502 109.567 109.609 109.659 109.689 109.759 109.734 109.764
99.379 99.612 99.844 100.094 100.337 100.599 100.867 101.157 101.417 101.667 101.929 102.174 102.412 102.654 102.869 103.064 103.267 103.519 103.704 103.899 104.104 104.287 104.474 104.689 104.877 105.062 105.287 105.504 105.687 105.909 106.079 106.309 106.474 106.659 106.812 106.954 107.139 107.259 107.442 107.584 107.712 107.809 107.937 108.077 108.162 108.254 108.357 108.422 108.534 109.019 109.532 108.909 108.907 109.037 109.142 109.209 109.334 109.447 109.569 109.667 109.752 109.812 109.882 109.942 110.002 110.044 110.074 110.094 110.122
99.582 99.779 100.067 100.289 100.527 100.787 101.077 101.329 101.597 101.857 102.097 102.347 102.582 102.834 103.024 103.242 103.467 103.687 103.872 104.094 104.272 104.457 104.677 104.877 105.067 105.267 105.494 105.704 105.899 106.104 106.322 106.514 106.707 106.892 107.047 107.214 107.349 107.517 107.649 107.804 107.937 108.054 108.164 108.314 108.429 108.517 108.594 108.684 108.807 109.397 109.899 109.192 109.227 109.329 109.452 109.532 109.662 109.774 109.884 109.999 110.054 110.132 110.212 110.292 110.337 110.404 110.429 110.464 110.474
99.804 100.039 100.254 100.494 100.752 100.977 101.257 101.514 101.794 102.054 102.289 102.539 102.767 102.984 103.194 103.424 103.662 103.827 104.057 104.254 104.459 104.644 104.857 105.057 105.252 105.462 105.677 105.869 106.119 106.319 106.507 106.732 106.924 107.104 107.257 107.427 107.594 107.719 107.882 108.017 108.179 108.307 108.417 108.547 108.637 108.717 108.819 108.934 109.074 109.732 110.262 109.457 109.559 109.647 109.762 109.892 110.002 110.117 110.242 110.332 110.412 110.524 110.584 110.664 110.744 110.777 110.807 110.822 110.842
99.987 100.207 100.452 100.664 100.919 101.164 101.434 101.682 101.977 102.239 102.467 102.709 102.952 103.149 103.362 103.592 103.797 103.997 104.219 104.404 104.622 104.844 105.024 105.232 105.464 105.659 105.864 106.099 106.292 106.499 106.702 106.932 107.117 107.309 107.492 107.659 107.797 107.949 108.087 108.244 108.394 108.499 108.624 108.767 108.874 108.987 109.072 109.162 109.319 110.182 110.374 109.789 109.894 109.969 110.117 110.259 110.372 110.474 110.587 110.667 110.797 110.902 110.987 111.054 111.084 111.164 111.187 111.182 111.202
100.222 100.394 100.642 100.847 101.092 101.362 101.602 101.864 102.159 102.392 102.642 102.887 103.097 103.304 103.547 103.742 103.947 104.162 104.369 104.607 104.802 105.004 105.229 105.417 105.629 105.839 106.077 106.264 106.504 106.699 106.909 107.134 107.319 107.514 107.687 107.849 107.994 108.147 108.307 108.442 108.579 108.727 108.854 108.982 109.112 109.217 109.319 109.432 109.637 110.699 110.662 110.099 110.224 110.312 110.484 110.612 110.739 110.854 110.964 111.064 111.179 111.272 111.359 111.414 111.482 111.527 111.544 111.574 111.539
100.369 100.594 100.824 101.044 101.274 101.542 101.777 102.007 102.292 102.559 102.817 103.044 103.267 103.494 103.692 103.894 104.107 104.339 104.537 104.754 105.012 105.189 105.397 105.612 105.819 105.999 106.224 106.459 106.669 106.887 107.104 107.302 107.492 107.699 107.869 108.029 108.189 108.312 108.487 108.672 108.802 108.952 109.079 109.224 109.362 109.487 109.587 109.709 109.929 111.272 110.644 110.442 110.549 110.674 110.862 110.997 111.129 111.254 111.344 111.444 111.549 111.669 111.752 111.804 111.874 111.889 111.922 111.902 111.899
100.564 100.777 100.992 101.242 101.447 101.699 101.924 102.179 102.464 102.689 102.962 103.174 103.399 103.649 103.829 104.042 104.259 104.479 104.699 104.942 105.149 105.364 105.587 105.779 105.997 106.214 106.444 106.659 106.882 107.089 107.294 107.504 107.704 107.882 108.054 108.222 108.394 108.544 108.697 108.869 108.977 109.152 109.304 109.439 109.602 109.722 109.829 109.962 110.274 111.759 110.914 110.807 110.914 111.044 111.212 111.384 111.529 111.652 111.754 111.867 111.952 112.044 112.119 112.174 112.232 112.257 112.274 112.264 112.242
100.767 100.959 101.164 101.372 101.604 101.839 102.069 102.322 102.589 102.844 103.092 103.329 103.577 103.779 104.009 104.204 104.424 104.654 104.862 105.107 105.322 105.547 105.772 105.967 106.197 106.402 106.649 106.862 107.079 107.287 107.512 107.712 107.889 108.079 108.244 108.419 108.597 108.747 108.914 109.074 109.214 109.354 109.522 109.657 109.807 109.952 110.094 110.234 110.842 112.014 111.012 111.102 111.239 111.389 111.582 111.762 111.909 112.024 112.149 112.234 112.332 112.397 112.469 112.514 112.532 112.572 112.609 112.569 112.572
100.944 101.119 101.319 101.539 101.762 102.007 102.217 102.477 102.747 102.979 103.229 103.477 103.709 103.924 104.152 104.359 104.589 104.802 105.047 105.262 105.489 105.709 105.939 106.162 106.394 106.632 106.852 107.074 107.294 107.492 107.694 107.897 108.094 108.282 108.472 108.647 108.787 108.979 109.142 109.294 109.459 109.632 109.762 109.937 110.067 110.172 110.327 110.524 111.227 112.279 111.282 111.392 111.564 111.729 111.934 112.107 112.269 112.377 112.494 112.609 112.659 112.747 112.772 112.804 112.844 112.882 112.902 112.922 112.877
