Matlab/Roost_data/braunton/dsm/ss4937_DSM_2M.asc
ncols 500
nrows 500
xllcorner    249000
yllcorner    137000
cellsize     2
NODATA_value -9999
[rows 192 to 223 of 500, columns 71 to 141 of 500]
101.003 101.075 100.155 100.18 100.38 100.543 100.725 100.873 100.995 101.135 101.275 101.408 101.508 101.61 101.77 101.865 101.963 102.095 102.248 102.368 102.455 102.57 102.673 102.738 102.84 102.93 102.973 103.068 103.153 103.213 103.253 103.271 103.281 103.248 103.251 103.228 103.216 103.208 103.188 103.091 103.001 102.883 102.793 102.688 102.586 102.448 102.328 102.223 102.083 101.973 101.871 101.788 101.721 101.671 101.638 101.616 101.621 101.656 101.688 101.728 101.763 101.756 101.781 101.776 101.788 101.841 101.866 101.886 101.896 101.916 101.931
99.755 101.543 102.348 100.578 100.153 100.378 100.51 100.685 100.828 100.918 101.083 101.19 101.278 101.375 101.515 101.6 101.73 101.835 101.98 102.065 102.158 102.258 102.353 102.435 102.52 102.543 102.645 102.733 102.763 102.813 102.888 102.908 102.891 102.911 102.898 102.891 102.878 102.836 102.771 102.711 102.601 102.508 102.408 102.316 102.196 102.078 101.981 101.833 101.711 101.603 101.483 101.398 101.313 101.253 101.228 101.171 101.168 101.201 101.178 101.228 101.236 101.278 101.316 101.321 101.378 101.388 101.433 101.476 101.503 101.506 101.551
99.5 99.763 101.01 101.445 100.828 100.19 100.298 100.463 100.623 100.775 100.855 100.975 101.083 101.153 101.27 101.38 101.485 101.588 101.673 101.783 101.878 101.963 102.058 102.17 102.18 102.265 102.345 102.393 102.433 102.486 102.538 102.546 102.606 102.601 102.576 102.563 102.503 102.451 102.378 102.316 102.238 102.151 102.071 101.948 101.818 101.728 101.583 101.476 101.348 101.253 101.121 101.018 100.948 100.873 100.783 100.763 100.743 100.736 100.733 100.756 100.791 100.836 100.856 100.903 100.923 100.963 101.013 101.073 101.086 101.186 101.828
99.318 99.45 99.7 100.468 101.385 101.388 100.923 100.2 100.395 100.54 100.648 100.748 100.818 100.95 101.053 101.15 101.245 101.32 101.425 101.51 101.598 101.695 101.778 101.843 101.923 101.983 102.02 102.075 102.105 102.136 102.178 102.246 102.278 102.266 102.241 102.186 102.131 102.073 102.061 101.958 101.863 101.803 101.703 101.583 101.471 101.353 101.223 101.116 100.991 100.863 100.766 100.678 100.588 100.511 100.438 100.361 100.323 100.296 100.306 100.311 100.331 100.366 100.406 100.476 100.496 100.571 100.636 100.586 101.301 100.478 99.316
99.098 99.218 99.37 99.575 99.843 101.833 102.115 100.83 100.15 100.295 100.423 100.538 100.66 100.725 100.83 100.95 101.033 101.088 101.17 101.25 101.338 101.408 101.49 101.545 101.643 101.67 101.735 101.783 101.813 101.853 101.896 101.911 101.933 101.933 101.893 101.841 101.788 101.743 101.701 101.608 101.541 101.438 101.318 101.228 101.106 100.983 100.876 100.788 100.643 100.536 100.421 100.333 100.226 100.153 100.078 100.021 99.953 99.908 99.911 99.886 99.918 99.946 100.018 100.063 100.158 100.183 100.223 101.143 99.166 98.996 99.181
98.853 98.95 99.113 99.225 99.39 99.61 101.573 101.408 101.073 100.083 100.143 100.28 100.42 100.568 100.598 100.69 100.778 100.828 100.903 100.98 101.09 101.138 101.238 101.293 101.355 101.408 101.46 101.48 101.518 101.571 101.588 101.586 101.596 101.596 101.561 101.526 101.471 101.416 101.341 101.273 101.191 101.086 100.971 100.866 100.753 100.631 100.543 100.408 100.321 100.198 100.106 99.998 99.926 99.823 99.731 99.653 99.608 99.576 99.563 99.538 99.556 99.596 99.613 99.691 99.741 99.913 100.938 98.568 98.701 99.253 100.618
98.643 98.683 98.818 98.935 99.088 99.213 99.618 101.193 101.285 101.038 100.025 99.985 100.14 100.258 100.365 100.448 100.5 100.595 100.645 100.74 100.795 100.875 100.963 101.005 101.083 101.168 101.2 101.228 101.243 101.281 101.278 101.266 101.253 101.228 101.223 101.211 101.143 101.081 101.003 100.926 100.826 100.746 100.628 100.526 100.408 100.351 100.188 100.083 99.961 99.861 99.773 99.676 99.586 99.511 99.423 99.331 99.278 99.268 99.216 99.213 99.198 99.243 99.251 99.266 99.551 99.691 98.276 98.336 99.768 100.843 99.141
98.25 98.43 98.535 98.613 98.803 98.905 99.03 99.415 100.085 100.348 101.198 99.98 99.84 99.943 100.073 100.17 100.265 100.32 100.38 100.465 100.528 100.6 100.645 100.72 100.813 100.853 100.923 100.96 100.98 100.986 100.951 100.931 100.928 100.898 100.893 100.861 100.818 100.761 100.693 100.591 100.493 100.406 100.308 100.208 100.096 99.961 99.881 99.743 99.633 99.531 99.441 99.346 99.273 99.158 99.111 99.023 98.963 98.943 98.916 98.876 98.888 98.863 98.883 99.931 98.393 97.903 98.101 99.606 99.786 99.998 98.616
97.881 98.033 98.198 98.331 98.436 98.606 98.696 98.828 99.006 99.243 101.113 101.331 100.703 99.736 99.728 99.876 99.956 100.061 100.093 100.151 100.228 100.301 100.346 100.411 100.501 100.558 100.611 100.648 100.646 100.643 100.648 100.626 100.608 100.623 100.563 100.518 100.516 100.433 100.343 100.238 100.153 100.068 99.971 99.883 99.758 99.663 99.523 99.403 99.316 99.201 99.111 99.006 98.911 98.833 98.748 98.726 98.661 98.683 98.586 98.591 98.538 98.526 99.823 97.793 97.603 97.991 99.513 99.293 99.206 97.661 97.653
97.491 97.636 97.773 97.926 98.086 98.228 98.368 98.463 98.603 98.776 98.946 99.698 101.696 102.241 99.623 99.546 99.648 99.743 99.813 99.871 99.918 99.973 100.033 100.108 100.171 100.206 100.253 100.308 100.316 100.331 100.326 100.296 100.291 100.266 100.223 100.178 100.161 100.068 100.006 99.911 99.831 99.736 99.643 99.538 99.446 99.326 99.196 99.083 98.986 98.873 98.761 98.656 98.561 98.496 98.441 98.388 98.396 98.318 98.301 98.211 98.296 99.393 97.258 97.261 98.128 99.203 97.756 97.341 97.321 97.321 97.246
97.078 97.216 97.371 97.523 97.686 97.846 97.996 98.101 98.183 98.373 98.528 98.618 98.746 100.376 101.413 101.143 99.371 99.391 99.456 99.543 99.623 99.643 99.708 99.773 99.841 99.838 99.908 99.963 99.986 99.996 99.986 99.973 99.943 99.908 99.853 99.806 99.748 99.696 99.643 99.598 99.478 99.383 99.273 99.186 99.076 98.963 98.876 98.748 98.636 98.523 98.436 98.348 98.246 98.163 98.136 98.116 98.053 98.023 97.946 98.033 99.078 96.898 96.941 98.023 98.763 97.128 97.018 97.016 96.986 96.898 96.778
96.678 96.823 96.986 97.136 97.303 97.436 97.588 97.696 97.793 97.963 98.046 98.158 98.281 98.423 98.771 99.826 100.898 99.606 99.086 99.183 99.248 99.313 99.398 99.408 99.481 99.498 99.518 99.551 99.601 99.683 99.651 99.608 99.596 99.538 99.498 99.428 99.358 99.333 99.268 99.216 99.131 99.043 98.926 98.818 98.728 98.618 98.518 98.408 98.298 98.181 98.101 98.021 97.953 97.886 97.836 97.788 97.771 97.671 97.766 98.118 96.608 96.641 97.923 98.633 97.433 96.656 96.673 96.676 96.561 96.433 96.406
96.286 96.468 96.611 96.776 96.946 97.053 97.221 97.373 97.441 97.536 97.683 97.791 97.883 98.016 98.136 99.423 101.258 100.733 99.468 98.753 98.878 98.953 99.003 99.041 99.078 99.143 99.196 99.178 99.248 99.271 99.273 99.261 99.241 99.178 99.131 99.076 99.001 98.921 98.876 98.823 98.776 98.658 98.571 98.468 98.353 98.256 98.161 98.043 97.936 97.851 97.773 97.691 97.641 97.606 97.526 97.496 97.458 97.521 97.728 96.298 96.326 97.776 98.563 96.371 96.311 96.281 96.286 96.231 96.128 96.081 96.036
95.911 96.113 96.261 96.408 96.583 96.763 96.841 97.001 97.133 97.223 97.293 97.331 97.471 97.593 97.776 98.146 99.101 100.121 99.303 99.743 98.491 98.551 98.631 98.708 98.756 98.776 98.816 98.843 98.876 98.883 98.903 98.898 98.841 98.828 98.783 98.706 98.616 98.548 98.506 98.443 98.363 98.326 98.228 98.106 98.013 97.918 97.786 97.703 97.593 97.503 97.438 97.388 97.346 97.261 97.233 97.181 97.266 97.341 96.036 96.023 97.711 98.151 96.091 96.058 95.986 95.966 95.841 95.748 95.753 95.683 95.648
95.558 95.771 95.916 96.173 96.466 96.368 96.483 96.668 96.793 96.876 96.983 97.048 97.136 97.233 97.348 97.823 98.553 98.201 98.301 99.541 98.568 98.251 98.218 98.313 98.351 98.421 98.443 98.446 98.483 98.506 98.501 98.516 98.466 98.448 98.423 98.341 98.288 98.228 98.128 98.051 97.998 97.933 97.841 97.731 97.656 97.538 97.443 97.346 97.263 97.176 97.156 97.063 97.021 96.971 96.953 97.031 97.188 95.811 95.821 97.538 97.796 97.181 95.766 95.666 95.613 95.533 95.438 95.388 95.353 95.286 95.241
95.216 95.433 95.611 95.816 96.043 96.066 96.231 96.313 96.491 96.573 96.811 97.333 96.793 96.838 97.041 97.911 97.696 97.461 96.868 99.398 99.451 98.621 98.188 97.913 97.986 98.031 98.071 98.121 98.123 98.138 98.151 98.126 98.111 98.083 98.051 97.991 97.956 97.878 97.781 97.716 97.656 97.558 97.466 97.366 97.283 97.181 97.098 97.018 96.933 96.913 96.808 96.741 96.681 96.633 97.066 96.241 95.551 95.603 97.503 97.186 95.478 95.466 95.358 95.288 95.196 95.146 95.096 95.038 94.953 94.898 94.823
94.873 95.071 95.261 95.481 95.643 95.743 95.881 96.063 96.171 96.283 96.558 97.366 96.646 96.703 97.078 97.673 97.506 96.413 94.916 95.671 97.391 99.071 99.096 98.698 97.686 97.638 97.711 97.738 97.778 97.796 97.771 97.768 97.761 97.756 97.663 97.623 97.561 97.486 97.433 97.411 97.308 97.178 97.076 97.018 96.931 96.831 96.743 96.681 96.633 96.548 96.503 96.448 96.433 96.618 95.808 95.261 95.391 97.101 97.533 95.816 95.181 95.128 95.016 94.918 94.868 94.828 94.736 94.673 94.596 94.503 94.426
94.523 94.708 94.921 95.121 95.273 95.458 95.581 95.756 95.863 96.023 97.078 96.791 96.331 96.456 97.256 97.301 97.051 95.723 97.278 97.236 94.848 96.768 98.686 99.251 97.953 97.736 97.338 97.411 97.433 97.443 97.458 97.456 97.398 97.378 97.318 97.258 97.211 97.146 97.073 97.023 96.921 96.818 96.753 96.671 96.558 96.478 96.433 96.381 96.298 96.228 96.156 96.246 96.956 95.341 94.946 95.183 96.788 95.221 94.878 94.896 94.873 94.771 94.663 94.593 94.548 94.488 94.451 94.333 94.233 94.131 94.038
94.151 94.358 94.546 94.743 94.968 95.131 95.261 95.411 95.581 96.041 96.986 95.976 95.951 96.291 97.198 97.426 95.761 94.658 95.568 97.263 97.308 97.261 97.551 97.468 97.851 98.541 98.113 97.298 97.051 97.126 97.113 97.113 97.081 97.033 97.006 96.963 96.856 96.781 96.711 96.656 96.548 96.471 96.371 96.331 96.243 96.196 96.151 96.036 95.973 95.891 95.818 97.126 94.921 94.701 94.991 96.591 95.538 94.643 94.651 94.576 94.478 94.363 94.318 94.288 94.241 94.166 94.078 93.986 93.858 93.763 93.646
93.728 93.943 94.171 94.353 94.561 94.756 94.883 95.053 95.293 96.993 96.428 95.558 95.586 95.938 97.128 96.378 94.776 94.571 94.491 94.491 94.843 97.618 97.743 97.636 97.166 97.208 97.721 98.258 97.613 96.756 96.751 96.763 96.728 96.723 96.703 96.583 96.541 96.476 96.348 96.316 96.206 96.138 96.058 95.988 95.926 95.868 95.778 95.728 95.641 95.658 96.816 94.541 94.473 94.913 96.293 94.803 94.326 94.371 94.313 94.213 94.083 94.066 93.986 93.931 93.893 93.803 93.703 93.598 93.461 93.346 93.236
93.283 93.506 93.716 93.916 94.126 94.293 94.423 94.713 95.093 96.571 95.606 95.608 95.198 95.148 95.963 95.178 94.676 95.003 94.616 94.541 94.458 98.066 96.711 97.663 97.253 97.616 96.708 97.541 97.788 97.791 96.768 96.391 96.381 96.358 96.336 96.278 96.211 96.103 96.023 95.936 95.896 95.803 95.736 95.686 95.591 95.536 95.486 95.421 95.433 96.523 94.243 94.228 94.846 95.721 95.018 94.073 94.111 94.068 93.958 93.828 93.788 93.728 93.688 93.626 93.541 93.453 93.351 93.208 93.061 92.941 92.793
92.846 93.078 93.293 93.493 93.731 93.931 94.008 94.331 94.996 96.018 95.908 95.163 95.756 94.863 94.731 94.528 94.433 94.526 94.598 94.488 98.341 98.431 97.336 96.281 97.376 97.811 97.718 97.323 97.518 97.648 98.298 97.651 96.156 96.003 95.998 95.926 95.871 95.773 95.708 95.621 95.531 95.468 95.438 95.336 95.293 95.276 95.236 95.706 95.691 93.983 94.038 94.636 95.458 94.286 94.083 93.843 93.801 93.706 93.576 93.518 93.461 93.426 93.373 93.283 93.171 93.068 92.948 92.813 92.658 92.528 92.383
92.448 92.706 92.923 93.153 93.341 93.533 93.701 93.793 94.146 94.503 95.456 96.156 95.371 94.721 94.538 94.423 94.378 94.696 94.481 96.746 98.063 98.198 98.371 98.393 97.266 98.033 97.561 97.678 97.696 97.551 97.466 97.106 97.886 97.138 95.713 95.588 95.541 95.451 95.348 95.263 95.211 95.173 95.083 95.048 95.013 95.103 97.178 95.416 93.796 93.858 94.606 95.391 93.786 93.588 93.571 93.521 93.396 93.273 93.238 93.166 93.141 93.093 93.021 92.923 92.803 92.673 92.546 92.393 92.243 92.096 91.943
92.091 92.328 92.566 92.786 92.948 93.091 93.221 93.368 93.428 93.616 93.991 95.093 95.781 95.758 95.226 94.468 94.321 94.268 94.288 97.651 97.781 97.928 98.086 98.216 98.386 98.306 97.066 96.878 96.361 97.176 95.958 94.538 95.648 96.098 96.198 96.426 95.241 95.096 95.036 94.978 94.926 94.853 94.816 94.848 94.908 96.988 95.831 93.551 93.671 94.611 95.211 93.483 93.421 93.323 93.241 93.143 93.028 92.976 92.916 92.871 92.816 92.741 92.666 92.573 92.471 92.311 92.163 91.993 91.836 91.678 91.538
91.756 91.993 92.161 92.336 92.508 92.678 92.783 92.918 93.036 93.161 93.308 93.861 94.823 95.611 95.828 95.601 94.556 94.193 94.198 94.196 96.651 97.673 97.798 97.946 98.101 98.233 98.416 98.298 96.291 98.006 94.033 94.118 94.998 94.206 94.386 96.331 96.013 95.696 94.741 94.671 94.676 94.613 94.588 94.896 96.798 94.688 93.376 93.451 94.346 95.363 93.261 93.166 93.076 92.981 92.883 92.751 92.696 92.638 92.586 92.548 92.493 92.403 92.303 92.176 92.068 91.916 91.751 91.588 91.408 91.296 91.116
91.403 91.578 91.763 91.896 92.083 92.203 92.366 92.506 92.661 92.783 92.908 93.038 94.368 95.143 95.303 95.386 95.453 95.466 94.376 94.128 94.153 94.186 97.191 97.696 97.811 97.953 98.118 98.266 98.416 95.048 94.013 93.966 93.943 96.066 93.906 93.838 94.736 95.541 95.181 94.861 94.401 94.388 95.511 95.056 93.891 93.191 93.253 94.471 95.081 94.421 92.891 92.778 92.718 92.616 92.501 92.413 92.361 92.318 92.263 92.213 92.123 92.031 91.913 91.801 91.661 91.483 91.336 91.181 91.011 90.836 90.628
91.053 91.166 91.343 91.466 91.616 91.798 91.946 92.128 92.283 92.411 92.561 92.676 92.806 93.431 94.401 94.541 94.698 94.818 95.296 95.101 94.248 94.083 94.113 94.186 97.311 97.696 97.838 97.976 98.143 94.023 93.986 93.913 93.878 93.833 93.771 93.726 93.636 93.568 93.713 95.026 94.586 94.886 94.446 93.086 92.956 93.021 94.063 94.686 92.823 92.633 92.538 92.483 92.381 92.231 92.151 92.063 92.053 92.001 91.923 91.863 91.758 91.671 91.528 91.398 91.231 91.081 90.926 90.758 90.568 90.393 90.173
90.556 90.736 90.883 91.058 91.228 91.413 91.583 91.733 91.888 92.036 92.136 92.313 92.481 92.621 92.781 92.938 93.798 94.511 94.991 94.946 95.536 94.853 94.118 94.051 94.051 94.128 97.153 97.716 94.266 93.953 93.916 93.856 93.818 93.763 93.631 93.553 93.396 93.298 93.181 93.148 93.908 93.141 92.638 92.748 92.796 94.018 94.316 92.521 92.423 92.343 92.281 92.113 91.976 91.906 91.811 91.741 91.713 91.651 91.558 91.486 91.391 91.266 91.138 90.986 90.841 90.666 90.501 90.318 90.123 89.941 89.743
90.061 90.256 90.441 90.666 90.836 91.018 91.171 91.326 91.481 91.648 91.801 91.943 92.086 92.236 92.388 92.461 92.576 92.971 93.968 94.548 95.103 95.023 95.473 94.686 93.998 93.953 93.953 94.001 93.966 93.931 93.863 93.798 93.751 93.693 93.598 93.478 93.281 93.083 92.986 92.748 92.518 92.448 92.478 92.583 93.963 94.638 92.248 92.206 92.106 92.043 91.911 91.751 91.623 91.518 91.493 91.426 91.351 91.283 91.211 91.123 90.966 90.868 90.706 90.556 90.403 90.243 90.091 89.896 89.688 89.498 89.303
89.631 89.818 90.051 90.258 90.411 90.596 90.748 90.918 91.121 91.298 91.433 91.563 91.711 91.858 91.988 92.106 92.218 92.321 92.666 93.798 93.986 94.438 94.928 94.971 95.296 94.376 93.871 93.886 93.908 93.851 93.766 93.701 93.626 93.568 93.496 93.398 93.233 93.011 92.823 92.611 92.348 92.196 92.376 93.698 92.948 92.036 91.908 91.846 91.806 91.638 91.511 91.378 91.258 91.178 91.123 91.051 90.976 90.908 90.791 90.668 90.583 90.416 90.246 90.111 89.966 89.826 89.641 89.476 89.281 89.083 88.863
89.268 89.456 89.686 89.866 90.006 90.153 90.383 90.586 90.758 90.921 91.066 91.201 91.328 91.476 91.568 91.716 91.873 91.918 92.076 92.346 93.281 93.658 93.951 94.238 94.453 95.646 95.453 95.491 93.836 93.786 94.208 94.016 93.496 93.378 93.346 93.321 93.151 92.983 93.206 92.166 91.946 92.028 93.656 92.626 91.771 91.713 91.631 91.593 91.436 91.238 91.116 90.993 90.918 90.858 90.753 90.661 90.588 90.468 90.378 90.236 90.118 89.993 89.813 89.643 89.518 89.356 89.188 89.036 88.843 88.638 88.446
88.943 89.148 89.331 89.473 89.656 89.856 90.048 90.236 90.401 90.568 90.708 90.866 90.991 91.128 91.208 91.333 91.438 91.538 91.631 91.831 92.338 92.588 93.331 93.178 93.158 93.563 94.371 94.638 94.623 93.813 93.883 93.726 92.966 92.976 93.183 93.783 93.058 93.166 91.876 91.608 91.846 91.828 91.671 91.556 91.498 91.446 91.381 91.223 91.061 90.921 90.763 90.638 90.548 90.456 90.391 90.301 90.166 90.053 89.936 89.826 89.666 89.523 89.353 89.203 89.041 88.876 88.713 88.533 88.356 88.153 87.956
