Matlab/Roost_data/braunton/dsm/ss4938_DSM_2M.asc
ncols 500
nrows 500
xllcorner    249000
yllcorner    138000
cellsize     2
NODATA_value -9999
[rows 124 to 154 of 500, columns 280 to 349 of 500]
67.948 67.776 67.616 67.441 67.253 67.048 66.863 66.668 66.476 66.263 66.038 65.836 65.621 65.443 65.246 64.996 64.771 64.516 64.268 64.008 63.753 63.448 63.153 62.823 62.503 62.213 61.928 61.608 61.328 61.066 60.766 60.488 60.248 59.976 59.736 59.506 59.256 59.031 58.818 58.616 58.436 58.226 58.058 57.908 57.718 57.566 57.436 57.293 57.151 57.021 56.903 56.795 56.687 56.579 56.481 56.381 56.278 56.18 56.111 56.009 55.938 55.874 55.802 55.732 55.645 55.585 55.541 55.486 55.441 55.416
67.833 67.643 67.501 67.288 67.106 66.906 66.696 66.476 66.266 66.041 65.816 65.576 65.366 65.171 64.931 64.713 64.478 64.226 63.956 63.688 63.433 63.143 62.838 62.508 62.173 61.848 61.536 61.246 60.948 60.671 60.373 60.086 59.821 59.563 59.301 59.068 58.826 58.596 58.391 58.186 57.988 57.781 57.606 57.428 57.273 57.113 56.981 56.818 56.698 56.581 56.478 56.348 56.25 56.128 56.03 55.93 55.839 55.746 55.656 55.577 55.501 55.415 55.373 55.274 55.222 55.19 55.121 55.106 55.068 55.036
67.718 67.508 67.298 67.111 66.921 66.731 66.493 66.243 66.031 65.806 65.576 65.333 65.098 64.843 64.626 64.381 64.133 63.876 63.608 63.328 63.048 62.781 62.458 62.148 61.818 61.486 61.158 60.851 60.548 60.258 59.958 59.666 59.408 59.121 58.863 58.633 58.386 58.146 57.948 57.736 57.518 57.341 57.163 56.991 56.843 56.693 56.531 56.398 56.253 56.131 56.013 55.906 55.796 55.694 55.577 55.498 55.401 55.297 55.214 55.125 55.072 54.984 54.921 54.872 54.836 54.773 54.736 54.708 54.703 54.666
67.596 67.353 67.156 66.938 66.708 66.498 66.271 66.031 65.788 65.541 65.298 65.046 64.783 64.541 64.278 64.003 63.758 63.483 63.228 62.928 62.646 62.348 62.071 61.746 61.448 61.101 60.758 60.443 60.126 59.833 59.521 59.218 58.953 58.693 58.433 58.196 57.953 57.713 57.483 57.286 57.073 56.896 56.696 56.553 56.393 56.243 56.096 55.948 55.823 55.698 55.588 55.481 55.366 55.245 55.168 55.05 54.964 54.853 54.78 54.709 54.635 54.579 54.526 54.477 54.456 54.431 54.388 54.368 54.323 54.251
67.458 67.183 66.961 66.726 66.493 66.273 66.011 65.773 65.533 65.268 64.993 64.738 64.458 64.188 63.861 63.576 63.323 63.068 62.793 62.518 62.223 61.916 61.636 61.338 61.043 60.718 60.363 60.033 59.711 59.396 59.103 58.806 58.523 58.253 58.008 57.763 57.486 57.248 57.023 56.818 56.631 56.441 56.263 56.088 55.953 55.806 55.668 55.523 55.411 55.276 55.158 55.048 54.941 54.845 54.716 54.611 54.523 54.448 54.361 54.286 54.235 54.19 54.152 54.129 54.117 54.089 54.045 53.968 53.901 53.803
67.283 67.013 66.738 66.506 66.241 66.001 65.763 65.516 65.226 64.926 64.631 64.361 64.048 63.736 63.433 63.116 62.841 62.591 62.306 62.038 61.751 61.458 61.141 60.856 60.561 60.238 59.916 59.596 59.268 58.948 58.643 58.368 58.086 57.788 57.541 57.278 57.023 56.801 56.563 56.363 56.178 55.981 55.818 55.663 55.508 55.378 55.248 55.108 54.968 54.846 54.746 54.598 54.515 54.432 54.308 54.188 54.118 54.047 53.987 53.95 53.886 53.853 53.853 53.822 53.786 53.709 53.648 53.616 53.501 53.281
67.116 66.811 66.526 66.228 65.951 65.668 65.411 65.138 64.853 64.556 64.256 63.941 63.601 63.263 62.926 62.611 62.338 62.066 61.803 61.543 61.253 60.966 60.638 60.323 60.053 59.773 59.468 59.118 58.808 58.488 58.186 57.901 57.626 57.358 57.093 56.841 56.596 56.366 56.131 55.941 55.751 55.563 55.401 55.258 55.108 54.973 54.846 54.703 54.578 54.443 54.358 54.208 54.108 54.031 53.915 53.832 53.746 53.691 53.657 53.638 53.594 53.546 53.496 53.445 53.418 53.393 53.348 53.266 53.038 52.823
66.923 66.563 66.251 65.928 65.601 65.296 65.006 64.706 64.421 64.103 63.766 63.443 63.083 62.718 62.418 62.098 61.798 61.528 61.273 61.026 60.733 60.438 60.138 59.816 59.518 59.218 58.941 58.611 58.326 58.023 57.723 57.446 57.168 56.908 56.648 56.403 56.163 55.938 55.713 55.518 55.336 55.158 54.986 54.848 54.686 54.578 54.431 54.298 54.201 54.068 53.933 53.841 53.722 53.632 53.545 53.477 53.413 53.388 53.351 53.294 53.243 53.194 53.153 53.149 53.15 53.142 53.097 52.981 52.758 52.806
66.733 66.333 65.953 65.601 65.251 64.901 64.546 64.223 63.916 63.621 63.281 62.931 62.543 62.191 61.848 61.536 61.243 60.981 60.713 60.471 60.201 59.901 59.583 59.248 58.926 58.656 58.383 58.113 57.833 57.513 57.233 56.976 56.706 56.438 56.198 55.963 55.731 55.508 55.313 55.101 54.923 54.748 54.583 54.431 54.303 54.146 54.043 53.906 53.808 53.673 53.556 53.478 53.371 53.309 53.233 53.18 53.109 53.049 53.001 52.963 52.927 52.914 52.913 52.912 52.915 52.908 52.928 52.848 52.668 52.791
66.511 66.083 65.616 65.233 64.846 64.488 64.088 63.733 63.408 63.081 62.703 62.393 61.996 61.633 61.331 60.986 60.691 60.406 60.158 59.898 59.633 59.323 58.986 58.666 58.346 58.066 57.821 57.551 57.303 57.023 56.731 56.498 56.251 56.001 55.758 55.533 55.308 55.096 54.913 54.701 54.523 54.343 54.193 54.023 53.903 53.771 53.648 53.536 53.436 53.306 53.226 53.163 53.081 52.997 52.916 52.865 52.786 52.723 52.696 52.684 52.689 52.655 52.671 52.677 52.68 52.714 52.836 52.883 52.653 53.028
66.158 65.873 65.418 64.858 64.453 64.061 63.626 63.246 62.881 62.513 62.171 61.818 61.456 61.063 60.753 60.428 60.143 59.858 59.611 59.293 59.033 58.738 58.423 58.081 57.766 57.496 57.233 56.988 56.763 56.513 56.261 56.013 55.788 55.563 55.318 55.123 54.898 54.706 54.523 54.323 54.118 53.961 53.806 53.666 53.533 53.413 53.313 53.208 53.106 53.021 52.931 52.858 52.768 52.684 52.603 52.536 52.5 52.477 52.463 52.469 52.466 52.482 52.486 52.472 52.446 52.537 52.546 52.772 53.663 53.563
66.301 65.566 65.066 64.683 64.108 63.686 63.238 62.826 62.381 61.976 61.603 61.263 60.886 60.536 60.191 59.876 59.538 59.253 59.001 58.681 58.401 58.108 57.818 57.503 57.223 56.941 56.696 56.458 56.223 56.011 55.793 55.541 55.321 55.123 54.898 54.691 54.498 54.306 54.113 53.928 53.753 53.586 53.451 53.296 53.206 53.101 53.013 52.906 52.806 52.703 52.608 52.523 52.428 52.38 52.325 52.289 52.258 52.27 52.276 52.279 52.395 52.395 52.395 52.393 52.48 52.368 52.996 53.566 53.833 53.501
66.996 64.823 65.706 64.728 63.961 63.321 62.838 62.398 61.941 61.506 61.103 60.716 60.338 59.963 59.616 59.306 58.951 58.658 58.353 58.081 57.786 57.481 57.206 56.928 56.628 56.373 56.136 55.913 55.713 55.493 55.278 55.066 54.858 54.656 54.451 54.248 54.073 53.901 53.716 53.546 53.381 53.221 53.133 52.973 52.863 52.753 52.638 52.548 52.451 52.368 52.293 52.231 52.168 52.121 52.076 52.056 52.066 52.058 52.117 52.179 52.404 52.361 52.304 52.348 52.491 53.122 53.911 53.816 53.328 53.286
65.213 64.066 63.861 67.703 65.028 63.201 62.633 62.036 61.563 61.078 60.633 60.198 59.818 59.461 59.068 58.748 58.388 58.033 57.736 57.446 57.151 56.906 56.618 56.361 56.068 55.821 55.583 55.391 55.161 54.968 54.791 54.606 54.376 54.176 53.981 53.793 53.633 53.498 53.318 53.173 53.053 52.923 52.776 52.663 52.526 52.428 52.321 52.228 52.148 52.088 52.053 51.983 51.951 51.924 51.915 51.948 51.959 52.021 52.091 52.144 52.21 52.27 52.253 52.277 53.171 53.91 53.611 53.2 53.283 53.813
63.513 64.771 63.438 65.151 64.763 62.641 62.321 61.861 61.201 60.723 60.271 59.801 59.356 58.951 58.573 58.173 57.801 57.451 57.143 56.828 56.551 56.288 56.011 55.776 55.518 55.258 55.058 54.836 54.643 54.473 54.291 54.126 53.918 53.713 53.528 53.358 53.211 53.078 52.961 52.813 52.751 52.603 52.461 52.343 52.221 52.113 52.036 51.966 51.888 51.863 51.828 51.798 51.766 51.766 51.853 51.933 51.988 52.033 52.073 52.116 52.161 52.219 52.178 53.463 53.753 53.568 53.233 53.183 54.003 54.656
62.903 62.671 63.811 63.246 62.543 62.556 64.406 64.546 61.076 60.421 59.861 59.388 58.958 58.541 58.108 57.686 57.303 56.933 56.583 56.258 55.971 55.681 55.441 55.211 54.966 54.731 54.528 54.328 54.153 53.973 53.781 53.596 53.428 53.248 53.081 52.931 52.838 52.741 52.651 52.511 52.416 52.286 52.171 52.066 51.971 51.893 51.796 51.738 51.683 51.671 51.663 51.671 51.728 51.778 51.898 51.795 51.823 51.929 52.016 52.027 52.061 52.419 53.513 53.68 53.479 53.134 53.353 54.253 55.181 54.348
62.396 61.971 61.511 61.716 62.228 61.403 64.338 60.443 60.401 60.173 59.696 59.091 58.518 58.106 57.666 57.238 56.856 56.453 56.103 55.753 55.431 55.158 54.936 54.671 54.428 54.201 54.013 53.831 53.643 53.473 53.293 53.128 52.973 52.841 52.661 52.571 52.488 52.421 52.308 52.201 52.101 52.008 51.921 51.836 51.723 51.656 51.608 51.553 51.546 51.596 51.653 51.708 51.736 51.763 51.735 51.736 51.825 51.796 51.873 51.983 53.039 53.395 53.867 53.313 53.127 53.282 54.263 54.824 55.966 54.533
61.798 61.366 60.921 60.521 61.151 61.468 60.251 60.413 63.558 59.271 60.106 58.748 58.343 57.816 57.283 56.818 56.443 56.018 55.631 55.291 54.973 54.671 54.406 54.151 53.916 53.703 53.521 53.346 53.173 52.983 52.831 52.696 52.593 52.463 52.328 52.223 52.178 52.068 51.973 51.891 51.833 51.783 51.681 51.598 51.518 51.453 51.456 51.493 51.536 51.571 51.638 51.698 51.546 51.621 51.726 51.893 51.932 52.092 52.329 53.145 53.673 53.674 53.132 53.105 53.653 54.341 54.391 54.402 55.335 55.286
61.238 60.803 60.368 59.996 59.548 59.108 59.828 59.641 60.211 59.693 59.943 58.106 58.168 57.491 57.091 56.586 56.046 55.588 55.196 54.856 54.531 54.213 53.941 53.673 53.433 53.243 53.073 52.891 52.748 52.593 52.466 52.328 52.201 52.088 52.016 51.958 51.863 51.781 51.718 51.668 51.606 51.518 51.456 51.396 51.383 51.393 51.416 51.441 51.491 51.553 51.611 51.446 51.628 51.711 51.89 52.018 52.202 52.432 53.093 53.596 53.627 53.066 53.105 53.741 54.228 53.987 54.073 54.117 54.236 55.308
60.686 60.238 59.833 59.411 58.961 58.521 58.041 59.116 58.951 58.376 58.283 60.201 56.886 56.676 56.383 56.221 55.846 55.378 54.866 54.416 54.076 53.801 53.533 53.273 53.026 52.833 52.688 52.523 52.371 52.163 52.083 51.981 51.883 51.836 51.743 51.678 51.608 51.546 51.483 51.416 51.351 51.341 51.336 51.308 51.243 51.321 51.321 51.486 51.458 51.456 51.571 51.446 51.566 51.873 52.024 52.24 52.432 53.113 53.802 53.577 53.02 53.151 54.189 54.124 54.053 54.106 54.128 54.26 54.271 54.783
60.151 59.701 59.251 58.826 58.373 57.956 57.513 57.043 57.673 57.771 57.651 57.221 56.841 55.173 55.471 55.363 55.193 54.866 54.583 54.188 53.791 53.393 53.111 52.863 52.643 52.428 52.263 52.108 52.013 51.838 51.778 51.696 51.673 51.566 51.518 51.456 51.408 51.353 51.276 51.233 51.211 51.233 51.133 51.048 51.178 51.138 51.328 51.408 51.263 51.431 51.553 51.661 51.881 52.073 52.229 52.432 53.694 53.619 53.3 53.017 53.179 54.19 54.176 54.099 54.235 54.311 54.345 54.416 54.615 55.068
59.586 59.106 58.671 58.206 57.758 57.336 56.893 56.506 56.148 55.696 56.661 56.636 55.658 54.376 54.063 55.493 59.571 54.421 53.788 53.543 53.308 53.138 52.883 52.586 52.293 52.088 51.931 51.796 51.693 51.601 51.531 51.463 51.413 51.356 51.333 51.248 51.221 51.118 51.038 50.971 51.011 51.086 51.011 51.168 51.313 51.471 51.473 51.483 51.721 51.753 51.846 51.956 52.111 52.281 52.465 53.62 53.419 53.074 53.052 53.332 54.35 54.189 54.232 54.306 54.428 54.519 54.583 54.659 54.818 54.956
59.043 58.588 58.066 57.608 57.116 56.666 56.266 55.873 55.493 55.108 54.796 55.811 55.773 55.688 55.251 54.171 53.713 53.118 53.193 52.901 52.601 52.628 52.381 52.158 52.058 51.811 51.511 51.413 51.401 51.326 51.266 51.188 51.131 51.183 51.176 51.133 50.993 50.941 50.781 50.928 51.103 51.018 51.133 51.098 51.333 51.453 51.583 51.668 51.811 51.928 52.063 52.223 52.326 52.516 52.808 53.487 52.919 53.024 53.641 54.269 54.263 54.382 54.38 54.499 54.619 54.754 54.788 54.942 55.167 55.373
58.496 57.993 57.463 56.996 56.528 56.083 55.648 55.243 54.846 54.486 54.198 53.996 55.043 54.926 53.671 53.748 52.456 52.221 52.871 52.213 52.641 55.481 52.798 52.378 51.513 51.216 50.996 50.943 50.928 51.006 51.098 51.061 50.973 51.006 50.996 50.873 50.891 50.681 50.868 50.973 51.046 51.163 51.233 51.383 51.488 51.606 51.716 51.853 51.968 52.126 52.251 52.388 52.596 53.283 53.436 52.89 53.027 54.721 54.411 54.669 54.49 54.461 54.573 54.699 54.825 54.94 55.044 55.284 55.566 55.776
57.983 57.461 56.906 56.411 55.923 55.441 55.023 54.641 54.251 53.926 53.643 53.301 53.038 53.993 53.926 53.736 53.041 53.148 51.673 51.591 51.303 51.856 52.101 51.668 50.923 50.806 50.668 50.703 50.741 50.836 50.893 50.861 50.748 50.718 50.666 50.586 50.621 50.826 50.861 50.988 51.106 51.271 51.363 51.541 51.666 51.738 51.893 51.991 52.121 52.273 52.396 52.673 53.216 53.363 52.883 53.023 57.729 56.739 55.219 54.615 54.785 54.746 54.784 54.898 55.041 55.304 55.364 55.583 55.956 56.301
57.431 56.856 56.271 55.828 55.361 54.888 54.453 54.026 53.676 53.318 53.018 52.748 52.461 52.218 51.953 51.926 52.516 51.591 51.703 51.626 51.133 51.123 51.636 50.683 50.591 50.506 50.481 50.516 50.603 50.671 50.633 50.421 50.481 50.413 50.556 50.776 50.833 50.828 50.868 51.063 51.293 51.468 51.543 51.648 51.743 51.896 51.996 52.133 52.228 52.426 52.956 53.143 53.218 52.893 52.996 55.179 56.293 54.727 54.812 55.27 55.166 55.176 55.049 55.135 55.33 55.656 55.587 55.921 56.401 56.748
56.881 56.296 55.713 55.188 54.711 54.251 53.843 53.443 53.118 52.773 52.496 52.241 51.983 51.728 51.498 51.286 51.321 51.996 51.883 51.463 50.963 51.053 51.061 51.266 50.778 50.476 50.308 50.471 50.433 50.233 50.151 50.266 50.448 50.706 50.551 50.881 50.733 50.756 51.148 51.331 51.443 51.561 51.623 51.728 51.828 51.976 52.093 52.226 52.358 53.348 53.256 53.001 52.891 53.381 55.148 54.816 54.678 54.785 55.141 55.433 57.187 55.355 55.522 56.032 55.609 56.114 56.321 56.362 56.771 57.066
56.211 55.621 55.068 54.593 54.108 53.673 53.241 52.908 52.538 52.248 51.988 51.753 51.508 51.288 51.113 50.871 50.638 50.496 51.223 50.826 51.103 50.571 50.453 50.991 49.986 50.073 50.676 51.083 51.393 50.528 50.576 50.521 50.678 50.966 50.933 50.898 50.973 51.151 51.313 51.441 51.541 51.636 51.718 51.798 51.918 52.053 52.181 52.373 53.731 53.743 52.953 52.883 54.003 54.451 54.541 54.63 54.787 55.53 58.311 58.369 57.556 55.51 56.159 57.519 56.672 57.441 56.606 56.901 57.266 57.349
55.536 54.968 54.468 53.968 53.486 53.063 52.653 52.323 52.021 51.751 51.521 51.283 51.058 50.886 50.676 50.501 50.263 49.736 49.533 49.636 49.801 49.626 49.638 49.748 49.703 50.521 49.746 49.886 49.978 50.266 50.481 50.556 50.676 51.076 51.173 51.041 51.093 51.303 51.421 51.518 51.601 51.708 51.798 51.888 52.033 52.173 52.331 52.961 53.501 52.808 52.901 54.328 54.408 54.673 54.931 54.985 58.322 58.888 59.471 59.754 56.25 55.731 55.837 55.963 57.148 57.881 56.73 56.769 57.257 57.275
54.888 54.331 53.816 53.351 52.921 52.488 52.103 51.763 51.553 51.236 51.076 50.948 51.148 51.041 50.843 51.266 49.711 49.376 49.366 49.391 49.451 49.531 49.478 49.553 49.633 49.711 50.043 50.123 50.248 50.358 50.531 50.618 50.686 50.723 53.463 51.243 51.266 51.401 51.533 51.613 51.706 51.773 51.876 52.003 52.128 52.396 53.156 53.526 52.753 52.868 54.521 54.561 54.626 54.896 57.823 61.099 61.611 59.819 59.365 58.811 57.598 56.215 56.32 55.799 56.067 56.299 56.547 56.8 57.067 57.296
54.238 53.726 53.196 52.728 52.303 51.931 51.536 51.791 52.293 52.036 52.006 51.731 51.661 51.443 50.663 50.021 50.051 49.318 49.443 49.538 49.566 49.748 49.853 49.911 49.951 50.023 50.161 50.228 50.336 50.411 50.503 50.618 50.686 50.836 51.648 51.286 51.358 51.556 51.638 51.723 51.771 51.873 52.008 52.118 52.658 52.761 53.498 52.738 52.858 55.106 54.593 55.801 59.048 62.296 61.858 62.066 61.746 59.169 58.214 55.747 55.425 55.406 55.527 55.776 56.016 56.306 56.622 56.908 57.176 57.337
