Matlab/Roost_data/braunton/dsm/ss4940_DSM_2M.asc
ncols 500
nrows 500
xllcorner    249000
yllcorner    140000
cellsize     2
NODATA_value -9999
[rows 31 to 61 of 500, columns 420 to 489 of 500]
127.652 128.249 129.934 127.332 132.417 133.002 133.742 133.479 128.179 126.974 119.707 123.347 125.434 120.017 127.569 130.047 128.627 121.332 116.867 116.522 120.249 118.397 122.329 121.584 121.409 115.289 117.334 111.239 112.027 116.564 104.979 99.819 98.264 98.012 97.022 95.639 94.427 93.079 92.062 92.202 93.387 88.884 86.642 85.209 84.532 82.719 81.654 80.477 79.929 77.357 76.309 77.802 85.447 90.044 89.329 87.812 82.874 79.437 76.244 78.919 76.817 75.414 75.292 74.694 74.722 74.672 74.672 74.614 74.637 74.654
126.499 126.364 127.132 131.254 127.654 126.077 133.887 133.217 124.684 120.149 120.239 122.019 120.949 127.409 131.867 123.992 127.594 126.219 121.339 118.069 113.352 119.952 118.312 121.142 114.467 110.979 117.462 116.877 118.097 113.357 111.069 102.659 98.382 98.202 97.024 96.052 94.719 93.089 92.634 91.587 91.179 88.292 87.024 86.904 84.364 83.912 81.912 80.547 78.749 78.984 76.299 76.324 80.517 86.244 88.424 85.322 85.997 83.039 77.399 82.242 79.249 75.199 75.034 74.674 74.754 74.717 74.672 74.657 74.662 74.647
126.967 127.139 133.532 132.217 131.974 130.997 131.137 134.812 123.474 121.542 127.782 130.732 125.422 125.594 128.509 126.674 127.027 119.824 126.224 123.339 112.674 118.754 119.059 116.104 120.197 117.079 118.264 115.612 112.022 114.632 113.424 103.487 98.357 98.399 97.034 95.557 94.532 93.384 92.669 94.797 93.719 89.374 87.274 86.024 84.709 83.754 82.324 80.584 78.422 77.254 76.272 76.309 76.372 80.279 81.034 79.904 83.742 83.557 76.017 82.552 78.429 75.279 75.034 74.674 74.592 74.622 74.612 74.609 74.657 74.662
127.844 127.422 129.542 129.517 135.449 123.364 126.427 125.257 120.369 127.549 126.774 128.242 123.557 125.539 126.134 125.899 118.304 119.287 119.619 122.202 118.092 119.102 117.687 116.382 115.662 119.894 113.057 119.124 113.169 115.319 111.804 99.314 98.359 98.489 97.194 95.782 94.507 93.642 93.239 92.117 90.692 88.727 87.564 86.317 85.107 83.754 82.687 81.424 80.214 78.642 76.247 76.302 76.319 76.362 77.779 78.544 81.309 83.522 78.767 79.549 81.487 75.167 75.112 74.602 74.659 74.564 74.707 74.664 74.652 74.679
127.662 128.952 127.734 127.347 131.357 124.194 125.364 125.774 129.354 125.777 132.024 130.414 119.267 126.804 123.577 119.292 114.142 122.037 117.534 122.319 116.887 116.622 119.374 119.439 111.579 111.129 119.504 119.639 118.439 115.632 111.894 99.652 98.384 98.482 97.289 96.159 94.559 96.519 96.222 93.914 90.977 88.949 87.582 86.467 85.212 83.967 82.719 81.414 79.742 78.319 76.352 76.224 76.279 76.259 76.212 76.797 79.052 84.057 80.539 79.887 75.834 75.254 75.342 74.767 74.674 74.634 74.669 74.607 74.659 74.664
127.212 126.544 126.959 131.199 133.884 126.289 125.964 132.739 122.107 131.377 132.974 129.272 121.359 123.917 124.379 116.569 117.842 123.917 120.729 126.239 117.214 125.932 118.669 116.622 111.839 115.844 117.262 117.809 117.849 114.244 107.809 101.687 98.492 98.574 97.829 96.819 94.709 94.904 93.137 91.277 90.762 94.057 87.769 86.667 85.554 84.359 83.087 81.632 81.222 79.302 76.314 76.184 76.234 76.584 76.387 76.167 78.324 83.889 83.757 77.207 77.507 77.157 75.237 74.809 74.647 74.662 74.609 74.672 74.664 74.672
127.204 126.372 125.439 127.877 135.282 124.462 124.924 125.584 121.162 130.949 128.942 131.957 126.057 128.987 127.384 118.744 117.702 126.564 122.422 121.767 118.539 119.177 111.022 118.747 120.277 120.144 115.542 112.464 116.707 111.097 106.894 99.369 98.582 98.802 98.307 96.252 94.784 98.419 93.569 91.559 90.779 90.207 91.002 86.952 85.637 84.544 83.254 82.184 81.304 79.624 77.237 76.119 76.162 76.797 78.172 78.479 80.814 83.397 82.052 76.509 75.927 75.369 75.142 74.794 74.647 74.642 74.652 74.674 74.667 74.759
127.022 126.247 125.504 131.954 131.452 132.402 122.189 122.257 129.357 133.752 127.942 129.047 125.332 127.349 123.272 115.639 126.599 125.902 118.849 117.642 123.639 116.584 116.972 115.809 120.989 121.247 118.274 117.074 113.749 109.529 103.289 101.579 98.609 98.719 98.129 96.309 94.719 93.509 92.329 91.554 93.989 95.809 88.782 87.067 85.904 84.672 83.704 83.119 81.509 79.629 78.072 76.084 76.112 76.139 76.159 76.614 81.579 83.609 79.037 75.364 76.864 75.382 75.094 74.754 -9999 -9999 74.652 74.687 74.682 74.889
126.937 125.949 129.577 137.417 133.904 132.937 126.077 125.834 127.489 133.432 132.919 128.364 122.462 125.917 117.702 119.614 123.899 124.124 119.419 126.372 126.534 121.774 120.647 120.794 116.597 112.434 116.049 113.487 107.184 105.794 105.342 101.682 98.797 98.817 98.297 96.192 94.479 94.339 93.497 91.722 93.337 93.787 88.289 87.339 85.979 84.829 83.757 82.707 81.482 81.539 79.097 76.264 76.099 76.102 76.264 80.522 82.607 81.524 75.974 75.767 75.222 75.412 75.012 74.822 -9999 -9999 74.669 74.644 74.724 75.089
127.022 126.032 131.107 129.504 133.619 132.139 122.177 123.057 129.134 134.359 132.559 125.207 124.784 119.179 119.372 122.954 126.799 119.979 126.332 123.897 121.149 120.749 120.324 115.339 107.502 107.297 104.754 107.827 105.889 107.772 105.714 101.969 99.029 98.967 98.337 96.287 94.829 93.799 92.522 91.587 90.684 89.649 88.422 87.547 86.629 85.089 84.084 83.127 81.814 81.072 78.827 76.527 76.017 76.134 77.427 85.079 87.647 84.094 75.562 75.524 74.417 75.437 75.044 74.772 74.759 74.749 74.659 74.662 74.837 75.264
127.119 126.117 126.707 124.972 134.812 129.997 130.327 127.729 129.947 133.342 132.789 130.334 130.809 125.159 119.814 119.039 122.284 124.292 126.249 119.947 115.712 118.522 112.684 108.487 106.974 106.032 106.537 104.199 103.114 114.072 101.929 101.737 99.519 98.799 97.842 96.259 95.117 94.017 92.914 91.559 90.829 89.617 88.749 87.309 86.222 86.007 84.209 83.694 82.449 80.917 79.549 76.857 75.964 75.919 77.472 85.644 87.939 83.397 75.024 76.247 75.129 75.854 75.204 74.764 74.692 74.679 74.577 74.702 74.917 75.419
126.877 126.234 125.457 124.647 128.662 130.372 133.847 132.712 130.019 127.337 130.164 128.964 120.587 118.794 116.012 121.214 127.254 123.459 126.089 121.409 110.782 118.407 109.874 112.502 110.602 108.149 109.159 110.977 108.274 112.112 101.824 100.947 98.874 98.857 98.447 96.547 95.162 94.132 93.322 91.849 91.859 90.549 89.472 87.422 86.457 85.234 84.254 83.074 82.212 81.164 79.862 77.482 75.874 75.834 77.732 83.904 86.779 80.019 75.334 76.367 76.289 74.772 75.384 75.057 74.677 74.649 74.659 74.709 75.297 75.684
127.022 126.437 125.739 125.029 123.729 128.157 126.567 126.602 126.104 125.062 123.547 122.864 117.657 119.779 119.799 124.392 122.677 118.379 124.577 112.514 111.257 113.994 116.587 119.707 115.417 108.497 111.914 114.709 111.212 114.372 107.627 109.814 99.079 98.889 98.377 96.584 95.452 94.259 93.082 93.229 94.164 92.492 88.627 87.722 86.737 85.452 84.507 83.299 82.552 81.322 81.492 79.164 76.012 75.817 76.977 83.774 85.544 84.687 76.497 74.864 75.214 74.467 75.467 75.349 75.129 75.004 75.167 75.349 75.637 75.862
127.047 126.412 125.497 125.812 129.419 126.717 126.277 121.459 123.112 120.099 121.654 121.227 117.817 118.264 117.069 126.744 117.722 116.442 115.954 111.839 110.999 117.212 113.369 121.392 113.049 109.069 105.854 112.924 115.759 111.372 111.359 105.849 99.174 99.074 98.304 96.994 95.619 94.362 93.369 94.114 91.677 91.772 88.982 87.807 86.564 85.992 84.934 83.619 82.444 81.642 80.452 79.529 76.152 75.752 76.234 83.802 85.734 80.714 75.474 77.319 79.829 76.434 74.932 75.354 75.264 75.372 75.477 75.539 75.774 76.029
127.152 126.282 125.577 126.859 125.407 125.614 123.417 121.547 120.887 120.299 120.117 125.512 118.074 117.029 116.004 119.392 124.304 113.724 114.512 111.989 116.479 120.182 116.672 119.252 116.304 108.827 105.937 105.054 110.039 109.834 111.659 103.387 99.962 99.197 98.179 97.189 95.904 94.727 93.782 92.677 98.162 90.074 89.224 88.032 86.984 86.139 84.897 83.787 82.594 81.627 80.882 77.872 76.262 75.744 76.067 80.609 84.039 81.642 75.282 78.882 77.432 74.694 75.027 75.504 75.812 75.484 75.547 75.719 75.979 76.249
127.009 126.439 125.544 124.792 123.987 123.134 125.547 127.542 121.439 121.872 125.257 121.682 117.982 119.027 116.207 116.547 118.222 114.817 112.997 112.184 113.669 115.732 122.584 119.892 117.674 113.977 106.709 108.079 109.082 109.942 117.569 116.334 99.747 99.414 98.369 97.862 96.024 94.822 96.034 94.392 92.434 90.162 89.327 88.244 86.979 86.054 85.154 83.917 82.802 81.594 79.917 78.307 76.287 75.774 75.679 76.104 76.854 79.807 78.864 78.839 77.304 75.422 74.872 75.429 76.104 75.647 75.749 75.962 76.277 76.542
127.097 126.207 125.432 124.732 124.109 123.327 126.769 129.774 125.089 121.779 119.674 118.717 118.362 118.289 116.467 115.629 114.979 117.102 113.334 112.532 112.089 112.009 124.229 121.179 120.129 114.979 108.592 111.929 107.054 106.579 112.009 111.059 99.492 99.604 98.807 98.039 96.087 95.102 97.384 94.019 91.629 90.492 89.379 88.244 87.189 86.309 85.189 84.132 83.097 81.674 80.369 78.167 76.542 75.667 75.609 76.259 77.479 79.907 82.779 79.239 76.409 73.807 73.802 74.872 75.794 76.189 76.004 76.272 76.557 76.822
127.102 126.339 125.504 124.992 124.072 123.539 122.757 122.064 121.199 120.517 120.742 119.022 118.087 118.007 117.792 115.772 117.287 120.859 113.339 113.334 112.297 113.949 121.497 117.902 118.927 111.667 106.242 107.832 105.062 109.702 106.252 103.887 99.829 99.842 99.179 97.317 96.732 95.474 94.484 93.002 91.599 90.452 89.642 88.639 87.549 86.607 85.369 84.177 82.944 81.734 80.757 78.332 76.932 75.569 75.664 75.484 75.487 75.982 77.202 76.924 74.589 75.859 77.267 73.887 75.419 76.282 76.344 76.499 76.809 77.117
127.259 126.422 125.772 124.922 124.184 123.549 123.032 122.049 121.202 120.582 125.752 122.817 119.199 117.479 116.634 116.087 118.192 117.562 114.039 113.409 112.382 115.542 115.527 115.684 113.327 112.362 108.054 107.554 108.649 115.962 103.222 101.119 99.924 100.207 99.147 97.682 96.339 95.302 94.287 92.939 91.857 91.704 90.414 89.274 87.572 86.449 85.737 84.247 83.257 81.962 80.682 78.584 76.487 75.492 75.422 75.362 75.384 75.362 75.472 77.029 76.057 74.767 76.734 75.849 76.132 75.599 77.484 76.724 77.077 77.432
127.429 126.517 125.784 125.172 124.522 123.654 123.147 121.979 121.297 120.687 119.834 119.572 118.422 117.309 119.762 119.869 117.652 115.977 113.642 113.169 112.184 111.417 111.682 109.662 108.789 110.997 107.494 113.314 112.712 114.482 103.169 101.419 100.174 100.239 99.747 98.197 96.644 95.604 94.569 93.314 92.229 91.287 89.904 89.074 88.372 88.024 86.139 84.434 83.122 81.944 80.832 79.054 76.999 75.534 75.322 75.302 77.329 76.997 76.504 76.132 76.052 75.007 76.652 76.502 76.332 74.812 76.172 76.969 77.327 77.707
127.497 126.819 126.127 125.397 124.694 123.882 123.114 122.289 121.447 120.727 125.499 122.274 119.849 117.647 123.602 120.857 117.179 121.869 116.364 116.039 114.042 117.167 112.897 109.982 109.682 110.432 108.992 111.527 114.734 107.952 103.949 101.724 100.467 100.569 100.022 98.527 96.892 95.902 96.732 93.272 92.162 91.737 90.237 89.319 88.174 87.039 85.792 84.519 83.279 82.167 80.879 79.492 77.192 75.784 75.262 75.234 76.259 77.102 76.507 76.082 75.562 74.694 77.559 79.882 76.302 74.159 75.394 76.809 77.452 77.864
127.577 127.014 126.289 125.524 124.624 123.842 123.052 122.284 127.114 129.292 126.772 120.647 119.039 121.729 116.919 116.204 122.249 121.434 118.772 120.309 122.907 117.387 116.772 110.057 111.224 113.619 110.737 113.544 115.232 115.912 108.109 105.914 100.684 100.999 101.259 98.452 97.099 96.877 97.429 93.579 92.422 91.822 90.662 89.537 88.302 89.154 86.514 84.692 83.384 82.519 81.599 80.057 77.902 75.949 75.297 75.259 76.397 76.934 76.782 76.024 77.154 77.947 76.879 78.004 80.264 73.944 74.859 76.377 77.464 77.972
127.589 127.072 126.352 125.532 124.677 124.094 123.362 122.624 123.914 127.414 120.899 122.992 119.629 121.212 120.174 116.109 116.214 115.022 119.644 122.119 124.479 120.892 113.312 110.269 109.562 111.284 114.809 107.617 106.867 110.407 108.862 102.279 100.949 101.097 100.307 98.427 97.252 97.167 95.694 95.002 93.672 92.189 92.424 90.387 89.479 87.472 86.094 85.104 83.829 82.527 81.462 80.267 78.299 75.974 75.302 75.249 75.192 75.229 75.397 76.007 76.559 75.674 74.199 76.389 76.324 73.674 74.477 75.737 77.354 78.027
127.782 127.079 126.264 125.634 124.732 124.139 123.514 122.654 126.022 129.034 120.304 119.417 118.527 122.137 117.262 118.209 115.459 114.762 118.557 120.294 121.059 114.844 111.094 111.697 110.089 110.349 110.262 106.809 105.762 105.914 110.752 107.402 101.142 101.287 100.437 98.409 97.209 96.422 96.609 96.259 96.784 93.019 91.199 92.187 89.119 87.479 86.109 85.207 84.102 82.747 81.622 80.654 78.632 76.244 75.272 75.214 75.217 75.717 75.302 76.119 75.947 77.399 74.057 73.494 76.599 73.597 74.264 75.324 76.434 77.514
127.977 127.204 126.369 125.759 125.132 124.389 123.752 122.884 129.647 126.844 121.677 125.169 118.807 118.437 119.564 118.334 117.062 114.997 118.957 113.774 113.927 112.149 113.254 119.152 109.824 108.879 109.807 106.974 106.022 107.639 111.937 107.672 101.317 101.474 100.672 98.892 98.844 96.602 99.862 95.122 94.259 92.227 91.442 90.342 88.964 87.747 87.249 85.384 84.257 83.092 81.914 80.562 79.344 77.132 75.354 75.194 75.414 77.099 77.272 76.302 75.389 78.484 74.947 73.687 76.047 73.744 73.784 74.552 75.662 76.722
128.269 127.487 126.632 125.967 125.299 124.552 124.519 122.982 122.244 128.899 128.852 120.979 118.774 118.164 124.459 125.514 116.809 116.747 123.432 114.397 112.997 113.912 113.744 113.227 109.699 109.109 109.069 106.892 109.559 105.384 108.752 102.689 101.617 101.722 100.604 99.287 97.939 96.939 95.707 94.789 93.894 92.412 91.459 90.177 89.284 88.087 88.144 85.594 84.502 83.304 81.989 80.692 79.647 77.639 75.519 75.159 75.147 75.419 76.374 75.862 76.539 76.852 78.589 73.537 76.502 73.849 73.774 74.037 75.084 76.372
132.384 127.584 126.787 126.087 125.509 124.742 123.987 122.954 122.219 126.454 128.364 120.714 119.114 121.169 121.439 125.249 116.134 118.997 124.262 114.022 113.212 112.337 111.399 115.239 115.224 108.794 107.942 106.979 107.859 107.609 105.182 102.267 101.884 102.054 100.989 99.712 98.604 98.002 96.169 95.439 93.999 92.604 91.897 92.809 90.224 88.684 88.954 85.937 84.982 83.374 82.189 82.134 80.192 78.282 75.939 75.172 75.209 75.319 76.689 77.222 79.464 82.442 76.132 73.474 74.864 74.064 73.679 73.919 74.722 75.944
130.757 127.889 126.967 126.452 125.692 124.867 124.209 123.334 122.492 121.502 122.884 120.059 119.992 120.419 120.002 118.707 116.224 115.787 114.747 116.822 116.324 115.957 113.617 121.392 114.089 108.674 107.847 110.052 107.962 105.304 104.372 102.304 102.252 102.364 101.677 99.554 98.802 98.724 97.217 97.322 97.504 92.692 91.799 93.824 92.247 89.459 90.534 87.559 84.507 83.402 82.369 81.294 80.089 78.832 76.439 75.209 75.232 75.177 75.524 77.144 77.569 80.677 74.929 76.789 76.529 74.102 73.597 73.859 74.727 76.094
129.084 127.967 127.482 126.432 125.949 125.019 124.234 123.419 122.539 121.674 120.872 121.534 123.117 120.902 117.762 117.004 116.452 115.579 117.539 122.294 116.509 113.017 112.187 120.989 115.607 109.479 108.287 113.002 116.704 105.282 104.184 102.539 102.527 102.597 101.219 99.732 98.779 98.107 96.817 95.862 94.427 93.189 92.092 91.072 89.839 88.432 87.374 87.767 84.717 83.502 82.529 81.637 80.454 78.992 76.799 75.197 74.982 75.137 75.209 76.767 77.339 76.274 75.394 74.727 76.017 74.174 73.574 73.744 74.404 75.714
129.279 128.344 127.564 126.837 126.237 125.304 124.494 123.532 122.539 121.774 120.887 120.262 119.689 119.887 118.004 124.917 124.092 118.482 118.897 124.147 113.457 112.607 111.964 110.952 110.674 114.817 114.814 113.319 115.957 111.214 103.784 102.719 102.812 103.077 101.567 100.214 99.179 98.077 97.182 96.182 95.139 93.614 92.602 91.517 90.127 88.809 87.417 86.954 85.074 84.117 83.064 81.527 80.284 79.254 77.152 75.237 74.972 74.877 74.882 76.439 76.952 76.432 75.454 75.219 75.174 73.282 73.807 73.474 74.627 75.637
129.334 128.727 127.767 129.449 126.377 125.492 125.519 123.709 122.927 122.012 121.119 120.434 119.592 120.144 118.277 121.074 122.924 123.082 120.737 116.397 113.522 112.869 111.729 110.717 110.559 118.677 108.014 108.977 106.129 105.282 103.837 102.959 103.249 103.197 101.667 100.422 99.199 97.977 97.684 96.639 95.404 94.224 92.709 91.464 90.292 88.759 87.514 87.672 85.159 84.039 82.647 81.674 80.382 79.347 77.807 75.327 74.907 74.804 74.887 76.492 76.777 76.319 75.292 76.759 74.469 73.584 74.667 74.822 73.644 75.067
