Matlab/Roost_data/braunton/dsm/ss4936_DSM_2M.asc
ncols 500
nrows 500
xllcorner    249000
yllcorner    136000
cellsize     2
NODATA_value -9999
[rows 0 to 31 of 500, columns 355 to 425 of 500]
107.226 107.341 107.438 107.533 107.631 107.753 107.866 107.928 108.033 108.146 108.258 108.373 108.473 108.568 108.673 108.761 108.856 108.958 109.053 109.143 109.208 109.313 109.383 109.456 109.538 109.623 109.706 109.791 109.881 109.978 110.068 110.148 110.233 110.321 110.383 110.476 110.548 110.618 110.688 110.751 110.841 110.938 111.018 111.101 111.161 111.271 111.336 111.426 111.493 111.563 111.628 111.698 111.786 111.851 111.923 112.016 112.071 112.166 112.251 112.318 112.401 112.491 112.601 112.708 112.813 112.936 113.031 113.146 113.241 113.353 113.473
107.516 107.606 107.713 107.806 107.903 108.028 108.126 108.231 108.318 108.436 108.533 108.666 108.768 108.876 108.946 109.053 109.146 109.256 109.341 109.436 109.513 109.621 109.691 109.761 109.843 109.923 109.998 110.078 110.183 110.261 110.351 110.428 110.528 110.601 110.666 110.751 110.808 110.891 110.953 111.028 111.108 111.186 111.266 111.353 111.446 111.548 111.606 111.656 111.758 111.813 111.873 111.938 112.031 112.113 112.193 112.256 112.346 112.418 112.503 112.586 112.676 112.776 112.868 112.963 113.088 113.183 113.298 113.408 113.526 113.631 113.731
107.773 107.886 108.008 108.081 108.171 108.268 108.393 108.496 108.578 108.683 108.808 108.931 109.033 109.146 109.231 109.326 109.423 109.523 109.608 109.706 109.791 109.868 109.951 110.043 110.123 110.193 110.266 110.343 110.438 110.521 110.616 110.686 110.781 110.863 110.951 111.021 111.083 111.148 111.231 111.298 111.358 111.451 111.538 111.616 111.721 111.786 111.868 111.933 112.023 112.076 112.148 112.203 112.298 112.371 112.458 112.533 112.616 112.661 112.771 112.841 112.943 113.026 113.123 113.221 113.346 113.453 113.558 113.668 113.776 113.878 113.988
108.008 108.141 108.241 108.331 108.431 108.531 108.656 108.746 108.866 108.961 109.076 109.173 109.286 109.383 109.491 109.586 109.681 109.776 109.881 109.966 110.063 110.123 110.223 110.308 110.396 110.478 110.556 110.618 110.721 110.793 110.878 110.956 111.061 111.128 111.188 111.286 111.371 111.423 111.486 111.556 111.603 111.706 111.773 111.866 111.941 112.023 112.126 112.191 112.246 112.311 112.388 112.463 112.543 112.633 112.731 112.796 112.876 112.956 113.028 113.121 113.203 113.303 113.396 113.506 113.618 113.731 113.828 113.928 114.036 114.133 114.238
108.268 108.383 108.501 108.588 108.693 108.786 108.896 108.996 109.096 109.201 109.326 109.423 109.543 109.633 109.731 109.826 109.933 110.023 110.111 110.208 110.298 110.376 110.453 110.563 110.638 110.718 110.803 110.876 110.958 111.038 111.128 111.223 111.291 111.361 111.456 111.541 111.611 111.676 111.736 111.813 111.873 111.938 112.026 112.116 112.196 112.273 112.351 112.441 112.511 112.583 112.633 112.738 112.803 112.898 112.961 113.061 113.136 113.236 113.326 113.401 113.483 113.583 113.656 113.773 113.878 113.976 114.088 114.183 114.286 114.398 114.476
108.498 108.608 108.733 108.823 108.923 109.031 109.118 109.231 109.328 109.438 109.546 109.663 109.761 109.861 109.956 110.071 110.148 110.256 110.341 110.433 110.516 110.603 110.713 110.803 110.896 110.973 111.046 111.123 111.203 111.293 111.366 111.473 111.518 111.636 111.701 111.771 111.848 111.921 111.973 112.046 112.123 112.211 112.266 112.356 112.433 112.521 112.603 112.683 112.753 112.843 112.898 112.983 113.048 113.148 113.241 113.331 113.413 113.513 113.586 113.661 113.753 113.828 113.923 114.016 114.138 114.236 114.331 114.453 114.543 114.641 114.741
108.728 108.836 108.956 109.063 109.146 109.248 109.346 109.466 109.563 109.676 109.781 109.883 109.981 110.086 110.181 110.261 110.363 110.476 110.561 110.651 110.726 110.831 110.941 111.033 111.116 111.183 111.278 111.356 111.418 111.493 111.578 111.668 111.753 111.826 111.918 112.013 112.086 112.151 112.223 112.293 112.373 112.438 112.513 112.591 112.678 112.761 112.848 112.956 113.026 113.086 113.166 113.223 113.323 113.411 113.506 113.591 113.676 113.766 113.856 113.936 114.026 114.103 114.201 114.283 114.386 114.488 114.608 114.706 114.801 114.888 115.003
108.933 109.058 109.173 109.278 109.393 109.476 109.563 109.663 109.778 109.858 109.966 110.076 110.193 110.273 110.371 110.453 110.573 110.648 110.751 110.828 110.938 111.018 111.126 111.216 111.308 111.386 111.476 111.533 111.631 111.696 111.796 111.871 111.961 112.043 112.138 112.231 112.311 112.376 112.456 112.541 112.613 112.693 112.771 112.831 112.913 113.011 113.096 113.181 113.263 113.348 113.411 113.488 113.548 113.643 113.746 113.828 113.933 114.033 114.116 114.218 114.278 114.363 114.441 114.536 114.641 114.758 114.846 114.956 115.043 115.141 115.233
109.176 109.276 109.393 109.506 109.593 109.698 109.788 109.886 109.976 110.078 110.171 110.281 110.383 110.468 110.563 110.656 110.736 110.836 110.938 111.013 111.103 111.203 111.288 111.391 111.496 111.563 111.656 111.733 111.818 111.901 111.981 112.071 112.156 112.248 112.341 112.443 112.521 112.601 112.671 112.758 112.836 112.923 112.971 113.063 113.143 113.236 113.328 113.418 113.516 113.573 113.658 113.743 113.823 113.926 114.011 114.106 114.196 114.283 114.381 114.478 114.556 114.626 114.731 114.821 114.901 115.023 115.098 115.206 115.293 115.403 115.506
109.391 109.483 109.601 109.693 109.823 109.906 109.991 110.083 110.186 110.288 110.356 110.466 110.546 110.653 110.736 110.816 110.913 111.003 111.071 111.161 111.258 111.361 111.448 111.558 111.653 111.746 111.826 111.928 111.978 112.078 112.168 112.253 112.338 112.438 112.538 112.646 112.713 112.801 112.873 112.981 113.051 113.128 113.198 113.276 113.361 113.468 113.553 113.668 113.743 113.808 113.903 113.983 114.073 114.163 114.256 114.343 114.448 114.553 114.608 114.721 114.813 114.888 114.976 115.046 115.158 115.261 115.366 115.451 115.563 115.656 115.746
109.586 109.696 109.826 109.921 110.018 110.118 110.218 110.291 110.378 110.466 110.571 110.658 110.748 110.833 110.911 110.993 111.076 111.163 111.266 111.333 111.423 111.536 111.626 111.721 111.826 111.903 111.998 112.098 112.151 112.258 112.341 112.416 112.493 112.591 112.683 112.791 112.883 112.976 113.066 113.138 113.241 113.316 113.401 113.478 113.568 113.666 113.753 113.856 113.958 114.046 114.118 114.203 114.298 114.383 114.476 114.563 114.683 114.763 114.881 114.951 115.051 115.116 115.236 115.318 115.416 115.511 115.613 115.683 115.801 115.891 115.996
109.796 109.936 110.018 110.128 110.233 110.336 110.408 110.508 110.583 110.663 110.751 110.833 110.928 110.996 111.091 111.158 111.243 111.338 111.398 111.478 111.588 111.673 111.776 111.883 111.986 112.063 112.151 112.253 112.333 112.398 112.498 112.578 112.668 112.746 112.841 112.948 113.048 113.133 113.223 113.328 113.418 113.488 113.583 113.668 113.761 113.833 113.933 114.043 114.166 114.236 114.353 114.426 114.518 114.613 114.701 114.811 114.916 115.013 115.106 115.203 115.298 115.378 115.458 115.551 115.648 115.741 115.841 115.933 116.048 116.138 116.236
110.036 110.143 110.243 110.346 110.443 110.538 110.638 110.726 110.796 110.878 110.973 111.046 111.126 111.186 111.278 111.346 111.418 111.488 111.568 111.656 111.746 111.828 111.928 112.018 112.118 112.218 112.308 112.388 112.468 112.551 112.628 112.716 112.798 112.878 112.981 113.081 113.193 113.291 113.383 113.468 113.551 113.658 113.756 113.833 113.911 114.028 114.138 114.241 114.333 114.441 114.536 114.633 114.698 114.811 114.896 115.028 115.118 115.223 115.313 115.431 115.506 115.621 115.686 115.801 115.893 115.988 116.081 116.168 116.281 116.371 116.466
110.283 110.381 110.506 110.586 110.681 110.783 110.858 110.933 111.036 111.103 111.163 111.233 111.313 111.376 111.453 111.518 111.591 111.661 111.726 111.813 111.896 111.986 112.066 112.178 112.258 112.348 112.418 112.508 112.603 112.698 112.751 112.848 112.931 113.018 113.121 113.223 113.338 113.433 113.511 113.603 113.728 113.803 113.881 113.978 114.081 114.196 114.288 114.418 114.516 114.633 114.713 114.823 114.886 115.013 115.093 115.198 115.303 115.413 115.523 115.616 115.716 115.806 115.886 115.998 116.081 116.178 116.281 116.381 116.473 116.566 116.666
110.531 110.633 110.736 110.836 110.926 111.006 111.088 111.176 111.246 111.311 111.386 111.456 111.523 111.588 111.653 111.718 111.778 111.833 111.898 111.993 112.043 112.128 112.221 112.323 112.403 112.486 112.566 112.653 112.743 112.823 112.918 112.991 113.063 113.161 113.241 113.361 113.446 113.563 113.646 113.751 113.843 113.933 114.036 114.133 114.228 114.318 114.443 114.548 114.666 114.758 114.881 114.968 115.061 115.161 115.268 115.361 115.483 115.573 115.696 115.801 115.893 115.988 116.103 116.181 116.291 116.378 116.488 116.576 116.681 116.766 116.871
110.806 110.903 110.978 111.086 111.156 111.253 111.333 111.416 111.496 111.548 111.611 111.653 111.733 111.778 111.851 111.906 111.978 112.026 112.076 112.171 112.241 112.308 112.378 112.471 112.558 112.628 112.736 112.788 112.883 112.966 113.043 113.118 113.203 113.298 113.411 113.488 113.603 113.691 113.793 113.896 113.996 114.096 114.188 114.278 114.371 114.488 114.593 114.681 114.806 114.918 115.016 115.106 115.231 115.308 115.418 115.501 115.638 115.723 115.851 115.956 116.068 116.158 116.273 116.363 116.463 116.553 116.673 116.756 116.863 116.948 117.048
111.081 111.176 111.253 111.338 111.426 111.513 111.566 111.666 111.731 111.798 111.866 111.906 111.968 112.021 112.101 112.131 112.186 112.231 112.303 112.376 112.441 112.498 112.558 112.628 112.736 112.803 112.873 112.951 113.031 113.123 113.198 113.273 113.368 113.448 113.551 113.628 113.743 113.821 113.928 114.026 114.141 114.233 114.333 114.421 114.516 114.608 114.731 114.851 114.951 115.046 115.156 115.258 115.353 115.441 115.561 115.663 115.761 115.896 115.996 116.126 116.233 116.336 116.438 116.548 116.668 116.743 116.851 116.941 117.043 117.146 117.241
111.361 111.436 111.526 111.593 111.698 111.756 111.828 111.913 111.998 112.038 112.096 112.151 112.203 112.261 112.311 112.373 112.401 112.451 112.513 112.576 112.638 112.696 112.746 112.826 112.908 112.976 113.053 113.128 113.208 113.303 113.358 113.446 113.516 113.616 113.698 113.796 113.898 113.981 114.068 114.178 114.278 114.403 114.473 114.561 114.651 114.756 114.838 115.001 115.086 115.196 115.296 115.408 115.491 115.606 115.701 115.816 115.941 116.061 116.171 116.291 116.401 116.516 116.606 116.733 116.823 116.918 117.013 117.136 117.226 117.326 117.403
111.623 111.703 111.786 111.856 111.958 112.036 112.106 112.181 112.261 112.306 112.368 112.431 112.458 112.511 112.571 112.618 112.636 112.688 112.748 112.791 112.866 112.906 112.971 113.036 113.101 113.171 113.263 113.328 113.406 113.491 113.558 113.636 113.706 113.791 113.878 113.976 114.051 114.133 114.228 114.331 114.438 114.521 114.626 114.711 114.813 114.911 114.993 115.116 115.236 115.338 115.446 115.556 115.663 115.771 115.868 115.978 116.091 116.221 116.333 116.458 116.573 116.681 116.783 116.903 116.991 117.098 117.193 117.288 117.371 117.461 117.563
111.901 111.991 112.061 112.146 112.213 112.336 112.378 112.456 112.516 112.581 112.641 112.683 112.736 112.778 112.816 112.868 112.898 112.943 112.993 113.048 113.108 113.151 113.211 113.263 113.336 113.393 113.476 113.536 113.618 113.676 113.743 113.803 113.898 113.961 114.053 114.131 114.218 114.303 114.396 114.491 114.583 114.696 114.788 114.876 114.983 115.056 115.181 115.288 115.391 115.493 115.601 115.691 115.808 115.913 116.043 116.146 116.281 116.371 116.503 116.606 116.741 116.846 116.951 117.041 117.146 117.258 117.358 117.443 117.543 117.618 117.711
112.188 112.271 112.348 112.426 112.508 112.583 112.648 112.736 112.788 112.858 112.911 112.958 113.001 113.033 113.088 113.136 113.181 113.208 113.266 113.313 113.356 113.388 113.441 113.498 113.573 113.621 113.706 113.773 113.828 113.916 113.981 114.043 114.116 114.186 114.256 114.351 114.423 114.508 114.606 114.696 114.788 114.888 114.973 115.053 115.143 115.246 115.338 115.458 115.553 115.661 115.776 115.881 115.973 116.091 116.191 116.301 116.423 116.531 116.646 116.768 116.878 116.996 117.086 117.201 117.301 117.408 117.483 117.586 117.668 117.761 117.841
112.466 112.528 112.616 112.696 112.788 112.863 112.948 113.003 113.061 113.133 113.191 113.241 113.286 113.326 113.356 113.391 113.451 113.498 113.528 113.596 113.606 113.648 113.698 113.766 113.823 113.906 113.941 114.021 114.088 114.181 114.226 114.291 114.361 114.443 114.518 114.588 114.666 114.738 114.823 114.896 114.993 115.083 115.183 115.273 115.366 115.453 115.538 115.651 115.761 115.846 115.943 116.066 116.148 116.253 116.373 116.486 116.596 116.708 116.801 116.916 117.033 117.136 117.248 117.353 117.436 117.541 117.633 117.723 117.803 117.906 117.983
112.743 112.791 112.906 112.953 113.048 113.118 113.216 113.283 113.351 113.403 113.473 113.511 113.563 113.608 113.648 113.701 113.711 113.781 113.818 113.858 113.881 113.936 113.961 114.028 114.078 114.146 114.208 114.286 114.351 114.423 114.483 114.556 114.613 114.691 114.743 114.833 114.891 114.981 115.066 115.151 115.231 115.318 115.418 115.503 115.588 115.656 115.738 115.838 115.938 116.033 116.128 116.243 116.321 116.426 116.531 116.628 116.751 116.851 116.978 117.071 117.176 117.273 117.376 117.456 117.576 117.683 117.773 117.868 117.953 118.038 118.131
112.998 113.053 113.121 113.233 113.293 113.391 113.478 113.543 113.593 113.666 113.721 113.788 113.848 113.886 113.911 113.968 113.998 114.046 114.086 114.121 114.173 114.206 114.278 114.313 114.366 114.418 114.483 114.551 114.636 114.711 114.776 114.836 114.911 114.966 115.033 115.118 115.188 115.246 115.323 115.393 115.456 115.566 115.656 115.756 115.833 115.903 115.976 116.048 116.146 116.251 116.333 116.406 116.513 116.608 116.716 116.808 116.918 117.011 117.123 117.233 117.348 117.446 117.538 117.638 117.741 117.828 117.921 118.008 118.088 118.176 118.253
113.216 113.316 113.373 113.458 113.523 113.633 113.701 113.813 113.848 113.936 113.983 114.048 114.103 114.163 114.203 114.228 114.281 114.313 114.368 114.403 114.448 114.496 114.548 114.591 114.661 114.713 114.776 114.841 114.921 115.001 115.083 115.113 115.191 115.248 115.323 115.393 115.471 115.513 115.598 115.656 115.698 115.763 115.838 115.928 116.033 116.101 116.191 116.273 116.353 116.436 116.531 116.626 116.703 116.791 116.898 116.976 117.076 117.181 117.278 117.383 117.463 117.591 117.658 117.761 117.828 117.926 118.026 118.098 118.173 118.273 118.353
113.431 113.548 113.613 113.698 113.771 113.856 113.951 114.023 114.086 114.158 114.226 114.303 114.351 114.398 114.431 114.478 114.531 114.578 114.633 114.673 114.718 114.766 114.813 114.888 114.938 115.003 115.063 115.128 115.203 115.291 115.343 115.428 115.456 115.528 115.593 115.661 115.718 115.786 115.838 115.911 115.958 116.033 116.083 116.191 116.266 116.343 116.403 116.501 116.578 116.666 116.751 116.841 116.898 116.996 117.073 117.156 117.238 117.336 117.423 117.516 117.591 117.693 117.768 117.866 117.948 118.033 118.118 118.223 118.301 118.401 118.473
113.646 113.733 113.848 113.893 114.001 114.066 114.153 114.228 114.333 114.371 114.463 114.521 114.586 114.646 114.698 114.741 114.786 114.856 114.896 114.951 114.986 115.046 115.083 115.158 115.226 115.293 115.348 115.418 115.488 115.568 115.626 115.688 115.743 115.826 115.886 115.946 115.993 116.081 116.118 116.188 116.243 116.256 116.361 116.403 116.486 116.576 116.656 116.723 116.786 116.846 116.921 117.003 117.076 117.131 117.221 117.286 117.361 117.443 117.531 117.636 117.718 117.801 117.893 117.968 118.068 118.141 118.246 118.328 118.411 118.491 118.573
113.846 113.946 114.046 114.093 114.196 114.261 114.368 114.456 114.523 114.621 114.688 114.753 114.833 114.891 114.938 114.983 115.043 115.126 115.163 115.201 115.248 115.296 115.353 115.431 115.483 115.546 115.618 115.683 115.753 115.838 115.901 115.968 116.033 116.083 116.176 116.228 116.301 116.341 116.376 116.431 116.476 116.506 116.606 116.648 116.726 116.778 116.868 116.901 116.966 117.001 117.086 117.153 117.228 117.278 117.368 117.433 117.516 117.591 117.678 117.746 117.843 117.921 118.006 118.093 118.186 118.263 118.346 118.438 118.528 118.601 118.703
114.013 114.121 114.206 114.293 114.358 114.448 114.546 114.641 114.716 114.846 114.898 115.008 115.051 115.108 115.181 115.231 115.263 115.311 115.383 115.438 115.496 115.553 115.603 115.653 115.748 115.813 115.893 115.956 116.026 116.096 116.181 116.243 116.318 116.371 116.453 116.486 116.556 116.596 116.641 116.683 116.728 116.741 116.758 116.826 116.908 116.968 117.038 117.081 117.108 117.186 117.231 117.296 117.373 117.441 117.511 117.576 117.648 117.723 117.798 117.891 117.953 118.038 118.116 118.186 118.301 118.378 118.468 118.543 118.626 118.716 118.803
114.196 114.281 114.376 114.483 114.536 114.633 114.706 114.846 114.938 115.008 115.113 115.188 115.248 115.343 115.401 115.448 115.488 115.543 115.608 115.658 115.721 115.763 115.846 115.908 115.988 116.046 116.143 116.203 116.276 116.353 116.421 116.483 116.561 116.621 116.678 116.721 116.766 116.818 116.846 116.911 116.936 116.996 117.011 117.076 117.111 117.166 117.201 117.268 117.291 117.358 117.406 117.473 117.531 117.591 117.643 117.726 117.788 117.858 117.931 118.011 118.086 118.158 118.236 118.323 118.411 118.496 118.576 118.668 118.766 118.851 118.908
114.376 114.453 114.546 114.631 114.706 114.798 114.906 114.988 115.118 115.198 115.306 115.363 115.463 115.513 115.596 115.641 115.716 115.756 115.798 115.861 115.926 116.008 116.068 116.146 116.246 116.318 116.373 116.451 116.521 116.586 116.641 116.713 116.756 116.843 116.878 116.948 116.981 117.031 117.073 117.126 117.146 117.183 117.231 117.261 117.321 117.351 117.391 117.431 117.458 117.511 117.576 117.618 117.683 117.756 117.808 117.863 117.928 117.988 118.058 118.126 118.203 118.268 118.341 118.433 118.526 118.616 118.703 118.778 118.846 118.938 119.023
114.533 114.623 114.716 114.788 114.881 114.938 115.073 115.181 115.281 115.358 115.491 115.553 115.641 115.713 115.791 115.851 115.911 115.943 116.013 116.086 116.151 116.226 116.286 116.363 116.418 116.506 116.578 116.661 116.736 116.803 116.853 116.903 116.958 117.018 117.071 117.133 117.171 117.228 117.291 117.308 117.348 117.366 117.418 117.441 117.498 117.528 117.563 117.593 117.641 117.673 117.741 117.773 117.848 117.898 117.951 118.016 118.076 118.131 118.206 118.258 118.333 118.403 118.488 118.558 118.633 118.726 118.806 118.876 118.983 119.041 119.133
