Matlab/Roost_data/braunton/dsm/ss4938_DSM_2M.asc
ncols 500
nrows 500
xllcorner    249000
yllcorner    138000
cellsize     2
NODATA_value -9999
[rows 279 to 309 of 500, columns 280 to 349 of 500]
75.988 76.263 76.576 76.898 77.216 77.493 77.713 78.033 78.496 78.726 78.978 79.261 79.528 79.858 80.363 80.581 80.293 80.481 80.661 81.003 81.828 82.158 82.478 82.726 83.006 83.283 83.511 83.781 84.121 84.488 84.853 85.221 85.591 85.951 86.316 86.656 87.031 87.378 87.693 88.013 88.341 88.636 88.951 89.218 89.481 89.763 90.043 90.298 90.576 90.838 91.121 91.401 91.693 91.961 92.228 92.488 92.726 92.968 93.263 93.508 93.783 94.033 94.313 94.586 94.843 95.128 95.403 95.681 95.956 96.238
76.233 76.538 76.846 77.138 77.441 77.718 77.971 78.401 78.696 78.908 79.113 79.333 79.583 79.841 80.056 80.226 80.328 80.456 80.623 81.468 81.856 82.148 82.413 82.741 83.013 83.291 83.548 83.833 84.158 84.516 84.871 85.246 85.598 85.988 86.363 86.713 87.086 87.451 87.781 88.108 88.421 88.753 89.051 89.356 89.631 89.908 90.176 90.443 90.716 90.996 91.243 91.536 91.828 92.103 92.381 92.663 92.921 93.188 93.433 93.691 93.988 94.238 94.503 94.786 95.041 95.338 95.598 95.876 96.163 96.448
76.478 76.761 77.083 77.408 77.738 77.958 78.283 78.626 78.848 79.073 79.276 79.463 79.678 79.911 80.071 80.266 80.433 80.663 82.183 82.551 81.918 82.713 82.433 82.643 82.966 83.323 83.591 83.878 84.198 84.533 84.903 85.258 85.661 86.038 86.403 86.786 87.143 87.513 87.863 88.211 88.558 88.873 89.168 89.481 89.763 90.043 90.308 90.566 90.846 91.128 91.393 91.683 91.953 92.238 92.528 92.808 93.106 93.383 93.628 93.881 94.178 94.423 94.688 94.958 95.236 95.526 95.798 96.071 96.343 96.643
76.716 77.041 77.381 77.678 77.968 78.246 78.623 78.841 79.028 79.263 79.418 79.608 79.811 80.001 80.166 80.358 80.566 80.833 81.103 81.583 83.388 82.686 83.033 83.646 83.371 83.311 83.641 83.923 84.256 84.636 84.961 85.331 85.686 86.066 86.468 86.846 87.233 87.613 87.988 88.328 88.676 88.983 89.291 89.581 89.878 90.193 90.468 90.746 90.981 91.256 91.541 91.821 92.118 92.398 92.683 92.966 93.253 93.543 93.828 94.083 94.361 94.606 94.886 95.163 95.433 95.713 95.991 96.271 96.548 96.826
76.988 77.328 77.673 77.978 78.226 78.576 78.816 78.996 79.206 79.436 79.583 79.816 79.988 80.076 80.283 80.501 80.708 80.926 81.121 83.286 82.808 82.726 82.623 82.848 83.048 83.453 83.723 83.998 84.348 84.708 85.036 85.388 85.778 86.143 86.551 86.923 87.321 87.716 88.068 88.451 88.778 89.113 89.426 89.716 90.013 90.346 90.613 90.883 91.146 91.423 91.693 91.971 92.243 92.546 92.836 93.126 93.413 93.711 93.971 94.266 94.548 94.783 95.063 95.328 95.601 95.873 96.183 96.443 96.721 96.998
77.231 77.616 77.906 78.198 78.518 78.791 79.041 79.211 79.426 79.568 79.763 79.946 80.113 80.236 80.453 80.683 80.916 81.051 81.296 83.626 83.021 82.738 82.863 83.101 83.341 83.546 83.808 84.108 84.471 84.823 85.153 85.518 85.868 86.251 86.631 87.006 87.413 87.818 88.186 88.543 88.891 89.226 89.523 89.856 90.168 90.448 90.736 91.023 91.306 91.583 91.881 92.121 92.406 92.703 92.996 93.291 93.593 93.843 94.131 94.421 94.693 94.973 95.241 95.516 95.776 96.061 96.328 96.618 96.878 97.168
77.466 77.816 78.158 78.446 78.788 79.016 79.208 79.418 79.591 79.751 79.953 80.131 80.221 80.388 80.611 80.871 81.051 81.261 82.031 83.123 83.031 82.808 83.041 83.298 83.533 83.746 83.986 84.258 84.576 84.933 85.293 85.641 85.998 86.421 86.783 87.141 87.533 87.908 88.281 88.661 89.008 89.353 89.678 89.973 90.298 90.596 90.868 91.153 91.443 91.741 92.028 92.303 92.576 92.863 93.156 93.438 93.738 94.013 94.293 94.568 94.856 95.133 95.423 95.683 95.963 96.196 96.483 96.768 97.043 97.316
77.718 78.078 78.353 78.703 78.958 79.186 79.403 79.551 79.746 79.931 80.121 80.248 80.366 80.566 80.808 81.038 81.183 81.511 83.148 83.211 82.806 82.938 83.193 83.451 83.696 83.953 84.196 84.491 84.796 85.101 85.448 85.798 86.193 86.571 86.921 87.311 87.676 88.031 88.411 88.788 89.116 89.458 89.793 90.123 90.418 90.716 91.011 91.301 91.581 91.893 92.161 92.473 92.728 93.028 93.298 93.593 93.886 94.176 94.463 94.728 95.001 95.291 95.573 95.853 96.133 96.366 96.643 96.921 97.183 97.441
77.938 78.226 78.613 78.953 79.166 79.356 79.591 79.736 79.888 80.061 80.298 80.401 80.548 80.746 80.996 81.146 81.371 82.343 83.338 83.076 82.886 83.118 83.386 83.646 83.908 84.178 84.423 84.708 85.018 85.356 85.638 85.978 86.353 86.748 87.121 87.488 87.863 88.178 88.533 88.883 89.238 89.576 89.928 90.251 90.558 90.868 91.166 91.446 91.738 92.023 92.328 92.603 92.881 93.178 93.453 93.741 94.026 94.326 94.618 94.888 95.148 95.438 95.716 95.996 96.273 96.543 96.806 97.046 97.308 97.561
78.128 78.406 78.868 79.161 79.356 79.546 79.751 79.918 80.078 80.241 80.378 80.561 80.746 80.946 81.161 81.356 81.771 83.508 83.291 82.933 83.076 83.351 83.603 83.871 84.113 84.383 84.673 84.963 85.248 85.581 85.871 86.208 86.561 86.946 87.298 87.676 88.048 88.381 88.716 89.041 89.371 89.693 90.046 90.378 90.693 91.011 91.316 91.593 91.883 92.176 92.473 92.763 93.048 93.343 93.618 93.916 94.198 94.476 94.781 95.053 95.321 95.603 95.858 96.133 96.388 96.673 96.936 97.201 97.446 97.708
78.281 78.688 79.036 79.298 79.548 79.736 79.896 80.066 80.253 80.403 80.561 80.741 80.913 81.118 81.273 81.546 82.983 83.398 83.103 83.083 83.308 83.586 83.821 84.093 84.343 84.586 84.871 85.186 85.493 85.793 86.096 86.438 86.786 87.123 87.521 87.881 88.228 88.558 88.908 89.228 89.551 89.828 90.153 90.506 90.823 91.126 91.446 91.748 92.058 92.328 92.616 92.916 93.208 93.486 93.778 94.066 94.381 94.658 94.926 95.208 95.476 95.761 95.998 96.276 96.538 96.798 97.078 97.348 97.608 97.846
78.533 78.958 79.206 79.448 79.716 79.891 80.058 80.231 80.423 80.528 80.696 80.891 81.076 81.263 81.471 82.128 83.456 83.346 83.133 83.306 83.556 83.803 84.058 84.321 84.553 84.841 85.141 85.416 85.716 86.023 86.368 86.676 87.023 87.361 87.716 88.053 88.438 88.741 89.071 89.391 89.703 90.013 90.308 90.636 90.946 91.261 91.593 91.881 92.211 92.498 92.803 93.076 93.376 93.653 93.936 94.236 94.551 94.811 95.106 95.368 95.631 95.896 96.158 96.423 96.683 96.923 97.193 97.461 97.708 97.971
78.836 79.106 79.393 79.598 79.848 80.061 80.238 80.416 80.518 80.653 80.826 81.023 81.208 81.428 81.661 83.421 83.521 83.236 83.316 83.531 83.798 84.053 84.293 84.541 84.788 85.071 85.353 85.646 85.961 86.273 86.581 86.911 87.256 87.593 87.913 88.238 88.578 88.891 89.258 89.578 89.911 90.201 90.488 90.793 91.086 91.396 91.723 92.048 92.348 92.658 92.946 93.223 93.543 93.811 94.096 94.403 94.706 94.991 95.263 95.546 95.803 96.046 96.311 96.563 96.826 97.061 97.308 97.578 97.838 98.108
79.001 79.246 79.501 79.768 79.996 80.173 80.368 80.521 80.638 80.788 80.963 81.153 81.356 81.593 82.538 83.503 83.368 83.311 83.498 83.741 83.968 84.231 84.523 84.791 85.033 85.333 85.601 85.876 86.191 86.473 86.821 87.138 87.423 87.793 88.106 88.433 88.768 89.081 89.413 89.771 90.076 90.401 90.693 90.978 91.278 91.561 91.873 92.188 92.491 92.803 93.113 93.423 93.718 93.988 94.271 94.573 94.883 95.148 95.421 95.698 95.958 96.218 96.448 96.711 96.953 97.203 97.463 97.696 97.961 98.216
79.051 79.426 79.701 79.921 80.103 80.281 80.476 80.576 80.706 80.928 81.103 81.286 81.556 81.761 83.508 83.428 83.338 83.526 83.706 83.941 84.181 84.471 84.716 84.963 85.253 85.536 85.851 86.093 86.391 86.711 87.031 87.328 87.668 88.011 88.306 88.626 88.951 89.266 89.611 89.926 90.273 90.561 90.891 91.183 91.468 91.768 92.048 92.346 92.671 92.953 93.276 93.568 93.893 94.173 94.461 94.733 95.056 95.313 95.588 95.858 96.138 96.381 96.626 96.853 97.111 97.343 97.596 97.848 98.096 98.348
79.671 79.518 79.866 80.031 80.221 80.428 80.563 80.686 80.866 81.048 81.246 81.453 81.703 83.653 83.511 83.323 83.428 83.666 83.901 84.146 84.406 84.653 84.921 85.183 85.481 85.773 86.036 86.351 86.648 86.928 87.231 87.546 87.841 88.166 88.526 88.806 89.123 89.451 89.786 90.098 90.406 90.741 91.048 91.381 91.676 91.968 92.273 92.546 92.838 93.148 93.423 93.753 94.041 94.351 94.628 94.933 95.223 95.493 95.766 96.031 96.313 96.558 96.791 97.031 97.248 97.501 97.741 97.996 98.258 98.481
80.451 80.843 80.063 80.118 80.246 80.531 80.663 80.843 81.008 81.171 81.376 81.618 82.066 83.491 83.466 83.328 83.566 83.846 84.088 84.348 84.616 84.873 85.133 85.403 85.688 85.988 86.261 86.583 86.846 87.141 87.443 87.756 88.066 88.351 88.701 89.003 89.328 89.661 89.961 90.261 90.611 90.916 91.253 91.553 91.873 92.173 92.478 92.758 93.021 93.316 93.598 93.928 94.231 94.536 94.831 95.108 95.396 95.678 95.946 96.191 96.461 96.728 96.973 97.198 97.428 97.648 97.896 98.156 98.391 98.638
79.946 81.381 81.423 80.951 80.428 80.588 80.821 81.003 81.153 81.318 81.521 81.793 84.251 83.443 83.293 83.483 83.748 84.023 84.281 84.538 84.811 85.078 85.361 85.643 85.923 86.213 86.503 86.796 87.116 87.396 87.653 87.951 88.238 88.533 88.848 89.181 89.511 89.826 90.171 90.476 90.801 91.098 91.428 91.763 92.081 92.403 92.708 92.986 93.248 93.513 93.808 94.116 94.408 94.723 95.016 95.308 95.591 95.846 96.128 96.378 96.643 96.886 97.138 97.393 97.616 97.843 98.073 98.291 98.536 98.778
79.891 80.278 80.673 81.848 82.073 81.623 81.031 81.168 81.341 81.576 81.776 82.108 83.508 83.421 83.376 83.608 83.908 84.183 84.456 84.738 85.033 85.323 85.608 85.851 86.138 86.423 86.703 86.991 87.283 87.583 87.876 88.156 88.438 88.731 89.023 89.356 89.671 90.003 90.341 90.686 90.991 91.318 91.641 91.956 92.288 92.598 92.901 93.223 93.496 93.761 94.023 94.308 94.598 94.893 95.206 95.481 95.776 96.073 96.353 96.588 96.821 97.081 97.343 97.578 97.793 98.028 98.256 98.483 98.703 98.938
80.011 80.313 80.596 80.936 81.673 82.791 81.213 81.336 81.571 81.833 82.026 82.371 83.181 83.288 83.471 83.771 84.091 84.346 84.633 84.926 85.233 85.503 85.758 86.073 86.346 86.618 86.906 87.228 87.526 87.813 88.073 88.353 88.641 88.918 89.221 89.516 89.853 90.191 90.531 90.868 91.191 91.491 91.813 92.158 92.493 92.801 93.138 93.411 93.718 93.978 94.253 94.518 94.806 95.073 95.383 95.686 95.971 96.263 96.536 96.776 97.003 97.261 97.503 97.761 98.001 98.216 98.448 98.666 98.878 99.101
80.118 80.396 80.683 80.978 81.273 81.458 81.436 82.373 82.383 83.796 82.201 82.601 82.961 83.271 83.593 83.908 84.208 84.506 84.798 85.108 85.398 85.688 85.973 86.248 86.546 86.831 87.131 87.401 87.703 88.026 88.281 88.556 88.838 89.148 89.431 89.746 90.056 90.378 90.698 91.061 91.366 91.676 92.008 92.343 92.678 93.006 93.333 93.646 93.938 94.231 94.486 94.753 95.018 95.278 95.568 95.856 96.173 96.436 96.713 96.986 97.218 97.466 97.698 97.951 98.173 98.408 98.623 98.841 99.066 99.273
80.241 80.511 80.773 81.068 81.331 81.493 81.631 82.371 82.803 83.396 83.796 83.031 83.096 83.451 83.723 83.996 84.336 84.633 84.931 85.271 85.543 85.836 86.118 86.453 86.731 87.036 87.326 87.646 87.941 88.208 88.516 88.783 89.053 89.351 89.653 89.956 90.258 90.576 90.896 91.233 91.571 91.873 92.211 92.538 92.878 93.203 93.528 93.843 94.143 94.463 94.721 94.988 95.256 95.513 95.793 96.048 96.353 96.623 96.896 97.163 97.426 97.673 97.898 98.156 98.373 98.603 98.818 99.023 99.231 99.446
80.363 80.646 80.901 81.146 81.401 81.648 81.898 82.176 82.553 83.406 85.626 85.916 86.056 83.671 83.886 84.148 84.466 84.776 85.078 85.393 85.716 86.031 86.343 86.648 86.938 87.238 87.536 87.826 88.106 88.408 88.708 88.993 89.278 89.571 89.873 90.198 90.483 90.786 91.083 91.421 91.746 92.106 92.403 92.733 93.068 93.406 93.721 94.043 94.348 94.683 94.951 95.218 95.478 95.746 96.001 96.271 96.523 96.816 97.088 97.351 97.626 97.858 98.111 98.343 98.586 98.801 99.016 99.208 99.413 99.621
80.488 80.773 81.041 81.316 81.543 81.793 82.071 82.376 82.656 82.943 83.221 83.758 84.348 85.216 84.203 84.368 84.608 84.931 85.211 85.523 85.841 86.198 86.483 86.808 87.123 87.413 87.731 88.036 88.328 88.618 88.923 89.201 89.493 89.786 90.098 90.398 90.706 91.008 91.311 91.618 91.958 92.278 92.621 92.938 93.263 93.596 93.918 94.221 94.551 94.856 95.166 95.431 95.713 95.981 96.243 96.496 96.763 97.023 97.293 97.538 97.808 98.073 98.308 98.558 98.793 98.998 99.203 99.398 99.593 99.788
80.663 80.931 81.178 81.441 81.696 81.963 82.196 82.461 82.743 83.053 83.371 83.646 84.128 84.701 86.098 88.531 84.848 85.103 85.373 85.678 85.978 86.313 86.656 86.963 87.283 87.593 87.911 88.218 88.508 88.828 89.116 89.398 89.743 90.026 90.328 90.618 90.928 91.241 91.538 91.831 92.166 92.486 92.803 93.138 93.466 93.783 94.103 94.433 94.748 95.048 95.358 95.631 95.918 96.188 96.461 96.733 96.996 97.236 97.491 97.736 98.011 98.241 98.483 98.733 98.971 99.191 99.393 99.583 99.763 99.971
80.811 81.078 81.313 81.608 81.843 82.108 82.346 82.618 82.878 83.151 83.451 83.773 84.091 84.381 84.821 85.748 85.933 87.841 85.586 85.841 86.138 86.431 86.768 87.101 87.431 87.781 88.103 88.413 88.703 89.011 89.313 89.626 89.936 90.248 90.558 90.846 91.173 91.481 91.768 92.093 92.376 92.696 93.026 93.326 93.636 93.976 94.283 94.623 94.941 95.241 95.541 95.823 96.096 96.386 96.653 96.948 97.223 97.476 97.716 97.956 98.203 98.441 98.691 98.933 99.163 99.368 99.571 99.768 99.943 100.123
80.956 81.203 81.466 81.763 82.033 82.283 82.503 82.791 83.038 83.303 83.568 83.883 84.191 84.521 84.841 85.146 85.781 87.066 87.973 87.876 86.363 86.638 86.936 87.241 87.581 87.923 88.243 88.583 88.886 89.198 89.518 89.851 90.166 90.481 90.778 91.076 91.393 91.718 92.011 92.326 92.643 92.931 93.246 93.543 93.861 94.176 94.496 94.813 95.118 95.413 95.708 96.011 96.291 96.566 96.843 97.136 97.421 97.676 97.926 98.171 98.408 98.638 98.878 99.111 99.316 99.538 99.743 99.933 100.101 100.286
81.121 81.376 81.636 81.913 82.191 82.441 82.691 82.961 83.198 83.468 83.711 84.031 84.316 84.643 84.968 85.306 85.598 85.898 86.716 87.746 88.311 87.053 87.123 87.401 87.743 88.061 88.406 88.743 89.078 89.386 89.718 90.041 90.376 90.676 90.998 91.316 91.616 91.926 92.241 92.548 92.841 93.198 93.486 93.793 94.083 94.398 94.681 94.988 95.296 95.611 95.898 96.193 96.473 96.768 97.033 97.313 97.586 97.863 98.131 98.396 98.623 98.856 99.071 99.286 99.498 99.688 99.888 100.093 100.276 100.428
81.308 81.568 81.806 82.063 82.318 82.568 82.836 83.108 83.376 83.631 83.898 84.186 84.488 84.776 85.103 85.391 85.716 86.088 86.386 86.721 87.488 87.893 90.796 87.648 87.916 88.203 88.558 88.891 89.258 89.578 89.913 90.256 90.581 90.891 91.228 91.556 91.863 92.173 92.488 92.786 93.068 93.411 93.713 94.018 94.333 94.621 94.916 95.201 95.493 95.801 96.103 96.381 96.658 96.956 97.238 97.488 97.771 98.036 98.313 98.576 98.823 99.033 99.263 99.468 99.663 99.851 100.046 100.223 100.413 100.556
81.508 81.751 82.006 82.273 82.498 82.758 82.991 83.266 83.556 83.816 84.116 84.376 84.663 84.948 85.258 85.538 85.853 86.183 86.536 86.881 87.143 87.436 88.451 89.201 89.723 88.453 88.698 89.018 89.376 89.738 90.096 90.418 90.806 91.141 91.451 91.781 92.098 92.403 92.701 93.016 93.331 93.633 93.956 94.266 94.556 94.861 95.133 95.413 95.708 96.001 96.286 96.563 96.848 97.131 97.398 97.678 97.931 98.201 98.456 98.731 98.966 99.221 99.451 99.643 99.828 99.998 100.193 100.368 100.543 100.706
81.746 81.978 82.201 82.458 82.678 82.921 83.176 83.431 83.738 84.003 84.288 84.556 84.853 85.118 85.418 85.711 86.008 86.326 86.671 86.993 87.313 87.653 87.943 88.421 89.518 91.273 89.051 89.248 89.523 89.893 90.228 90.578 90.966 91.316 91.653 92.008 92.316 92.628 92.946 93.246 93.558 93.876 94.181 94.483 94.801 95.088 95.371 95.663 95.926 96.223 96.481 96.766 97.061 97.326 97.606 97.851 98.131 98.376 98.631 98.873 99.128 99.366 99.588 99.803 99.981 100.163 100.323 100.476 100.656 100.793
