Matlab/Roost_data/braunton/dsm/ss4935_DSM_2M.asc
ncols 500
nrows 500
xllcorner    249000
yllcorner    135000
cellsize     2
NODATA_value -9999
[rows 32 to 63 of 500, columns 144 to 215 of 500]
8.328 11.238 12.366 13.231 12.131 10.023 8.486 10.023 8.918 10.388 8.458 9.331 10.378 9.778 9.038 8.971 8.968 8.978 8.973 8.958 8.971 8.973 9.023 9.036 9.038 9.048 9.063 9.088 9.113 9.143 9.143 9.118 9.091 9.113 9.121 9.106 9.076 9.086 9.128 9.136 9.161 9.161 9.163 9.188 9.216 9.213 9.203 9.241 9.253 9.246 9.236 9.226 9.233 9.238 9.228 9.216 9.198 9.213 9.211 9.203 9.218 9.191 9.176 9.176 9.151 9.176 9.203 9.191 9.186 9.143 9.148 9.156
8.258 8.956 11.953 13.073 12.488 9.598 8.468 8.793 9.233 8.878 10.953 9.491 9.733 9.138 8.923 8.941 8.931 8.941 8.943 8.948 8.991 8.998 9.031 9.036 9.046 9.046 9.061 9.078 9.123 9.161 9.143 9.101 9.093 9.111 9.111 9.103 9.096 9.078 9.103 9.148 9.151 9.158 9.186 9.176 9.203 9.178 9.186 9.221 9.251 9.253 9.243 9.228 9.246 9.243 9.236 9.233 9.221 9.223 9.213 9.186 9.216 9.208 9.173 9.171 9.176 9.181 9.208 9.183 9.156 9.161 9.153 9.133
8.253 8.286 8.881 8.703 10.713 8.831 8.491 8.566 10.493 8.648 9.246 9.496 9.636 9.008 8.858 8.826 8.856 8.941 9.003 9.026 9.076 9.076 9.013 9.038 9.036 9.056 9.066 9.083 9.123 9.153 9.146 9.106 9.086 9.083 9.106 9.106 9.093 9.123 9.168 9.123 9.146 9.128 9.136 9.156 9.193 9.168 9.166 9.213 9.243 9.263 9.261 9.241 9.236 9.248 9.236 9.233 9.221 9.206 9.191 9.178 9.213 9.216 9.176 9.181 9.176 9.156 9.183 9.171 9.166 9.168 9.176 9.163
9.948 8.533 8.406 8.456 8.431 8.296 8.333 8.581 10.753 10.768 10.443 8.926 9.061 8.791 8.733 8.736 8.841 9.056 9.243 9.431 9.576 9.518 9.083 9.028 9.033 9.051 9.056 9.088 9.098 9.141 9.146 9.131 9.088 9.093 9.106 9.101 9.098 9.113 9.121 9.081 9.113 9.143 9.146 9.141 9.118 9.161 9.203 9.223 9.233 9.246 9.268 9.243 9.226 9.221 9.206 9.213 9.211 9.181 9.183 9.196 9.211 9.228 9.191 9.158 9.166 9.161 9.191 9.168 9.151 9.181 9.178 9.173
10.351 8.553 8.318 8.443 8.341 8.288 9.038 9.936 9.078 8.883 9.201 8.921 8.686 8.548 8.603 8.653 8.936 9.203 9.503 9.718 9.831 9.708 9.071 9.041 9.046 9.058 9.068 9.091 9.091 9.146 9.153 9.116 9.078 9.081 9.093 9.171 9.096 9.116 9.073 9.076 9.096 9.098 9.113 9.096 9.108 9.128 9.173 9.208 9.211 9.251 9.248 9.216 9.198 9.198 9.171 9.188 9.201 9.198 9.196 9.233 9.238 9.218 9.178 9.161 9.166 9.156 9.161 9.143 9.146 9.171 9.176 9.183
9.071 8.468 8.361 8.228 8.278 8.453 9.836 9.758 9.331 10.186 8.608 8.438 8.311 8.671 8.521 8.578 8.818 10.721 15.251 16.596 10.016 9.798 9.121 9.033 9.048 9.053 9.068 9.081 9.086 9.141 9.161 9.126 9.071 9.073 9.078 9.081 9.058 9.046 9.061 9.108 9.098 9.091 9.108 9.121 9.108 9.123 9.153 9.173 9.211 9.228 9.226 9.213 9.188 9.181 9.188 9.201 9.206 9.201 9.221 9.233 9.213 9.196 9.181 9.163 9.151 9.136 9.128 9.118 9.131 9.158 9.176 9.158
9.058 9.318 9.018 9.258 9.738 9.368 9.913 9.458 8.548 8.081 8.111 8.176 8.226 8.283 8.508 8.541 9.813 9.188 15.551 17.408 13.903 9.903 9.213 9.033 9.038 9.061 9.066 9.076 9.088 9.141 9.161 9.113 9.051 9.048 9.058 9.053 9.043 9.073 9.093 9.098 9.103 9.111 9.111 9.121 9.111 9.106 9.163 9.181 9.216 9.216 9.218 9.221 9.198 9.186 9.198 9.198 9.198 9.196 9.193 9.228 9.218 9.176 9.158 9.148 9.153 9.146 9.123 9.128 9.128 9.151 9.181 9.176
11.811 8.798 8.386 7.996 7.988 8.008 8.018 8.046 8.061 8.113 8.191 8.216 9.546 10.201 8.376 8.481 15.848 16.098 16.931 15.363 10.138 10.071 9.348 9.026 9.038 9.056 9.056 9.073 9.093 9.101 9.153 9.101 9.013 9.026 9.061 9.081 9.091 9.091 9.091 9.106 9.113 9.123 9.101 9.106 9.128 9.136 9.168 9.176 9.213 9.226 9.231 9.226 9.208 9.206 9.208 9.198 9.198 9.201 9.203 9.206 9.183 9.163 9.171 9.153 9.138 9.158 9.143 9.131 9.146 9.153 9.168 9.153
8.491 7.988 7.976 8.001 8.003 8.033 8.038 8.051 8.128 8.201 8.181 8.201 11.233 11.363 8.246 8.423 14.873 17.251 17.706 11.161 10.196 10.163 9.553 9.051 9.038 9.041 9.056 9.063 9.081 9.166 9.061 9.091 9.081 9.086 9.081 9.093 9.103 9.111 9.111 9.118 9.101 9.098 9.123 9.128 9.151 9.141 9.171 9.183 9.198 9.221 9.228 9.221 9.213 9.178 9.196 9.196 9.201 9.213 9.208 9.173 9.166 9.148 9.156 9.166 9.156 9.161 9.178 9.178 9.158 9.163 9.168 9.146
7.993 8.018 8.023 8.006 8.001 7.988 7.931 8.071 8.121 8.153 8.143 8.226 9.058 9.641 8.241 8.316 9.308 15.226 12.153 9.536 10.056 10.138 9.768 9.118 9.041 9.046 9.048 9.056 8.903 8.613 8.833 9.071 9.081 9.086 9.086 9.111 9.111 9.113 9.116 9.133 9.148 9.163 9.156 9.143 9.121 9.138 9.168 9.178 9.198 9.211 9.216 9.223 9.206 9.186 9.183 9.198 9.178 9.171 9.173 9.173 9.156 9.156 9.163 9.183 9.181 9.171 9.193 9.168 9.156 9.138 9.128 9.093
8.008 8.018 7.978 7.953 7.901 8.348 7.896 7.913 8.103 8.136 8.148 8.298 8.361 8.388 8.228 8.261 8.363 8.371 10.051 9.418 11.773 10.148 10.018 9.236 9.036 9.036 9.051 9.071 9.083 9.013 9.098 9.098 9.096 9.101 9.103 9.101 9.106 9.121 9.143 9.178 9.188 9.176 9.148 9.143 9.161 9.151 9.188 9.158 9.143 9.203 9.218 9.231 9.208 9.196 9.191 9.186 9.161 9.168 9.188 9.183 9.178 9.201 9.191 9.171 9.183 9.168 9.168 9.148 9.126 9.088 9.066 9.068
7.993 7.951 7.871 8.016 7.868 7.883 7.886 7.898 7.988 8.111 8.141 8.161 8.331 8.203 8.216 8.246 8.286 8.378 8.853 10.603 12.268 10.856 10.371 9.581 9.041 9.033 9.041 9.046 9.061 9.081 9.083 9.101 9.098 9.106 9.088 9.103 9.148 9.158 9.168 9.196 9.183 9.158 9.143 9.141 9.133 9.153 9.178 9.148 9.161 9.183 9.216 9.196 9.181 9.183 9.166 9.153 9.178 9.166 9.188 9.198 9.193 9.176 9.188 9.161 9.143 9.128 9.118 9.091 9.066 9.071 9.086 9.068
7.846 8.233 7.856 7.863 7.873 7.871 7.876 7.888 7.881 8.093 8.158 8.166 8.176 8.196 8.213 8.238 8.251 8.348 8.371 12.103 10.758 11.911 10.093 9.868 9.131 9.028 9.033 9.038 9.056 9.066 9.076 9.091 9.123 9.076 9.113 9.126 9.141 9.153 9.173 9.176 9.173 9.143 9.118 9.118 9.123 9.133 9.178 9.183 9.163 9.181 9.201 9.191 9.161 9.163 9.163 9.173 9.178 9.193 9.193 9.183 9.168 9.168 9.128 9.106 9.061 9.071 9.041 9.068 9.073 9.061 9.061 9.053
7.833 7.838 7.841 7.848 7.848 7.858 7.876 7.896 7.901 7.941 8.098 8.158 8.181 8.186 8.216 8.228 8.236 8.301 9.803 11.788 12.123 12.063 11.133 10.028 9.406 8.978 9.026 9.046 9.051 9.061 9.078 9.081 9.101 9.116 9.108 9.136 9.171 9.173 9.163 9.176 9.161 9.146 9.121 9.096 9.111 9.151 9.191 9.196 9.148 9.161 9.161 9.163 9.173 9.163 9.158 9.181 9.163 9.168 9.166 9.153 9.121 9.091 9.051 9.036 9.046 9.083 9.073 9.063 9.061 9.053 9.046 9.041
7.816 7.826 7.831 7.833 7.843 7.856 7.863 7.876 7.903 7.891 8.071 8.168 8.181 8.188 8.201 8.213 8.231 8.243 8.503 14.746 16.771 12.911 13.761 10.788 9.733 9.046 9.018 9.046 9.051 9.056 9.068 9.076 9.096 9.111 9.083 9.136 9.176 9.196 9.183 9.183 9.173 9.158 9.151 9.126 9.113 9.158 9.186 9.193 9.173 9.156 9.176 9.161 9.171 9.173 9.173 9.163 9.161 9.153 9.143 9.116 9.066 9.036 9.053 9.086 9.073 9.071 9.058 9.051 9.043 9.033 9.031 9.026
7.803 7.813 7.831 7.838 7.846 7.841 7.858 7.873 7.891 7.908 7.946 8.143 8.158 8.183 8.191 8.216 8.198 8.206 8.263 8.318 14.263 14.681 15.221 15.501 11.656 9.318 8.983 9.036 9.041 9.056 9.056 9.061 9.073 9.091 9.136 9.108 9.153 9.198 9.208 9.211 9.178 9.153 9.153 9.143 9.148 9.161 9.176 9.183 9.173 9.151 9.178 9.163 9.161 9.151 9.153 9.141 9.111 9.086 9.091 9.046 9.058 9.081 9.066 9.061 9.061 9.051 9.048 9.031 9.026 9.016 9.013 9.018
7.798 7.821 7.818 7.831 7.831 7.846 7.856 7.866 7.876 7.891 7.871 8.088 8.151 8.168 8.181 8.188 8.188 8.188 8.211 8.273 15.021 16.098 16.933 15.971 10.536 9.598 9.043 9.011 9.041 9.048 9.051 9.061 9.071 9.081 9.083 9.126 9.108 9.168 9.196 9.186 9.188 9.196 9.188 9.183 9.183 9.171 9.173 9.163 9.176 9.153 9.163 9.176 9.141 9.113 9.101 9.083 9.046 9.008 9.073 9.078 9.063 9.063 9.053 9.056 9.043 9.031 9.028 9.026 9.016 9.011 9.001 9.001
7.803 7.801 7.813 7.818 7.826 7.841 7.851 7.848 7.866 7.881 7.911 7.956 8.113 8.158 8.161 8.166 8.178 8.196 8.186 8.253 14.706 15.908 14.811 15.821 15.368 9.871 9.263 8.963 9.011 9.036 9.043 9.056 9.058 9.078 9.081 9.078 9.118 9.118 9.111 9.133 9.161 9.181 9.188 9.183 9.188 9.173 9.178 9.168 9.153 9.151 9.133 9.138 9.101 9.093 9.083 9.018 9.063 9.081 9.068 9.061 9.063 9.048 9.041 9.041 9.033 9.023 9.016 9.013 9.008 8.991 9.036 9.031
7.786 7.801 7.808 7.818 7.826 7.831 7.846 7.851 7.858 7.873 7.896 7.898 8.053 8.143 8.168 8.173 8.193 8.176 8.196 8.221 8.261 12.418 15.203 9.541 10.766 11.943 9.461 8.998 8.983 9.028 9.048 9.051 9.056 9.063 9.063 9.076 9.081 9.103 9.096 9.096 9.103 9.153 9.171 9.176 9.166 9.183 9.166 9.153 9.143 9.138 9.096 9.073 9.053 9.023 9.076 9.076 9.063 9.058 9.056 9.048 9.041 9.033 9.026 9.023 9.016 9.016 9.003 9.011 9.011 9.021 9.036 9.073
7.783 7.793 7.811 7.813 7.818 7.831 7.843 7.848 7.856 7.871 7.878 7.908 7.961 8.113 8.163 8.173 8.178 8.206 8.213 8.203 8.228 8.303 8.701 9.358 15.708 15.928 9.728 9.171 8.963 9.003 9.038 9.058 9.053 9.051 9.053 9.058 9.071 9.078 9.086 9.111 9.096 9.113 9.121 9.123 9.123 9.136 9.133 9.113 9.093 9.121 9.091 9.036 9.083 9.068 9.053 9.056 9.056 9.051 9.041 9.033 9.026 9.018 9.008 9.013 8.993 8.996 9.006 9.003 9.043 9.051 9.061 9.083
7.783 7.791 7.798 7.806 7.826 7.828 7.833 7.853 7.861 7.858 7.881 7.898 7.871 8.093 8.168 8.173 8.166 8.183 8.168 8.176 8.198 8.238 9.188 14.996 16.038 16.236 9.898 9.441 8.968 8.971 8.996 9.026 9.041 9.046 9.043 9.048 9.063 9.058 9.063 9.076 9.093 9.068 9.071 9.043 9.066 9.078 9.071 9.076 9.071 9.093 9.086 9.071 9.071 9.051 9.046 9.051 9.041 9.038 9.028 9.021 9.018 9.011 8.996 9.008 9.001 9.011 9.026 9.051 9.086 9.111 9.081 9.093
7.778 7.791 7.801 7.793 7.816 7.831 7.831 7.841 7.851 7.853 7.868 7.886 7.911 7.973 8.151 8.151 8.163 8.178 8.161 8.218 8.183 8.228 9.461 15.618 15.228 13.228 16.651 9.731 9.128 8.956 8.978 9.003 9.026 9.041 9.038 9.038 9.046 9.048 9.056 9.061 9.066 9.061 9.058 9.066 9.063 9.068 9.076 9.068 9.066 9.066 9.071 9.056 9.053 9.043 9.028 9.031 9.033 9.028 9.011 9.008 8.978 8.988 8.991 8.991 9.028 9.018 9.053 9.101 9.101 9.113 9.083 9.226
7.786 7.791 7.798 7.818 7.813 7.816 7.833 7.841 7.853 7.858 7.861 7.873 7.893 7.898 8.073 8.148 8.126 8.156 8.101 8.156 8.166 8.221 8.261 14.448 11.156 17.428 16.098 10.326 9.226 11.716 8.963 8.996 9.021 9.021 9.028 9.033 9.041 9.038 9.046 9.048 9.043 9.046 9.043 9.053 9.051 9.066 9.053 9.056 9.051 9.051 9.048 9.038 9.036 9.023 9.018 9.016 9.018 9.006 8.956 8.976 9.003 9.013 8.993 8.998 9.031 9.053 9.081 9.133 9.081 9.263 9.638 8.668
7.771 7.781 7.796 7.803 7.808 7.811 7.821 7.838 7.846 7.853 7.853 7.868 7.888 7.908 7.951 8.066 8.098 8.108 8.148 8.158 8.313 8.826 8.186 11.523 14.701 16.638 15.841 13.508 13.298 12.266 8.943 8.968 8.988 9.006 9.003 9.006 9.016 9.038 9.036 9.028 9.033 9.033 9.048 9.036 9.033 9.046 9.038 9.038 9.038 9.033 9.023 9.021 9.018 9.011 9.006 9.003 8.978 8.968 8.978 8.956 8.971 8.991 9.003 9.023 9.063 9.096 9.061 10.166 8.933 8.838 8.443 8.436
7.766 7.776 7.788 7.793 7.803 7.808 7.826 7.841 7.846 7.848 7.853 7.861 7.873 7.896 7.883 8.041 8.098 8.153 8.208 8.121 8.108 8.238 8.216 8.271 13.523 15.073 11.971 13.016 13.783 12.753 11.411 8.951 8.946 8.966 8.983 8.991 8.988 9.016 9.023 9.031 9.023 9.028 9.036 9.023 9.013 9.028 9.033 9.018 9.018 9.018 9.011 9.021 9.018 8.998 8.918 8.916 8.971 8.961 8.971 8.981 8.986 9.018 9.046 9.056 9.053 9.881 10.486 8.513 8.363 8.363 8.348 8.341
7.756 7.771 7.786 7.791 7.801 7.816 7.813 7.828 7.843 7.843 7.856 7.858 7.878 7.898 7.891 7.943 8.021 8.046 8.148 8.416 8.173 8.081 8.088 8.148 8.306 11.893 9.363 12.533 13.583 13.213 12.146 8.936 8.941 8.946 8.968 8.981 8.991 8.993 9.008 9.008 9.011 9.013 9.011 9.018 9.003 9.016 9.021 9.001 8.998 9.006 9.001 9.001 9.013 9.006 8.973 8.928 8.988 8.993 9.011 9.026 9.033 8.993 9.013 10.468 9.813 8.486 8.366 8.351 8.336 8.323 8.341 8.351
7.756 7.766 7.781 7.786 7.793 7.813 7.816 7.821 7.836 7.846 7.861 7.863 8.011 7.868 7.878 7.901 7.996 8.056 8.208 8.118 8.076 8.073 8.036 8.058 8.243 8.323 8.736 12.043 13.096 13.718 12.608 10.338 8.933 8.926 8.951 8.971 8.983 8.991 9.001 8.996 8.996 9.006 9.006 8.998 8.993 9.008 9.001 8.996 8.991 8.993 9.013 9.001 9.968 12.126 11.991 8.976 9.001 9.018 9.048 9.011 9.223 10.461 9.656 8.378 8.343 8.318 8.298 8.318 8.341 8.346 8.358 8.408
7.758 7.766 7.781 7.786 7.798 7.811 7.811 7.826 7.838 7.848 7.848 7.851 7.851 7.856 7.861 7.881 7.956 7.993 8.613 8.101 8.096 8.006 8.008 8.046 8.133 8.246 8.423 10.426 12.611 13.676 13.141 12.096 8.923 8.933 8.938 8.946 8.963 8.976 8.986 8.983 8.978 8.981 8.986 8.988 8.983 8.988 8.986 9.003 8.978 8.993 10.961 12.236 12.816 13.398 12.541 9.061 9.046 9.026 9.091 10.686 9.351 8.301 8.303 8.283 8.286 8.313 8.356 8.361 8.401 8.423 8.481 8.536
7.751 7.753 7.756 7.773 7.781 7.806 7.816 7.828 7.843 7.831 7.823 7.841 7.841 7.853 7.876 7.883 8.206 7.961 8.093 8.303 8.068 8.018 8.006 8.076 8.121 8.216 8.311 8.636 12.136 13.176 13.616 12.538 9.641 8.913 8.908 8.928 8.938 8.958 8.961 8.973 8.963 8.963 8.966 8.966 8.958 8.988 8.983 9.041 11.396 12.331 12.928 13.496 14.038 13.563 12.963 11.138 9.153 10.046 8.493 8.263 8.243 8.211 8.238 8.286 8.331 8.396 8.423 8.458 8.506 8.558 8.621 8.683
7.756 7.756 7.756 7.781 7.793 7.803 7.806 7.813 7.823 7.823 7.828 7.831 7.841 7.843 7.861 7.871 7.883 7.921 7.966 8.451 8.048 8.066 8.078 8.016 8.011 8.093 8.216 8.333 10.026 12.696 13.731 13.026 11.953 8.893 8.903 8.911 8.916 8.928 8.933 8.951 8.958 8.948 8.951 8.961 8.946 8.971 11.868 12.431 13.006 13.591 14.001 13.456 12.861 12.291 11.493 9.873 8.241 8.153 8.161 8.136 8.186 8.253 8.321 8.353 8.413 8.491 8.543 8.581 8.628 8.691 8.713 8.771
7.761 7.756 7.763 7.783 7.791 7.781 7.793 7.808 7.816 7.811 7.818 7.826 7.843 7.846 7.846 7.858 7.873 8.066 7.928 8.016 8.426 8.016 8.053 8.011 7.993 8.003 8.158 8.253 8.511 12.208 13.273 13.516 12.463 9.253 8.891 8.901 8.898 8.913 8.926 8.933 8.946 8.956 8.953 9.436 11.953 12.553 13.128 13.718 13.946 13.363 12.753 12.153 10.293 8.221 8.121 8.091 8.078 8.103 8.156 8.201 8.278 8.328 8.396 8.466 8.541 8.568 8.611 8.663 8.693 8.751 8.818 8.821
7.786 7.766 7.761 7.768 7.776 7.768 7.786 7.793 7.808 7.823 7.823 7.821 7.823 7.836 7.851 7.856 7.863 7.886 7.886 7.918 8.528 7.988 7.956 7.956 7.968 7.966 7.956 8.181 8.293 10.231 12.791 13.838 12.946 11.926 8.898 8.893 8.896 8.911 8.916 8.941 8.946 9.843 12.051 12.641 13.221 13.823 13.831 13.236 12.648 12.066 8.996 8.083 8.001 8.016 8.031 8.066 8.108 8.168 8.228 8.276 8.356 8.431 8.501 8.561 8.598 8.643 8.686 8.738 8.793 8.793 8.816 8.846
