Matlab/Roost_data/braunton/dsm/ss4937_DSM_2M.asc
ncols 500
nrows 500
xllcorner    249000
yllcorner    137000
cellsize     2
NODATA_value -9999
[rows 256 to 287 of 500, columns 71 to 141 of 500]
79.481 79.746 79.453 80.946 79.088 79.296 79.591 79.913 80.126 80.388 80.621 80.811 81.031 81.228 81.378 81.543 81.706 81.853 81.958 82.026 82.093 82.156 82.228 82.318 82.363 82.408 82.386 82.423 82.386 82.398 82.393 82.386 82.316 82.231 82.191 82.103 81.986 81.916 81.713 81.641 81.491 81.346 81.156 80.961 80.731 80.481 80.218 79.976 79.703 79.406 79.106 78.793 78.473 78.116 77.826 77.546 77.288 77.013 76.668 76.361 76.038 75.713 75.406 75.106 74.726 74.443 74.058 73.731 73.396 73.046 72.681
78.096 80.248 78.111 78.446 78.756 79.091 79.438 79.623 79.891 80.128 80.331 80.571 80.773 80.976 81.158 81.303 81.443 81.548 81.731 81.766 81.863 81.948 82.016 82.106 82.183 82.193 82.216 82.228 82.203 82.218 82.183 82.206 82.131 82.053 81.988 81.906 81.818 81.711 81.566 81.491 81.408 81.213 81.036 80.806 80.578 80.333 80.078 79.828 79.543 79.221 78.973 78.673 78.311 77.973 77.661 77.426 77.131 76.826 76.511 76.203 75.878 75.518 75.198 74.868 74.538 74.223 73.876 73.576 73.211 72.848 72.481
77.708 77.693 77.966 78.311 78.663 78.921 79.208 79.423 79.661 79.863 80.108 80.361 80.561 80.738 80.958 81.093 81.243 81.376 81.548 81.596 81.688 81.756 81.853 81.936 81.988 81.978 82.053 82.036 82.018 82.051 82.056 82.053 81.941 81.898 81.843 81.751 82.038 81.548 81.416 81.361 81.286 81.073 80.836 80.653 80.433 80.196 79.953 79.701 79.428 79.123 78.823 78.486 78.178 77.871 77.573 77.253 77.006 76.681 76.353 76.006 75.661 75.338 75.013 74.716 74.346 74.048 73.708 73.361 73.013 72.656 72.283
77.256 77.621 77.923 78.213 78.483 78.768 78.973 79.163 79.396 79.648 79.928 80.196 80.396 80.583 80.781 80.906 81.068 81.208 81.336 81.733 81.518 81.608 81.701 81.801 81.838 81.848 81.868 81.851 81.883 81.888 81.923 81.886 81.811 81.736 81.698 81.638 81.583 81.438 81.318 81.238 81.078 80.941 80.741 80.551 80.328 80.061 79.806 79.578 79.286 79.006 78.678 78.351 78.046 77.716 77.453 77.116 76.883 76.481 76.148 75.826 75.498 75.141 74.828 74.506 74.201 73.851 73.528 73.211 72.838 72.488 72.168
77.221 77.583 77.791 78.038 78.266 78.521 78.783 78.998 79.273 79.516 79.823 80.043 80.233 80.433 80.591 80.751 80.886 81.048 81.153 81.271 81.356 81.688 81.538 81.651 81.686 81.728 81.731 81.738 81.763 81.803 81.816 81.776 81.706 81.638 81.603 81.531 81.458 81.318 81.251 81.121 81.018 81.273 80.641 80.411 80.216 79.943 79.691 79.516 79.131 78.878 78.561 78.221 77.896 77.601 77.296 76.948 76.703 76.321 75.986 75.676 75.328 74.981 74.668 74.321 73.991 73.683 73.341 73.003 72.691 72.291 71.981
77.168 77.391 77.591 77.803 78.003 78.353 78.588 78.883 79.188 79.421 79.666 79.843 80.061 80.221 80.388 80.551 80.726 80.881 80.983 81.133 81.216 81.308 81.428 81.521 81.526 81.588 81.586 81.606 81.658 81.698 81.688 81.666 81.593 81.538 81.486 81.416 81.356 81.228 81.146 81.006 80.878 80.718 80.503 80.278 80.051 79.831 79.608 79.341 79.001 78.753 78.426 78.093 77.751 77.416 77.118 76.833 76.506 76.163 75.836 75.471 75.126 74.808 74.438 74.108 73.833 73.486 73.186 72.818 72.498 72.103 71.763
76.986 77.163 77.298 77.583 77.823 78.171 78.511 78.818 79.101 79.336 79.556 79.711 79.891 80.068 80.263 80.378 80.586 80.713 80.818 80.951 81.063 81.143 81.291 81.391 81.426 81.463 81.476 81.508 81.558 81.576 81.573 81.846 81.468 81.431 81.401 81.298 81.496 81.121 81.026 80.911 80.813 80.558 80.378 80.166 79.898 79.703 79.431 79.178 78.866 78.593 78.243 77.921 77.578 77.278 76.946 76.681 76.296 75.993 75.691 75.273 74.956 74.626 74.286 74.006 73.688 73.308 72.983 72.653 72.261 71.946 71.591
76.648 76.866 77.093 77.371 77.738 78.063 78.411 78.743 78.996 79.223 79.416 79.586 79.738 79.918 80.063 80.208 80.443 80.566 80.681 80.801 80.928 81.038 81.158 81.236 81.268 81.308 81.358 81.406 81.456 81.466 81.451 81.428 81.373 81.311 81.228 81.583 81.121 81.043 81.111 80.783 80.618 80.438 80.428 80.186 79.758 79.533 79.313 79.006 78.758 78.463 78.096 77.783 77.433 77.143 76.808 76.546 76.151 75.851 75.528 75.163 74.816 74.501 74.108 73.843 73.516 73.146 72.808 72.496 72.096 71.768 71.446
76.313 76.578 76.926 77.258 77.658 78.013 78.381 78.701 78.903 79.121 79.258 79.476 79.616 79.816 79.956 80.151 80.303 80.373 80.531 80.656 80.773 80.911 81.028 81.093 81.128 81.211 81.256 81.283 81.331 81.351 81.343 81.313 81.276 81.248 81.313 81.431 81.046 80.988 80.893 80.708 80.548 80.348 80.113 80.326 79.656 79.443 79.196 78.893 78.656 78.408 77.991 77.656 77.351 77.013 76.721 76.403 76.023 75.718 75.401 75.041 74.713 74.368 73.973 73.706 73.376 73.053 72.686 72.366 71.968 71.638 71.271
76.058 76.413 76.778 77.161 77.603 77.941 78.293 78.566 78.801 79.013 79.168 79.331 79.488 79.666 79.843 79.983 80.203 80.246 80.428 80.573 80.721 80.803 80.878 80.948 81.013 81.073 81.108 81.201 81.248 81.278 81.253 81.226 81.221 81.171 81.096 81.031 80.953 80.878 80.726 80.601 80.436 80.236 80.046 79.813 79.586 79.356 79.096 78.796 78.513 78.196 77.886 77.556 77.233 76.916 76.623 76.266 75.918 75.606 75.258 74.933 74.613 74.248 73.891 73.601 73.258 72.911 72.583 72.278 71.866 71.551 71.216
75.843 76.248 76.678 77.103 77.501 77.853 78.186 78.456 78.723 78.866 79.083 79.261 79.418 79.606 79.798 79.966 80.073 80.163 80.378 80.543 80.618 80.653 80.813 80.893 80.918 80.991 81.128 81.133 81.168 81.263 81.216 81.186 81.171 81.118 81.078 80.981 80.878 80.803 80.671 80.521 80.353 80.131 79.936 79.718 79.518 79.271 79.006 78.721 78.438 78.108 77.793 77.446 77.178 76.858 76.586 76.201 75.871 75.541 75.193 74.876 74.516 74.161 73.871 73.551 73.183 72.831 72.526 72.183 71.811 71.443 71.126
75.681 76.138 76.566 77.063 77.388 77.773 78.058 78.368 78.608 78.766 79.003 79.173 79.343 79.568 79.746 79.946 80.053 80.116 80.408 80.393 80.491 80.656 80.723 80.803 80.946 80.963 80.963 81.043 81.108 81.098 81.191 81.191 81.153 81.088 81.018 80.961 80.843 80.728 80.636 80.436 80.261 80.071 79.868 79.621 79.481 79.188 78.896 78.623 78.366 78.041 77.726 77.403 77.078 76.786 76.508 76.148 75.823 75.486 75.146 74.788 74.451 74.103 73.813 73.476 73.146 72.811 72.448 72.118 71.758 71.391 71.066
75.593 76.001 76.501 76.943 77.266 77.608 77.958 78.266 78.493 78.671 78.906 79.098 79.306 79.491 79.686 79.933 80.018 80.131 80.378 80.333 80.576 80.611 80.681 80.841 80.943 80.923 80.946 81.086 81.261 81.063 81.126 81.181 81.106 81.061 81.278 80.908 80.841 80.676 80.591 80.401 80.201 79.981 79.778 79.556 79.346 79.118 78.803 78.686 78.271 77.983 77.673 77.371 77.053 76.761 76.441 76.093 75.753 75.438 75.118 74.786 74.461 74.053 73.798 73.423 73.128 72.803 72.446 72.061 71.748 71.353 71.038
75.473 75.948 76.416 76.833 77.151 77.493 77.818 78.168 78.358 78.611 78.836 79.048 79.276 79.488 79.713 79.873 79.971 80.098 80.361 80.398 80.461 80.566 80.781 80.861 80.931 80.941 80.943 80.971 81.038 81.023 81.108 81.166 81.121 81.076 80.973 80.896 80.798 80.661 80.568 80.323 80.163 79.966 79.743 79.506 79.311 79.081 78.918 78.493 78.226 77.946 77.651 77.341 77.043 76.918 76.406 76.088 75.771 75.446 75.103 74.776 74.468 74.088 73.781 73.441 73.108 72.783 72.403 72.086 71.731 71.348 71.008
75.418 75.908 76.378 76.751 77.098 77.416 77.753 78.066 78.296 78.548 78.763 78.961 79.246 79.441 79.686 79.888 79.986 80.141 80.258 80.491 80.586 80.698 80.798 80.828 80.826 80.923 81.081 80.996 81.023 81.101 81.148 81.151 81.116 81.088 81.003 80.911 80.786 80.638 80.538 80.326 80.138 79.928 79.708 79.511 79.298 79.086 79.143 78.468 78.253 77.946 77.636 77.333 77.011 76.761 76.391 76.098 75.773 75.446 75.123 74.763 74.433 74.111 73.751 73.448 73.123 72.816 72.431 72.056 71.733 71.378 71.053
75.423 75.863 76.333 76.663 77.031 77.376 77.691 78.036 78.266 78.551 78.776 79.021 79.271 79.488 79.718 79.823 79.993 80.158 80.251 80.418 80.561 80.646 80.716 80.826 80.871 80.951 81.028 81.086 81.138 81.113 81.151 81.173 81.126 81.061 81.001 80.893 80.753 80.651 80.971 80.281 80.106 79.906 79.683 79.501 79.296 78.976 78.711 78.433 78.201 77.906 77.611 77.298 77.016 76.743 76.408 76.086 75.766 75.446 75.116 74.791 74.431 74.116 73.778 73.431 73.096 72.786 72.436 72.086 71.718 71.391 71.016
75.473 75.866 76.308 76.656 76.998 77.351 77.723 78.038 78.268 78.556 78.783 79.046 79.298 79.546 79.723 79.838 80.011 80.168 80.278 80.393 80.541 80.641 80.741 80.808 80.878 80.968 81.063 81.076 81.093 81.118 81.146 81.151 81.121 81.061 80.958 80.831 80.683 80.686 80.453 80.251 80.048 80.186 79.683 79.488 79.266 78.948 78.691 78.436 78.176 77.881 77.591 77.291 77.058 76.711 76.388 76.081 75.773 75.451 75.151 74.821 74.438 74.156 73.796 73.456 73.093 72.803 72.461 72.091 71.686 71.413 71.061
75.613 76.013 76.388 76.716 77.076 77.411 77.743 78.056 78.331 78.588 78.813 79.113 79.366 79.573 79.738 79.896 80.066 80.216 80.303 80.433 80.583 80.676 80.751 80.801 80.858 80.998 81.073 81.068 81.088 81.081 81.103 81.088 81.056 80.976 80.891 80.756 80.616 80.531 80.358 80.163 79.968 79.781 79.636 79.443 79.211 78.938 78.636 78.386 78.146 77.883 77.571 77.278 77.051 76.716 76.403 76.101 75.808 75.408 75.156 74.816 74.468 74.171 73.803 73.456 73.118 72.821 72.451 72.078 71.711 71.408 71.023
75.766 76.261 76.543 76.861 77.178 77.518 77.858 78.116 78.403 78.656 78.883 79.183 79.416 79.648 79.806 79.973 80.128 80.251 80.338 80.483 80.596 80.688 80.738 80.796 80.883 81.003 81.043 81.051 81.036 81.046 81.048 81.026 80.956 80.923 80.833 80.673 80.558 80.448 80.246 80.063 79.886 79.723 79.553 79.386 79.128 78.868 78.601 78.348 78.116 77.856 77.566 77.286 77.023 76.698 76.353 76.088 75.793 75.446 75.156 74.771 74.473 74.143 73.798 73.451 73.141 72.801 72.446 72.081 71.718 71.378 71.006
75.986 76.411 76.731 77.068 77.403 77.716 78.046 78.321 78.556 78.776 79.033 79.306 79.523 79.733 79.876 80.048 80.173 80.313 80.391 80.553 80.643 80.713 80.753 80.788 80.936 81.011 81.046 81.011 80.986 81.023 81.098 80.966 80.916 80.848 80.738 80.601 80.521 80.361 80.178 79.963 79.831 79.681 79.493 79.326 79.053 78.818 78.541 78.318 78.078 77.843 77.546 77.288 76.998 76.711 76.381 76.103 75.756 75.441 75.148 74.791 74.503 74.173 73.836 73.471 73.148 72.766 72.508 72.113 71.751 71.373 71.011
76.161 76.576 76.931 77.271 77.611 77.928 78.276 78.546 78.793 79.001 79.196 79.476 79.681 79.876 80.026 80.166 80.291 80.411 80.491 80.628 80.726 80.791 80.801 80.838 80.961 81.013 81.001 80.976 80.958 80.986 80.951 80.906 80.851 80.768 80.663 80.521 80.456 80.271 80.131 79.921 79.781 79.643 79.436 79.278 78.998 78.756 78.498 78.268 77.996 77.811 77.541 77.331 77.016 76.686 76.391 76.091 75.783 75.491 75.163 74.803 74.528 74.161 73.863 73.521 73.203 72.811 72.498 72.123 71.761 71.376 71.021
76.276 76.688 77.106 77.451 77.811 78.168 78.496 78.888 79.028 79.271 79.483 79.686 79.843 80.018 80.173 80.293 80.398 80.491 80.586 80.718 80.816 80.836 80.856 80.901 80.993 81.026 80.981 80.946 80.963 80.953 80.958 80.871 80.808 80.733 80.593 80.496 80.391 80.261 80.068 79.896 79.736 79.593 79.418 79.171 78.946 78.706 78.488 78.243 78.056 77.771 77.483 77.283 76.978 76.673 76.396 76.111 75.796 75.523 75.161 74.858 74.531 74.176 73.871 73.538 73.211 72.861 72.511 72.151 71.751 71.368 71.041
76.308 76.758 77.171 77.566 77.958 78.366 78.673 79.011 79.263 79.533 79.703 79.936 80.068 80.198 80.328 80.438 80.536 80.608 80.693 80.803 80.876 80.876 80.873 80.976 81.043 81.058 80.998 80.971 80.996 80.956 80.886 81.016 80.773 80.696 80.531 80.456 80.336 80.191 80.021 79.851 79.681 79.533 79.526 79.103 78.898 78.638 78.436 78.193 77.963 77.736 77.501 77.243 76.923 76.621 76.386 76.103 75.811 75.511 75.173 74.873 74.536 74.193 73.868 73.571 73.213 72.886 72.508 72.151 71.766 71.416 71.048
76.336 76.778 77.213 77.598 78.041 78.468 78.828 79.121 79.448 79.773 79.956 80.158 80.341 80.423 80.551 80.616 80.686 80.741 80.816 80.908 81.006 80.958 80.976 81.063 81.088 81.081 81.033 81.011 80.973 80.978 81.316 80.821 80.761 80.658 80.501 80.903 80.281 80.133 79.966 79.813 79.641 79.488 79.306 79.026 78.811 78.606 78.421 78.173 77.933 77.678 77.468 77.206 76.931 76.631 76.371 76.083 75.791 75.496 75.153 74.876 74.516 74.198 73.866 73.561 73.201 72.901 72.501 72.181 71.793 71.448 71.116
76.386 76.868 77.241 77.676 78.096 78.543 78.886 79.211 79.538 79.893 80.168 80.406 80.548 80.671 80.798 80.843 80.911 80.953 80.971 81.041 81.106 81.081 81.088 81.156 81.166 81.118 81.071 81.018 81.008 80.951 80.896 81.031 80.751 80.648 80.513 80.406 80.293 80.103 79.966 79.801 79.598 79.433 79.236 78.988 78.763 78.586 78.411 78.138 77.908 77.756 77.473 77.178 76.918 76.618 76.371 76.078 75.808 75.493 75.148 74.848 74.521 74.198 73.868 73.583 73.218 72.886 72.503 72.183 71.828 71.418 71.021
76.451 76.861 77.338 77.746 78.168 78.533 78.926 79.266 79.626 79.946 80.243 80.518 80.688 80.903 80.986 81.073 81.123 81.178 81.203 81.231 81.243 81.181 81.196 81.268 81.258 81.218 81.148 81.086 81.056 80.976 80.916 80.856 80.761 80.608 80.508 80.388 80.253 80.106 79.966 79.816 79.591 79.401 79.188 78.988 78.746 78.543 78.393 78.151 78.253 77.771 77.446 77.161 76.871 76.576 76.363 76.083 75.748 75.513 75.203 74.866 74.538 74.218 73.893 73.623 73.256 72.928 72.578 72.196 71.843 71.481 71.053
76.541 76.963 77.426 77.803 78.233 78.601 78.963 79.331 79.698 79.976 80.316 80.538 80.771 81.011 81.136 81.251 81.333 81.378 81.443 81.468 81.466 81.346 81.421 81.411 81.401 81.353 81.263 81.243 81.161 81.083 81.008 80.883 80.838 80.673 80.601 80.403 80.281 80.173 79.981 79.801 79.586 79.378 79.153 78.976 78.746 78.616 78.391 78.136 77.928 77.686 77.511 77.221 77.213 76.636 76.398 76.096 75.816 75.536 75.233 74.886 74.586 74.266 73.983 73.601 73.303 72.943 72.651 72.206 71.861 71.461 71.033
76.656 77.061 77.501 77.916 78.321 78.641 78.976 79.363 79.688 80.008 80.288 80.588 80.818 81.018 81.201 81.328 81.411 81.523 81.613 81.673 81.636 81.588 81.636 81.631 81.573 81.478 81.406 81.391 81.291 81.208 81.096 80.966 80.913 80.726 80.673 80.501 80.371 80.198 80.033 79.836 79.626 79.426 79.206 79.041 78.803 78.673 78.443 78.231 77.996 77.761 77.558 77.256 76.973 76.726 76.468 76.198 75.913 75.576 75.301 74.968 74.666 74.328 74.016 73.668 73.376 72.983 72.631 72.258 71.896 71.501 71.098
76.786 77.171 77.596 78.018 78.381 78.718 79.048 79.381 79.723 80.056 80.316 80.566 80.826 80.998 81.176 81.323 81.448 81.586 81.678 81.726 81.696 81.751 81.748 81.728 81.686 81.588 81.518 81.466 81.376 81.281 81.171 81.033 80.923 80.783 80.688 80.533 80.383 80.228 80.056 79.918 79.688 79.473 79.268 79.048 78.878 78.698 78.478 78.248 78.036 77.798 77.583 77.296 77.026 76.823 76.501 76.251 75.941 75.666 75.381 75.023 74.743 74.428 74.131 73.811 73.468 73.041 72.691 72.296 71.953 71.521 71.146
76.961 77.361 77.741 78.173 78.486 78.833 79.118 79.471 79.816 80.086 80.366 80.546 80.846 81.013 81.183 81.306 81.438 81.591 81.673 81.706 81.668 81.783 81.796 81.766 81.713 81.636 81.578 81.536 81.406 81.303 81.166 81.073 80.903 80.828 80.681 80.521 80.423 80.218 80.081 79.893 79.663 79.436 79.286 79.088 78.881 78.696 78.471 78.243 78.023 77.798 77.556 77.293 77.043 76.796 76.511 76.258 76.003 75.718 75.403 75.083 74.786 74.513 74.221 73.896 73.518 73.136 72.738 72.343 71.996 71.538 71.156
77.171 77.541 77.911 78.291 78.641 78.958 79.228 79.563 79.888 80.173 80.423 80.626 80.878 81.041 81.188 81.283 81.438 81.566 81.666 81.683 81.681 81.783 81.801 81.753 81.703 81.626 81.576 81.503 81.388 81.283 81.168 81.083 80.891 80.786 80.626 80.486 80.336 80.206 80.046 79.881 79.656 79.436 79.313 79.061 78.878 78.656 78.451 78.196 77.983 77.768 77.516 77.266 77.021 76.778 76.501 76.248 75.968 75.708 75.388 75.068 74.793 74.566 74.278 73.946 73.593 73.196 72.823 72.413 72.026 71.576 71.151
77.406 77.756 78.063 78.438 78.766 79.038 79.356 79.663 79.941 80.243 80.461 80.671 80.886 81.061 81.198 81.266 81.411 81.546 81.636 81.626 81.673 81.756 81.786 81.738 81.691 81.563 81.611 81.481 81.368 81.246 81.161 81.013 80.853 80.746 80.588 80.486 80.331 80.166 80.028 79.846 79.636 79.391 79.198 79.003 78.818 78.613 78.388 78.138 77.963 77.656 77.458 77.196 76.976 76.736 76.458 76.178 75.893 75.621 75.326 75.046 74.778 74.556 74.243 73.956 73.601 73.238 72.868 72.451 72.061 71.641 71.218
