Matlab/Roost_data/braunton/dsm/ss4939_DSM_2M.asc
ncols 500
nrows 500
xllcorner    249000
yllcorner    139000
cellsize     2
NODATA_value -9999
[rows 155 to 185 of 500, columns 0 to 68 of 500]
106.584 106.621 106.621 106.619 106.629 106.619 106.641 106.619 106.631 106.659 106.681 106.719 106.771 106.776 106.814 106.834 106.866 106.851 106.869 106.884 106.911 106.929 106.949 106.971 106.981 107.006 107.014 107.019 107.051 107.071 107.074 107.096 107.126 107.144 107.141 107.161 107.154 107.164 107.176 107.179 107.189 107.166 107.184 107.174 107.179 107.154 107.139 107.136 107.106 107.096 107.101 107.081 107.044 107.011 106.991 106.944 107.494 108.116 106.881 106.794 107.856 107.051 106.924 106.896 106.849 106.841 106.809 106.739 106.706
106.394 106.414 106.424 106.411 106.446 106.446 106.446 106.456 106.471 106.481 106.519 106.561 106.581 106.621 106.639 106.676 106.666 106.684 106.716 106.709 106.739 106.766 106.796 106.814 106.841 106.859 106.851 106.879 106.876 106.911 106.919 106.959 106.984 106.981 107.006 107.029 107.051 107.054 107.059 107.051 107.061 107.044 107.071 107.056 107.066 107.056 107.041 107.026 107.031 106.981 106.974 106.956 106.944 106.894 106.851 107.244 108.204 107.046 106.576 107.734 107.209 106.854 106.836 106.784 106.774 106.751 106.694 106.669 106.619
106.209 106.199 106.241 106.246 106.274 106.296 106.281 106.289 106.286 106.319 106.341 106.371 106.426 106.451 106.469 106.501 106.509 106.519 106.539 106.551 106.589 106.616 106.641 106.661 106.646 106.696 106.696 106.706 106.746 106.754 106.784 106.794 106.834 106.846 106.871 106.899 106.909 106.926 106.934 106.931 106.924 106.934 106.949 106.936 106.949 106.939 106.929 106.911 106.901 106.851 106.826 106.836 106.829 106.791 107.056 108.226 107.246 106.394 107.671 107.581 106.831 106.799 106.776 106.724 106.689 106.654 106.614 106.591 106.576
105.986 106.019 106.046 106.061 106.071 106.071 106.086 106.096 106.126 106.134 106.179 106.179 106.229 106.259 106.309 106.311 106.336 106.346 106.374 106.394 106.399 106.456 106.471 106.499 106.519 106.519 106.551 106.559 106.584 106.616 106.634 106.654 106.701 106.704 106.716 106.754 106.766 106.786 106.784 106.791 106.806 106.811 106.844 106.839 106.831 106.816 106.804 106.811 106.784 106.724 106.719 106.734 106.671 106.791 108.179 107.619 106.389 107.314 107.604 106.751 106.689 106.694 106.661 106.629 106.619 106.569 106.524 106.526 106.489
105.776 105.814 105.834 105.824 105.876 105.869 105.871 105.894 105.904 105.926 105.966 105.991 106.016 106.051 106.104 106.136 106.154 106.159 106.206 106.224 106.264 106.276 106.296 106.334 106.356 106.371 106.386 106.421 106.444 106.466 106.481 106.519 106.536 106.579 106.611 106.604 106.639 106.641 106.639 106.664 106.676 106.686 106.709 106.721 106.689 106.714 106.686 106.686 106.641 106.631 106.636 106.606 106.601 107.611 107.884 106.351 106.896 107.604 106.676 106.626 106.594 106.561 106.544 106.524 106.521 106.479 106.471 106.471 106.459
105.561 105.591 105.621 105.641 105.659 105.654 105.659 105.679 105.699 105.731 105.784 105.794 105.834 105.879 105.909 105.926 105.951 105.979 106.001 106.059 106.084 106.094 106.129 106.189 106.189 106.209 106.229 106.264 106.296 106.316 106.344 106.374 106.401 106.431 106.464 106.479 106.494 106.514 106.551 106.551 106.569 106.589 106.586 106.606 106.589 106.579 106.556 106.546 106.514 106.539 106.496 106.444 107.074 107.571 106.346 106.541 107.954 106.721 106.564 106.529 106.494 106.474 106.486 106.441 106.421 106.414 106.409 106.406 106.391
105.371 105.391 105.411 105.426 105.446 105.444 105.484 105.504 105.514 105.544 105.584 105.606 105.669 105.676 105.709 105.726 105.749 105.781 105.826 105.864 105.884 105.924 105.946 105.994 106.029 106.061 106.069 106.084 106.131 106.146 106.204 106.214 106.269 106.311 106.326 106.346 106.381 106.406 106.424 106.449 106.474 106.466 106.464 106.496 106.489 106.454 106.421 106.421 106.426 106.411 106.369 106.761 107.751 106.416 106.354 107.726 106.704 106.461 106.461 106.459 106.439 106.406 106.396 106.374 106.379 106.344 106.331 106.336 106.281
105.181 105.221 105.234 105.246 105.259 105.284 105.301 105.314 105.304 105.371 105.374 105.419 105.434 105.471 105.509 105.526 105.569 105.581 105.636 105.669 105.709 105.726 105.751 105.806 105.829 105.871 105.931 105.956 105.966 106.001 106.064 106.079 106.109 106.161 106.226 106.234 106.259 106.284 106.289 106.324 106.326 106.334 106.351 106.356 106.326 106.341 106.326 106.339 106.306 106.279 106.424 107.489 106.711 106.049 107.466 106.909 106.381 106.384 106.404 106.386 106.399 106.361 106.331 106.324 106.291 106.271 106.256 106.214 106.194
104.999 105.044 105.046 105.046 105.081 105.089 105.131 105.154 105.151 105.171 105.194 105.236 105.241 105.284 105.316 105.329 105.356 105.396 105.441 105.464 105.496 105.516 105.581 105.601 105.656 105.691 105.736 105.776 105.821 105.864 105.909 105.936 105.966 106.044 106.061 106.104 106.119 106.144 106.179 106.184 106.246 106.244 106.236 106.259 106.226 106.224 106.221 106.194 106.171 106.219 106.899 107.054 105.956 106.734 107.176 106.304 106.324 106.331 106.331 106.311 106.279 106.269 106.239 106.219 106.219 106.189 106.179 106.151 106.144
104.791 104.831 104.856 104.881 104.911 104.946 104.964 104.979 104.991 105.019 105.036 105.049 105.086 105.114 105.139 105.166 105.186 105.214 105.226 105.289 105.314 105.329 105.376 105.421 105.471 105.519 105.581 105.624 105.646 105.709 105.729 105.776 105.839 105.856 105.911 105.964 105.984 106.024 106.041 106.061 106.086 106.111 106.114 106.101 106.091 106.051 106.044 106.141 106.296 107.246 107.321 105.966 106.164 107.356 106.251 106.239 106.271 106.264 106.251 106.234 106.211 106.181 106.161 106.126 106.144 106.136 106.114 106.091 106.074
104.591 104.626 104.664 104.684 104.741 104.751 104.769 104.809 104.824 104.849 104.869 104.896 104.926 104.939 104.974 104.986 105.021 105.034 105.081 105.121 105.151 105.179 105.206 105.269 105.281 105.341 105.389 105.451 105.476 105.536 105.594 105.616 105.651 105.669 105.729 105.809 105.829 105.841 105.881 105.894 105.909 105.909 105.894 105.901 105.891 106.094 106.551 107.129 107.481 107.494 106.344 105.984 107.074 106.526 106.034 106.136 106.196 106.216 106.176 106.139 106.114 106.116 106.074 106.049 106.034 106.029 106.021 106.029 105.991
104.369 104.386 104.424 104.469 104.519 104.566 104.561 104.619 104.656 104.684 104.721 104.729 104.756 104.786 104.799 104.839 104.881 104.884 104.919 104.959 105.001 105.036 105.056 105.101 105.144 105.194 105.229 105.279 105.321 105.364 105.399 105.469 105.464 105.496 105.534 105.579 105.634 105.674 105.669 105.704 105.774 106.066 106.211 106.619 106.871 107.176 107.149 106.676 106.279 105.656 105.649 107.124 107.349 106.794 106.039 106.089 106.124 106.134 106.099 106.074 106.069 106.024 105.996 105.976 105.974 105.924 105.936 105.909 105.914
104.694 104.736 104.819 104.541 104.376 104.351 104.371 104.411 104.461 104.491 104.501 104.521 104.546 104.594 104.634 104.681 104.726 104.786 104.791 104.829 104.881 104.894 104.919 104.941 105.006 105.041 105.071 105.109 105.156 105.219 105.256 105.264 105.274 105.289 105.421 105.544 106.016 106.409 106.319 106.564 106.821 106.519 106.136 106.111 105.701 105.366 105.284 105.299 105.431 105.931 106.994 107.374 107.701 107.274 107.146 106.914 106.516 106.851 107.246 107.299 107.241 107.341 107.351 107.114 107.096 106.864 106.489 106.226 105.889
105.216 105.229 105.384 105.374 105.381 105.311 105.139 104.799 104.559 104.469 104.314 104.339 104.356 104.391 104.454 104.506 104.564 104.614 104.639 104.696 104.729 104.741 104.771 104.814 104.839 104.874 104.909 104.959 105.031 105.051 105.074 105.056 105.194 105.891 106.304 106.446 106.154 105.736 105.339 105.044 104.906 104.981 105.124 105.344 105.691 105.951 106.346 106.611 106.834 107.229 107.011 106.899 106.784 106.784 106.886 107.209 107.159 106.731 106.674 106.424 106.576 106.666 106.726 106.661 106.929 106.944 106.879 107.186 106.954
104.484 103.979 104.029 104.549 104.676 104.784 105.176 105.286 105.494 105.154 105.316 105.174 104.871 104.589 104.594 104.456 104.386 104.446 104.496 104.539 104.579 104.576 104.614 104.671 104.676 104.704 104.734 104.769 104.809 104.856 105.186 105.619 106.004 105.816 105.241 104.666 104.641 104.809 105.189 105.586 105.791 106.306 106.709 106.889 106.701 106.636 106.356 106.354 105.876 105.641 105.679 105.701 105.726 105.739 105.746 105.819 105.774 105.784 105.784 105.786 105.761 105.749 105.739 105.721 105.711 105.706 105.699 105.796 106.216
103.659 103.669 103.691 103.704 103.771 103.836 104.064 104.056 104.174 104.339 104.819 104.574 104.971 105.351 105.399 105.539 105.326 105.089 105.104 104.636 104.576 104.461 104.476 104.481 104.519 104.539 104.504 104.554 104.721 105.546 105.944 105.241 104.384 104.424 104.861 105.594 106.164 106.364 106.506 106.346 106.041 105.731 105.536 105.594 105.436 105.426 105.479 105.476 105.566 105.596 105.611 105.634 105.684 105.701 105.729 105.734 105.754 105.764 105.759 105.741 105.761 105.734 105.731 105.721 105.701 105.711 105.669 105.641 105.644
103.476 103.491 103.521 103.566 103.611 103.674 104.176 104.364 104.291 103.984 103.996 105.961 105.951 104.789 104.501 104.791 104.791 104.949 105.459 105.719 105.759 105.581 105.139 104.816 104.499 104.324 104.239 104.276 105.296 105.014 104.404 104.156 105.069 105.846 106.371 106.039 105.721 105.179 105.029 105.086 105.176 105.224 105.264 105.314 105.391 105.396 105.441 105.434 105.471 105.516 105.554 105.546 105.581 105.624 105.649 105.674 105.656 105.694 105.674 105.666 105.651 105.666 105.639 105.646 105.644 105.656 105.666 105.636 105.644
103.374 103.404 103.419 103.461 103.479 103.556 103.571 103.764 103.664 103.686 104.284 107.444 107.554 104.991 105.804 105.919 106.161 105.559 105.391 104.989 104.886 105.201 105.451 105.554 105.379 105.016 103.961 104.179 104.641 103.901 104.511 105.579 106.059 105.574 105.176 104.781 104.871 104.904 104.921 105.009 105.071 105.134 105.176 105.226 105.259 105.294 105.334 105.314 105.384 105.374 105.409 105.431 105.484 105.516 105.539 105.531 105.539 105.536 105.546 105.551 105.531 105.539 105.529 105.544 105.556 105.546 105.561 105.536 105.574
103.254 103.279 103.324 103.361 103.421 103.434 103.486 103.521 103.446 103.496 105.206 107.636 107.536 106.446 105.991 106.311 106.624 106.469 106.326 104.226 103.274 103.366 103.774 104.209 104.419 103.971 103.616 103.651 103.784 104.826 105.724 105.234 104.664 104.564 104.624 104.719 104.799 104.809 104.851 104.896 104.959 105.036 105.051 105.084 105.121 105.151 105.191 105.199 105.246 105.276 105.269 105.324 105.341 105.379 105.406 105.404 105.434 105.421 105.424 105.426 105.431 105.424 105.424 105.446 105.451 105.446 105.456 105.449 105.466
103.064 103.111 103.169 103.184 103.256 103.311 103.311 103.351 103.301 103.354 104.656 107.056 107.509 105.744 105.921 106.211 106.529 106.449 106.274 105.101 103.189 103.204 103.216 103.271 103.311 103.339 103.414 104.106 105.169 105.571 104.736 104.301 104.436 104.501 104.564 104.589 104.646 104.694 104.769 104.804 104.836 104.874 104.921 104.959 105.009 105.029 105.066 105.094 105.129 105.131 105.161 105.186 105.221 105.279 105.294 105.319 105.329 105.321 105.321 105.316 105.346 105.341 105.341 105.376 105.346 105.376 105.359 105.369 105.376
102.924 102.921 102.959 103.046 103.091 103.134 103.146 103.159 103.139 103.189 103.301 106.216 105.849 104.164 105.799 106.074 106.419 106.409 106.216 104.539 103.104 103.061 103.079 103.111 103.119 103.236 104.104 105.281 104.869 104.134 104.149 104.254 104.339 104.384 104.426 104.471 104.524 104.574 104.611 104.664 104.671 104.734 104.784 104.809 104.876 104.889 104.971 104.984 105.004 105.074 105.091 105.099 105.149 105.191 105.199 105.214 105.251 105.241 105.254 105.254 105.266 105.269 105.281 105.286 105.289 105.286 105.306 105.286 105.299
102.751 102.771 102.799 102.841 102.904 102.951 102.994 102.986 102.981 103.044 103.154 103.156 103.079 103.229 105.731 106.044 106.409 106.419 106.239 103.956 102.961 102.911 102.949 102.966 103.251 104.389 105.129 104.446 103.854 103.991 104.084 104.151 104.189 104.229 104.296 104.356 104.371 104.411 104.444 104.519 104.541 104.604 104.656 104.691 104.746 104.819 104.864 104.866 104.919 104.969 104.996 105.016 105.066 105.094 105.119 105.179 105.184 105.194 105.176 105.186 105.189 105.211 105.229 105.219 105.234 105.214 105.231 105.219 105.236
102.554 102.574 102.629 102.671 102.719 102.756 102.801 102.809 102.814 102.829 102.924 102.966 102.864 102.896 105.424 105.911 106.306 106.384 106.259 104.809 102.804 102.804 102.844 103.119 104.324 104.789 104.044 103.669 103.791 103.871 103.976 103.999 104.051 104.086 104.144 104.204 104.229 104.266 104.311 104.361 104.424 104.474 104.524 104.586 104.629 104.681 104.734 104.794 104.824 104.876 104.919 104.944 104.999 105.041 105.071 105.101 105.119 105.111 105.121 105.099 105.129 105.181 105.169 105.154 105.161 105.186 105.166 105.151 105.196
102.346 102.389 102.441 102.489 102.544 102.609 102.631 102.661 102.671 102.649 102.709 102.796 102.734 102.819 105.346 105.794 106.181 106.124 106.234 104.751 102.666 102.711 102.996 104.446 104.589 103.576 103.484 103.606 103.666 103.736 103.821 103.851 103.899 103.956 103.991 104.046 104.094 104.156 104.184 104.249 104.309 104.346 104.406 104.461 104.531 104.571 104.636 104.681 104.736 104.769 104.819 104.859 104.904 104.936 105.016 105.021 105.034 105.031 105.036 105.031 105.061 105.079 105.101 105.111 105.116 105.094 105.104 105.109 105.106
102.151 102.189 102.269 102.296 102.356 102.391 102.421 102.469 102.486 102.469 102.471 102.599 102.574 102.686 104.406 105.721 105.914 103.441 103.511 102.611 102.561 102.754 104.354 104.514 103.404 103.259 103.404 103.489 103.549 103.619 103.671 103.726 103.759 103.816 103.879 103.944 103.969 104.009 104.039 104.151 104.194 104.229 104.266 104.366 104.426 104.466 104.529 104.571 104.619 104.664 104.709 104.756 104.811 104.864 104.909 104.924 104.939 104.951 104.961 104.989 104.986 105.016 105.006 105.036 105.026 105.029 105.046 105.064 105.049
101.941 101.981 102.034 102.084 102.129 102.204 102.269 102.299 102.309 102.299 102.294 102.344 102.424 102.491 104.019 105.696 104.429 102.611 102.526 102.416 102.649 103.961 104.351 103.406 103.056 103.196 103.299 103.359 103.414 103.454 103.551 103.591 103.639 103.696 103.774 103.821 103.864 103.901 103.964 104.029 104.081 104.131 104.174 104.219 104.301 104.376 104.411 104.479 104.511 104.549 104.621 104.674 104.714 104.761 104.791 104.826 104.861 104.856 104.896 104.909 104.921 104.924 104.934 104.946 104.949 104.956 104.981 104.969 104.976
101.726 101.781 101.839 101.899 101.944 102.011 102.079 102.114 102.166 102.224 102.141 102.146 102.174 102.244 103.456 104.396 102.941 102.416 102.289 102.406 103.644 104.176 103.161 102.791 102.971 103.086 103.141 103.211 103.264 103.349 103.419 103.481 103.571 103.626 103.676 103.721 103.776 103.811 103.854 103.899 103.954 104.014 104.066 104.124 104.209 104.261 104.324 104.349 104.411 104.459 104.489 104.561 104.614 104.649 104.679 104.729 104.744 104.789 104.804 104.814 104.849 104.861 104.841 104.874 104.881 104.904 104.896 104.891 104.916
101.564 101.604 101.616 101.676 101.719 101.799 101.859 101.949 101.979 102.041 102.036 101.989 102.004 102.029 102.171 102.311 102.336 102.161 102.094 102.546 103.836 102.974 102.506 102.694 102.839 102.914 103.001 103.081 103.149 103.219 103.321 103.361 103.459 103.514 103.559 103.601 103.666 103.711 103.749 103.789 103.861 103.906 103.971 104.016 104.076 104.141 104.211 104.256 104.274 104.344 104.381 104.439 104.526 104.559 104.604 104.636 104.646 104.691 104.711 104.731 104.756 104.764 104.774 104.791 104.824 104.839 104.834 104.851 104.876
101.349 101.399 101.424 101.456 101.516 101.574 101.609 101.689 101.771 101.814 101.861 101.874 101.906 101.974 102.071 102.249 102.374 101.911 101.886 102.031 102.526 102.104 102.346 102.524 102.651 102.744 102.846 102.914 103.026 103.101 103.184 103.246 103.321 103.399 103.436 103.494 103.561 103.609 103.661 103.709 103.741 103.829 103.864 103.964 104.011 104.036 104.091 104.151 104.201 104.241 104.284 104.374 104.411 104.451 104.499 104.544 104.561 104.599 104.629 104.661 104.679 104.724 104.696 104.726 104.756 104.789 104.776 104.774 104.834
101.171 101.194 101.229 101.259 101.314 101.376 101.436 101.489 101.569 101.604 101.634 101.611 101.609 101.686 101.909 102.529 102.821 101.584 101.869 101.856 101.766 101.889 102.121 102.304 102.416 102.541 102.661 102.764 102.859 102.961 103.061 103.126 103.209 103.281 103.351 103.381 103.456 103.516 103.554 103.584 103.649 103.694 103.776 103.839 103.881 103.944 103.996 104.046 104.124 104.169 104.199 104.281 104.346 104.379 104.411 104.459 104.484 104.521 104.561 104.586 104.599 104.621 104.631 104.696 104.716 104.716 104.729 104.726 104.776
101.009 101.031 101.064 101.104 101.146 101.176 101.251 101.341 101.361 101.411 101.406 101.406 101.436 101.466 101.996 103.171 101.549 101.586 103.399 102.111 101.746 101.884 101.994 102.109 102.246 102.376 102.476 102.594 102.711 102.804 102.889 103.006 103.061 103.131 103.196 103.254 103.326 103.394 103.436 103.491 103.559 103.594 103.676 103.726 103.764 103.854 103.914 103.979 104.004 104.084 104.149 104.211 104.244 104.289 104.356 104.386 104.424 104.466 104.499 104.516 104.536 104.561 104.566 104.599 104.646 104.686 104.689 104.691 104.691
