Matlab/Roost_data/braunton/dsm/ss4938_DSM_2M.asc
ncols 500
nrows 500
xllcorner    249000
yllcorner    138000
cellsize     2
NODATA_value -9999
[rows 155 to 185 of 500, columns 280 to 349 of 500]
53.598 53.073 52.586 52.178 51.686 51.541 51.948 52.116 52.006 51.978 51.648 51.138 51.103 51.321 50.678 50.423 49.711 49.621 49.633 49.661 49.718 49.741 49.793 49.856 49.903 50.001 50.098 50.198 50.348 50.463 50.598 50.681 50.716 50.806 51.588 51.686 51.383 51.678 51.753 51.808 51.898 51.988 52.123 52.543 53.056 53.443 52.731 52.841 55.096 55.621 56.063 55.351 60.811 61.743 62.406 61.408 60.729 56.221 55.687 55.985 55.81 55.488 55.531 55.767 55.996 56.723 57.842 57.132 57.296 57.455
52.986 52.458 51.948 52.106 52.148 51.773 52.028 51.743 51.578 51.706 51.311 49.373 49.201 49.148 49.406 49.466 49.481 49.503 49.518 49.596 49.618 49.663 49.708 49.771 49.848 49.966 50.101 50.213 50.356 50.498 50.641 50.756 50.816 50.901 51.431 52.191 51.638 51.711 51.928 51.966 52.023 52.103 52.461 52.883 53.341 52.721 52.816 54.861 55.571 55.368 55.981 55.378 56.178 61.183 62.188 61.936 60.851 55.945 55.35 55.803 55.538 55.588 57.175 58.28 58.015 57.929 58.411 57.417 57.525 57.618
52.353 52.021 52.096 51.413 51.826 51.568 51.658 50.213 51.488 51.608 48.843 49.006 49.016 48.808 49.231 49.296 49.371 49.418 49.476 49.516 49.568 49.621 49.668 49.763 49.888 50.026 50.143 50.258 50.381 50.523 50.653 50.773 50.943 51.031 51.298 51.881 52.528 51.746 52.036 52.158 52.156 52.876 53.023 53.216 52.698 52.936 55.061 54.908 55.233 55.236 55.306 55.333 55.346 59.398 61.628 62.493 61.486 59.323 55.389 55.666 59.159 58.977 58.553 59.407 59.876 59.566 57.852 57.689 57.721 58.021
51.711 51.576 50.943 50.546 50.633 50.461 51.431 50.686 49.598 49.126 48.596 48.776 48.958 49.061 49.153 49.221 49.281 49.348 49.396 49.446 49.521 49.563 49.676 49.806 49.913 50.033 50.171 50.318 50.438 50.588 50.703 50.838 51.016 51.183 51.286 52.098 52.456 52.546 52.031 52.411 52.828 53.051 52.988 52.703 53.001 54.681 55.628 56.166 55.231 55.263 55.293 55.318 55.463 55.391 61.086 61.853 56.145 55.394 57.007 57.677 59.867 60.183 58.044 58.099 58.882 58.989 57.935 57.947 58.627 59.008
51.906 50.671 51.116 50.708 49.813 51.038 51.258 48.463 49.016 48.631 48.811 48.853 48.973 49.051 49.113 49.193 49.238 49.298 49.346 49.403 49.506 49.626 49.753 49.838 49.966 50.066 50.226 50.403 50.536 50.643 50.786 50.941 51.101 51.278 51.428 51.538 52.346 53.151 52.696 53.091 53.211 52.751 52.693 53.263 54.363 58.173 59.611 55.881 55.286 55.313 55.308 55.316 55.328 55.406 55.631 55.328 56.2 56.842 56.673 56.884 57.675 58.661 59.189 59.371 59.186 58.216 58.108 58.24 59.118 59.158
50.628 50.041 51.996 49.148 48.546 48.686 49.096 48.513 48.558 48.746 48.833 48.863 48.891 48.971 49.043 49.108 49.211 49.278 49.386 49.456 49.588 49.713 49.843 49.948 50.051 50.166 50.326 50.483 50.628 50.733 50.853 51.018 51.191 51.368 51.583 51.786 52.021 53.113 53.176 52.948 52.613 52.671 53.511 54.186 56.883 59.293 59.396 57.751 55.296 55.298 55.298 55.366 55.348 56.548 57.446 56.593 56.518 57.199 57.359 59.002 58.955 58.98 59.107 59.349 58.227 58.185 58.273 58.383 58.485 58.69
50.421 49.846 51.378 47.958 48.386 48.773 48.846 48.423 48.603 48.646 48.733 48.776 48.841 48.916 48.973 49.061 49.188 49.301 49.436 49.548 49.678 49.833 49.923 50.043 50.158 50.293 50.451 50.598 50.721 50.846 50.981 51.133 51.323 51.518 51.758 51.943 52.103 53.233 53.193 52.596 52.661 53.943 54.343 54.751 55.323 55.318 55.878 55.403 55.278 55.253 55.288 55.311 55.903 56.736 57.996 56.973 57.601 57.246 58.599 58.979 59.009 58.874 58.158 58.043 58.163 58.324 58.793 59.873 60.407 60.781
53.058 49.811 51.868 49.383 50.126 48.268 48.366 48.508 48.486 48.598 48.656 48.776 48.811 48.883 48.973 49.071 49.196 49.313 49.466 49.626 49.793 49.928 50.038 50.153 50.273 50.418 50.563 50.686 50.808 50.946 51.138 51.303 51.486 51.706 51.888 52.128 53.383 53.306 52.608 52.661 54.188 55.311 54.688 55.096 55.261 55.303 55.396 56.788 56.561 55.348 55.798 56.548 56.653 56.806 56.933 58.796 59.103 58.984 58.05 57.72 57.789 57.896 58.096 58.83 60.103 60.656 60.784 60.742 60.747 60.752
49.776 52.471 48.968 49.463 48.133 48.248 48.488 48.408 48.436 48.531 48.616 48.696 48.808 48.891 48.981 49.093 49.226 49.386 49.551 49.718 49.886 50.053 50.168 50.291 50.413 50.536 50.663 50.796 50.916 51.108 51.283 51.493 51.666 51.851 52.253 53.246 53.186 52.656 52.676 54.866 55.493 55.521 54.941 55.261 55.178 55.411 55.393 55.283 59.171 58.721 57.798 58.676 58.831 58.856 57.998 57.426 57.448 57.569 57.694 57.952 59.495 60.413 60.427 60.544 60.403 60.452 60.591 60.728 60.856 61.038
48.101 49.266 47.846 47.708 47.328 47.913 48.108 48.251 48.408 48.516 48.596 48.673 48.786 48.893 49.023 49.188 49.318 49.471 49.638 49.791 49.963 50.123 50.306 50.413 50.538 50.638 50.771 50.906 51.083 51.253 51.438 51.671 51.873 53.166 53.096 53.086 52.666 52.728 54.693 55.243 56.026 54.921 54.963 55.008 55.136 55.133 55.588 56.346 57.858 58.388 58.236 57.373 57.076 57.171 57.293 57.408 58.836 59.342 59.886 60.373 60.252 60.278 60.349 60.454 60.587 60.752 60.91 61.077 61.261 61.445
47.781 47.566 47.561 47.573 47.331 47.853 48.008 48.191 48.396 48.498 48.586 48.676 48.793 48.953 49.111 49.266 49.406 49.561 49.713 49.861 50.051 50.218 50.411 50.548 50.643 50.751 50.918 51.066 51.261 51.466 51.653 51.993 53.183 53.503 52.991 52.701 52.883 54.778 54.561 54.556 54.861 54.768 54.888 55.258 55.471 56.631 57.373 57.921 56.811 56.643 56.813 56.956 57.581 58.643 59.811 60.166 60.293 60.091 60.214 60.28 60.403 60.514 60.643 60.804 60.991 61.169 61.355 61.51 61.69 61.844
47.591 47.371 47.323 47.148 47.611 47.878 48.033 48.186 48.371 48.498 48.601 48.721 48.876 49.033 49.188 49.373 49.488 49.648 49.781 49.973 50.146 50.328 50.516 50.646 50.766 50.931 51.086 51.301 51.453 51.638 51.946 52.586 53.423 52.801 52.716 53.013 54.741 54.516 55.236 54.683 54.611 56.293 56.391 57.573 57.698 56.213 56.176 56.343 56.488 57.288 58.618 59.708 60.223 59.908 60.601 60.248 60.336 60.42 60.504 60.607 60.762 60.904 61.096 61.27 61.472 61.642 61.831 61.982 62.16 62.361
47.251 47.178 47.248 47.551 47.773 47.916 48.078 48.231 48.426 48.561 48.696 48.823 48.978 49.128 49.278 49.438 49.598 49.738 49.923 50.063 50.268 50.443 50.598 50.743 50.953 51.108 51.301 51.516 51.673 51.938 53.118 53.306 52.683 52.748 53.148 54.363 54.488 54.531 55.403 55.103 57.248 57.328 55.856 55.653 55.838 55.988 56.861 58.323 59.043 59.513 59.776 60.263 60.173 60.348 60.463 60.581 60.693 60.818 60.979 61.116 61.246 61.397 61.592 61.781 61.957 62.135 62.358 62.529 62.695 62.906
47.328 47.126 47.523 47.666 47.873 48.008 48.143 48.286 48.496 48.633 48.781 48.913 49.096 49.231 49.378 49.528 49.686 49.853 50.028 50.176 50.381 50.556 50.706 50.901 51.111 51.321 51.548 51.693 51.998 53.033 53.373 52.661 52.726 52.863 54.131 55.256 54.548 55.801 56.416 55.746 55.106 55.291 55.458 55.883 57.991 58.683 59.201 59.948 59.926 60.038 60.206 60.376 60.521 60.678 60.861 61.048 61.236 61.384 61.528 61.644 61.779 61.929 62.131 62.323 62.515 62.69 62.915 63.098 63.276 63.441
46.938 47.361 47.513 47.716 47.926 48.093 48.231 48.401 48.531 48.723 48.871 49.001 49.176 49.331 49.483 49.623 49.796 49.978 50.153 50.331 50.516 50.683 50.863 51.076 51.301 51.538 51.693 51.968 52.951 53.471 52.596 52.706 52.803 53.771 54.143 54.426 55.163 54.523 54.681 54.903 55.088 56.613 57.873 58.481 59.881 59.548 59.701 59.896 60.166 60.336 60.521 60.748 60.973 61.198 61.428 61.616 61.803 61.954 62.071 62.242 62.37 62.524 62.733 62.911 63.111 63.299 63.505 63.68 63.829 64.023
46.958 47.403 47.623 47.823 47.978 48.143 48.318 48.503 48.623 48.761 48.961 49.126 49.261 49.398 49.593 49.758 49.933 50.111 50.306 50.476 50.633 50.788 51.031 51.223 51.463 51.693 51.998 53.388 53.511 52.528 52.648 52.783 53.041 53.443 53.693 53.993 54.208 54.413 54.948 56.676 58.068 58.553 59.253 59.198 59.521 59.781 60.033 60.258 60.496 60.753 60.993 61.256 61.518 61.771 61.978 62.181 62.413 62.563 62.698 62.852 62.984 63.153 63.341 63.533 63.715 63.917 64.128 64.282 64.431 64.64
47.271 47.571 47.758 47.903 48.061 48.241 48.408 48.548 48.701 48.873 49.051 49.238 49.393 49.538 49.728 49.911 50.063 50.248 50.443 50.603 50.786 50.998 51.198 51.423 51.643 52.003 53.226 53.301 52.448 52.566 52.701 52.931 53.196 53.446 53.751 55.561 56.296 57.128 57.761 58.728 58.613 59.041 59.291 59.583 59.841 60.098 60.403 60.678 60.971 61.248 61.553 61.808 62.066 62.348 62.578 62.793 63.026 63.191 63.359 63.493 63.653 63.802 63.97 64.165 64.35 64.528 64.735 64.877 65.055 65.253
47.518 47.686 47.833 48.026 48.186 48.328 48.478 48.648 48.821 48.981 49.178 49.358 49.548 49.728 49.848 50.051 50.226 50.408 50.563 50.773 50.986 51.218 51.456 51.631 52.151 53.281 53.303 52.358 52.461 52.596 52.711 52.963 55.173 56.223 56.618 57.478 58.071 58.068 58.301 58.646 59.011 59.326 59.613 59.936 60.236 60.568 60.881 61.226 61.526 61.793 62.093 62.361 62.636 62.918 63.191 63.421 63.658 63.838 64.016 64.159 64.324 64.48 64.659 64.838 64.998 65.171 65.355 65.517 65.709 65.896
47.648 47.791 47.941 48.123 48.313 48.468 48.608 48.761 48.948 49.138 49.316 49.538 49.708 49.896 50.018 50.213 50.403 50.561 50.778 51.001 51.223 51.483 51.703 53.388 53.093 53.008 52.273 52.376 52.481 53.318 54.878 55.623 56.956 57.306 57.213 57.521 57.861 58.281 58.663 59.003 59.341 59.701 60.046 60.381 60.748 61.131 61.441 61.753 62.071 62.383 62.698 62.981 63.241 63.508 63.801 64.023 64.278 64.518 64.696 64.895 64.997 65.181 65.318 65.496 65.647 65.828 66.012 66.183 66.35 66.563
47.793 47.936 48.096 48.251 48.416 48.576 48.723 48.896 49.058 49.258 49.453 49.663 49.873 50.053 50.241 50.363 50.546 50.773 50.986 51.236 51.498 51.693 52.423 53.263 52.813 52.223 52.298 52.501 54.803 55.223 56.531 56.323 56.566 56.996 57.436 57.868 58.226 58.631 59.038 59.431 59.808 60.188 60.586 60.936 61.276 61.643 61.983 62.341 62.648 62.956 63.263 63.551 63.856 64.096 64.391 64.671 64.903 65.168 65.382 65.561 65.695 65.848 66.01 66.161 66.327 66.521 66.67 66.832 67.025 67.213
47.896 48.068 48.238 48.386 48.541 48.701 48.866 49.048 49.228 49.391 49.601 49.803 50.036 50.231 50.408 50.551 50.713 50.986 51.233 51.463 51.701 52.971 53.383 52.641 52.191 52.246 52.701 54.541 55.276 55.746 56.056 56.503 56.906 57.328 57.768 58.253 58.698 59.111 59.566 60.006 60.388 60.743 61.071 61.443 61.833 62.201 62.581 62.906 63.241 63.571 63.863 64.148 64.456 64.728 65.033 65.313 65.541 65.816 66.037 66.231 66.387 66.527 66.711 66.861 66.996 67.165 67.324 67.515 67.699 67.901
48.011 48.166 48.353 48.506 48.668 48.861 49.021 49.221 49.376 49.568 49.741 49.956 50.198 50.431 50.641 50.823 50.981 51.241 51.441 51.653 52.251 53.148 52.351 52.131 52.191 53.673 54.726 55.256 55.513 55.998 56.368 56.758 57.208 57.763 58.273 58.796 59.293 59.723 60.148 60.513 60.921 61.238 61.598 62.026 62.398 62.756 63.158 63.506 63.851 64.163 64.483 64.778 65.071 65.351 65.638 65.936 66.196 66.423 66.677 66.916 67.073 67.222 67.379 67.528 67.654 67.833 68.002 68.194 68.38 68.564
48.116 48.293 48.491 48.666 48.843 49.023 49.203 49.393 49.576 49.768 49.941 50.148 50.363 50.653 50.911 51.101 51.273 51.446 51.638 53.513 53.166 52.231 52.091 52.141 54.058 54.676 55.298 55.423 55.818 56.171 56.606 57.193 57.751 58.281 58.836 59.331 59.778 60.243 60.646 61.061 61.436 61.793 62.188 62.566 62.956 63.358 63.736 64.081 64.446 64.763 65.083 65.378 65.681 65.983 66.246 66.513 66.801 67.068 67.291 67.516 67.71 67.878 68.055 68.203 68.331 68.512 68.698 68.872 69.064 69.245
48.251 48.461 48.616 48.826 49.001 49.183 49.381 49.563 49.743 49.961 50.168 50.366 50.581 50.863 51.188 51.373 51.531 51.573 53.568 53.333 52.118 52.056 52.098 54.213 54.813 54.906 55.278 55.648 56.033 56.528 57.113 57.696 58.231 58.768 59.303 59.806 60.276 60.713 61.113 61.511 61.903 62.306 62.691 63.078 63.493 63.913 64.291 64.641 65.013 65.346 65.643 65.963 66.268 66.571 66.848 67.111 67.366 67.603 67.854 68.109 68.314 68.54 68.696 68.853 69 69.179 69.374 69.546 69.718 69.907
48.381 48.598 48.763 48.963 49.171 49.361 49.566 49.768 49.986 50.156 50.356 50.588 50.806 51.101 51.471 51.631 51.791 52.941 53.398 51.983 52.021 52.053 53.951 54.763 54.823 55.121 55.488 55.913 56.428 57.021 57.558 58.103 58.676 59.226 59.758 60.246 60.716 61.146 61.556 61.966 62.368 62.788 63.183 63.613 64.026 64.403 64.793 65.171 65.528 65.901 66.211 66.516 66.828 67.136 67.403 67.668 67.916 68.196 68.418 68.674 68.905 69.125 69.322 69.492 69.67 69.824 70 70.189 70.368 70.553
48.558 48.738 48.928 49.126 49.336 49.533 49.731 49.986 50.181 50.393 50.618 50.826 51.041 51.371 51.636 51.836 51.976 53.353 51.943 52.001 52.031 54.113 55.053 54.641 54.986 55.348 55.796 56.298 56.876 57.441 57.978 58.521 59.073 59.606 60.128 60.623 61.096 61.531 61.971 62.388 62.798 63.218 63.631 64.071 64.461 64.886 65.278 65.676 66.036 66.376 66.746 67.053 67.356 67.666 67.926 68.203 68.451 68.678 68.936 69.181 69.403 69.641 69.875 70.068 70.261 70.441 70.652 70.844 71.049 71.228
48.708 48.918 49.131 49.316 49.541 49.741 49.968 50.201 50.396 50.636 50.866 51.141 51.386 51.661 51.786 52.008 52.006 51.928 51.983 52.048 53.616 55.121 54.783 54.883 55.226 55.643 56.171 56.691 57.303 57.846 58.393 58.911 59.466 59.983 60.478 60.956 61.443 61.871 62.336 62.778 63.208 63.603 64.076 64.501 64.931 65.331 65.741 66.111 66.483 66.858 67.198 67.536 67.861 68.141 68.451 68.708 68.951 69.186 69.416 69.652 69.897 70.126 70.369 70.589 70.818 71.035 71.257 71.477 71.681 71.901
48.876 49.088 49.278 49.523 49.758 49.941 50.186 50.436 50.663 50.893 51.158 51.371 51.563 52.993 52.433 51.966 51.946 51.986 52.458 53.898 54.323 54.626 54.896 55.161 55.566 56.031 56.583 57.121 57.666 58.221 58.786 59.281 59.798 60.338 60.828 61.293 61.748 62.238 62.703 63.138 63.588 64.018 64.458 64.873 65.311 65.728 66.146 66.548 66.946 67.298 67.651 67.986 68.331 68.631 68.931 69.178 69.413 69.651 69.893 70.112 70.364 70.588 70.842 71.088 71.363 71.585 71.838 72.097 72.312 72.487
49.021 49.256 49.506 49.741 49.938 50.198 50.428 50.688 50.906 51.156 51.351 51.616 52.611 52.891 52.008 51.938 51.991 53.793 54.356 54.541 54.571 54.923 55.198 55.546 55.973 56.458 56.971 57.513 58.058 58.616 59.143 59.656 60.153 60.658 61.123 61.613 62.108 62.576 63.021 63.508 63.963 64.428 64.851 65.316 65.738 66.168 66.581 67.001 67.371 67.758 68.133 68.458 68.788 69.076 69.358 69.648 69.853 70.088 70.318 70.569 70.775 71.037 71.303 71.583 71.872 72.121 72.389 72.621 72.851 73.092
49.231 49.473 49.723 49.916 50.148 50.436 50.671 50.943 51.178 51.401 51.683 52.468 53.026 51.881 51.928 51.993 54.291 55.013 54.651 54.681 54.938 55.243 55.631 55.996 56.393 56.888 57.378 57.923 58.441 58.988 59.493 60.018 60.476 60.976 61.461 61.943 62.423 62.901 63.371 63.868 64.351 64.818 65.258 65.698 66.166 66.591 67.003 67.418 67.816 68.193 68.608 68.906 69.253 69.548 69.793 70.063 70.281 70.506 70.756 70.992 71.229 71.494 71.774 72.061 72.34 72.616 72.883 73.154 73.386 73.613
49.423 49.701 49.916 50.166 50.413 50.658 50.928 51.201 51.418 51.653 52.403 52.811 51.868 51.931 52.341 54.168 54.691 54.678 54.553 55.006 55.293 55.661 56.011 56.373 56.828 57.291 57.796 58.296 58.806 59.326 59.818 60.301 60.823 61.306 61.783 62.273 62.763 63.248 63.763 64.276 64.768 65.223 65.686 66.126 66.586 67.013 67.448 67.843 68.261 68.653 69.016 69.358 69.708 69.996 70.231 70.463 70.731 70.931 71.166 71.422 71.678 71.943 72.219 72.522 72.833 73.111 73.405 73.661 73.93 74.173
