Matlab/Roost_data/braunton/dsm/ss4939_DSM_2M.asc
ncols 500
nrows 500
xllcorner    249000
yllcorner    139000
cellsize     2
NODATA_value -9999
[rows 279 to 309 of 500, columns 0 to 68 of 500]
87.479 87.704 87.944 88.141 88.376 88.589 88.779 88.929 89.084 89.259 89.424 89.569 89.719 89.849 90.006 90.139 90.269 90.369 90.471 90.534 90.611 90.699 91.014 92.569 91.719 91.409 91.676 91.866 92.089 92.329 92.584 92.819 93.079 93.351 93.616 93.851 94.136 94.446 94.769 95.109 95.429 95.811 96.251 96.696 97.169 97.649 98.101 98.591 99.094 99.564 100.046 100.436 100.831 101.181 101.519 101.876 102.146 102.474 102.719 102.964 103.161 103.391 103.649 103.941 104.251 104.561 104.909 105.239 105.549
87.241 87.491 87.729 87.926 88.166 88.401 88.581 88.739 88.879 89.061 89.204 89.344 89.479 89.631 89.759 89.876 90.044 90.146 90.229 90.311 90.396 90.416 90.626 92.059 92.199 91.166 91.406 91.636 91.859 92.116 92.336 92.611 92.866 93.131 93.409 93.694 93.969 94.274 94.581 94.924 95.279 95.699 96.136 96.586 97.091 97.609 98.101 98.564 99.061 99.554 99.974 100.394 100.766 101.136 101.444 101.756 102.061 102.354 102.654 102.911 103.126 103.366 103.666 103.946 104.224 104.579 104.889 105.216 105.556
86.996 87.251 87.479 87.701 87.924 88.146 88.349 88.519 88.661 88.814 88.964 89.099 89.221 89.374 89.491 89.629 89.759 89.886 89.969 90.039 90.144 90.204 90.351 91.251 92.186 91.099 91.151 91.394 91.611 91.861 92.114 92.369 92.624 92.874 93.166 93.459 93.754 94.096 94.384 94.761 95.129 95.551 96.001 96.509 96.996 97.546 98.031 98.559 99.011 99.446 99.894 100.289 100.659 101.031 101.346 101.661 101.944 102.236 102.536 102.809 103.069 103.299 103.604 103.899 104.196 104.524 104.864 105.201 105.531
86.751 86.999 87.239 87.476 87.689 87.901 88.089 88.271 88.416 88.559 88.706 88.831 88.971 89.066 89.189 89.329 89.471 89.594 89.681 89.754 89.836 89.914 90.069 90.316 91.984 91.184 90.896 91.141 91.354 91.586 91.849 92.114 92.344 92.634 92.924 93.229 93.546 93.856 94.189 94.541 94.936 95.384 95.871 96.374 96.921 97.441 97.976 98.461 98.914 99.316 99.764 100.126 100.489 100.859 101.189 101.514 101.831 102.146 102.419 102.686 102.951 103.206 103.531 103.834 104.154 104.471 104.831 105.159 105.451
86.491 86.726 86.994 87.229 87.414 87.636 87.831 88.029 88.181 88.296 88.416 88.571 88.686 88.781 88.869 89.006 89.139 89.239 89.359 89.441 89.514 89.639 89.734 89.901 91.156 91.581 90.651 90.866 91.084 91.349 91.561 91.814 92.069 92.369 92.674 92.979 93.286 93.606 93.951 94.321 94.726 95.184 95.686 96.201 96.764 97.309 97.859 98.324 98.776 99.184 99.581 99.946 100.309 100.656 100.991 101.331 101.646 101.981 102.299 102.571 102.876 103.146 103.446 103.776 104.099 104.431 104.776 105.096 105.384
86.254 86.524 86.734 86.969 87.174 87.359 87.569 87.746 87.894 87.996 88.144 88.264 88.379 88.479 88.596 88.706 88.819 88.926 89.016 89.069 89.179 89.301 89.401 89.536 90.436 91.534 90.606 90.584 90.809 91.049 91.284 91.524 91.789 92.076 92.396 92.704 93.004 93.341 93.696 94.076 94.489 94.981 95.474 95.999 96.526 97.089 97.646 98.126 98.549 98.986 99.384 99.734 100.081 100.439 100.786 101.106 101.454 101.776 102.091 102.419 102.744 103.021 103.349 103.676 104.034 104.336 104.664 104.969 105.261
86.021 86.261 86.484 86.701 86.921 87.131 87.299 87.476 87.606 87.731 87.859 87.954 88.089 88.189 88.279 88.391 88.484 88.594 88.664 88.739 88.829 88.954 89.019 89.119 89.501 91.146 91.036 90.279 90.514 90.749 90.976 91.226 91.514 91.799 92.094 92.376 92.686 93.076 93.406 93.784 94.246 94.714 95.209 95.714 96.251 96.804 97.371 97.906 98.331 98.711 99.131 99.486 99.836 100.174 100.504 100.841 101.204 101.531 101.891 102.249 102.591 102.891 103.224 103.556 103.881 104.184 104.494 104.796 105.104
85.779 86.006 86.239 86.471 86.664 86.866 87.021 87.186 87.334 87.444 87.561 87.664 87.754 87.854 87.946 88.049 88.141 88.246 88.334 88.429 88.491 88.569 88.661 88.734 88.831 90.404 90.816 90.059 90.216 90.424 90.671 90.924 91.219 91.504 91.776 92.076 92.399 92.759 93.129 93.521 93.961 94.411 94.896 95.414 95.926 96.491 97.081 97.594 98.021 98.426 98.799 99.184 99.524 99.886 100.249 100.609 100.931 101.301 101.669 102.014 102.384 102.721 103.071 103.376 103.674 103.964 104.294 104.591 104.874
85.454 85.709 85.924 86.169 86.384 86.564 86.746 86.894 87.031 87.131 87.199 87.299 87.411 87.509 87.609 87.669 87.786 87.871 87.944 88.029 88.114 88.156 88.274 88.346 88.459 89.234 90.301 90.109 89.916 90.139 90.376 90.634 90.911 91.199 91.451 91.769 92.104 92.456 92.834 93.214 93.656 94.119 94.604 95.131 95.639 96.159 96.739 97.226 97.676 98.106 98.479 98.864 99.236 99.581 99.956 100.336 100.694 101.069 101.429 101.781 102.136 102.474 102.811 103.156 103.466 103.759 104.079 104.366 104.626
85.061 85.296 85.541 85.784 85.999 86.194 86.371 86.489 86.604 86.686 86.786 86.869 86.949 87.054 87.131 87.216 87.289 87.364 87.486 87.579 87.674 87.779 87.876 87.979 88.046 88.219 89.556 90.146 89.749 89.846 90.109 90.341 90.594 90.896 91.149 91.476 91.786 92.156 92.526 92.926 93.369 93.829 94.281 94.804 95.316 95.801 96.311 96.811 97.286 97.696 98.126 98.529 98.919 99.304 99.684 100.064 100.411 100.811 101.181 101.556 101.901 102.241 102.594 102.894 103.204 103.511 103.786 104.091 104.329
84.666 84.889 85.121 85.316 85.526 85.689 85.856 85.991 86.104 86.156 86.221 86.301 86.374 86.436 86.539 86.616 86.706 86.816 86.929 87.039 87.189 87.309 87.419 87.551 87.639 87.634 88.366 89.924 89.839 89.596 89.841 90.074 90.304 90.579 90.881 91.186 91.501 91.896 92.251 92.651 93.051 93.504 93.996 94.494 94.979 95.446 95.949 96.406 96.891 97.354 97.754 98.191 98.584 98.969 99.366 99.766 100.131 100.546 100.921 101.291 101.626 101.981 102.331 102.664 102.944 103.224 103.516 103.781 104.034
84.276 84.516 84.729 84.919 85.074 85.224 85.389 85.499 85.574 85.659 85.719 85.749 85.791 85.849 85.926 85.996 86.071 86.186 86.289 86.396 86.559 86.694 86.856 87.036 87.146 87.184 87.496 89.179 90.106 89.521 89.509 89.741 89.999 90.256 90.594 90.884 91.219 91.611 91.969 92.336 92.746 93.196 93.649 94.144 94.619 95.109 95.586 96.014 96.499 96.959 97.396 97.846 98.239 98.664 99.071 99.479 99.854 100.226 100.614 100.999 101.344 101.709 102.026 102.371 102.671 102.931 103.194 103.494 103.734
83.971 84.209 84.426 84.586 84.734 84.876 84.971 85.059 85.139 85.196 85.234 85.249 85.289 85.326 85.381 85.446 85.549 85.624 85.734 85.844 85.979 86.099 86.251 86.394 86.596 86.729 86.844 87.721 89.496 89.964 90.041 90.021 89.929 90.279 90.296 90.591 90.931 91.291 91.674 92.026 92.436 92.869 93.304 93.766 94.229 94.689 95.159 95.611 96.101 96.556 97.001 97.456 97.901 98.321 98.749 99.151 99.541 99.919 100.299 100.671 101.036 101.391 101.741 102.039 102.341 102.619 102.891 103.166 103.424
83.676 83.886 84.099 84.286 84.419 84.531 84.601 84.666 84.761 84.781 84.789 84.771 84.786 84.806 84.874 84.936 85.004 85.086 85.196 85.291 85.406 85.579 85.709 85.889 86.061 86.261 86.466 86.581 86.996 87.924 89.149 89.936 90.499 91.129 90.904 91.204 91.526 91.534 91.911 92.026 92.286 92.626 93.034 93.496 93.931 94.324 94.831 95.271 95.731 96.176 96.636 97.099 97.664 98.209 98.604 98.966 99.369 100.024 100.509 101.206 101.534 102.039 102.456 102.849 102.836 102.766 102.879 103.156 103.154
83.359 83.591 83.776 83.959 84.071 84.139 84.226 84.299 84.331 84.376 84.374 84.339 84.334 84.359 84.446 84.484 84.564 84.624 84.676 84.781 84.926 85.099 85.239 85.351 85.556 85.759 86.016 86.311 86.534 86.819 87.169 87.781 88.366 88.969 89.881 90.691 91.271 91.581 91.874 92.446 92.741 93.159 93.871 94.214 94.606 94.759 95.216 96.071 96.154 96.656 97.226 97.651 98.121 98.894 99.341 99.594 100.191 100.361 100.581 101.166 101.529 101.676 101.456 101.989 102.479 102.419 102.629 104.731 104.066
83.089 83.259 83.451 83.616 83.719 83.771 83.864 83.909 83.936 83.974 83.944 83.931 83.926 83.966 84.031 84.071 84.136 84.204 84.276 84.381 84.544 84.681 84.814 84.969 85.136 85.346 85.584 85.884 86.206 86.504 86.859 87.254 87.634 88.039 88.434 88.821 89.284 89.781 90.261 90.874 91.496 91.976 92.274 92.691 93.169 93.509 94.094 94.851 94.986 95.716 96.064 96.391 96.549 97.039 97.434 97.951 98.129 98.551 98.904 99.161 99.364 99.636 100.744 102.504 103.386 101.794 101.366 101.996 102.979
82.849 82.974 83.134 83.261 83.356 83.421 83.509 83.541 83.564 83.596 83.541 83.546 83.576 83.591 83.661 83.724 83.776 83.839 83.926 84.049 84.166 84.299 84.439 84.576 84.736 84.941 85.169 85.474 85.776 86.109 86.456 86.859 87.296 87.734 88.164 88.579 89.011 89.424 89.829 90.151 90.531 90.891 91.259 91.734 92.119 92.516 92.939 93.331 93.751 94.156 94.614 95.059 95.429 95.859 96.311 96.726 97.179 97.596 98.009 98.379 98.706 99.046 100.606 101.406 102.096 100.521 100.701 104.139 102.904
82.536 82.661 82.801 82.909 82.974 83.051 83.104 83.161 83.194 83.179 83.169 83.174 83.226 83.274 83.324 83.391 83.441 83.516 83.594 83.719 83.814 83.936 84.071 84.226 84.389 84.601 84.841 85.071 85.399 85.726 86.114 86.504 86.929 87.381 87.846 88.254 88.686 89.106 89.509 89.859 90.206 90.574 90.961 91.339 91.739 92.129 92.546 92.959 93.364 93.784 94.196 94.609 95.021 95.454 95.889 96.301 96.684 97.071 97.441 97.796 98.104 98.719 100.624 101.791 100.964 99.881 100.079 100.444 101.976
82.174 82.309 82.411 82.496 82.571 82.624 82.691 82.731 82.779 82.744 82.751 82.779 82.826 82.874 82.926 83.019 83.086 83.139 83.246 83.344 83.436 83.559 83.706 83.859 84.051 84.231 84.474 84.754 85.066 85.424 85.774 86.156 86.574 87.034 87.466 87.911 88.351 88.744 89.131 89.484 89.834 90.184 90.524 90.909 91.296 91.666 92.061 92.466 92.864 93.264 93.674 94.061 94.461 94.909 95.329 95.704 96.066 96.441 96.819 97.129 97.574 98.944 100.551 100.221 100.889 99.259 100.871 102.241 100.429
81.804 81.931 82.016 82.086 82.144 82.176 82.244 82.301 82.304 82.326 82.324 82.344 82.399 82.451 82.501 82.599 82.664 82.756 82.816 82.904 83.031 83.189 83.329 83.504 83.651 83.881 84.124 84.384 84.679 85.039 85.391 85.804 86.204 86.644 87.119 87.574 87.971 88.411 88.761 89.101 89.424 89.764 90.106 90.474 90.821 91.156 91.559 91.926 92.319 92.699 93.114 93.539 93.941 94.319 94.706 95.076 95.446 95.776 96.106 96.471 96.871 98.941 99.541 99.846 99.754 98.629 101.279 103.681 100.714
81.389 81.476 81.574 81.644 81.691 81.716 81.779 81.796 81.829 81.846 81.854 81.899 81.964 82.026 82.079 82.149 82.249 82.316 82.399 82.516 82.626 82.756 82.921 83.104 83.284 83.501 83.719 83.999 84.311 84.646 85.014 85.406 85.849 86.266 86.694 87.141 87.526 87.971 88.339 88.686 89.046 89.364 89.669 89.991 90.341 90.676 91.021 91.384 91.754 92.134 92.526 92.914 93.321 93.711 94.094 94.459 94.806 95.136 95.461 95.866 96.369 98.381 97.996 98.229 99.326 102.271 100.691 98.514 100.836
80.926 81.029 81.096 81.146 81.186 81.221 81.264 81.291 81.341 81.344 81.361 81.434 81.494 81.579 81.646 81.721 81.809 81.839 81.936 82.069 82.166 82.304 82.491 82.689 82.899 83.081 83.339 83.604 83.901 84.249 84.621 85.041 85.459 85.891 86.314 86.744 87.156 87.516 87.899 88.261 88.594 88.876 89.186 89.516 89.806 90.164 90.491 90.841 91.181 91.579 91.961 92.341 92.734 93.101 93.474 93.811 94.171 94.494 94.844 95.229 96.089 97.746 97.876 96.669 98.416 103.314 101.094 97.771 97.956
80.456 80.544 80.586 80.641 80.671 80.731 80.766 80.816 80.841 80.879 80.891 80.961 81.034 81.124 81.209 81.279 81.339 81.404 81.526 81.606 81.739 81.874 82.034 82.249 82.474 82.656 82.916 83.206 83.499 83.846 84.219 84.619 85.021 85.476 85.926 86.344 86.729 87.094 87.456 87.781 88.076 88.374 88.664 88.946 89.274 89.601 89.946 90.281 90.634 90.991 91.369 91.734 92.094 92.471 92.816 93.176 93.499 93.821 94.206 94.819 95.969 97.586 98.964 96.964 96.624 97.186 98.091 99.169 98.719
79.976 80.056 80.091 80.126 80.156 80.199 80.244 80.286 80.351 80.389 80.444 80.504 80.554 80.659 80.751 80.801 80.866 80.979 81.074 81.176 81.334 81.449 81.634 81.846 82.051 82.254 82.496 82.779 83.086 83.414 83.806 84.221 84.656 85.069 85.506 85.901 86.274 86.656 86.984 87.274 87.554 87.841 88.114 88.404 88.709 89.031 89.339 89.696 89.996 90.344 90.711 91.066 91.424 91.746 92.126 92.449 92.816 93.124 93.506 94.174 96.414 98.581 100.034 99.314 96.214 99.956 97.776 97.759 100.154
79.511 79.551 79.584 79.606 79.659 79.664 79.721 79.784 79.839 79.891 79.969 80.009 80.074 80.191 80.256 80.301 80.361 80.504 80.601 80.706 80.874 80.996 81.229 81.434 81.604 81.824 82.076 82.386 82.696 83.041 83.411 83.836 84.266 84.671 85.101 85.481 85.856 86.229 86.526 86.826 87.076 87.329 87.556 87.831 88.126 88.456 88.726 89.046 89.346 89.699 90.051 90.341 90.701 91.056 91.361 91.696 92.051 92.404 93.024 95.236 97.354 98.509 98.849 98.946 95.686 95.469 98.314 97.916 96.021
79.054 79.096 79.119 79.126 79.129 79.139 79.199 79.276 79.351 79.416 79.471 79.531 79.616 79.689 79.764 79.854 79.914 80.001 80.099 80.264 80.389 80.586 80.769 80.954 81.149 81.374 81.629 81.914 82.251 82.604 82.994 83.399 83.826 84.251 84.644 85.041 85.424 85.761 86.059 86.331 86.574 86.801 87.049 87.319 87.589 87.851 88.106 88.404 88.714 89.046 89.376 89.671 89.994 90.319 90.629 90.936 91.276 91.681 92.556 94.921 96.636 97.291 94.636 98.544 96.279 99.214 97.676 97.981 95.334
78.596 78.624 78.631 78.659 78.639 78.651 78.714 78.776 78.856 78.909 78.984 79.069 79.141 79.189 79.266 79.376 79.414 79.509 79.644 79.784 79.939 80.131 80.314 80.489 80.679 80.954 81.214 81.516 81.819 82.156 82.531 82.939 83.379 83.794 84.196 84.544 84.941 85.294 85.579 85.844 86.059 86.271 86.521 86.756 87.014 87.284 87.529 87.826 88.111 88.389 88.684 89.004 89.326 89.584 89.891 90.219 90.559 91.004 92.906 94.731 96.024 96.281 93.224 98.384 98.069 94.234 96.906 96.184 95.546
78.114 78.116 78.139 78.129 78.169 78.149 78.221 78.291 78.344 78.384 78.464 78.569 78.624 78.691 78.774 78.856 78.946 79.039 79.169 79.301 79.471 79.639 79.796 79.976 80.194 80.449 80.751 81.041 81.354 81.699 82.051 82.431 82.846 83.254 83.656 84.044 84.386 84.729 85.051 85.311 85.501 85.721 85.949 86.186 86.424 86.681 86.941 87.204 87.466 87.721 88.011 88.326 88.581 88.851 89.169 89.509 89.869 90.909 93.251 94.716 95.189 93.091 92.621 97.424 95.374 93.514 94.046 93.629 96.409
77.646 77.666 77.641 77.651 77.644 77.656 77.706 77.794 77.856 77.904 78.009 78.091 78.146 78.211 78.284 78.346 78.424 78.556 78.649 78.816 78.971 79.156 79.296 79.494 79.699 79.944 80.264 80.534 80.841 81.191 81.539 81.939 82.309 82.701 83.084 83.476 83.824 84.166 84.436 84.671 84.889 85.126 85.341 85.521 85.774 86.021 86.279 86.516 86.769 87.014 87.271 87.556 87.819 88.111 88.396 88.746 89.234 90.814 92.544 93.601 93.124 90.764 90.954 92.176 91.511 92.916 95.224 93.599 92.639
77.229 77.191 77.209 77.199 77.196 77.204 77.236 77.306 77.381 77.449 77.524 77.624 77.694 77.766 77.801 77.904 78.009 78.066 78.164 78.346 78.476 78.661 78.844 79.009 79.219 79.464 79.734 80.029 80.309 80.654 81.039 81.401 81.799 82.171 82.556 82.866 83.209 83.534 83.829 84.051 84.276 84.501 84.689 84.889 85.081 85.306 85.566 85.796 86.064 86.321 86.576 86.826 87.064 87.319 87.621 87.924 88.559 90.611 91.311 92.776 90.739 90.001 90.189 92.331 92.331 92.119 92.234 92.596 92.164
76.794 76.776 76.784 76.769 76.789 76.789 76.834 76.874 76.944 77.046 77.096 77.161 77.259 77.309 77.371 77.454 77.554 77.631 77.751 77.891 78.031 78.171 78.359 78.524 78.729 78.949 79.211 79.499 79.786 80.114 80.481 80.836 81.214 81.604 81.934 82.276 82.619 82.901 83.169 83.419 83.644 83.854 84.019 84.224 84.406 84.609 84.824 85.084 85.336 85.599 85.804 86.041 86.266 86.504 86.806 87.146 87.906 89.996 89.514 93.061 92.056 90.599 89.326 90.249 89.816 94.674 97.829 91.961 93.166
