Matlab/Roost_data/braunton/dsm/ss4936_DSM_2M.asc
ncols 500
nrows 500
xllcorner    249000
yllcorner    136000
cellsize     2
NODATA_value -9999
[rows 448 to 479 of 500, columns 355 to 425 of 500]
14.438 14.103 14.086 14.091 14.201 14.138 14.121 14.148 14.148 14.156 14.223 14.193 14.136 14.063 14.566 13.331 13.243 13.183 13.233 13.253 13.203 13.191 13.161 13.116 13.098 13.093 13.106 13.093 13.101 13.088 13.098 13.101 13.106 13.116 13.113 13.118 13.133 13.141 13.146 13.163 13.166 13.171 13.191 13.181 13.176 13.163 13.158 13.143 13.123 13.133 13.171 13.191 13.206 13.246 13.271 13.306 13.348 13.331 13.256 13.253 13.338 14.718 14.628 13.961 14.506 13.628 13.568 13.666 13.718 13.761 13.726
14.391 14.066 14.708 14.308 14.151 14.026 14.021 14.088 14.111 14.111 14.106 14.063 14.056 13.946 14.791 13.293 12.963 12.836 12.951 12.978 12.968 12.966 12.941 12.903 12.881 12.863 12.863 12.866 12.856 12.863 12.878 12.896 12.888 12.903 12.903 12.893 12.913 12.908 12.936 12.963 12.953 12.973 12.968 12.973 12.956 12.968 12.978 12.958 13.058 13.503 13.931 13.851 13.833 14.033 13.948 13.863 14.251 14.428 14.043 14.131 13.951 14.258 14.268 13.783 13.601 13.511 13.526 13.588 13.613 13.661 13.646
13.961 13.973 14.418 13.931 13.898 13.928 13.941 14.006 14.016 14.021 13.996 13.948 13.971 13.913 13.838 14.041 12.811 12.651 12.833 12.806 12.768 12.778 12.723 12.748 12.696 12.671 12.681 12.711 12.688 12.716 12.738 12.748 12.731 12.716 12.681 12.693 12.696 12.701 12.731 12.756 12.771 12.791 12.763 12.733 12.726 12.781 12.791 12.791 13.783 13.346 12.828 12.946 13.431 13.228 13.491 13.588 14.203 14.098 13.866 13.813 13.808 13.458 13.528 14.003 17.076 13.471 13.431 13.538 13.596 13.653 13.611
13.791 13.826 13.831 13.843 13.786 13.953 13.873 13.918 13.971 13.973 13.961 13.823 13.831 13.843 13.656 13.913 13.448 13.406 12.931 13.426 13.436 13.133 13.321 13.311 13.361 12.986 13.021 12.968 12.988 13.373 13.381 13.253 13.266 13.136 13.353 13.336 13.178 13.173 13.088 13.383 13.468 13.183 13.123 13.236 12.686 12.606 12.723 13.296 13.456 12.536 12.633 12.706 12.761 12.813 12.883 12.931 13.056 13.156 13.231 13.286 13.391 13.441 13.436 13.393 16.343 16.558 13.361 13.426 13.488 13.533 13.533
14.553 13.736 13.726 13.706 13.731 13.833 13.783 13.821 13.868 14.513 13.888 13.753 13.631 13.488 13.263 12.716 12.508 12.913 12.878 13.023 12.741 12.581 12.078 12.108 12.418 12.536 12.098 12.233 12.101 12.098 12.121 12.571 12.608 12.848 12.718 12.553 12.793 13.203 12.806 12.966 12.871 12.836 13.523 13.073 12.408 12.468 12.476 12.488 12.513 12.503 12.493 12.573 12.611 12.713 12.831 12.863 12.961 13.003 13.068 13.138 13.196 13.246 13.291 13.313 13.391 13.391 13.323 13.353 13.381 13.413 13.426
14.228 13.623 13.616 13.606 13.583 13.741 15.653 13.676 13.716 13.876 13.753 13.186 13.143 12.398 12.153 11.961 11.963 12.011 12.036 12.038 12.028 12.058 12.046 12.021 12.013 12.016 12.063 12.048 12.056 12.058 12.103 12.148 12.191 12.223 12.216 12.238 12.238 12.233 12.293 12.323 12.346 12.348 12.308 12.298 12.381 12.426 12.418 12.461 12.398 12.413 12.418 12.508 12.621 12.696 12.791 12.843 12.948 13.031 13.051 13.071 13.088 13.178 13.168 13.218 13.281 13.248 13.206 13.241 13.248 13.271 13.273
13.553 13.528 13.483 13.441 13.448 14.316 14.406 13.553 13.191 12.546 12.148 11.968 12.011 12.116 12.118 12.048 12.046 12.081 12.031 11.983 11.958 11.968 11.973 11.996 11.943 11.956 11.996 12.003 11.978 12.006 12.028 12.066 12.136 12.196 12.228 12.246 12.273 12.283 12.278 12.298 12.311 12.348 12.323 12.313 12.336 12.361 12.363 13.516 12.433 13.806 14.058 12.466 12.573 12.673 12.748 12.768 12.826 12.828 12.843 12.868 12.923 12.948 12.981 12.928 12.986 13.036 13.071 13.081 13.118 13.148 13.163
13.391 13.341 13.883 13.823 13.388 13.271 13.346 12.806 11.953 12.043 12.128 12.093 12.121 12.098 12.086 12.111 12.063 11.988 11.931 11.953 11.941 11.951 11.921 11.933 11.933 11.921 11.928 11.958 11.983 11.988 11.986 12.038 12.081 12.156 12.223 12.241 12.266 12.258 12.246 12.258 12.276 12.301 12.288 12.293 12.331 12.336 12.411 13.606 12.576 13.418 13.483 12.423 12.478 12.553 12.623 12.648 12.688 12.721 12.731 12.773 12.806 12.853 12.896 12.903 12.958 12.991 13.021 13.038 13.061 13.081 13.103
13.228 13.326 13.113 13.336 13.253 12.216 11.943 12.141 12.113 12.103 12.101 12.126 12.141 12.103 12.083 12.058 12.011 11.953 11.916 11.918 11.928 11.933 11.941 11.938 11.931 11.943 11.953 11.968 11.961 11.973 12.026 12.038 12.083 12.091 12.158 12.188 12.198 12.206 12.203 12.231 12.238 12.243 12.256 12.286 12.328 12.336 13.546 13.546 12.588 13.368 13.226 12.358 12.501 12.558 12.591 12.623 12.661 12.686 12.718 12.746 12.766 12.798 12.818 12.861 12.881 12.906 12.938 12.966 13.001 13.031 13.051
13.191 12.881 13.223 11.878 11.918 12.031 12.056 12.073 12.071 12.108 12.128 12.131 12.118 12.098 12.036 11.998 11.948 11.916 11.896 11.896 11.893 11.913 11.896 11.918 11.931 11.926 11.918 11.933 11.943 11.963 11.981 11.993 12.018 12.063 12.071 12.123 12.098 12.138 12.126 12.133 12.183 12.208 12.196 12.233 12.281 12.316 13.398 13.398 12.438 13.281 13.193 12.268 12.418 12.531 12.596 12.611 12.631 12.671 12.706 12.743 12.746 12.791 12.811 12.821 12.856 12.888 12.926 12.948 12.983 13.011 13.021
12.008 11.851 11.963 11.981 11.986 12.013 12.043 12.056 12.063 12.078 12.088 12.096 12.091 12.061 12.001 11.943 11.901 11.893 11.858 11.881 11.876 11.903 11.898 11.886 11.908 11.901 11.933 11.918 11.941 11.951 11.976 12.006 12.021 12.041 12.056 12.071 12.076 12.096 12.101 12.148 12.181 12.208 12.228 12.198 12.231 12.251 12.456 13.256 12.398 13.478 12.701 12.313 12.453 12.498 12.551 12.581 12.601 12.628 12.668 12.683 12.706 12.736 12.768 12.778 12.798 12.821 12.861 12.908 12.933 12.958 12.986
11.986 11.968 11.941 11.963 12.008 11.993 12.006 12.008 12.033 12.046 12.043 12.053 12.036 12.011 11.973 11.908 11.863 11.871 11.846 11.891 11.886 11.891 11.888 11.883 11.911 11.893 11.898 11.913 11.956 11.976 12.003 11.998 11.993 12.013 12.056 12.063 12.086 12.088 12.111 12.121 12.156 12.193 12.223 12.198 12.223 12.201 12.563 13.168 12.351 13.626 12.711 12.321 12.451 12.496 12.506 12.551 12.566 12.613 12.636 12.666 12.688 12.726 12.743 12.756 12.776 12.791 12.856 12.883 12.928 12.958 12.986
11.943 11.933 11.931 11.953 11.963 11.958 11.956 11.978 12.006 11.993 11.996 12.018 12.018 12.001 11.956 11.913 11.878 11.843 11.846 11.873 11.853 11.853 11.856 11.853 11.878 11.856 11.868 11.893 11.898 11.931 11.943 11.951 12.001 12.016 12.021 12.018 12.056 12.083 12.111 12.126 12.158 12.208 12.213 12.231 12.226 12.173 12.608 13.131 12.353 13.448 12.388 12.318 12.436 12.483 12.508 12.536 12.553 12.578 12.611 12.646 12.658 12.676 12.701 12.723 12.753 12.763 12.826 12.863 12.886 12.926 12.938
11.911 11.916 11.923 11.938 11.938 11.941 11.943 11.941 11.941 11.966 11.993 11.986 11.956 11.956 11.931 11.906 11.868 11.843 11.808 11.828 11.846 11.851 11.836 11.846 11.846 11.851 11.846 11.871 11.876 11.881 11.893 11.918 11.941 11.973 12.006 12.013 12.016 12.048 12.071 12.098 12.138 12.153 12.186 12.203 12.211 12.158 12.671 13.171 12.351 13.463 12.546 12.316 12.413 12.486 12.518 12.538 12.551 12.573 12.603 12.628 12.651 12.666 12.683 12.708 12.733 12.758 12.796 12.843 12.861 12.913 12.911
11.893 11.896 11.883 11.906 11.918 11.903 11.921 11.926 11.943 11.953 11.951 11.933 11.921 11.896 11.886 11.873 11.841 11.823 11.803 11.818 11.818 11.811 11.828 11.828 11.843 11.856 11.848 11.863 11.863 11.893 11.926 11.931 11.956 11.978 12.001 12.013 12.023 12.023 12.056 12.083 12.106 12.166 12.191 12.198 12.201 12.133 13.226 12.941 12.518 13.271 12.201 12.296 12.401 12.461 12.496 12.513 12.526 12.551 12.583 12.618 12.633 12.656 12.678 12.706 12.728 12.751 12.776 12.821 12.866 12.893 12.903
11.873 11.866 11.846 11.863 11.886 11.896 11.898 11.881 11.893 11.913 11.901 11.876 11.858 11.853 11.843 11.818 11.798 11.791 11.823 11.851 11.796 11.816 11.811 11.848 11.838 11.836 11.856 11.866 11.868 11.883 11.936 11.946 11.963 11.963 11.993 11.991 12.036 12.038 12.063 12.086 12.096 12.131 12.166 12.198 12.206 12.101 13.186 12.786 12.693 13.233 12.128 12.286 12.386 12.436 12.456 12.493 12.503 12.543 12.578 12.593 12.608 12.638 12.653 12.696 12.708 12.723 12.761 12.781 12.813 12.843 12.866
11.861 11.851 11.843 11.853 11.863 11.876 11.848 11.861 11.863 11.856 11.833 11.806 11.803 11.781 11.781 11.771 11.761 11.781 11.803 11.806 11.803 11.826 11.836 11.851 11.843 11.833 11.841 11.878 11.883 11.913 11.918 11.956 11.961 11.971 11.986 12.006 12.026 12.051 12.066 12.078 12.096 12.126 12.173 12.208 12.208 12.083 13.233 12.368 13.131 13.011 12.103 12.278 12.361 12.416 12.441 12.478 12.493 12.516 12.571 12.576 12.601 12.626 12.646 12.681 12.688 12.711 12.756 12.771 12.801 12.836 12.851
11.841 11.818 11.828 11.836 11.846 11.846 11.846 11.821 11.803 11.801 11.791 11.756 11.756 11.763 11.738 11.766 11.756 11.773 11.773 11.791 11.808 11.821 11.826 11.833 11.841 11.831 11.828 11.866 11.881 11.881 11.921 11.951 11.963 11.978 11.981 12.008 12.033 12.056 12.076 12.088 12.116 12.146 12.166 12.186 12.188 12.061 13.288 12.281 13.128 13.233 12.058 12.268 12.366 12.423 12.443 12.463 12.481 12.506 12.548 12.571 12.596 12.618 12.636 12.658 12.666 12.691 12.726 12.751 12.773 12.806 12.838
11.838 11.841 11.818 11.833 11.836 11.833 11.808 11.783 11.771 11.758 11.731 11.703 11.711 11.716 11.731 11.731 11.733 11.743 11.743 11.781 11.778 11.813 11.833 11.841 11.836 11.846 11.841 11.846 11.893 11.921 11.933 11.956 11.983 11.988 11.998 12.018 12.041 12.053 12.081 12.098 12.131 12.158 12.181 12.158 12.158 12.076 13.243 12.121 13.113 13.296 12.003 12.241 12.346 12.391 12.418 12.433 12.451 12.488 12.523 12.558 12.576 12.603 12.623 12.636 12.656 12.673 12.703 12.736 12.768 12.783 12.826
11.798 11.793 11.791 11.818 11.801 11.791 11.761 11.731 11.698 11.686 11.678 11.693 11.686 11.696 11.701 11.703 11.711 11.723 11.733 11.758 11.776 11.801 11.826 11.843 11.848 11.863 11.858 11.881 11.916 11.928 11.948 11.981 11.986 11.991 11.986 11.993 12.028 12.066 12.098 12.126 12.156 12.173 12.203 12.181 12.148 12.146 13.256 12.056 13.141 13.203 11.981 12.221 12.338 12.398 12.418 12.426 12.426 12.473 12.508 12.538 12.561 12.588 12.593 12.608 12.623 12.643 12.686 12.711 12.736 12.766 12.778
11.778 11.771 11.748 11.753 11.751 11.713 11.691 11.668 11.661 11.658 11.653 11.663 11.658 11.673 11.666 11.693 11.678 11.708 11.721 11.763 11.801 11.813 11.858 11.871 11.876 11.868 11.876 11.891 11.913 11.941 11.961 11.966 12.001 12.023 12.026 12.051 12.073 12.091 12.121 12.143 12.148 12.191 12.183 12.163 12.158 12.383 13.238 11.973 13.311 12.246 12.046 12.251 12.331 12.383 12.391 12.413 12.426 12.471 12.513 12.543 12.573 12.588 12.596 12.626 12.636 12.638 12.678 12.711 12.736 12.756 12.758
11.741 11.706 11.683 11.658 11.643 11.626 11.608 11.628 11.626 11.631 11.623 11.621 11.626 11.646 11.651 11.678 11.703 11.726 11.758 11.781 11.821 11.846 11.886 11.893 11.881 11.903 11.908 11.923 11.923 11.956 11.966 12.003 12.033 12.021 12.036 12.033 12.063 12.098 12.121 12.146 12.166 12.186 12.186 12.168 12.113 12.206 13.191 11.943 13.398 12.168 12.128 12.306 12.363 12.403 12.423 12.423 12.451 12.483 12.511 12.541 12.573 12.593 12.608 12.608 12.633 12.641 12.676 12.706 12.726 12.733 12.736
11.648 11.646 11.628 11.606 11.573 11.586 11.606 11.588 11.598 11.611 11.616 11.626 11.631 11.631 11.658 11.678 11.706 11.743 11.768 11.776 11.813 11.846 11.886 11.883 11.893 11.878 11.883 11.883 11.893 11.958 11.971 11.991 11.996 12.021 12.011 12.041 12.066 12.098 12.138 12.151 12.161 12.198 12.201 12.168 12.096 12.268 12.933 12.076 13.213 12.236 12.198 12.316 12.363 12.396 12.391 12.396 12.426 12.466 12.496 12.526 12.551 12.583 12.591 12.603 12.618 12.641 12.671 12.708 12.718 12.741 12.751
11.573 11.541 11.551 11.558 11.551 11.538 11.546 11.571 11.593 11.588 11.601 11.613 11.608 11.648 11.658 11.693 11.716 11.768 11.783 11.796 11.811 11.863 11.886 11.873 11.901 11.898 11.908 11.928 11.921 11.951 11.991 12.023 12.016 12.038 12.033 12.046 12.071 12.111 12.113 12.151 12.193 12.206 12.198 12.163 12.031 12.481 12.808 12.316 13.338 12.106 12.221 12.291 12.336 12.363 12.381 12.391 12.391 12.431 12.471 12.511 12.553 12.568 12.573 12.591 12.603 12.633 12.656 12.673 12.708 12.718 12.736
11.496 11.501 11.493 11.511 11.528 11.543 11.568 11.551 11.576 11.578 11.571 11.603 11.618 11.648 11.663 11.701 11.738 11.781 11.796 11.803 11.823 11.841 11.868 11.886 11.896 11.906 11.923 11.938 11.953 11.968 11.976 12.016 12.021 12.051 12.036 12.056 12.091 12.126 12.143 12.168 12.206 12.213 12.226 12.153 12.051 12.996 12.336 12.661 13.176 12.091 12.218 12.268 12.286 12.318 12.326 12.346 12.373 12.378 12.426 12.471 12.521 12.528 12.531 12.561 12.568 12.606 12.643 12.671 12.711 12.723 12.713
11.451 11.476 11.496 11.508 11.513 11.528 11.533 11.563 11.578 11.596 11.573 11.611 11.631 11.661 11.683 11.731 11.768 11.776 11.791 11.818 11.831 11.871 11.893 11.891 11.921 11.921 11.908 11.921 11.956 11.976 12.013 12.031 12.051 12.073 12.071 12.073 12.126 12.123 12.151 12.198 12.228 12.228 12.231 12.161 12.061 13.208 12.153 12.748 12.976 12.143 12.248 12.326 12.331 12.336 12.333 12.371 12.383 12.421 12.438 12.441 12.451 12.481 12.498 12.503 12.521 12.523 12.576 12.601 12.636 12.666 12.671
11.471 11.486 11.488 11.483 11.518 11.536 11.541 11.561 11.583 11.596 11.588 11.613 11.628 11.653 11.693 11.728 11.768 11.798 11.818 11.833 11.846 11.863 11.878 11.863 11.888 11.926 11.933 11.956 11.983 12.006 12.021 12.056 12.088 12.096 12.103 12.118 12.153 12.146 12.168 12.206 12.221 12.241 12.221 12.153 12.783 13.086 11.871 13.298 12.671 12.181 12.253 12.263 12.308 12.311 12.328 12.341 12.356 12.363 12.381 12.391 12.396 12.431 12.451 12.451 12.491 12.531 12.543 12.576 12.611 12.646 12.661
11.463 11.476 11.486 11.503 11.518 11.526 11.561 11.576 11.586 11.588 11.603 11.623 11.641 11.668 11.701 11.753 11.781 11.803 11.818 11.833 11.846 11.871 11.873 11.888 11.913 11.938 11.958 11.973 11.983 12.023 12.038 12.076 12.096 12.096 12.096 12.111 12.131 12.156 12.183 12.221 12.238 12.256 12.231 12.116 12.826 12.956 11.808 13.198 12.358 12.188 12.283 12.338 12.371 12.371 12.381 12.401 12.386 12.386 12.411 12.418 12.438 12.448 12.478 12.501 12.513 12.546 12.556 12.583 12.616 12.648 12.683
11.476 11.501 11.486 11.488 11.541 11.536 11.556 11.563 11.588 11.611 11.621 11.618 11.636 11.663 11.708 11.736 11.791 11.821 11.838 11.841 11.858 11.876 11.871 11.883 11.901 11.946 11.988 12.021 12.016 12.026 12.056 12.093 12.101 12.106 12.136 12.131 12.163 12.203 12.196 12.233 12.263 12.271 12.201 12.071 12.818 12.808 11.731 12.981 12.718 12.231 12.328 12.376 12.438 12.463 12.451 12.463 12.471 12.448 12.468 12.471 12.501 12.526 12.551 12.551 12.563 12.598 12.621 12.628 12.671 12.708 12.721
11.466 11.466 11.491 11.496 11.541 11.541 11.566 11.578 11.583 11.596 11.608 11.623 11.636 11.673 11.716 11.766 11.793 11.803 11.823 11.841 11.858 11.868 11.896 11.916 11.941 11.966 11.993 11.996 12.018 12.046 12.076 12.111 12.138 12.156 12.161 12.166 12.176 12.208 12.231 12.278 12.266 12.261 12.188 12.008 12.746 12.568 11.763 13.276 12.133 12.253 12.343 12.391 12.448 12.476 12.488 12.486 12.501 12.483 12.496 12.528 12.553 12.573 12.583 12.591 12.608 12.641 12.671 12.688 12.726 12.756 12.771
11.461 11.476 11.511 11.523 11.518 11.536 11.538 11.586 11.603 11.618 11.626 11.621 11.638 11.668 11.703 11.741 11.788 11.808 11.831 11.843 11.868 11.866 11.883 11.903 11.941 11.973 12.003 12.041 12.053 12.091 12.123 12.163 12.166 12.171 12.173 12.176 12.211 12.208 12.241 12.268 12.278 12.256 12.176 11.991 12.951 12.768 11.833 13.131 12.098 12.281 12.363 12.406 12.476 12.503 12.498 12.486 12.481 12.473 12.506 12.511 12.546 12.566 12.576 12.576 12.596 12.648 12.668 12.691 12.703 12.738 12.776
11.468 11.488 11.483 11.516 11.528 11.561 11.563 11.576 11.598 11.606 11.606 11.626 11.651 11.661 11.713 11.753 11.791 11.836 11.838 11.866 11.883 11.901 11.913 11.921 11.953 11.993 12.033 12.058 12.063 12.116 12.141 12.191 12.218 12.218 12.206 12.216 12.206 12.211 12.246 12.283 12.296 12.256 12.151 12.036 12.971 11.998 11.941 13.051 12.051 12.283 12.376 12.416 12.483 12.508 12.523 12.506 12.503 12.496 12.513 12.541 12.548 12.558 12.571 12.578 12.596 12.633 12.651 12.678 12.688 12.713 12.746
