Matlab/Roost_data/braunton/dsm/ss4936_DSM_2M.asc
ncols 500
nrows 500
xllcorner    249000
yllcorner    136000
cellsize     2
NODATA_value -9999
[rows 32 to 63 of 500, columns 0 to 70 of 500]
30.813 31.636 31.093 30.741 32.616 33.366 33.496 33.831 31.288 31.446 31.576 35.231 36.318 35.151 32.316 33.431 32.886 32.436 32.498 32.676 32.723 33.486 32.781 34.226 32.968 34.121 33.053 33.036 33.518 32.963 33.066 33.096 33.168 33.393 33.403 33.356 33.426 33.496 33.566 33.628 33.688 33.756 33.786 33.851 33.886 33.926 33.981 34.048 34.156 34.533 34.746 34.621 36.108 35.851 34.753 34.881 35.086 35.276 35.643 35.898 36.096 36.298 36.486 36.678 36.863 38.028 37.048 37.163 37.278 37.398 38.931
30.981 31.313 30.983 30.803 30.843 33.511 34.581 36.631 35.161 31.573 31.698 34.951 36.111 35.416 34.198 32.206 32.773 32.586 32.601 32.616 32.643 32.666 32.771 32.851 33.343 32.958 33.626 33.386 32.941 33.093 33.056 33.138 33.201 33.266 33.323 33.391 33.446 33.496 34.988 35.521 33.693 33.736 34.393 35.756 35.666 36.133 36.596 37.213 36.646 37.936 37.831 37.913 36.683 38.266 36.861 36.901 35.376 35.783 36.563 36.186 36.421 36.763 36.716 36.898 38.076 37.148 37.378 37.438 37.788 37.571 39.126
31.973 30.676 31.726 30.838 30.836 36.036 37.606 37.468 35.728 31.656 32.111 34.531 35.791 35.753 34.716 32.851 33.193 32.583 32.621 32.656 32.656 32.686 33.026 33.311 32.756 34.538 32.843 32.891 32.948 33.036 33.123 33.171 33.226 33.261 33.311 33.358 33.413 33.996 35.763 35.598 36.176 35.793 36.511 37.068 36.861 36.058 36.391 37.198 37.441 37.621 37.616 36.813 36.828 37.013 40.171 39.183 35.618 36.351 38.141 36.483 36.661 36.743 36.431 38.016 39.586 41.013 41.246 41.461 39.436 37.866 37.986
36.211 32.831 30.998 30.893 30.926 35.663 37.196 38.013 36.148 33.251 36.243 36.548 36.868 36.106 34.933 33.623 34.463 32.848 32.766 34.278 32.913 32.691 32.641 32.671 32.756 32.833 32.891 32.913 32.968 33.026 33.096 33.136 33.183 33.351 33.436 33.498 34.908 36.366 36.296 36.256 36.861 36.171 36.786 36.513 36.186 36.113 36.161 36.748 38.681 39.158 39.193 37.133 36.901 37.033 38.573 37.881 36.038 38.516 37.908 37.131 37.023 37.061 37.191 40.468 42.248 42.496 42.726 42.966 37.926 38.098 38.198
36.266 33.208 31.731 30.996 30.998 34.533 36.826 38.356 36.823 37.131 37.438 37.601 37.336 36.721 35.236 32.411 33.261 32.341 32.413 32.448 32.518 32.601 32.661 32.703 32.766 32.811 32.866 32.883 32.951 33.158 33.313 33.386 33.416 33.413 35.073 35.668 36.278 36.056 36.058 36.068 36.268 36.313 36.733 36.526 36.553 36.143 36.188 36.728 37.613 37.151 37.998 38.523 36.981 36.918 37.338 36.451 36.423 37.678 39.821 38.813 37.186 37.336 37.386 38.718 44.196 43.183 42.916 42.673 38.758 38.358 38.498
36.321 32.666 32.508 33.466 31.621 31.116 36.423 38.048 37.506 37.131 36.753 36.466 34.493 32.046 32.101 32.148 32.248 32.318 32.381 32.451 32.503 32.581 32.633 32.668 32.711 32.781 32.843 33.178 33.313 33.351 33.398 33.383 33.516 36.443 36.773 36.381 36.128 36.088 36.113 36.208 36.333 36.388 36.401 36.478 36.556 36.273 36.333 36.546 37.196 39.506 39.498 38.733 37.156 37.151 36.866 36.793 37.488 37.728 39.056 38.941 38.418 37.613 39.208 40.693 41.911 41.671 41.428 41.183 40.481 39.158 38.821
36.346 33.356 34.196 34.996 33.681 31.116 36.038 37.726 35.663 31.621 31.721 31.781 31.873 31.993 32.063 32.148 32.213 32.256 32.301 32.358 32.428 32.496 32.611 32.706 32.793 32.851 33.216 33.336 33.388 33.391 33.386 34.588 36.933 39.761 37.106 37.443 36.348 36.128 36.203 36.273 36.363 36.468 36.596 36.768 36.556 36.573 36.661 36.641 36.936 37.051 37.076 37.153 37.281 37.248 37.141 37.366 37.591 38.098 38.713 37.971 39.151 39.011 38.761 37.978 38.096 38.101 39.306 38.203 39.638 39.961 39.118
36.416 33.386 34.066 34.823 33.663 31.191 31.328 31.446 31.498 31.628 31.733 31.788 31.878 31.938 31.981 32.048 32.208 32.406 32.513 32.626 32.743 32.818 32.856 32.786 32.883 32.951 33.278 33.361 33.328 34.323 37.833 35.106 36.103 36.608 36.696 37.646 36.528 36.608 36.391 36.361 36.483 36.576 37.383 38.141 37.926 37.121 36.866 36.991 37.038 37.073 37.091 37.361 37.468 37.433 37.408 37.963 37.651 38.101 41.138 39.988 39.356 38.371 38.241 38.146 38.173 38.768 38.613 39.221 39.226 39.328 39.518
30.496 30.621 30.763 30.936 31.091 31.228 31.326 31.423 31.493 31.593 31.676 31.753 32.096 32.101 32.068 32.353 32.423 32.538 32.621 32.743 32.846 32.916 33.018 32.953 33.001 33.083 33.273 33.321 34.163 37.161 36.161 36.556 37.511 36.658 37.136 36.993 36.868 36.693 36.598 36.803 36.838 36.971 37.238 38.261 37.993 37.403 37.628 37.796 37.566 37.383 37.781 37.951 37.653 37.656 37.901 38.153 38.116 38.306 40.978 41.433 39.091 38.548 38.688 38.988 38.798 38.823 39.101 39.378 39.573 39.696 39.858
30.476 30.601 30.736 30.843 30.996 31.083 31.216 31.596 31.511 31.626 31.736 31.871 32.016 32.121 32.228 32.331 32.431 32.533 32.643 32.768 32.876 32.981 33.093 33.211 33.146 33.228 33.378 34.761 36.226 36.076 36.913 37.123 36.676 36.668 36.921 37.828 37.791 36.938 36.783 36.891 36.903 37.138 37.128 37.366 37.521 37.763 37.366 37.896 37.858 38.516 37.883 37.881 37.883 38.013 38.233 38.301 38.368 38.496 38.758 41.378 38.846 39.998 38.808 39.093 39.376 39.481 39.566 39.673 39.883 40.048 40.206
30.333 30.463 31.071 32.621 32.458 32.266 32.063 31.848 33.451 37.243 34.308 34.068 33.936 33.991 34.058 34.086 34.093 34.198 34.123 35.788 34.068 33.773 33.536 33.486 33.328 33.446 33.736 35.116 36.816 36.451 36.643 36.683 36.816 37.053 38.058 37.866 37.743 37.141 37.261 37.213 37.266 37.506 38.358 38.601 37.976 37.921 37.908 39.061 39.626 38.113 37.988 38.286 38.233 38.298 38.466 38.751 38.588 38.791 38.968 42.661 40.006 40.333 39.273 39.533 39.708 39.873 39.818 39.921 40.166 40.338 40.508
33.031 33.033 32.948 32.773 33.716 34.406 34.541 34.551 34.868 34.928 35.181 37.901 37.848 37.816 37.848 37.861 37.743 37.928 38.061 38.106 38.101 38.111 37.666 34.596 33.531 33.606 34.026 34.463 35.488 36.346 39.803 39.918 40.041 40.148 40.201 37.693 37.646 37.463 37.641 37.646 38.081 38.098 38.223 38.218 38.003 38.028 37.973 38.178 38.898 38.556 39.013 38.581 38.441 38.576 38.711 38.808 39.048 39.098 39.608 43.956 43.771 39.853 40.446 39.643 39.916 40.183 40.451 40.241 40.451 40.676 40.838
33.238 33.216 33.443 34.756 34.723 34.863 34.948 35.038 35.091 35.111 35.166 37.996 36.821 35.851 35.808 35.828 35.866 35.893 35.626 35.611 35.641 35.943 37.848 36.328 33.773 33.826 35.198 34.468 35.978 36.393 40.691 40.806 40.926 41.043 41.173 37.451 37.806 38.681 37.711 38.088 38.233 38.206 38.121 38.208 38.138 38.151 38.113 38.913 38.916 38.636 39.188 39.093 38.851 38.906 39.321 39.468 39.276 39.538 39.541 40.468 42.031 39.973 42.543 39.966 40.236 40.551 40.711 40.576 40.931 41.126 41.281
33.433 33.413 35.351 35.266 37.536 38.138 38.391 38.438 35.556 35.161 35.286 38.231 35.921 35.871 35.843 36.063 37.116 41.688 37.666 36.673 35.793 35.791 37.208 38.186 34.016 34.046 34.043 34.301 35.381 36.288 41.591 41.698 41.173 41.936 42.041 37.721 38.526 38.628 38.611 38.056 38.383 38.353 38.363 38.466 38.596 38.423 38.166 38.521 38.811 38.978 39.416 39.436 39.098 39.253 39.343 39.511 39.611 39.878 39.946 40.191 40.386 40.288 43.528 40.431 40.516 40.868 40.958 40.983 41.343 41.396 41.556
33.553 33.911 37.583 38.626 39.296 39.621 38.538 38.453 37.913 35.231 36.818 38.168 36.053 35.868 39.603 41.831 42.263 42.703 38.881 38.351 36.036 36.003 36.018 38.208 34.291 34.286 34.263 34.438 34.633 39.796 42.476 42.581 42.711 42.848 42.966 37.851 39.103 38.813 38.138 38.236 38.456 38.578 38.753 38.843 38.843 38.518 38.703 38.808 38.956 39.218 39.548 39.596 39.643 40.283 39.806 39.871 40.051 40.226 40.328 40.438 41.351 40.726 43.971 41.851 40.801 41.373 41.316 41.366 41.481 41.981 43.238
36.041 34.551 37.126 38.291 39.911 40.331 39.553 39.643 38.206 35.236 35.571 36.348 38.166 36.141 42.386 42.831 43.273 43.531 43.078 36.586 36.168 36.148 37.336 36.238 34.556 34.526 34.538 36.258 35.733 39.368 43.198 43.073 42.968 42.851 42.726 37.493 38.571 38.971 38.593 38.621 38.753 38.923 39.046 39.133 39.093 39.241 39.318 39.331 39.318 39.323 39.556 39.643 40.026 40.113 40.203 40.388 40.318 40.488 41.356 40.801 41.401 46.096 42.496 46.116 41.203 41.288 41.478 42.463 41.831 41.946 42.481
36.223 35.686 35.641 38.026 39.838 40.351 40.066 39.836 38.538 35.121 35.643 35.818 37.566 35.933 43.436 43.356 42.926 42.488 42.048 36.363 36.271 36.288 38.516 34.903 34.828 34.776 34.816 35.556 35.513 35.393 42.303 42.186 41.601 37.101 38.026 37.821 39.053 39.581 38.961 38.983 39.188 39.351 39.408 39.413 39.658 39.483 39.173 39.263 39.318 39.423 39.633 39.696 40.421 40.386 40.456 40.583 40.848 41.028 41.001 41.051 41.086 42.276 45.948 48.043 41.823 43.901 43.931 42.378 42.206 42.396 42.546
36.478 35.916 34.863 37.791 39.053 38.926 38.616 38.333 38.038 37.846 35.501 37.953 36.026 36.271 38.656 42.338 41.901 40.373 36.371 36.341 37.761 38.211 38.108 35.153 35.076 34.998 35.113 35.226 35.418 35.576 38.396 38.376 38.376 38.151 38.478 38.833 39.141 39.508 39.883 39.413 40.321 39.798 39.771 39.968 40.558 40.071 40.188 40.346 40.331 40.451 40.743 40.671 41.178 41.086 40.946 40.901 41.133 41.038 41.701 42.553 43.011 42.136 42.143 44.141 42.816 42.656 43.063 43.076 43.548 43.863 44.278
35.596 34.773 34.941 37.643 36.918 35.888 37.831 37.826 37.826 37.808 35.521 36.198 36.211 36.396 36.193 41.331 40.886 36.386 36.368 36.368 36.381 38.398 35.491 35.398 35.328 35.308 35.248 35.343 35.493 35.593 38.348 38.346 38.351 38.301 38.938 39.166 39.318 39.711 39.846 40.448 40.098 40.256 40.066 40.373 40.483 40.443 40.393 40.563 40.773 40.751 41.176 41.011 41.188 41.278 41.463 41.641 41.698 42.503 42.983 43.333 43.541 42.206 43.366 43.588 44.926 43.828 44.631 43.618 43.706 44.363 43.978
34.686 34.756 34.903 34.963 35.006 35.053 37.813 37.806 37.801 37.586 35.853 36.363 36.368 38.331 36.348 39.501 39.881 37.238 36.388 36.426 38.798 35.963 35.721 36.031 35.588 35.993 36.881 35.946 35.566 35.668 38.326 38.196 38.108 38.623 39.428 39.588 39.808 40.273 40.246 40.876 41.118 40.718 40.503 40.816 40.663 40.888 40.846 40.921 41.056 41.113 41.458 41.348 41.556 41.638 41.683 41.871 42.048 43.056 42.973 44.406 45.796 43.493 43.908 43.408 44.431 48.143 44.308 44.021 44.021 45.991 50.766
35.701 34.878 35.163 35.221 35.028 35.511 35.631 35.801 37.556 37.943 38.728 38.233 37.401 37.588 37.881 36.473 36.433 36.473 36.511 38.896 36.348 36.068 35.956 36.913 35.881 37.013 37.843 37.883 37.273 36.666 38.513 38.878 39.193 39.443 39.856 39.973 40.038 40.488 41.288 41.006 41.446 41.338 41.153 41.496 41.316 41.403 41.441 41.606 41.713 41.946 42.236 41.838 42.158 42.188 42.328 42.476 43.026 42.981 44.268 45.323 46.521 43.893 43.688 43.683 44.873 45.253 45.123 44.426 44.768 44.693 45.496
35.988 35.678 35.563 36.973 36.408 36.291 36.226 36.198 36.171 39.181 39.048 38.893 37.378 39.021 38.501 37.013 37.673 36.701 38.496 36.808 36.401 36.296 37.128 36.188 37.006 38.041 39.008 38.851 38.316 40.431 39.641 39.846 39.941 40.053 40.221 40.233 40.463 40.813 41.343 41.736 41.826 41.601 41.503 41.711 41.511 41.663 41.866 42.013 42.056 42.193 42.311 42.641 44.451 42.523 42.748 42.833 43.216 43.873 43.616 44.588 45.226 44.046 46.656 44.223 44.973 45.553 45.396 45.138 45.728 45.893 45.821
35.241 35.458 36.166 37.923 39.048 39.321 39.538 36.221 36.163 36.748 38.123 37.411 37.421 37.498 37.508 37.226 36.866 36.898 36.831 36.671 36.623 37.656 36.496 37.681 38.056 39.186 39.466 39.628 38.836 39.793 40.333 40.146 44.083 46.043 40.323 40.348 40.826 41.288 41.528 42.441 41.991 41.981 41.843 41.811 42.053 42.211 42.416 43.056 43.011 43.303 43.566 44.403 43.338 43.161 43.378 43.496 43.541 43.726 44.008 44.246 44.353 45.346 45.588 44.733 45.431 46.198 45.886 45.881 46.788 47.061 46.848
35.401 35.496 36.151 40.743 43.241 43.858 42.593 36.316 36.166 36.391 39.926 37.326 37.428 37.566 37.591 38.748 39.391 37.026 36.926 36.903 37.493 36.933 37.408 38.486 39.153 39.726 40.763 40.186 40.151 40.231 43.146 46.293 46.711 47.121 45.956 40.463 41.006 41.626 41.943 42.983 42.456 42.791 42.583 42.691 42.478 42.706 42.921 43.586 43.556 44.128 44.531 44.946 43.523 44.273 43.926 43.916 45.001 44.438 44.518 44.656 45.021 45.296 45.383 45.431 45.756 45.946 46.161 46.608 46.906 47.388 47.616
35.406 35.511 36.153 41.936 44.018 44.061 42.768 39.651 36.186 36.371 37.426 37.701 37.766 37.701 37.671 38.308 37.373 37.233 37.178 37.266 37.963 37.586 39.088 40.021 39.913 40.216 40.661 40.316 40.553 46.546 46.958 47.373 47.801 47.626 47.213 40.883 41.698 42.063 42.416 42.518 42.551 43.003 43.203 43.628 43.058 43.253 43.731 43.496 43.576 43.736 45.051 46.001 44.786 44.833 44.458 44.521 47.176 45.818 45.218 45.293 45.606 46.363 46.558 47.351 47.276 47.276 47.231 48.526 47.386 47.493 47.743
35.408 35.508 36.143 40.831 42.936 44.168 43.011 41.786 37.106 37.248 37.693 37.883 38.093 38.076 37.776 37.593 37.531 37.481 37.418 37.461 39.041 39.791 39.516 44.268 40.488 40.698 40.536 40.971 40.331 47.631 47.801 47.378 46.963 46.538 46.133 41.851 41.398 42.428 42.828 43.006 43.238 43.293 43.568 43.648 43.773 44.268 43.943 44.038 45.071 44.576 44.488 45.366 45.011 44.978 45.041 45.306 45.971 45.721 46.208 46.698 47.351 46.548 47.588 47.733 48.428 48.136 47.828 48.981 49.496 48.136 48.561
35.438 35.743 36.181 38.858 43.326 44.153 43.263 41.993 36.136 37.473 37.906 38.001 38.436 38.053 37.946 37.846 37.776 37.738 37.668 37.776 39.661 39.581 40.931 40.796 40.983 41.226 41.203 40.303 40.501 47.128 46.721 46.303 44.971 41.078 40.531 40.541 41.713 42.898 43.643 43.563 49.966 44.731 44.143 44.278 44.383 44.478 44.608 44.693 44.848 44.983 45.376 45.316 45.611 45.793 46.243 46.308 46.713 46.883 47.296 47.153 47.158 47.026 47.558 47.963 48.518 48.506 49.238 49.398 49.023 48.993 49.353
35.758 35.546 36.353 36.301 42.526 43.786 43.488 42.193 37.721 43.388 38.208 38.323 38.268 38.221 38.153 38.096 38.068 38.043 38.006 38.193 39.891 40.411 40.791 41.186 41.448 41.996 41.713 41.198 40.343 42.411 42.356 40.443 40.456 42.156 42.238 42.601 42.008 43.238 43.981 46.668 51.691 46.663 44.663 44.923 45.081 45.346 45.213 45.286 46.283 46.386 46.146 46.913 46.118 46.391 46.766 46.911 47.616 47.141 47.741 47.591 47.686 47.788 48.121 48.316 48.846 49.103 51.653 49.513 49.651 49.813 50.236
35.556 35.803 36.246 36.228 37.398 38.026 38.606 38.651 38.266 39.603 38.393 38.416 38.373 38.351 38.346 38.348 38.333 38.331 40.033 38.546 39.816 40.601 41.516 41.643 41.976 42.146 42.331 42.163 40.856 40.463 42.098 42.308 42.728 43.008 43.298 43.326 43.243 43.923 44.478 44.933 55.236 45.728 45.251 45.741 45.976 49.658 46.136 47.893 47.748 48.921 47.748 46.821 46.898 47.003 47.386 47.653 48.111 48.106 48.423 48.198 48.463 48.776 48.891 49.173 49.883 49.948 50.638 50.913 50.856 50.598 51.618
35.858 36.318 37.266 38.231 37.326 37.708 38.113 38.343 38.431 38.501 38.518 38.506 38.513 38.588 38.621 38.683 38.701 40.576 38.636 40.363 39.001 40.621 41.951 42.236 42.596 42.863 42.773 42.941 42.851 42.876 43.018 43.258 43.341 44.016 43.428 43.548 43.548 44.291 46.871 49.708 53.321 50.231 46.608 47.328 46.893 49.656 49.021 49.571 50.526 49.791 48.963 47.738 47.843 48.748 48.213 48.691 48.636 48.828 48.866 48.926 49.241 49.511 49.733 50.091 50.898 50.708 51.213 51.411 51.248 51.461 52.061
36.646 37.258 38.868 37.913 38.038 38.211 38.288 38.381 38.473 38.558 38.871 38.661 38.941 39.733 40.068 40.126 39.113 39.018 39.451 39.093 43.231 40.941 41.811 42.923 43.258 49.293 50.741 46.113 43.223 43.336 43.398 43.453 43.451 43.511 44.716 45.506 45.918 46.161 46.298 51.333 52.423 50.326 46.958 47.203 49.726 49.781 48.548 51.173 50.076 50.618 48.663 54.351 51.696 49.936 49.208 49.256 49.641 49.443 49.611 49.951 50.066 50.311 50.548 51.513 51.133 51.626 52.036 52.243 52.293 52.406 52.698
37.973 37.788 37.901 38.046 38.156 38.268 38.358 38.448 38.571 38.691 38.888 39.556 41.261 40.783 40.751 40.958 41.373 39.108 40.211 40.953 43.571 43.201 42.726 44.343 46.006 49.056 52.783 49.103 43.776 44.576 44.746 44.506 45.846 46.101 46.216 46.528 46.643 46.783 47.756 48.201 47.766 47.598 51.011 51.681 49.283 50.108 48.448 48.811 50.303 50.976 50.388 50.188 50.018 49.646 49.801 49.988 50.048 50.193 50.521 50.851 51.051 51.106 51.448 51.983 55.213 52.401 52.933 54.071 53.833 53.626 53.713
