Matlab/Roost_data/braunton/dsm/ss4938_DSM_2M.asc
ncols 500
nrows 500
xllcorner    249000
yllcorner    138000
cellsize     2
NODATA_value -9999
[rows 62 to 92 of 500, columns 0 to 69 of 500]
83.261 78.798 79.593 75.578 75.956 74.088 75.501 70.091 69.773 73.151 73.526 73.348 70.583 67.451 71.526 66.411 68.341 72.141 73.631 64.578 59.351 60.416 69.798 65.763 64.851 66.306 58.376 57.143 54.683 60.236 59.256 50.203 49.406 48.816 49.243 54.621 46.693 44.908 44.763 44.801 43.188 42.521 41.838 40.851 38.983 38.083 37.576 37.298 42.376 38.556 40.063 42.398 37.016 37.086 37.153 37.211 37.188 37.298 37.533 37.371 37.038 37.011 36.941 37.031 36.963 37.013 36.956 36.966 37.001 37.013
86.306 84.148 79.533 72.293 76.726 79.353 78.243 75.901 76.473 72.966 73.271 74.038 76.613 73.446 75.003 70.441 60.061 61.993 61.201 62.098 59.443 57.851 65.276 60.988 58.631 62.556 54.221 52.843 63.403 51.381 50.531 49.948 49.111 48.386 47.638 46.896 45.796 44.721 44.718 44.291 42.828 41.293 45.356 41.193 40.246 37.831 37.548 37.211 37.023 40.026 42.221 44.761 36.976 37.096 37.051 37.146 37.178 37.098 37.068 36.951 36.981 36.983 36.968 36.968 36.978 36.968 36.988 36.931 36.923 36.933
85.058 81.013 80.081 80.213 85.048 74.283 76.408 77.713 75.721 75.971 75.643 75.303 77.053 75.406 70.846 70.538 62.426 67.068 58.411 66.263 67.478 66.958 68.448 62.586 62.981 60.963 54.123 59.728 53.701 51.071 50.278 49.666 48.761 48.063 47.311 46.563 45.106 44.616 44.676 44.088 42.581 40.778 39.836 40.756 38.338 37.588 37.266 37.058 36.958 36.378 37.068 36.683 37.193 37.151 37.101 37.103 37.086 37.066 37.041 36.933 36.943 36.953 36.953 36.976 36.938 36.963 36.946 36.941 36.933 36.928
78.526 72.241 70.953 79.486 77.086 81.798 78.283 71.826 71.331 75.568 73.826 72.986 73.223 69.808 71.096 71.596 69.043 67.483 64.703 65.791 66.031 56.363 55.763 55.258 55.183 55.538 53.311 54.306 53.453 50.838 50.006 49.233 48.573 47.801 47.038 46.088 44.753 44.598 44.563 43.366 41.966 40.376 39.473 38.696 38.276 37.541 37.033 36.896 36.623 36.586 38.868 36.763 37.208 37.123 37.106 37.063 37.121 37.036 36.978 36.958 36.906 36.936 36.941 36.901 36.901 36.866 36.868 36.846 36.891 36.898
84.051 80.891 73.668 69.683 78.048 70.093 66.786 68.031 67.251 74.311 67.008 62.503 68.691 62.631 69.663 63.213 68.843 70.731 69.368 70.221 65.811 68.691 55.848 64.906 68.396 57.048 53.178 52.163 51.678 50.661 49.786 48.971 48.368 48.103 45.606 44.816 44.681 44.593 44.591 43.841 41.458 40.138 39.363 38.453 39.343 37.173 37.081 36.878 36.378 36.998 36.441 36.686 37.101 37.068 37.023 37.036 37.038 37.031 36.971 36.926 36.898 36.908 36.873 36.871 36.798 36.808 36.766 36.853 36.816 36.821
86.496 85.078 83.721 78.548 72.351 67.451 73.826 79.948 70.573 73.776 71.113 62.078 62.523 60.583 61.091 64.826 71.446 70.271 72.348 64.636 70.438 61.633 55.113 66.106 61.586 62.256 64.998 63.601 51.076 50.601 49.681 48.786 47.308 45.218 44.696 44.721 44.603 44.581 44.416 42.816 41.363 39.928 38.906 38.101 37.863 36.883 37.221 38.491 36.371 36.386 36.528 36.993 37.071 36.986 37.011 37.011 37.046 37.001 36.986 36.911 36.906 36.901 36.836 36.813 36.778 36.761 36.826 36.801 36.818 36.841
79.741 77.716 73.841 69.068 77.548 80.381 74.126 74.668 75.578 75.658 69.608 62.971 66.968 67.073 61.881 70.468 68.806 63.721 67.386 67.868 66.388 55.378 57.991 59.788 53.766 52.978 62.431 61.076 61.118 50.108 49.511 48.616 45.661 44.696 44.711 44.623 44.546 44.541 46.483 50.078 43.443 39.606 38.413 37.283 39.956 36.901 37.841 36.368 36.381 37.663 38.228 37.006 37.051 36.921 36.976 36.991 37.003 36.951 37.001 36.906 36.898 36.836 36.856 36.791 36.758 36.778 36.818 36.801 36.811 36.868
81.203 79.758 69.721 68.766 72.261 76.541 70.601 72.178 74.431 73.071 72.958 66.271 62.231 72.003 69.468 67.593 62.331 60.918 68.523 62.033 55.603 56.823 67.996 62.661 65.443 57.198 61.803 66.193 58.838 59.108 56.243 48.466 45.511 44.628 44.548 44.478 47.576 50.363 48.398 42.108 42.778 39.976 37.703 36.906 36.796 36.606 38.921 38.103 38.516 36.903 37.221 37.143 36.951 36.936 36.956 36.933 36.938 36.963 36.918 36.931 36.906 36.863 36.838 36.761 36.726 36.751 36.748 36.718 36.783 36.871
81.781 77.246 70.986 73.186 82.868 77.046 72.538 75.856 74.536 74.266 73.013 66.763 63.513 73.231 68.856 68.883 57.801 57.163 68.501 64.368 64.156 69.128 66.801 58.346 63.243 53.526 57.498 62.291 56.053 53.236 50.503 48.093 45.653 44.641 44.493 44.388 45.003 44.323 43.771 46.253 40.528 38.846 36.911 41.091 36.336 37.801 39.251 37.608 36.968 37.231 36.991 37.018 36.891 36.913 36.903 36.923 36.948 36.908 36.918 36.906 36.851 36.821 36.726 36.746 36.721 36.721 36.753 36.686 36.746 36.863
80.521 79.928 79.081 77.296 76.651 76.593 76.178 74.943 75.476 73.113 73.641 71.953 72.398 68.788 69.258 69.561 67.163 62.311 71.291 59.583 66.968 66.211 69.383 64.483 66.371 60.351 59.201 63.126 50.148 54.461 51.518 47.953 46.251 44.496 44.358 44.258 44.243 44.166 42.698 41.226 39.811 38.076 37.956 42.271 38.181 36.331 37.021 43.066 37.146 37.308 37.011 36.881 36.916 36.903 36.893 36.883 36.888 36.883 36.883 36.846 36.816 36.748 36.681 36.663 36.631 36.668 36.713 36.738 36.803 36.881
82.308 80.546 79.853 74.698 77.426 66.348 79.221 72.663 66.733 63.983 66.126 71.326 73.853 71.326 68.178 69.706 68.761 67.598 67.613 70.883 65.578 63.528 63.231 64.711 63.978 57.321 56.003 58.818 55.296 56.113 48.466 47.686 46.533 45.058 44.356 44.146 44.126 43.971 41.691 40.303 38.823 37.606 36.331 38.458 39.268 41.841 36.358 36.946 37.033 37.043 36.903 36.843 36.878 36.866 36.881 36.881 36.843 36.841 36.888 36.856 36.776 36.713 36.616 36.628 36.693 36.651 36.621 36.746 36.836 36.856
84.108 84.848 80.446 74.076 79.071 75.313 78.378 70.848 69.083 74.533 70.391 71.691 71.228 65.238 60.371 66.418 61.628 67.381 61.266 55.276 65.933 64.498 63.653 66.801 64.043 65.341 58.928 57.276 58.791 56.521 48.903 47.551 46.863 45.241 44.696 44.063 43.931 43.491 49.846 47.858 38.373 36.346 44.091 41.438 36.503 37.026 36.881 37.156 36.978 36.911 36.816 36.851 36.886 36.846 36.853 36.863 36.871 36.856 36.798 36.781 36.791 36.691 36.616 36.676 36.678 36.661 36.651 36.693 36.778 36.773
82.613 82.611 79.338 69.171 76.301 75.568 75.938 71.531 73.101 72.698 71.391 72.391 69.483 68.746 68.991 70.953 57.333 58.658 65.781 57.768 63.266 64.078 53.248 55.206 55.383 66.353 60.938 57.043 58.753 62.338 55.358 47.291 46.258 45.686 45.083 43.826 43.678 43.558 42.873 41.923 38.218 47.873 43.276 36.263 36.833 36.866 36.898 36.978 36.928 36.836 36.818 36.813 36.866 36.853 36.826 36.848 36.796 36.806 36.806 36.756 36.663 36.613 36.668 36.658 36.673 36.611 36.661 36.728 36.781 36.818
81.673 85.208 78.641 78.336 73.486 78.151 74.918 74.013 69.583 69.311 67.591 65.753 63.141 71.061 70.358 68.018 60.303 63.666 67.128 63.491 56.753 63.308 61.916 62.496 55.866 63.173 59.263 59.098 54.481 60.133 49.366 47.246 46.341 45.688 44.993 43.641 43.346 43.238 46.326 39.303 39.068 43.466 36.223 36.291 36.863 36.786 36.803 36.831 36.896 36.786 36.791 36.788 36.781 36.816 36.801 36.831 36.781 36.761 36.788 36.726 36.696 36.626 36.646 36.708 36.691 36.613 36.666 36.711 36.783 36.856
81.693 83.108 79.648 77.166 75.923 76.346 72.571 72.743 73.093 72.323 75.528 69.006 59.488 59.331 70.751 69.338 65.681 61.181 67.843 67.168 66.216 66.128 65.483 65.098 62.416 61.351 61.028 59.456 49.016 56.203 47.586 46.893 46.256 49.416 52.446 43.653 43.078 42.918 42.281 39.546 41.063 40.203 42.473 37.686 37.066 36.783 36.828 36.773 36.773 36.783 36.808 36.781 36.771 36.773 36.783 36.781 36.741 36.738 36.753 36.713 36.691 36.633 36.591 36.636 36.681 36.661 36.626 36.648 36.783 36.861
71.068 79.701 82.268 76.356 67.038 75.223 72.081 72.733 73.886 72.698 73.468 72.403 67.578 70.366 68.973 65.131 64.821 64.098 61.641 63.018 63.238 64.203 64.518 63.188 61.676 66.878 60.713 59.911 55.683 61.236 59.423 59.113 58.606 46.206 44.573 43.523 42.821 42.778 41.236 43.206 38.851 38.278 37.816 37.333 36.878 36.718 36.833 36.793 36.748 36.761 36.768 36.771 36.781 36.771 36.743 36.738 36.686 36.703 36.723 36.718 36.708 36.598 36.626 36.693 36.656 36.638 36.698 36.716 36.758 36.826
77.981 72.816 78.088 77.291 77.181 73.486 74.423 64.546 62.821 67.298 74.383 70.451 70.993 70.721 68.403 72.153 66.206 59.313 56.038 62.278 54.286 59.051 57.798 64.276 59.526 63.013 59.031 60.281 55.656 53.971 60.201 59.548 56.238 45.196 44.388 43.411 42.578 42.496 41.388 39.698 42.778 40.246 36.511 37.656 36.758 36.703 36.773 36.783 36.816 36.721 36.746 36.738 36.748 36.753 36.688 36.688 36.638 36.641 36.716 36.716 36.663 36.558 36.608 36.688 36.676 36.698 36.681 36.746 36.758 36.796
77.906 81.671 79.711 76.928 77.436 70.258 73.503 68.283 73.136 73.003 66.216 72.843 73.013 69.081 68.791 66.446 64.233 65.316 63.628 64.303 58.103 62.401 56.383 63.443 57.463 51.151 64.081 54.378 48.698 48.106 50.051 46.881 46.791 45.113 44.341 43.456 42.306 42.178 41.338 39.903 41.751 38.656 36.203 39.453 37.813 36.831 36.753 36.798 36.801 36.751 36.718 36.741 36.706 36.708 36.646 36.626 36.623 36.651 36.671 36.668 36.606 36.636 36.588 36.678 36.676 36.676 36.713 36.721 36.731 36.788
79.873 79.433 75.691 78.598 78.571 76.003 72.906 70.823 67.846 70.923 70.996 66.218 67.901 64.001 66.901 64.808 56.793 64.808 65.878 64.916 64.396 62.236 64.411 60.886 59.563 51.393 57.721 50.703 55.961 54.336 49.421 52.221 51.826 44.961 44.248 43.311 42.021 41.893 41.186 46.893 40.168 37.456 37.208 36.171 37.986 37.398 36.776 36.743 36.791 36.678 36.703 36.731 36.708 36.671 36.663 36.588 36.536 36.608 36.648 36.666 36.673 36.608 36.576 36.658 36.656 36.673 36.688 36.718 36.741 36.726
76.426 82.331 79.021 79.513 78.726 74.778 64.786 75.991 63.733 75.493 71.371 71.601 71.758 70.526 63.983 67.676 66.036 66.288 60.876 62.311 61.528 69.381 64.306 62.058 59.841 55.191 58.838 54.243 53.028 56.786 56.126 52.773 53.111 52.793 47.756 43.288 41.781 41.533 41.098 39.638 38.643 40.498 41.113 39.276 42.263 38.471 38.233 36.783 36.681 36.596 36.676 36.678 36.638 36.638 36.611 36.598 36.556 36.591 36.658 36.651 36.658 36.693 36.591 36.616 36.643 36.613 36.616 36.681 36.753 36.758
81.066 79.911 72.638 77.983 76.161 71.831 74.246 68.348 71.906 73.708 71.508 71.228 71.551 69.441 65.508 61.286 66.471 67.393 68.098 63.156 62.178 61.848 66.361 63.113 57.926 59.258 64.123 52.351 62.626 60.696 58.553 51.008 45.711 47.518 50.173 43.111 41.631 41.183 40.971 39.533 38.541 39.213 36.846 39.601 43.636 42.296 36.883 36.733 36.671 36.623 36.588 36.638 36.621 36.603 36.546 36.538 36.516 36.506 36.586 36.633 36.643 36.628 36.586 36.626 36.606 36.658 36.678 36.758 36.743 36.681
76.753 70.863 74.008 71.811 72.378 69.448 68.816 74.271 70.286 72.443 61.951 61.086 60.948 72.038 71.321 72.256 65.346 66.328 63.928 64.356 65.596 53.233 56.193 64.688 58.608 51.296 50.863 49.078 57.678 54.698 57.813 53.636 52.756 55.156 53.313 44.396 41.486 40.891 40.836 39.528 38.623 37.738 38.953 42.291 42.571 40.796 38.673 36.671 36.658 36.616 36.621 36.626 36.551 36.538 36.476 36.441 36.386 36.468 36.536 36.583 36.628 36.636 36.631 36.588 36.541 36.628 36.661 36.678 36.716 36.631
75.376 80.161 70.466 66.966 70.101 72.231 78.391 75.943 74.488 66.473 64.713 61.391 60.526 67.078 66.651 69.028 66.211 65.201 57.856 60.743 60.806 53.288 53.866 61.251 58.681 50.398 49.683 56.413 48.331 51.831 49.943 54.996 58.036 53.143 53.031 42.858 42.546 40.663 40.608 39.496 40.611 37.856 36.946 36.678 36.123 39.341 37.511 36.726 36.678 36.593 36.556 36.553 36.461 36.463 36.428 36.381 36.381 36.411 36.441 36.471 36.596 36.603 36.608 36.516 36.541 36.518 36.618 36.578 36.621 36.483
79.488 77.171 74.591 67.508 70.048 74.771 75.488 73.821 71.913 72.606 69.153 61.496 60.818 66.371 69.178 70.548 62.443 65.531 62.913 66.763 55.228 55.431 52.571 54.846 51.053 50.553 53.671 48.913 49.011 57.423 51.496 52.543 52.988 50.923 48.286 43.063 41.901 40.363 40.341 39.388 38.263 37.533 37.778 37.868 43.973 42.361 40.003 36.653 36.606 36.581 36.496 36.526 36.406 36.436 36.343 36.333 36.331 36.433 36.433 36.416 36.528 36.558 36.528 36.456 36.483 36.501 36.551 36.526 36.508 36.086
77.481 72.073 67.831 67.101 66.516 70.066 65.226 70.363 75.593 75.281 71.051 69.288 61.818 61.178 62.981 69.076 67.803 60.388 55.866 55.133 54.896 62.258 56.191 51.768 51.276 53.698 54.943 52.681 48.266 54.896 59.171 45.888 49.591 48.071 43.506 42.671 41.661 40.073 40.003 39.233 38.216 37.693 36.706 36.266 38.193 38.901 41.648 36.623 36.578 36.548 36.471 36.456 36.408 36.301 36.276 39.258 36.333 36.358 37.593 36.373 36.386 36.441 36.493 36.388 36.396 36.471 36.536 36.468 36.423 35.988
69.366 68.913 67.868 67.231 69.323 74.891 65.576 77.581 77.543 66.988 62.616 71.243 62.521 60.213 59.381 58.571 65.591 56.821 55.931 55.118 58.253 62.568 52.606 51.791 51.023 50.368 49.533 48.771 48.053 55.446 55.888 45.798 45.011 44.233 43.393 42.473 41.768 40.646 39.686 39.163 38.063 37.388 36.588 40.526 41.163 36.213 36.118 36.676 36.606 36.568 36.481 36.406 36.351 36.278 36.128 36.618 36.443 39.026 36.521 36.338 36.296 36.326 36.378 36.331 36.371 36.393 36.421 36.381 36.223 36.466
73.808 71.003 68.143 67.413 70.518 75.598 66.286 72.946 64.441 65.981 62.848 65.996 68.966 68.343 62.163 58.813 57.836 56.966 64.893 55.228 61.948 55.628 52.566 57.076 50.938 51.466 49.448 51.398 50.258 49.316 46.476 45.668 49.256 44.313 43.258 42.626 43.903 39.946 39.413 39.646 37.988 39.848 39.991 38.821 41.323 36.146 37.288 36.678 36.631 36.573 36.443 36.306 36.201 36.198 36.263 39.391 35.781 38.733 36.328 36.323 35.966 36.263 36.268 36.228 36.273 36.321 36.323 36.291 35.938 36.551
69.278 68.788 68.683 69.088 67.551 66.681 66.543 65.126 64.596 63.731 63.018 69.918 68.906 67.426 70.688 61.966 65.893 64.013 56.871 55.161 62.673 53.406 52.593 51.663 51.323 62.126 52.383 53.086 47.931 47.148 46.456 49.096 44.868 52.148 44.218 42.236 41.401 40.566 39.148 39.341 38.096 37.126 41.753 36.226 36.076 36.091 39.533 36.623 36.623 36.561 36.418 36.276 36.123 36.278 37.693 36.533 37.508 35.843 36.471 38.111 35.888 36.458 36.246 36.101 36.178 36.283 36.343 36.283 35.806 37.063
69.541 68.821 68.066 67.871 67.581 67.248 66.691 65.561 64.596 63.918 63.193 62.573 61.566 66.708 69.446 68.863 69.963 62.888 56.971 55.266 57.503 57.398 53.828 59.398 51.328 50.053 51.633 49.243 47.768 47.068 48.541 55.903 47.326 44.471 43.143 42.143 41.318 40.383 38.906 39.021 38.308 37.006 36.603 36.126 38.358 40.073 37.918 36.631 36.551 36.493 36.368 36.296 36.228 36.366 35.851 41.588 35.841 35.836 35.988 42.243 37.783 36.356 36.498 36.091 36.078 36.196 36.308 36.078 36.166 36.998
69.571 68.973 68.343 67.951 67.578 66.698 66.193 65.758 65.476 64.788 63.791 62.748 61.893 61.046 61.963 59.136 58.203 57.216 56.288 55.393 54.433 53.636 52.516 51.636 50.816 50.096 49.263 49.701 47.648 46.893 46.091 45.316 44.641 43.746 43.098 41.981 40.988 40.271 38.716 39.636 38.201 36.878 36.596 36.101 36.381 43.128 36.646 37.021 36.573 36.516 36.371 36.333 36.308 36.346 37.221 36.586 40.126 35.783 36.253 37.341 36.796 42.191 39.011 36.313 36.028 36.181 36.141 35.793 36.483 36.743
69.723 75.241 68.611 68.023 68.308 67.683 66.163 65.903 64.873 64.306 63.706 62.988 62.251 61.268 66.763 60.556 59.743 57.866 57.218 57.528 57.813 54.396 53.131 52.131 51.131 50.303 49.676 48.806 48.313 47.311 46.883 46.156 45.263 45.731 43.996 42.791 42.456 40.758 38.611 38.311 38.171 36.611 36.591 38.636 36.083 40.998 41.646 36.561 36.498 36.496 36.406 36.391 36.448 38.421 38.021 35.806 36.278 36.263 36.436 37.111 37.778 36.376 35.898 36.303 36.001 36.011 35.703 36.676 36.586 36.758
