Matlab/Roost_data/braunton/dsm/ss4934_DSM_2M.asc
ncols 500
nrows 500
xllcorner    249000
yllcorner    134000
cellsize     2
NODATA_value -9999
[rows 272 to 305 of 500, columns 0 to 75 of 500]
6.244 6.257 6.259 6.289 6.309 6.312 6.314 6.332 6.347 6.319 6.307 6.322 6.282 6.244 6.237 6.214 6.219 6.232 6.217 6.234 6.229 6.239 6.257 6.189 6.109 6.087 6.104 6.184 6.197 6.244 6.244 6.259 6.294 6.312 6.324 6.347 6.312 6.252 6.232 6.264 6.229 6.202 6.207 6.202 6.187 6.182 6.189 6.154 6.157 6.224 6.227 6.259 6.277 6.267 6.569 7.192 7.497 7.457 6.977 6.382 6.152 6.097 6.077 6.094 6.102 6.112 6.142 6.132 6.127 6.127 6.117 6.129 6.107 6.127 6.104 6.122
6.242 6.249 6.269 6.309 6.307 6.302 6.319 6.339 6.352 6.324 6.309 6.297 6.272 6.259 6.234 6.222 6.209 6.209 6.219 6.244 6.252 6.274 6.214 6.122 6.104 6.112 6.137 6.184 6.239 6.252 6.272 6.287 6.292 6.324 6.327 6.324 6.282 6.269 6.232 6.242 6.234 6.229 6.217 6.207 6.212 6.184 6.164 6.142 6.199 6.227 6.257 6.264 6.249 6.269 6.564 7.182 7.487 7.434 6.989 6.414 6.132 6.077 6.054 6.084 6.082 6.107 6.149 6.142 6.144 6.109 6.094 6.089 6.102 6.099 6.109 6.149
6.227 6.254 6.267 6.279 6.304 6.317 6.322 6.344 6.322 6.324 6.309 6.292 6.287 6.237 6.234 6.214 6.222 6.227 6.264 6.259 6.274 6.262 6.192 6.112 6.112 6.152 6.177 6.222 6.247 6.274 6.277 6.289 6.312 6.342 6.344 6.314 6.252 6.272 6.229 6.222 6.247 6.247 6.217 6.202 6.202 6.192 6.152 6.189 6.224 6.239 6.269 6.229 6.174 6.224 6.567 7.189 7.469 7.427 7.034 6.424 6.097 6.047 6.032 6.052 6.099 6.139 6.147 6.134 6.139 6.132 6.099 6.089 6.107 6.107 6.102 6.119
6.234 6.259 6.277 6.289 6.294 6.302 6.312 6.317 6.362 6.334 6.307 6.299 6.274 6.267 6.259 6.237 6.217 6.259 6.299 6.294 6.317 6.242 6.144 6.129 6.127 6.192 6.217 6.262 6.262 6.282 6.284 6.304 6.324 6.344 6.347 6.307 6.287 6.264 6.219 6.249 6.267 6.247 6.209 6.209 6.194 6.154 6.197 6.229 6.249 6.287 6.254 6.177 6.139 6.182 6.552 7.169 7.482 7.449 6.999 6.437 6.122 6.067 6.047 6.052 6.112 6.114 6.164 6.177 6.177 6.142 6.112 6.107 6.074 6.092 6.089 6.104
6.234 6.244 6.264 6.274 6.279 6.294 6.327 6.342 6.347 6.332 6.299 6.299 6.254 6.252 6.254 6.234 6.234 6.297 6.309 6.322 6.292 6.189 6.127 6.139 6.162 6.224 6.262 6.272 6.284 6.294 6.299 6.309 6.342 6.339 6.324 6.282 6.272 6.264 6.222 6.229 6.267 6.219 6.227 6.187 6.194 6.167 6.244 6.262 6.299 6.262 6.167 6.124 6.144 6.199 6.582 7.209 7.494 7.444 7.022 6.442 6.147 6.077 6.047 6.064 6.132 6.117 6.144 6.172 6.164 6.167 6.127 6.109 6.069 6.064 6.107 6.134
6.227 6.234 6.262 6.254 6.274 6.294 6.322 6.319 6.332 6.329 6.302 6.279 6.279 6.257 6.269 6.242 6.262 6.287 6.332 6.342 6.242 6.127 6.124 6.169 6.222 6.254 6.264 6.287 6.297 6.289 6.324 6.347 6.349 6.349 6.287 6.264 6.262 6.252 6.212 6.244 6.252 6.224 6.197 6.192 6.162 6.189 6.242 6.269 6.312 6.197 6.122 6.119 6.149 6.264 6.614 7.177 7.504 7.479 7.032 6.477 6.147 6.154 6.124 6.122 6.117 6.139 6.147 6.162 6.137 6.132 6.104 6.087 6.064 6.047 6.074 6.114
6.224 6.247 6.249 6.272 6.257 6.277 6.299 6.299 6.334 6.332 6.289 6.274 6.279 6.259 6.234 6.249 6.277 6.304 6.344 6.307 6.164 6.137 6.149 6.197 6.247 6.277 6.262 6.309 6.319 6.337 6.319 6.344 6.344 6.322 6.284 6.269 6.254 6.207 6.219 6.222 6.222 6.234 6.214 6.204 6.194 6.249 6.277 6.307 6.267 6.139 6.117 6.144 6.207 6.334 6.629 7.179 7.524 7.484 7.029 6.472 6.184 6.182 6.189 6.207 6.154 6.162 6.144 6.102 6.117 6.112 6.119 6.087 6.067 6.089 6.094 6.099
6.239 6.227 6.244 6.267 6.277 6.294 6.282 6.317 6.332 6.337 6.282 6.272 6.262 6.257 6.237 6.259 6.302 6.314 6.304 6.252 6.164 6.162 6.194 6.232 6.257 6.294 6.297 6.307 6.339 6.334 6.347 6.344 6.334 6.304 6.287 6.264 6.234 6.237 6.234 6.204 6.219 6.237 6.212 6.194 6.239 6.277 6.304 6.329 6.197 6.124 6.147 6.214 6.259 6.292 6.654 7.202 7.557 7.494 7.007 6.477 6.214 6.202 6.217 6.207 6.184 6.152 6.159 6.137 6.147 6.169 6.159 6.134 6.132 6.124 6.114 6.117
6.229 6.237 6.257 6.264 6.277 6.287 6.294 6.322 6.357 6.312 6.294 6.267 6.264 6.269 6.257 6.277 6.314 6.344 6.277 6.182 6.162 6.189 6.232 6.252 6.299 6.282 6.302 6.314 6.329 6.327 6.337 6.342 6.309 6.279 6.274 6.262 6.264 6.254 6.247 6.224 6.237 6.234 6.219 6.227 6.269 6.277 6.342 6.297 6.172 6.139 6.179 6.227 6.242 6.319 6.654 7.197 7.554 7.499 6.992 6.472 6.202 6.202 6.227 6.199 6.187 6.144 6.154 6.144 6.172 6.199 6.207 6.189 6.179 6.177 6.152 6.149
6.234 6.244 6.274 6.259 6.274 6.294 6.314 6.337 6.352 6.324 6.317 6.292 6.277 6.289 6.299 6.309 6.327 6.304 6.254 6.167 6.162 6.232 6.262 6.294 6.297 6.297 6.319 6.329 6.347 6.364 6.357 6.317 6.282 6.289 6.277 6.252 6.249 6.264 6.212 6.212 6.212 6.217 6.212 6.249 6.282 6.312 6.354 6.254 6.129 6.184 6.202 6.249 6.264 6.312 6.672 7.219 7.542 7.497 7.012 6.452 6.214 6.197 6.222 6.217 6.192 6.187 6.187 6.164 6.174 6.179 6.199 6.199 6.172 6.184 6.159 6.152
6.272 6.294 6.299 6.279 6.287 6.332 6.327 6.322 6.344 6.344 6.329 6.314 6.289 6.294 6.299 6.329 6.334 6.267 6.192 6.182 6.182 6.252 6.264 6.319 6.309 6.319 6.342 6.347 6.374 6.359 6.342 6.284 6.297 6.284 6.257 6.269 6.254 6.237 6.157 6.164 6.177 6.179 6.237 6.264 6.307 6.369 6.332 6.232 6.142 6.197 6.247 6.257 6.287 6.309 6.679 7.232 7.557 7.467 7.027 6.469 6.244 6.259 6.257 6.259 6.242 6.152 6.149 6.094 6.067 6.044 6.009 5.984 5.979 6.039 6.097 6.109
6.294 6.312 6.329 6.322 6.334 6.327 6.327 6.359 6.369 6.354 6.359 6.344 6.337 6.329 6.327 6.367 6.359 6.219 6.177 6.197 6.249 6.292 6.282 6.289 6.332 6.327 6.332 6.354 6.364 6.349 6.309 6.292 6.287 6.269 6.247 6.259 6.242 6.212 6.134 6.149 6.152 6.199 6.267 6.279 6.337 6.354 6.307 6.229 6.144 6.219 6.267 6.269 6.292 6.332 6.699 7.249 7.557 7.464 6.984 6.479 6.307 6.254 6.279 6.287 6.232 6.122 6.027 5.864 5.772 5.674 5.602 5.539 5.527 5.619 5.747 5.849
6.312 6.299 6.302 6.307 6.289 6.304 6.337 6.364 6.369 6.367 6.377 6.359 6.364 6.374 6.377 6.372 6.279 6.179 6.189 6.224 6.274 6.302 6.314 6.312 6.332 6.372 6.349 6.374 6.367 6.334 6.274 6.282 6.274 6.254 6.254 6.262 6.252 6.189 6.162 6.144 6.137 6.252 6.269 6.309 6.349 6.339 6.287 6.222 6.174 6.252 6.267 6.282 6.287 6.342 6.704 7.269 7.532 7.469 6.972 6.492 6.252 6.249 6.309 6.289 6.174 6.079 5.842 5.607 5.357 5.277 5.202 5.159 5.129 5.154 5.244 5.354
6.317 6.294 6.307 6.309 6.329 6.344 6.349 6.357 6.357 6.347 6.389 6.382 6.374 6.387 6.374 6.317 6.204 6.197 6.212 6.287 6.299 6.307 6.324 6.342 6.337 6.344 6.362 6.372 6.352 6.307 6.287 6.264 6.262 6.284 6.242 6.252 6.227 6.224 6.202 6.164 6.197 6.272 6.287 6.377 6.374 6.319 6.269 6.217 6.209 6.257 6.287 6.279 6.292 6.334 6.689 7.269 7.549 7.482 6.964 6.494 6.269 6.279 6.312 6.272 6.159 5.922 5.632 5.254 4.847 4.927 4.939 4.909 4.937 4.919 4.957 4.959
6.292 6.304 6.289 6.304 6.329 6.337 6.314 6.324 6.342 6.337 6.359 6.377 6.362 6.399 6.374 6.254 6.197 6.197 6.267 6.289 6.322 6.327 6.352 6.332 6.354 6.364 6.369 6.367 6.324 6.284 6.274 6.264 6.232 6.249 6.232 6.242 6.207 6.197 6.192 6.174 6.239 6.272 6.334 6.389 6.359 6.307 6.254 6.224 6.242 6.252 6.294 6.284 6.299 6.364 6.724 7.269 7.547 7.474 6.949 6.474 6.289 6.289 6.319 6.304 6.082 5.779 5.422 5.099 4.909 4.902 4.912 4.897 4.874 4.904 4.922 4.939
6.284 6.284 6.282 6.284 6.279 6.309 6.304 6.304 6.337 6.342 6.342 6.349 6.394 6.424 6.332 6.214 6.214 6.262 6.284 6.332 6.337 6.332 6.359 6.359 6.354 6.402 6.379 6.344 6.292 6.274 6.272 6.244 6.229 6.239 6.239 6.219 6.202 6.194 6.157 6.184 6.252 6.307 6.372 6.357 6.352 6.314 6.269 6.277 6.249 6.277 6.314 6.287 6.294 6.374 6.712 7.242 7.564 7.487 6.959 6.504 6.317 6.299 6.334 6.307 6.059 5.639 5.259 5.029 4.917 4.924 4.874 4.887 4.887 4.897 4.939 4.929
6.257 6.277 6.262 6.259 6.254 6.292 6.292 6.319 6.322 6.339 6.357 6.414 6.424 6.389 6.272 6.227 6.224 6.254 6.314 6.329 6.312 6.357 6.347 6.359 6.374 6.377 6.342 6.309 6.267 6.259 6.237 6.247 6.217 6.219 6.222 6.202 6.182 6.177 6.167 6.209 6.262 6.329 6.384 6.359 6.342 6.302 6.292 6.264 6.277 6.287 6.307 6.262 6.279 6.362 6.707 7.199 7.547 7.484 7.009 6.534 6.337 6.264 6.327 6.304 6.054 5.562 5.147 4.897 4.929 4.934 4.892 4.902 4.889 4.912 4.942 4.912
6.274 6.282 6.259 6.282 6.262 6.272 6.307 6.299 6.312 6.347 6.387 6.409 6.379 6.297 6.219 6.249 6.262 6.304 6.324 6.337 6.354 6.369 6.359 6.372 6.382 6.372 6.332 6.297 6.259 6.287 6.264 6.239 6.239 6.212 6.199 6.184 6.182 6.177 6.234 6.272 6.304 6.339 6.332 6.324 6.339 6.309 6.264 6.277 6.269 6.279 6.297 6.262 6.317 6.367 6.662 7.192 7.532 7.457 7.019 6.547 6.302 6.307 6.314 6.312 6.082 5.554 5.082 4.859 4.849 4.889 4.907 4.904 4.902 4.899 4.902 4.917
6.297 6.307 6.287 6.262 6.274 6.259 6.302 6.314 6.322 6.364 6.417 6.412 6.337 6.244 6.259 6.279 6.307 6.332 6.349 6.369 6.364 6.377 6.379 6.379 6.384 6.362 6.324 6.279 6.262 6.274 6.242 6.222 6.234 6.187 6.207 6.197 6.179 6.197 6.279 6.317 6.354 6.344 6.317 6.317 6.324 6.294 6.287 6.272 6.227 6.264 6.287 6.264 6.304 6.339 6.662 7.154 7.532 7.462 7.029 6.532 6.322 6.282 6.329 6.312 6.059 5.564 5.067 4.849 4.837 4.887 4.849 4.874 4.904 4.877 4.872 4.889
6.332 6.319 6.312 6.312 6.279 6.262 6.302 6.317 6.322 6.359 6.419 6.409 6.334 6.259 6.257 6.299 6.347 6.342 6.344 6.392 6.382 6.372 6.364 6.397 6.392 6.329 6.312 6.264 6.254 6.242 6.257 6.249 6.242 6.227 6.234 6.184 6.172 6.252 6.267 6.332 6.334 6.304 6.297 6.314 6.287 6.287 6.269 6.264 6.239 6.269 6.297 6.267 6.289 6.304 6.637 7.149 7.522 7.484 7.067 6.574 6.359 6.269 6.294 6.309 6.079 5.567 5.064 4.847 4.862 4.897 4.864 4.872 4.882 4.902 4.909 4.919
6.352 6.347 6.332 6.314 6.287 6.304 6.317 6.319 6.359 6.402 6.412 6.377 6.289 6.282 6.289 6.344 6.349 6.362 6.372 6.392 6.382 6.392 6.402 6.412 6.387 6.324 6.297 6.272 6.259 6.237 6.244 6.254 6.224 6.214 6.202 6.187 6.224 6.267 6.312 6.349 6.314 6.254 6.269 6.272 6.237 6.239 6.269 6.242 6.224 6.242 6.257 6.252 6.279 6.312 6.659 7.177 7.512 7.454 7.064 6.549 6.294 6.234 6.252 6.244 6.052 5.582 5.064 4.827 4.869 4.892 4.889 4.867 4.892 4.882 4.884 4.904
6.372 6.369 6.347 6.312 6.317 6.317 6.317 6.352 6.412 6.437 6.392 6.319 6.259 6.307 6.329 6.362 6.362 6.372 6.397 6.377 6.402 6.397 6.382 6.387 6.349 6.309 6.297 6.269 6.254 6.249 6.259 6.244 6.219 6.237 6.209 6.194 6.252 6.294 6.359 6.324 6.287 6.239 6.254 6.239 6.239 6.229 6.222 6.242 6.192 6.207 6.219 6.234 6.282 6.319 6.642 7.169 7.527 7.484 7.012 6.599 6.302 6.249 6.239 6.217 6.029 5.587 5.107 4.869 4.874 4.887 4.907 4.917 4.869 4.867 4.889 4.902
6.399 6.384 6.372 6.344 6.347 6.334 6.334 6.382 6.407 6.419 6.354 6.284 6.277 6.319 6.357 6.382 6.379 6.392 6.387 6.392 6.404 6.439 6.409 6.382 6.339 6.317 6.289 6.279 6.257 6.249 6.227 6.232 6.217 6.207 6.184 6.247 6.279 6.304 6.359 6.302 6.232 6.202 6.244 6.239 6.227 6.232 6.224 6.242 6.189 6.177 6.209 6.227 6.274 6.319 6.622 7.217 7.494 7.472 7.027 6.567 6.294 6.259 6.254 6.249 6.022 5.602 5.122 4.889 4.874 4.909 4.922 4.922 4.884 4.894 4.904 4.887
6.422 6.389 6.404 6.387 6.367 6.349 6.372 6.417 6.394 6.379 6.299 6.259 6.302 6.364 6.369 6.382 6.384 6.404 6.399 6.414 6.434 6.409 6.422 6.342 6.319 6.309 6.297 6.247 6.257 6.267 6.262 6.224 6.217 6.209 6.192 6.297 6.269 6.377 6.322 6.277 6.197 6.199 6.242 6.232 6.222 6.232 6.262 6.237 6.177 6.144 6.199 6.224 6.272 6.327 6.614 7.192 7.487 7.449 7.014 6.532 6.267 6.282 6.269 6.232 6.057 5.624 5.159 4.882 4.889 4.889 4.917 4.922 4.882 4.862 4.884 4.889
6.414 6.419 6.424 6.419 6.387 6.367 6.404 6.439 6.392 6.329 6.282 6.279 6.347 6.387 6.399 6.397 6.419 6.424 6.427 6.429 6.427 6.422 6.377 6.342 6.314 6.309 6.279 6.247 6.284 6.299 6.294 6.287 6.229 6.204 6.252 6.289 6.347 6.364 6.299 6.277 6.184 6.194 6.254 6.219 6.202 6.234 6.239 6.267 6.197 6.169 6.199 6.219 6.267 6.302 6.622 7.189 7.467 7.424 6.999 6.497 6.309 6.299 6.289 6.267 6.112 5.632 5.169 4.914 4.922 4.917 4.904 4.922 4.884 4.884 4.899 4.879
6.434 6.409 6.427 6.412 6.382 6.414 6.437 6.412 6.387 6.317 6.299 6.329 6.394 6.404 6.417 6.422 6.427 6.444 6.442 6.444 6.442 6.407 6.374 6.352 6.299 6.284 6.289 6.274 6.317 6.312 6.314 6.299 6.254 6.262 6.269 6.304 6.379 6.367 6.307 6.252 6.197 6.209 6.229 6.227 6.234 6.249 6.242 6.247 6.189 6.184 6.217 6.239 6.264 6.317 6.649 7.222 7.487 7.397 6.977 6.454 6.287 6.282 6.267 6.252 6.089 5.629 5.157 4.874 4.912 4.924 4.912 4.869 4.889 4.892 4.892 4.914
6.437 6.434 6.424 6.422 6.392 6.414 6.424 6.402 6.354 6.329 6.297 6.372 6.394 6.409 6.427 6.462 6.442 6.459 6.444 6.459 6.442 6.409 6.367 6.322 6.324 6.287 6.257 6.314 6.312 6.319 6.292 6.267 6.264 6.274 6.289 6.399 6.372 6.289 6.277 6.234 6.177 6.229 6.202 6.194 6.249 6.262 6.257 6.242 6.192 6.144 6.212 6.252 6.297 6.342 6.679 7.259 7.494 7.399 6.989 6.507 6.307 6.282 6.269 6.239 6.112 5.622 5.137 4.904 4.904 4.912 4.932 4.899 4.904 4.924 4.894 4.919
6.447 6.449 6.457 6.427 6.444 6.422 6.422 6.382 6.314 6.289 6.352 6.402 6.429 6.449 6.449 6.452 6.444 6.462 6.459 6.467 6.422 6.359 6.359 6.327 6.304 6.302 6.307 6.329 6.314 6.297 6.284 6.274 6.297 6.279 6.362 6.432 6.362 6.319 6.292 6.262 6.254 6.227 6.224 6.199 6.247 6.277 6.277 6.257 6.197 6.184 6.234 6.277 6.304 6.374 6.687 7.272 7.509 7.407 6.992 6.509 6.349 6.299 6.287 6.249 6.112 5.647 5.152 4.914 4.909 4.927 4.934 4.922 4.947 4.937 4.944 4.932
6.467 6.452 6.452 6.457 6.432 6.419 6.399 6.367 6.319 6.339 6.419 6.434 6.439 6.469 6.472 6.459 6.472 6.469 6.484 6.447 6.404 6.359 6.337 6.319 6.304 6.332 6.352 6.322 6.334 6.312 6.284 6.297 6.294 6.304 6.417 6.407 6.339 6.284 6.267 6.282 6.267 6.227 6.227 6.237 6.274 6.284 6.294 6.254 6.189 6.199 6.254 6.312 6.329 6.372 6.702 7.304 7.509 7.422 6.982 6.519 6.317 6.297 6.342 6.319 6.119 5.679 5.167 4.914 4.927 4.899 4.942 4.949 4.982 4.967 4.979 5.014
6.467 6.444 6.459 6.457 6.449 6.422 6.402 6.354 6.342 6.389 6.432 6.457 6.457 6.479 6.474 6.459 6.477 6.487 6.459 6.442 6.389 6.354 6.334 6.329 6.297 6.339 6.354 6.344 6.322 6.287 6.264 6.284 6.272 6.367 6.427 6.394 6.334 6.259 6.292 6.277 6.277 6.247 6.249 6.259 6.292 6.314 6.312 6.264 6.224 6.239 6.264 6.284 6.337 6.394 6.707 7.339 7.517 7.394 6.959 6.517 6.359 6.322 6.347 6.344 6.167 5.692 5.134 4.924 4.909 4.922 4.939 4.959 4.974 4.969 4.979 4.997
6.469 6.474 6.469 6.452 6.449 6.417 6.374 6.344 6.382 6.449 6.462 6.474 6.497 6.494 6.469 6.492 6.492 6.489 6.459 6.414 6.392 6.357 6.342 6.312 6.282 6.314 6.354 6.337 6.324 6.304 6.284 6.264 6.319 6.407 6.434 6.392 6.304 6.249 6.324 6.284 6.267 6.252 6.244 6.284 6.317 6.314 6.304 6.277 6.252 6.224 6.284 6.302 6.349 6.399 6.724 7.327 7.517 7.387 6.962 6.502 6.394 6.349 6.394 6.397 6.219 5.697 5.154 4.904 4.897 4.924 4.962 4.997 4.989 4.974 4.997 4.987
6.484 6.477 6.484 6.477 6.432 6.412 6.359 6.379 6.429 6.447 6.459 6.489 6.502 6.512 6.502 6.507 6.514 6.492 6.449 6.372 6.367 6.339 6.327 6.317 6.307 6.274 6.287 6.314 6.297 6.297 6.269 6.249 6.422 6.442 6.419 6.372 6.294 6.272 6.339 6.314 6.287 6.284 6.264 6.304 6.327 6.324 6.337 6.284 6.234 6.242 6.319 6.329 6.397 6.427 6.757 7.359 7.512 7.387 6.964 6.552 6.409 6.367 6.424 6.439 6.229 5.677 5.167 4.904 4.904 4.967 4.962 4.997 5.024 4.972 4.982 4.937
6.497 6.502 6.494 6.502 6.444 6.364 6.374 6.429 6.477 6.467 6.509 6.509 6.517 6.527 6.509 6.494 6.504 6.464 6.417 6.399 6.374 6.334 6.317 6.304 6.297 6.282 6.259 6.242 6.307 6.274 6.257 6.349 6.449 6.439 6.412 6.367 6.324 6.307 6.352 6.312 6.307 6.297 6.312 6.357 6.357 6.347 6.342 6.327 6.292 6.274 6.329 6.349 6.412 6.477 6.779 7.357 7.549 7.392 6.974 6.549 6.419 6.427 6.449 6.457 6.244 5.677 5.144 4.897 4.917 4.942 4.954 4.972 5.002 4.967 4.974 4.982
6.522 6.517 6.494 6.494 6.387 6.377 6.402 6.457 6.487 6.502 6.504 6.527 6.534 6.527 6.544 6.524 6.494 6.437 6.414 6.389 6.372 6.339 6.314 6.307 6.274 6.282 6.249 6.237 6.184 6.197 6.274 6.452 6.462 6.424 6.394 6.374 6.319 6.332 6.354 6.329 6.314 6.319 6.327 6.344 6.352 6.362 6.377 6.347 6.322 6.309 6.364 6.379 6.434 6.489 6.772 7.374 7.529 7.424 6.999 6.624 6.494 6.427 6.464 6.467 6.232 5.657 5.114 4.917 4.917 4.939 4.924 4.934 4.982 4.934 4.987 4.997
