Matlab/Roost_data/braunton/dsm/ss4937_DSM_2M.asc
ncols 500
nrows 500
xllcorner    249000
yllcorner    137000
cellsize     2
NODATA_value -9999
[rows 320 to 351 of 500, columns 284 to 354 of 500]
56.906 56.973 57.026 57.066 57.081 57.103 57.086 57.061 57.203 59.136 59.098 57.631 58.648 57.701 57.716 57.808 57.896 57.971 58.073 58.123 58.163 58.233 58.288 58.321 58.386 58.426 58.488 58.543 58.603 58.676 58.723 58.761 58.753 58.821 58.816 58.851 58.841 58.888 58.906 58.966 58.991 59.041 59.078 59.148 59.186 59.208 59.228 59.301 59.426 60.003 59.248 57.501 57.716 57.903 59.731 59.698 59.878 60.278 61.596 61.046 60.566 60.796 60.881 60.521 60.766 60.466 60.588 60.628 60.628 60.638 60.848
56.553 56.598 56.681 56.688 56.726 56.693 56.668 57.828 57.776 57.156 56.888 56.998 58.276 59.361 57.353 57.428 57.523 57.601 57.678 57.716 57.771 57.811 57.873 57.943 58.001 58.048 58.081 58.163 58.211 58.233 58.293 58.326 58.338 58.413 58.421 58.426 58.446 58.476 58.518 58.608 58.671 58.688 58.741 58.768 58.751 58.818 58.843 59.203 60.013 57.673 57.038 57.258 57.511 60.406 60.518 59.246 59.458 59.618 59.766 59.721 60.078 60.888 60.431 60.551 61.058 60.448 60.601 60.178 60.228 60.353 60.411
56.206 56.243 56.261 56.308 56.291 56.288 57.106 58.788 56.896 56.431 56.456 56.536 57.356 59.021 56.973 57.013 57.131 57.241 57.306 57.348 57.406 57.431 57.456 57.516 57.563 57.616 57.668 57.756 57.803 57.858 57.881 57.923 58.001 57.963 57.988 58.021 58.046 58.066 58.146 58.238 58.266 58.293 58.391 58.381 58.373 58.433 59.076 58.861 56.876 56.633 56.826 57.506 60.971 58.953 60.256 58.876 59.103 59.343 59.393 59.348 59.441 59.868 60.176 60.058 59.921 59.878 59.953 59.906 59.918 60.048 62.881
55.856 55.911 55.921 55.906 55.926 57.673 57.233 56.263 56.091 56.086 56.086 56.111 56.256 58.393 59.146 56.646 56.718 56.831 56.926 56.963 56.993 57.118 57.061 57.106 57.178 57.223 57.276 57.336 57.421 57.476 57.526 57.513 57.551 57.561 57.646 57.656 57.696 57.713 57.781 57.878 57.926 57.908 57.988 57.961 58.061 59.721 57.633 56.081 56.246 56.406 58.531 58.638 58.606 58.428 58.461 58.586 58.771 58.881 58.926 58.941 58.958 59.893 61.998 59.903 59.541 59.511 59.476 59.553 60.478 61.046 59.683
55.488 55.536 55.531 55.583 59.646 56.346 55.661 55.998 55.753 55.766 55.763 55.776 55.851 57.271 57.741 56.236 56.301 56.416 56.531 56.578 56.583 56.668 56.678 56.718 56.786 56.816 56.891 56.946 57.018 57.066 57.098 57.136 57.193 57.191 57.218 57.278 57.308 57.346 57.446 57.491 57.493 57.523 57.523 57.758 58.521 56.813 55.658 55.868 56.026 58.538 59.371 58.033 57.913 58.086 58.223 58.348 58.433 58.501 58.506 58.543 58.558 58.936 59.266 59.646 59.228 59.263 59.223 59.173 59.243 60.678 62.303
55.178 55.088 55.351 55.693 55.403 55.451 55.346 55.468 55.481 55.496 55.473 55.478 55.688 56.571 56.623 55.921 55.923 56.043 56.146 56.206 56.226 56.306 56.288 56.306 56.371 56.403 56.466 56.558 56.611 56.706 56.713 56.753 56.773 56.821 56.833 56.953 56.933 56.996 57.036 57.091 57.093 57.211 57.146 57.781 55.831 55.303 55.483 55.901 58.481 57.833 57.523 57.561 57.513 57.681 57.926 58.081 58.128 58.176 58.188 58.171 58.243 58.473 60.298 59.033 58.893 58.906 58.861 58.881 58.926 58.938 58.991
54.686 55.723 56.116 54.976 55.151 55.291 55.716 55.056 55.171 55.168 55.171 55.163 55.158 55.573 56.636 56.656 55.526 55.643 55.933 55.821 55.851 55.888 55.911 55.933 55.988 56.031 56.111 56.138 56.223 56.258 56.331 56.391 56.383 56.421 56.493 56.543 56.551 56.673 56.656 56.678 57.231 57.198 56.501 54.861 54.951 55.111 56.323 57.146 59.413 57.693 57.111 57.121 57.138 57.308 57.608 57.778 57.856 57.841 57.836 57.858 57.873 57.953 58.181 62.398 58.598 58.651 58.558 58.533 58.558 58.566 58.636
55.776 55.616 54.468 54.508 54.661 54.741 54.831 55.546 54.813 54.868 54.871 54.808 54.893 55.636 56.431 56.811 55.121 55.248 55.481 55.498 55.483 55.491 55.551 55.543 55.591 55.643 55.731 55.781 55.828 55.903 55.971 55.976 56.031 56.056 56.143 56.223 56.206 56.228 56.233 56.228 58.413 55.493 54.383 54.616 54.751 56.556 56.903 59.481 59.018 56.691 56.648 56.693 56.813 56.938 57.268 57.473 57.511 57.511 57.508 57.538 57.558 57.598 61.351 63.318 58.466 58.303 58.231 58.191 58.231 58.273 58.286
54.168 54.158 54.218 54.256 54.316 54.386 54.436 54.486 54.516 54.543 54.518 56.546 56.131 54.928 55.803 55.391 55.311 54.871 54.961 55.041 55.128 55.116 55.141 55.208 55.241 55.316 55.363 55.376 55.511 55.561 55.606 55.631 55.668 55.748 55.816 55.796 55.816 55.853 56.261 55.238 54.466 54.046 54.258 54.398 56.188 57.741 56.506 58.013 56.318 56.298 56.348 56.423 56.513 56.658 56.918 57.171 57.223 57.196 57.193 57.206 57.263 57.316 57.356 61.793 62.503 57.933 58.361 57.858 57.926 57.958 57.936
53.828 53.866 54.071 54.048 54.023 54.048 54.146 54.223 54.533 54.201 56.558 56.233 56.078 56.906 54.716 54.901 54.511 54.513 54.571 54.691 54.751 54.758 54.771 54.801 54.846 54.921 54.998 55.016 55.063 55.196 55.258 55.291 55.361 55.438 55.426 55.426 55.463 56.046 57.971 53.866 53.693 53.878 54.226 56.578 57.708 58.441 57.491 55.986 55.951 55.973 56.061 56.138 56.218 56.366 56.568 56.886 56.926 56.931 56.911 56.913 56.931 56.981 57.056 57.228 57.751 57.676 58.383 57.583 57.611 57.641 57.633
52.628 54.271 53.656 53.753 53.781 53.868 53.911 54.856 53.793 53.823 54.281 55.961 56.441 54.096 54.396 54.841 54.226 54.121 54.183 54.293 54.376 54.418 54.406 54.458 54.508 54.558 54.616 54.721 54.728 54.811 54.913 54.998 55.041 55.053 55.053 55.051 55.986 57.591 57.641 53.346 53.536 54.348 56.553 58.073 56.203 55.643 55.628 55.618 55.628 55.681 55.758 55.818 55.981 56.071 56.233 56.568 56.666 56.638 56.613 56.601 56.608 56.666 56.893 56.843 57.418 57.373 57.536 57.301 57.591 57.751 57.318
52.626 52.901 53.258 53.386 53.591 53.626 53.701 53.801 53.773 53.791 54.501 54.593 53.646 53.698 53.778 54.668 53.898 53.653 53.798 53.893 53.993 54.051 54.038 54.131 54.148 54.208 54.326 54.361 54.401 54.498 54.581 54.658 54.658 54.688 54.626 55.468 55.223 55.206 53.011 53.166 55.591 57.483 55.563 55.291 55.268 55.256 55.241 55.271 55.328 55.406 55.446 55.598 55.668 55.751 55.921 56.221 56.346 56.363 56.323 56.298 56.281 56.363 56.366 60.538 57.146 57.023 57.083 57.093 58.023 56.908 56.936
51.846 52.613 52.731 53.011 53.393 54.636 54.736 53.541 53.428 55.623 53.998 53.311 53.398 53.463 53.663 53.711 53.868 53.376 53.448 53.536 53.651 53.726 53.703 53.733 53.776 53.838 53.933 54.008 54.113 54.153 54.246 54.246 54.283 54.246 55.071 54.116 52.993 52.701 52.816 54.223 56.333 55.316 54.846 54.896 54.913 54.918 54.921 54.938 55.026 55.136 55.221 55.303 55.381 55.451 55.606 55.868 56.018 56.058 56.028 56.001 55.971 56.026 56.081 56.151 59.816 56.846 57.171 57.013 56.671 57.991 56.618
51.323 52.961 52.681 52.703 54.078 54.753 54.833 54.673 56.018 53.506 52.966 53.118 53.398 53.403 53.596 52.926 55.041 53.136 53.051 53.158 53.236 53.366 53.426 53.413 53.483 53.521 53.568 53.701 53.746 53.833 53.871 53.883 53.923 55.813 54.751 52.393 52.368 52.716 54.728 57.776 57.128 54.463 54.551 54.548 54.573 54.581 54.613 54.671 54.788 54.861 54.901 54.978 55.038 55.138 55.258 55.463 55.691 55.723 55.683 55.663 55.653 55.731 55.753 55.801 56.036 56.591 56.758 57.891 56.796 56.431 56.333
54.278 51.338 52.348 52.418 52.348 54.561 54.706 54.603 53.106 52.728 52.061 52.018 52.898 52.036 52.438 52.713 54.723 52.888 52.603 52.796 52.911 53.008 53.116 53.148 53.166 53.223 53.301 53.368 53.393 53.481 53.463 53.621 55.203 55.173 51.918 52.031 52.511 54.373 55.418 56.671 54.076 54.111 54.161 54.243 54.238 54.273 54.331 54.433 54.463 54.513 54.608 54.683 54.728 54.811 54.928 55.083 55.361 55.423 55.406 55.371 55.331 55.353 55.406 55.466 55.916 56.288 56.101 56.013 56.021 58.783 55.991
55.083 54.136 51.476 51.971 52.141 52.248 54.521 52.261 53.793 51.998 51.976 51.966 52.138 52.108 52.143 52.421 52.883 52.871 52.373 52.438 52.551 52.678 52.761 52.816 52.858 52.923 52.993 53.016 53.058 53.101 53.293 54.123 53.286 51.553 51.708 52.801 54.631 55.306 53.668 53.698 53.736 53.796 53.866 53.863 53.906 53.963 54.013 54.061 54.138 54.201 54.276 54.363 54.408 54.486 54.583 54.718 54.983 55.088 55.078 55.003 55.006 54.998 55.018 55.131 55.391 55.701 55.706 55.648 55.623 55.666 56.481
54.683 52.571 51.526 51.763 52.873 53.931 52.186 54.026 54.831 55.611 52.016 51.941 51.916 51.991 51.748 51.881 52.238 52.943 52.206 52.096 52.208 52.306 52.406 52.476 52.531 52.551 52.618 52.631 52.748 55.718 53.886 51.903 51.243 51.403 53.051 56.583 53.976 53.986 53.288 53.381 53.458 53.528 53.578 53.581 53.598 53.621 53.651 53.763 53.826 53.906 54.026 54.088 54.161 54.161 54.263 54.391 54.628 54.691 54.721 54.718 54.698 54.676 54.696 54.726 54.786 55.236 55.576 55.351 55.283 55.521 55.318
52.273 51.241 51.426 53.001 53.156 51.288 54.096 54.918 55.693 56.491 56.536 52.028 51.358 51.641 51.683 51.838 52.146 52.033 51.826 51.778 51.911 51.998 52.051 52.116 52.121 52.168 52.266 54.188 52.828 52.228 50.756 50.931 51.126 52.861 54.968 53.053 52.928 52.951 53.013 53.106 53.186 53.246 53.253 53.281 53.273 53.313 53.358 53.441 53.518 53.623 53.693 53.713 53.798 53.788 53.873 54.033 54.208 54.353 54.361 54.338 54.318 54.348 54.383 54.363 54.451 54.693 55.128 55.071 55.023 55.206 55.016
50.846 51.063 51.393 52.498 51.128 54.178 54.938 55.781 56.588 56.431 55.746 54.923 51.203 51.258 51.633 51.633 51.646 51.706 51.576 51.521 51.578 51.633 51.668 51.673 51.733 52.226 52.708 51.888 50.928 50.421 50.588 51.663 54.403 52.651 56.086 52.451 52.533 52.593 52.691 52.776 52.861 52.903 52.896 52.941 52.978 52.938 53.016 53.118 53.208 53.308 53.398 53.403 53.431 53.451 53.521 53.631 53.841 54.061 54.038 54.033 54.031 54.001 54.018 54.023 54.103 54.318 55.478 54.953 54.751 54.908 56.526
50.658 50.883 52.286 50.796 54.236 54.998 55.841 56.686 56.346 55.666 54.851 53.786 50.911 51.436 51.373 51.368 51.828 51.278 51.341 51.281 51.146 51.301 51.281 51.481 52.241 51.376 50.783 49.893 50.111 50.308 53.146 52.158 54.671 51.916 52.908 52.116 52.226 52.293 52.373 52.451 52.521 52.546 52.561 52.598 52.596 52.648 52.693 52.783 52.881 52.948 52.993 53.063 53.088 53.108 53.153 53.263 53.486 53.683 53.736 53.708 53.713 53.698 53.688 53.781 53.751 55.213 54.371 56.168 54.518 54.371 54.501
50.416 52.711 50.266 50.316 54.393 54.783 55.618 56.228 55.541 54.736 53.861 51.418 50.611 52.318 52.016 52.928 53.686 53.656 50.871 50.966 51.081 51.083 51.346 50.966 50.411 49.376 49.608 49.783 51.206 51.763 51.573 54.791 53.253 51.596 51.706 51.813 51.908 51.988 52.036 52.116 52.123 52.138 52.153 52.196 52.223 52.313 52.361 52.448 52.503 52.591 52.658 52.718 52.778 52.761 52.808 52.848 53.088 53.311 53.368 53.373 53.371 53.368 53.453 53.418 53.446 53.513 56.276 54.423 54.168 54.763 54.158
51.553 51.053 52.008 49.986 50.531 54.008 54.846 55.311 54.553 54.358 50.071 50.063 50.856 50.056 53.378 54.143 54.303 53.556 50.656 50.678 50.733 50.758 50.041 48.833 49.088 49.271 50.698 52.236 51.176 50.916 51.003 51.126 51.201 51.308 51.378 51.473 51.551 51.656 51.748 51.733 51.738 51.766 51.793 51.836 51.906 51.931 52.021 52.126 52.208 52.248 52.311 52.413 52.431 52.456 52.436 52.513 52.666 52.921 52.996 53.063 53.043 53.091 53.073 53.146 53.168 53.223 54.606 54.331 53.878 53.968 53.978
49.476 49.598 50.211 49.596 50.018 49.836 54.403 54.473 50.796 49.758 49.771 49.803 49.858 49.908 51.216 53.861 53.106 50.261 52.866 52.768 49.551 48.523 48.576 48.781 49.881 51.201 51.458 50.431 50.526 50.636 50.711 50.808 50.903 50.988 51.033 51.133 51.228 51.291 51.313 51.396 51.391 51.403 51.461 51.506 51.551 51.641 51.713 51.783 51.931 51.948 51.961 52.041 52.048 52.078 52.078 52.078 52.266 52.521 52.573 52.658 52.673 52.718 52.773 52.886 52.973 53.011 53.696 53.766 53.606 53.616 53.741
49.208 49.128 49.431 49.193 49.293 49.321 49.526 49.713 49.408 49.458 49.421 49.528 49.668 49.783 49.893 52.328 50.753 52.786 49.271 48.348 48.068 48.271 48.543 50.796 50.091 50.656 50.616 50.148 50.231 50.303 50.406 50.486 50.556 50.651 50.738 50.876 50.933 50.943 50.978 51.048 51.083 51.101 51.126 51.168 51.236 51.306 51.326 51.453 51.486 51.563 51.576 51.598 51.618 51.658 51.671 51.751 51.846 52.023 52.068 52.173 52.221 52.303 52.408 52.668 52.736 52.818 52.878 54.096 53.401 53.456 53.561
49.783 48.808 48.831 48.811 48.883 48.898 48.931 48.961 49.008 48.966 49.106 49.303 49.436 49.581 51.388 52.278 49.606 48.418 47.578 47.783 47.926 51.886 50.288 50.271 49.486 49.658 49.778 49.818 49.948 50.016 50.113 50.168 50.268 50.366 50.458 50.508 50.521 50.598 50.608 50.648 50.661 50.683 50.728 50.831 50.881 50.963 51.026 51.143 51.143 51.203 51.231 51.266 51.301 51.313 51.338 51.371 51.476 51.523 51.583 51.648 51.708 51.816 52.086 52.373 52.541 52.556 52.653 52.883 53.478 53.313 53.351
48.328 48.411 48.483 48.466 48.896 50.268 48.993 51.716 48.643 48.756 48.883 49.053 49.603 51.966 49.206 48.303 47.163 47.308 47.426 49.063 49.476 51.863 48.948 49.106 49.233 49.313 49.443 49.531 49.633 49.703 49.793 49.863 49.921 50.011 50.048 50.111 50.123 50.206 50.203 50.226 50.258 50.308 50.373 50.443 50.508 50.578 50.658 50.703 50.746 50.753 50.811 50.838 50.898 50.898 50.941 51.008 51.116 51.163 51.213 51.303 51.366 51.506 51.803 52.133 52.381 52.433 52.528 52.336 53.106 53.021 53.216
47.973 48.038 48.133 48.141 51.773 52.751 48.231 48.336 48.456 48.876 53.298 52.891 51.886 48.308 47.321 46.843 46.996 54.503 49.458 48.983 48.473 48.581 48.701 48.831 48.943 49.013 49.103 49.196 49.303 49.423 49.493 49.556 49.598 49.663 49.703 49.743 49.818 49.803 49.848 49.853 49.893 49.928 50.023 50.116 50.176 50.238 50.291 50.331 50.371 50.411 50.458 50.503 50.538 50.571 50.603 50.656 50.716 50.796 50.851 50.923 50.998 51.248 51.576 51.928 52.188 52.288 52.371 52.411 52.246 53.243 53.098
47.588 47.643 47.723 47.818 48.296 51.871 47.983 48.166 48.436 49.611 53.376 53.446 47.581 46.401 46.553 46.678 50.876 48.768 48.333 48.368 48.163 48.236 48.336 48.461 48.571 48.648 48.748 48.868 48.961 49.046 49.111 49.173 49.236 49.288 49.328 49.401 49.391 49.386 49.366 49.403 49.498 49.568 49.673 49.798 49.828 49.881 49.933 49.968 50.006 50.073 50.096 50.146 50.188 50.263 50.273 50.293 50.361 50.478 50.526 50.591 50.736 51.051 51.356 51.756 52.016 52.173 52.238 52.268 52.401 52.726 52.976
51.576 47.231 47.338 47.338 47.498 47.663 47.813 48.951 48.476 50.566 51.826 48.296 46.143 46.263 47.276 51.231 49.013 47.786 47.801 47.806 47.778 47.861 47.963 48.068 48.246 48.283 48.381 48.503 48.611 48.658 48.718 48.791 48.876 48.896 48.903 48.963 48.933 48.923 48.958 49.038 49.136 49.236 49.356 49.408 49.448 49.523 49.563 49.633 49.636 49.718 49.778 49.798 49.881 49.911 49.958 50.013 50.078 50.158 50.218 50.326 50.486 50.771 51.026 51.478 51.833 51.918 52.051 52.356 52.638 52.726 53.051
48.871 46.916 46.881 47.026 47.251 47.473 47.671 48.543 47.923 47.021 45.813 45.921 45.968 48.008 47.923 47.898 47.228 47.311 47.593 47.368 47.466 47.543 47.606 47.748 47.848 47.976 48.046 48.131 48.188 48.258 48.343 48.418 48.466 48.518 48.486 48.513 48.533 48.531 48.616 48.691 48.803 48.921 49.018 49.076 49.146 49.173 49.241 49.311 49.371 49.396 49.468 49.526 49.533 49.598 49.696 49.778 49.826 49.861 49.918 50.008 50.188 50.416 50.758 51.106 51.513 51.751 51.918 52.006 52.453 52.436 52.766
48.476 46.523 46.581 46.786 47.036 47.398 50.166 47.238 46.368 45.468 45.633 46.148 48.083 47.498 47.478 47.658 47.058 47.001 47.131 47.041 47.098 47.181 47.251 47.323 47.423 47.546 47.606 47.678 47.753 47.823 47.901 47.973 48.023 48.076 48.091 48.143 48.158 48.231 48.338 48.418 48.511 48.631 48.718 48.761 48.831 48.876 48.938 49.018 49.101 49.133 49.183 49.256 49.271 49.253 49.261 49.373 49.501 49.646 49.746 49.871 50.023 50.278 50.608 50.911 51.238 51.486 51.688 51.951 52.201 52.421 52.618
55.071 46.106 46.246 46.521 46.706 49.533 46.726 45.586 45.233 45.333 46.903 47.258 46.793 46.683 46.583 46.978 47.143 46.828 46.886 46.673 46.708 46.766 46.813 46.948 47.041 47.106 47.181 47.261 47.368 47.438 47.556 47.628 47.706 47.743 47.813 47.853 47.951 48.016 48.116 48.178 48.263 48.358 48.423 48.508 48.571 48.631 48.721 48.758 48.788 48.758 48.828 48.943 49.036 49.118 49.211 49.376 49.513 49.608 49.706 49.583 49.563 50.243 50.633 50.961 51.266 51.541 51.718 51.951 52.191 52.361 52.526
