Matlab/Roost_data/braunton/dsm/ss4940_DSM_2M.asc
ncols 500
nrows 500
xllcorner    249000
yllcorner    140000
cellsize     2
NODATA_value -9999
[rows 372 to 402 of 500, columns 420 to 489 of 500]
70.627 70.727 70.792 70.884 70.957 71.027 71.139 71.229 71.317 71.412 71.502 71.597 71.687 71.777 71.854 71.919 72.009 72.099 72.167 72.262 72.352 72.449 72.529 72.622 72.719 72.844 72.987 73.094 73.249 73.377 73.507 73.652 73.774 73.869 73.982 74.059 74.359 75.712 74.647 74.559 74.714 74.872 75.009 75.194 75.297 75.422 75.557 75.687 75.802 75.939 76.079 76.277 76.364 76.504 76.639 76.779 76.947 77.097 77.304 77.499 77.689 77.849 78.024 78.164 78.309 78.459 78.614 78.712 78.837 78.999
70.477 70.539 70.624 70.694 70.799 70.874 70.979 71.064 71.152 71.262 71.339 71.454 71.527 71.612 71.687 71.769 71.874 71.929 72.029 72.102 72.197 72.284 72.367 72.472 72.584 72.699 72.822 72.962 73.104 73.219 73.374 73.489 73.632 73.749 73.854 73.919 74.022 75.262 75.179 74.419 74.569 74.682 74.849 75.022 75.162 75.282 75.402 75.552 75.669 75.794 75.949 76.087 76.239 76.344 76.489 76.649 76.782 76.959 77.162 77.314 77.519 77.699 77.864 78.007 78.154 78.289 78.402 78.549 78.669 78.817
70.287 70.349 70.437 70.524 70.607 70.707 70.814 70.909 70.994 71.082 71.169 71.262 71.349 71.444 71.537 71.639 71.692 71.794 71.862 71.954 72.044 72.119 72.204 72.294 72.412 72.524 72.659 72.824 72.934 73.089 73.214 73.354 73.464 73.589 73.719 73.797 73.899 74.307 75.602 74.534 74.409 74.562 74.682 74.849 75.024 75.124 75.277 75.397 75.544 75.664 75.809 75.954 76.087 76.217 76.359 76.502 76.634 76.837 76.992 77.169 77.359 77.539 77.682 77.829 78.007 78.112 78.247 78.357 78.497 78.629
70.072 70.157 70.252 70.344 70.432 70.534 70.622 70.732 70.824 70.899 70.982 71.082 71.184 71.269 71.369 71.449 71.532 71.607 71.702 71.774 71.854 71.962 72.042 72.142 72.262 72.362 72.502 72.659 72.792 72.912 73.049 73.202 73.309 73.457 73.569 73.684 73.769 73.824 75.002 75.059 74.239 74.414 74.547 74.682 74.842 75.004 75.117 75.237 75.384 75.524 75.657 75.812 75.937 76.067 76.217 76.357 76.514 76.667 76.839 77.014 77.259 77.382 77.532 77.677 77.809 77.947 78.059 78.194 78.322 78.472
69.874 69.972 70.049 70.162 70.257 70.344 70.437 70.542 70.622 70.722 70.802 70.909 70.999 71.092 71.182 71.279 71.374 71.432 71.522 71.592 71.692 71.792 71.882 71.979 72.079 72.194 72.342 72.484 72.642 72.767 72.917 73.042 73.167 73.302 73.429 73.542 73.632 73.712 73.972 75.357 74.469 74.212 74.382 74.524 74.669 74.847 74.979 75.104 75.227 75.387 75.534 75.677 75.804 75.949 76.062 76.204 76.357 76.529 76.684 76.854 77.007 77.192 77.352 77.514 77.699 77.794 77.892 78.007 78.147 78.257
69.689 69.772 69.869 69.977 70.069 70.154 70.262 70.362 70.464 70.529 70.642 70.717 70.809 70.922 70.982 71.099 71.187 71.259 71.354 71.414 71.532 71.614 71.709 71.799 71.919 72.047 72.164 72.317 72.444 72.607 72.742 72.892 73.039 73.132 73.284 73.394 73.489 73.587 73.642 74.649 74.714 74.044 74.197 74.362 74.507 74.694 74.829 74.967 75.109 75.237 75.382 75.549 75.662 75.792 75.932 76.077 76.219 76.332 76.544 76.674 76.844 77.017 77.174 77.329 77.482 77.612 77.744 77.844 77.967 78.112
69.502 69.582 69.677 69.782 69.882 69.979 70.079 70.179 70.267 70.347 70.469 70.537 70.652 70.727 70.817 70.932 71.022 71.129 71.179 71.267 71.369 71.462 71.552 71.647 71.759 71.882 72.014 72.134 72.284 72.439 72.562 72.729 72.857 72.982 73.142 73.259 73.357 73.444 73.519 73.889 75.217 74.047 74.037 74.212 74.352 74.507 74.694 74.824 74.967 75.094 75.249 75.362 75.507 75.629 75.754 75.899 76.069 76.209 76.357 76.524 76.672 76.829 77.009 77.172 77.294 77.442 77.554 77.694 77.822 77.924
69.304 69.397 69.517 69.609 69.712 69.804 69.904 70.009 70.092 70.177 70.269 70.364 70.482 70.554 70.662 70.759 70.869 70.969 71.024 71.124 71.217 71.304 71.407 71.492 71.614 71.722 71.852 71.967 72.124 72.264 72.422 72.572 72.699 72.829 72.954 73.094 73.219 73.297 73.394 73.467 74.542 74.654 73.887 74.059 74.197 74.357 74.524 74.684 74.804 74.952 75.057 75.209 75.352 75.499 75.607 75.762 75.899 76.039 76.194 76.339 76.497 76.699 76.842 77.044 77.154 77.244 77.377 77.509 77.657 77.787
69.122 69.244 69.314 69.442 69.557 69.634 69.734 69.819 69.924 70.017 70.102 70.204 70.314 70.402 70.514 70.582 70.704 70.804 70.882 70.959 71.064 71.154 71.239 71.359 71.439 71.574 71.682 71.809 71.957 72.094 72.257 72.387 72.542 72.662 72.817 72.947 73.039 73.154 73.247 73.312 73.584 75.024 74.042 73.887 74.049 74.207 74.359 74.532 74.674 74.809 74.932 75.057 75.217 75.344 75.474 75.602 75.757 75.899 76.027 76.184 76.359 76.502 76.679 76.824 76.972 77.107 77.227 77.372 77.489 77.614
68.964 69.047 69.187 69.289 69.384 69.487 69.564 69.662 69.752 69.842 69.944 70.047 70.127 70.254 70.357 70.457 70.547 70.634 70.729 70.827 70.907 71.009 71.102 71.179 71.299 71.417 71.532 71.669 71.802 71.929 72.067 72.224 72.367 72.499 72.644 72.762 72.902 73.017 73.097 73.164 73.252 74.214 74.599 73.744 73.904 74.049 74.212 74.367 74.524 74.652 74.789 74.912 75.057 75.182 75.317 75.464 75.599 75.719 75.862 76.024 76.192 76.354 76.509 76.632 76.794 76.927 77.114 77.234 77.334 77.459
68.817 68.914 69.029 69.137 69.199 69.302 69.412 69.499 69.589 69.692 69.792 69.907 69.997 70.089 70.202 70.292 70.389 70.487 70.584 70.689 70.762 70.862 70.964 71.054 71.174 71.289 71.397 71.504 71.667 71.757 71.897 72.074 72.204 72.324 72.482 72.594 72.737 72.869 72.944 73.042 73.134 73.404 74.842 73.767 73.747 73.917 74.049 74.202 74.374 74.509 74.657 74.754 74.889 75.017 75.142 75.302 75.434 75.552 75.694 75.857 76.017 76.174 76.339 76.502 76.632 76.779 76.912 77.052 77.162 77.307
68.659 68.787 68.867 68.954 69.052 69.159 69.244 69.342 69.417 69.522 69.634 69.739 69.834 69.924 70.029 70.154 70.239 70.334 70.427 70.534 70.617 70.707 70.814 70.899 71.032 71.137 71.247 71.364 71.474 71.599 71.749 71.887 72.029 72.172 72.312 72.447 72.569 72.712 72.797 72.914 72.992 73.059 74.234 74.367 73.564 73.729 73.892 74.037 74.217 74.364 74.469 74.604 74.732 74.857 74.982 75.139 75.257 75.392 75.539 75.667 75.844 75.979 76.154 76.327 76.459 76.632 76.757 76.872 77.007 77.157
68.542 68.627 68.704 68.817 68.917 69.012 69.082 69.172 69.272 69.367 69.467 69.582 69.694 69.774 69.879 69.984 70.102 70.174 70.277 70.377 70.479 70.549 70.662 70.774 70.867 70.979 71.087 71.199 71.329 71.439 71.589 71.732 71.869 71.997 72.157 72.297 72.402 72.532 72.664 72.764 72.852 72.937 73.264 74.742 73.742 73.527 73.724 73.874 74.042 74.172 74.299 74.424 74.569 74.689 74.834 74.959 75.084 75.247 75.352 75.504 75.672 75.829 75.984 76.152 76.304 76.447 76.587 76.704 76.859 76.987
68.387 68.487 68.572 68.654 68.752 68.837 68.937 69.012 69.137 69.214 69.319 69.404 69.527 69.624 69.722 69.829 69.937 70.042 70.134 70.229 70.307 70.427 70.529 70.614 70.717 70.817 70.934 71.054 71.167 71.287 71.419 71.567 71.704 71.834 71.987 72.117 72.249 72.377 72.502 72.629 72.719 72.802 72.867 74.057 74.117 73.364 73.562 73.717 73.844 73.997 74.152 74.277 74.402 74.527 74.652 74.787 74.897 75.039 75.184 75.332 75.459 75.634 75.789 75.952 76.129 76.272 76.427 76.549 76.687 76.827
68.232 68.327 68.399 68.494 68.589 68.697 68.774 68.887 68.964 69.064 69.174 69.262 69.369 69.467 69.559 69.682 69.769 69.869 69.984 70.092 70.189 70.267 70.372 70.467 70.579 70.669 70.792 70.882 71.007 71.122 71.247 71.389 71.527 71.682 71.822 71.949 72.097 72.204 72.349 72.479 72.577 72.667 72.754 73.084 74.262 73.497 73.349 73.522 73.652 73.797 73.974 74.082 74.224 74.337 74.477 74.612 74.752 74.882 75.004 75.129 75.279 75.457 75.604 75.792 75.942 76.092 76.257 76.404 76.537 76.669
68.102 68.164 68.252 68.349 68.444 68.529 68.627 68.722 68.829 68.919 69.014 69.124 69.209 69.319 69.429 69.514 69.609 69.712 69.847 69.932 70.042 70.112 70.217 70.324 70.409 70.522 70.619 70.727 70.822 70.949 71.067 71.214 71.347 71.497 71.647 71.772 71.942 72.067 72.189 72.339 72.439 72.522 72.617 72.684 73.714 73.872 73.157 73.332 73.467 73.604 73.782 73.909 74.047 74.174 74.284 74.429 74.569 74.704 74.842 74.969 75.119 75.252 75.432 75.584 75.744 75.899 76.062 76.214 76.362 76.492
67.937 68.019 68.114 68.192 68.294 68.382 68.474 68.577 68.672 68.792 68.859 68.969 69.072 69.139 69.269 69.384 69.472 69.584 69.672 69.759 69.874 69.967 70.064 70.167 70.249 70.359 70.442 70.567 70.669 70.794 70.907 71.054 71.174 71.309 71.477 71.614 71.772 71.887 72.024 72.139 72.289 72.384 72.467 72.554 72.839 74.117 73.232 73.122 73.284 73.427 73.587 73.769 73.872 73.994 74.139 74.252 74.377 74.494 74.629 74.762 74.929 75.079 75.252 75.409 75.554 75.707 75.859 76.012 76.167 76.289
67.799 67.867 67.954 68.049 68.127 68.237 68.359 68.419 68.532 68.637 68.712 68.809 68.919 69.027 69.102 69.227 69.319 69.417 69.509 69.604 69.717 69.799 69.904 70.022 70.099 70.184 70.282 70.384 70.492 70.612 70.742 70.874 71.004 71.149 71.304 71.434 71.597 71.717 71.867 71.997 72.094 72.219 72.299 72.417 72.489 73.567 73.802 72.934 73.109 73.247 73.387 73.544 73.699 73.809 73.927 74.074 74.194 74.309 74.462 74.592 74.739 74.902 75.054 75.217 75.347 75.552 75.669 75.832 75.959 76.104
67.649 67.724 67.797 67.912 68.009 68.089 68.204 68.287 68.384 68.474 68.547 68.657 68.764 68.859 68.962 69.059 69.159 69.267 69.342 69.449 69.557 69.642 69.739 69.839 69.939 70.024 70.129 70.227 70.309 70.429 70.559 70.689 70.852 70.982 71.117 71.269 71.402 71.567 71.679 71.809 71.957 72.077 72.169 72.249 72.332 72.634 73.937 72.952 72.887 73.054 73.202 73.342 73.499 73.607 73.754 73.877 74.039 74.142 74.279 74.402 74.562 74.712 74.847 74.997 75.159 75.339 75.492 75.634 75.784 75.944
67.504 67.567 67.662 67.784 67.857 67.949 68.049 68.139 68.207 68.337 68.422 68.499 68.597 68.689 68.784 68.904 68.992 69.079 69.179 69.274 69.367 69.472 69.587 69.674 69.774 69.872 69.957 70.042 70.152 70.269 70.372 70.519 70.659 70.804 70.954 71.099 71.284 71.394 71.512 71.657 71.774 71.899 71.994 72.094 72.187 72.244 73.247 73.274 72.689 72.852 73.017 73.167 73.312 73.439 73.569 73.692 73.812 73.934 74.089 74.227 74.377 74.494 74.644 74.804 74.982 75.134 75.269 75.434 75.592 75.737
67.359 67.434 67.519 67.602 67.684 67.797 67.877 67.972 68.069 68.159 68.257 68.349 68.432 68.534 68.632 68.734 68.834 68.912 69.017 69.132 69.197 69.309 69.414 69.529 69.622 69.704 69.807 69.884 69.972 70.102 70.209 70.344 70.494 70.644 70.797 70.944 71.082 71.214 71.354 71.492 71.582 71.724 71.822 71.922 72.007 72.102 72.387 73.812 72.787 72.627 72.792 72.939 73.124 73.282 73.399 73.514 73.654 73.782 73.909 74.027 74.159 74.297 74.439 74.617 74.764 74.924 75.084 75.242 75.409 75.547
67.219 67.292 67.379 67.457 67.542 67.627 67.732 67.824 67.904 68.009 68.094 68.189 68.262 68.397 68.479 68.579 68.674 68.767 68.854 68.947 69.044 69.137 69.247 69.344 69.449 69.559 69.632 69.729 69.812 69.922 70.034 70.149 70.314 70.472 70.612 70.752 70.904 71.024 71.169 71.282 71.409 71.507 71.654 71.744 71.842 71.907 71.994 73.114 73.247 72.442 72.607 72.767 72.914 73.082 73.227 73.347 73.477 73.599 73.724 73.857 73.979 74.124 74.267 74.414 74.554 74.732 74.904 75.059 75.204 75.342
67.077 67.147 67.239 67.292 67.399 67.472 67.567 67.674 67.749 67.872 67.937 68.019 68.119 68.227 68.309 68.414 68.522 68.597 68.709 68.782 68.867 68.984 69.062 69.179 69.287 69.372 69.462 69.552 69.652 69.782 69.842 69.984 70.124 70.279 70.444 70.587 70.717 70.859 70.964 71.114 71.217 71.322 71.447 71.572 71.667 71.734 71.839 72.277 73.544 72.534 72.392 72.572 72.717 72.887 73.052 73.169 73.297 73.407 73.527 73.664 73.779 73.937 74.114 74.227 74.387 74.557 74.714 74.874 75.024 75.162
66.939 67.002 67.102 67.162 67.239 67.317 67.402 67.524 67.617 67.684 67.782 67.844 67.939 68.042 68.144 68.257 68.322 68.432 68.519 68.609 68.702 68.799 68.899 69.012 69.112 69.192 69.289 69.379 69.489 69.579 69.699 69.839 69.944 70.097 70.262 70.394 70.554 70.664 70.787 70.922 71.009 71.112 71.259 71.374 71.469 71.564 71.662 71.747 72.934 72.992 72.194 72.387 72.544 72.684 72.847 72.967 73.079 73.237 73.372 73.492 73.612 73.749 73.889 74.044 74.207 74.344 74.529 74.697 74.864 74.969
66.804 66.859 66.952 67.002 67.079 67.172 67.254 67.342 67.439 67.534 67.622 67.709 67.807 67.879 67.982 68.069 68.162 68.262 68.364 68.444 68.507 68.612 68.724 68.812 68.922 69.039 69.149 69.242 69.324 69.419 69.532 69.652 69.757 69.939 70.064 70.209 70.349 70.469 70.607 70.719 70.829 70.929 71.054 71.172 71.302 71.392 71.472 71.567 71.964 73.182 72.364 72.177 72.349 72.494 72.669 72.799 72.929 73.049 73.162 73.307 73.432 73.579 73.709 73.857 74.017 74.159 74.322 74.482 74.644 74.792
66.662 66.714 66.782 66.849 66.952 67.012 67.102 67.189 67.284 67.382 67.469 67.554 67.644 67.734 67.809 67.899 68.007 68.092 68.189 68.267 68.337 68.452 68.564 68.654 68.777 68.874 68.964 69.074 69.162 69.237 69.364 69.474 69.597 69.714 69.862 70.007 70.147 70.269 70.407 70.527 70.609 70.737 70.857 70.957 71.094 71.197 71.304 71.387 71.454 72.679 72.667 71.964 72.154 72.324 72.444 72.607 72.754 72.869 73.002 73.129 73.257 73.397 73.539 73.679 73.842 73.982 74.134 74.322 74.457 74.627
66.497 66.577 66.622 66.694 66.777 66.864 66.954 67.044 67.127 67.202 67.299 67.377 67.472 67.572 67.619 67.734 67.819 67.927 68.014 68.087 68.187 68.297 68.392 68.489 68.609 68.699 68.812 68.884 68.974 69.077 69.177 69.282 69.422 69.534 69.674 69.832 69.939 70.084 70.202 70.322 70.429 70.557 70.677 70.784 70.887 71.022 71.134 71.214 71.289 71.704 72.967 72.154 71.927 72.107 72.252 72.397 72.574 72.682 72.827 72.944 73.099 73.227 73.352 73.524 73.659 73.812 73.952 74.144 74.272 74.439
66.359 66.404 66.487 66.554 66.632 66.719 66.807 66.902 66.979 67.054 67.157 67.212 67.317 67.392 67.484 67.572 67.652 67.739 67.839 67.929 68.014 68.119 68.212 68.352 68.442 68.519 68.637 68.712 68.807 68.897 69.007 69.122 69.229 69.339 69.494 69.632 69.764 69.872 69.987 70.124 70.254 70.362 70.482 70.592 70.682 70.807 70.927 71.034 71.142 71.217 72.174 72.519 71.749 71.884 72.042 72.197 72.362 72.514 72.657 72.784 72.912 73.047 73.177 73.322 73.479 73.642 73.792 73.944 74.127 74.262
66.214 66.299 66.359 66.414 66.512 66.562 66.659 66.757 66.829 66.924 66.989 67.067 67.149 67.219 67.329 67.382 67.479 67.572 67.664 67.769 67.849 67.957 68.049 68.167 68.259 68.374 68.457 68.554 68.627 68.717 68.812 68.912 69.027 69.162 69.274 69.412 69.557 69.679 69.792 69.932 70.054 70.187 70.302 70.394 70.502 70.617 70.754 70.859 70.964 71.049 71.454 72.682 71.874 71.662 71.862 72.002 72.167 72.344 72.462 72.607 72.722 72.877 73.027 73.142 73.307 73.482 73.617 73.779 73.932 74.084
66.072 66.154 66.209 66.257 66.359 66.429 66.517 66.597 66.674 66.762 66.829 66.912 66.999 67.062 67.149 67.229 67.317 67.392 67.487 67.587 67.687 67.762 67.882 68.002 68.092 68.229 68.287 68.367 68.449 68.544 68.644 68.732 68.852 68.982 69.067 69.237 69.344 69.459 69.624 69.749 69.859 69.994 70.092 70.189 70.329 70.437 70.569 70.694 70.792 70.904 70.987 72.089 72.504 71.457 71.667 71.829 71.969 72.159 72.307 72.432 72.547 72.714 72.857 72.989 73.142 73.289 73.449 73.597 73.767 73.922
65.917 66.009 66.077 66.149 66.212 66.292 66.369 66.437 66.532 66.589 66.679 66.757 66.824 66.894 66.982 67.062 67.147 67.234 67.339 67.437 67.517 67.607 67.724 67.809 67.937 68.004 68.104 68.192 68.269 68.357 68.437 68.524 68.652 68.769 68.879 69.017 69.139 69.297 69.392 69.542 69.672 69.802 69.889 70.007 70.132 70.254 70.367 70.514 70.612 70.722 70.812 71.052 72.422 71.679 71.462 71.647 71.794 71.979 72.129 72.269 72.387 72.532 72.667 72.809 72.962 73.104 73.267 73.434 73.579 73.744
