Matlab/Roost_data/braunton/dsm/ss4934_DSM_2M.asc
ncols 500
nrows 500
xllcorner    249000
yllcorner    134000
cellsize     2
NODATA_value -9999
[rows 34 to 67 of 500, columns 228 to 303 of 500]
7.186 7.191 7.206 7.226 7.224 7.239 7.219 7.216 7.249 7.271 7.286 7.296 7.251 7.291 7.299 7.379 7.494 7.549 7.551 7.531 7.504 7.494 7.976 11.444 8.554 7.649 7.419 11.874 12.411 12.861 12.321 11.791 7.609 7.786 8.041 7.451 7.436 7.449 7.454 7.456 7.459 7.461 7.459 7.459 7.471 7.461 7.461 7.449 7.451 7.459 7.461 7.456 7.451 7.444 7.419 7.391 7.371 7.359 7.344 7.309 7.299 7.286 7.271 7.241 7.216 7.209 7.194 7.206 7.219 7.309 7.159 7.169 7.156 7.171 7.171 7.174
7.179 7.166 7.186 7.196 7.196 7.199 7.221 7.221 7.226 7.256 7.309 7.279 7.236 7.284 7.329 7.361 7.506 7.526 7.524 7.509 7.491 7.474 7.446 7.411 7.401 7.619 7.389 11.919 12.441 12.834 12.276 11.761 8.214 10.591 10.134 9.789 7.426 7.429 7.439 7.436 7.446 7.449 7.454 7.451 7.464 7.456 7.444 7.441 7.446 7.454 7.446 7.454 7.449 7.434 7.414 7.381 7.361 7.354 7.329 7.316 7.301 7.289 7.266 7.241 7.214 7.211 7.264 7.226 7.221 7.234 7.156 7.136 7.136 7.144 7.144 7.146
7.124 7.096 7.111 7.169 7.186 7.194 7.194 7.209 7.204 7.234 7.266 7.234 7.229 7.256 7.309 7.371 7.501 7.489 7.491 7.479 7.454 7.451 7.424 7.391 7.379 7.594 7.369 11.916 12.449 12.844 12.294 11.761 7.459 7.576 7.391 7.411 7.404 7.411 7.419 7.414 7.429 7.434 7.434 7.434 7.444 7.431 7.429 7.431 7.436 7.446 7.451 7.454 7.436 7.424 7.401 7.376 7.366 7.354 7.319 7.306 7.289 7.271 7.256 7.249 7.224 7.201 7.199 7.219 7.224 7.199 7.239 7.106 7.134 7.139 7.141 7.156
7.149 7.136 7.154 7.166 7.126 7.161 7.161 7.181 7.194 7.201 7.236 7.226 7.184 7.231 7.274 7.344 7.471 7.481 7.461 7.449 7.436 7.424 7.391 7.371 7.354 7.551 7.336 11.941 12.474 12.809 12.254 11.731 8.111 8.759 8.636 9.116 7.386 7.399 7.401 7.389 7.406 7.419 7.426 7.421 7.431 7.429 7.419 7.421 7.416 7.431 7.444 7.449 7.431 7.414 7.401 7.381 7.364 7.341 7.326 7.306 7.276 7.264 7.246 7.224 7.209 7.186 7.174 7.156 7.141 7.166 7.204 7.101 7.119 7.121 7.144 8.466
7.119 7.121 7.114 7.116 7.134 7.116 7.156 7.166 7.176 7.194 7.184 7.194 7.196 7.214 7.259 7.339 7.421 7.459 7.429 7.421 7.404 7.391 7.364 7.344 7.329 7.461 7.319 11.961 12.496 12.786 12.224 11.721 10.144 8.999 7.861 7.364 7.359 7.374 7.381 7.381 7.391 7.399 7.409 7.419 7.414 7.411 7.411 7.419 7.419 7.424 7.424 7.431 7.416 7.396 7.384 7.366 7.351 7.331 7.311 7.291 7.266 7.244 7.231 7.214 7.194 7.174 7.171 7.134 7.154 7.174 7.166 7.099 7.109 7.116 7.141 7.484
7.104 7.099 7.099 7.101 7.109 7.134 7.121 7.141 7.151 7.164 7.174 7.159 7.171 7.204 7.261 7.349 7.404 7.429 7.404 7.386 7.376 7.361 7.339 7.324 7.299 7.384 7.284 11.979 12.506 12.754 12.216 11.706 8.699 10.064 9.689 7.496 7.341 7.356 7.371 7.364 7.376 7.386 7.391 7.401 7.414 7.401 7.396 7.404 7.406 7.416 7.416 7.421 7.419 7.391 7.369 7.361 7.346 7.331 7.311 7.271 7.256 7.234 7.219 7.194 7.179 7.166 7.149 7.141 7.164 7.179 7.161 7.166 7.091 7.109 7.141 7.174
7.091 7.086 7.079 7.101 7.119 7.131 7.114 7.144 7.116 7.136 7.146 7.134 7.149 7.194 7.234 7.316 7.376 7.391 7.376 7.369 7.351 7.336 7.314 7.291 7.271 7.346 7.721 11.989 12.514 12.736 12.196 11.679 8.711 8.696 9.666 7.296 7.329 7.336 7.351 7.349 7.356 7.374 7.371 7.389 7.389 7.389 7.391 7.391 7.396 7.401 7.409 7.411 7.394 7.381 7.361 7.346 7.329 7.316 7.281 7.274 7.251 7.229 7.219 7.191 7.169 7.156 7.136 7.124 7.129 7.184 7.169 7.139 7.146 7.186 7.174 7.224
7.059 7.066 7.064 7.044 7.061 7.074 7.071 7.076 7.081 7.101 7.119 7.121 7.106 7.159 7.199 7.251 7.349 7.369 7.349 7.351 7.331 7.304 7.281 7.259 7.249 7.251 7.631 12.019 12.541 12.701 12.171 11.656 7.294 7.296 7.304 7.304 7.314 7.304 7.321 7.339 7.341 7.344 7.359 7.359 7.376 7.366 7.374 7.381 7.386 7.399 7.401 7.409 7.394 7.371 7.356 7.344 7.311 7.306 7.284 7.266 7.234 7.214 7.194 7.179 7.154 7.141 7.126 7.114 7.106 7.159 7.166 7.181 7.204 7.216 7.209 7.241
7.031 7.036 7.031 7.029 7.049 7.006 7.031 7.031 7.044 7.071 7.099 7.089 7.074 7.114 7.184 7.201 7.284 7.209 7.341 7.326 7.301 7.284 7.256 7.244 7.219 7.276 9.286 12.031 12.566 12.691 12.141 11.639 7.269 7.274 7.279 7.279 7.306 7.364 7.376 7.386 7.386 7.389 7.401 7.389 7.391 7.394 7.391 7.394 7.391 7.396 7.406 7.399 7.394 7.371 7.359 7.346 7.326 7.306 7.296 7.276 7.249 7.219 7.189 7.176 7.139 7.126 7.116 7.101 7.086 7.159 7.146 7.191 7.201 7.214 7.241 7.289
6.986 6.996 6.999 6.999 6.979 7.001 6.991 6.986 6.994 7.001 7.024 7.029 7.026 7.069 7.136 7.191 7.241 7.329 7.301 7.299 7.274 7.246 7.229 7.204 7.196 7.169 7.414 8.201 7.216 9.051 10.821 8.356 7.249 7.249 7.264 7.266 7.291 7.349 7.401 7.426 7.429 7.446 7.446 7.431 7.421 7.421 7.421 7.416 7.419 7.426 7.434 7.431 7.419 7.419 7.404 7.394 7.389 7.366 7.334 7.314 7.259 7.201 7.181 7.159 7.139 7.119 7.111 7.086 7.066 7.086 7.114 7.164 7.219 7.299 7.351 7.374
6.874 6.876 6.909 6.946 6.949 6.936 6.954 6.961 6.941 6.944 6.956 6.966 6.989 7.039 7.089 7.159 7.239 7.284 7.279 7.266 7.254 7.224 7.196 7.194 7.169 7.146 7.164 7.164 7.184 7.186 7.199 7.211 7.219 7.231 7.234 7.246 7.291 7.339 7.399 7.451 7.489 7.479 7.479 7.476 7.484 7.469 7.456 7.449 7.444 7.461 7.451 7.451 7.564 7.559 7.446 7.446 7.449 7.409 7.374 7.331 7.276 7.211 7.291 7.151 7.126 7.104 7.094 7.069 7.054 7.041 7.061 7.129 9.031 10.016 10.011 9.964
6.849 6.851 6.881 6.879 6.881 6.886 6.909 6.906 6.876 6.866 6.886 6.914 6.939 7.001 7.046 7.139 7.204 7.269 7.264 7.249 7.216 7.191 7.174 7.164 7.144 7.109 7.129 7.141 7.151 7.164 7.169 7.184 7.199 7.206 7.221 7.229 7.716 13.394 13.734 14.079 14.436 14.804 15.151 15.039 14.676 14.334 13.991 13.656 13.289 13.324 12.804 13.346 12.939 12.989 11.506 11.261 9.919 8.371 7.816 7.376 8.631 7.224 7.174 7.134 7.114 7.091 7.076 7.059 7.036 7.021 7.051 7.086 7.549 10.019 8.894 10.009
6.811 6.821 6.846 6.854 6.844 6.844 6.846 6.834 6.799 6.796 6.819 6.861 6.879 6.929 6.979 7.094 7.156 7.244 7.239 7.211 7.196 7.174 7.141 7.134 7.116 7.086 7.116 7.119 7.134 7.139 7.154 7.161 7.176 7.194 7.201 7.206 9.171 13.406 13.749 14.084 14.436 14.801 15.171 15.026 14.666 14.314 13.959 13.619 13.261 13.311 13.681 14.019 14.359 14.721 15.074 15.136 14.774 14.414 14.056 13.711 13.366 7.716 7.136 7.134 7.106 7.089 7.069 7.051 7.031 7.006 6.981 7.146 7.514 10.004 9.699 10.001
6.769 6.764 6.774 6.794 6.786 6.799 6.794 6.771 6.744 6.734 6.759 6.789 6.841 6.879 6.896 7.031 7.086 7.206 7.209 7.186 7.161 7.144 7.119 7.106 7.089 7.204 7.091 7.099 7.101 7.121 7.134 7.146 7.154 7.169 7.181 7.189 8.444 13.419 13.751 14.104 14.466 14.829 15.189 15.029 14.666 14.316 13.971 13.619 13.251 13.324 13.686 14.044 14.391 14.739 15.104 15.136 14.759 14.394 14.041 13.706 13.351 7.254 7.129 7.161 7.089 7.076 7.049 7.041 7.021 7.001 6.976 7.054 7.146 9.639 9.989 9.996
6.704 6.701 6.714 6.726 6.739 6.744 6.736 6.669 6.634 6.639 6.661 6.741 6.769 6.821 6.839 6.954 7.006 7.156 7.174 7.159 7.141 7.131 7.099 7.089 7.061 7.039 11.011 11.524 12.089 11.956 11.419 8.974 7.139 7.149 7.164 7.166 8.369 13.429 13.784 14.136 14.476 14.846 15.201 15.031 14.674 14.304 13.949 13.596 13.226 13.336 13.694 14.049 14.409 14.776 15.131 15.144 14.781 14.409 14.044 13.699 13.354 7.204 7.116 7.164 7.094 7.066 7.041 7.029 7.011 7.356 8.251 6.986 7.379 7.076 9.989 7.701
6.671 6.669 6.666 6.676 6.691 6.706 6.699 6.786 7.189 7.236 7.034 6.709 6.741 6.774 6.804 6.941 6.961 7.156 7.149 7.134 7.121 7.096 7.074 7.061 7.254 7.006 10.599 11.566 12.109 11.941 11.406 8.224 7.126 7.136 7.141 7.154 9.636 13.446 13.786 14.136 14.504 14.874 15.246 15.011 14.661 14.306 13.946 13.591 13.216 13.359 13.724 14.071 14.416 14.781 15.151 15.119 14.754 14.374 14.039 13.676 13.336 7.156 7.124 7.104 7.074 7.054 7.039 7.026 7.001 6.969 6.961 6.936 7.059 6.949 7.009 7.074
6.659 6.631 6.634 6.634 6.651 6.674 6.666 7.176 8.944 8.911 7.619 6.699 6.729 6.766 6.804 6.929 6.974 7.094 7.124 7.109 7.099 7.079 7.046 7.041 7.021 6.996 11.059 11.591 12.124 11.914 11.374 7.629 7.096 7.114 7.124 7.141 11.221 13.464 13.816 14.166 14.529 14.889 15.256 15.004 14.644 14.286 13.939 13.589 13.219 13.384 13.756 14.099 14.454 14.816 15.169 15.114 14.751 14.374 14.024 13.671 13.331 7.156 7.136 7.094 7.069 7.051 7.034 7.004 6.991 6.969 6.944 6.934 6.939 7.026 8.366 10.051
6.651 6.641 6.634 6.639 6.661 6.671 6.661 7.089 8.249 8.409 7.614 6.686 6.726 6.759 6.799 6.909 6.979 7.064 7.106 7.086 7.076 7.046 7.021 7.014 6.996 6.966 10.986 11.606 12.134 11.896 11.374 7.996 7.081 7.094 7.111 7.116 11.806 13.476 13.821 14.184 14.554 14.904 15.271 14.986 14.616 14.266 13.909 13.551 13.199 13.381 13.736 14.086 14.454 14.821 15.194 15.096 14.719 14.341 13.994 13.644 13.309 7.136 7.141 7.086 7.056 7.034 7.014 7.014 6.986 6.966 6.939 6.929 6.949 9.889 9.756 8.476
6.631 6.626 6.601 6.624 6.636 6.659 6.651 6.661 6.641 6.654 6.646 6.681 6.711 6.744 6.771 6.879 6.954 7.056 7.081 7.061 7.046 7.031 7.001 6.994 6.969 6.949 11.094 11.639 12.159 11.869 11.331 7.054 7.064 7.074 7.086 7.106 11.989 13.491 13.844 14.191 14.556 14.914 15.266 14.961 14.596 14.244 13.896 13.541 13.184 13.409 13.756 14.106 14.469 14.836 15.194 15.086 14.714 14.341 13.989 13.636 13.289 7.114 7.109 7.929 7.699 7.029 7.004 7.001 6.979 6.956 6.929 6.919 6.946 6.974 7.059 7.076
6.634 6.639 6.639 6.649 6.649 6.654 6.676 6.664 6.649 6.649 6.664 6.694 6.721 6.721 6.759 6.864 6.909 7.031 7.061 7.039 7.026 7.009 6.971 6.964 6.949 6.931 11.116 11.646 12.199 11.839 11.316 7.106 7.049 7.061 7.079 7.089 12.041 13.494 13.846 14.204 14.559 14.929 15.276 14.939 14.579 14.231 13.891 13.539 13.171 13.411 13.781 14.124 14.486 14.841 15.199 15.074 14.699 14.324 13.966 13.626 13.281 7.109 7.164 8.434 9.001 7.016 6.991 6.989 6.969 6.941 6.916 6.896 6.904 6.994 7.304 7.126
6.644 6.644 6.651 6.654 6.659 6.686 6.696 6.674 6.654 6.669 6.694 6.701 6.719 6.711 6.771 6.846 6.896 7.019 7.044 7.016 7.001 6.981 6.956 6.936 6.926 6.901 11.139 11.649 12.204 11.826 11.296 7.011 7.021 7.036 7.051 7.074 12.654 13.501 13.854 14.201 14.571 14.931 15.266 14.941 14.571 14.206 13.864 13.519 13.169 13.409 13.774 14.121 14.489 14.861 15.226 15.046 14.679 14.309 13.961 13.599 13.259 7.089 7.324 8.266 10.391 6.994 6.989 6.974 6.951 6.939 6.904 6.889 6.884 6.929 6.904 7.924
6.656 6.669 6.666 6.664 6.684 6.684 6.686 6.676 6.686 6.684 6.694 6.696 6.711 6.724 6.764 6.846 6.914 6.996 7.006 6.989 6.986 6.951 6.931 6.919 6.899 6.894 11.156 11.686 12.241 11.804 11.281 6.991 7.006 7.024 7.041 7.046 12.851 13.521 13.874 14.219 14.579 14.941 15.271 14.911 14.564 14.211 13.859 13.504 13.146 13.431 13.791 14.144 14.501 14.861 15.234 15.041 14.661 14.304 13.959 13.596 13.251 7.086 7.084 7.549 10.411 6.981 6.979 6.964 6.949 6.926 6.894 6.881 6.869 6.841 6.936 6.951
6.659 6.684 6.681 6.684 6.686 6.694 6.699 6.679 6.681 6.666 6.684 6.699 6.731 6.716 6.759 6.854 6.929 6.989 6.991 7.491 6.959 6.934 6.914 6.894 6.929 6.864 11.176 11.699 12.241 11.776 11.249 6.966 6.984 6.994 7.044 7.076 13.194 13.524 13.889 14.246 14.601 14.976 15.276 14.914 14.546 14.194 13.834 13.479 13.129 13.436 13.799 14.149 14.509 14.876 15.246 15.039 14.659 14.291 13.936 13.581 13.246 7.071 7.069 7.034 7.006 6.984 6.974 6.956 6.949 6.926 6.896 6.869 6.854 6.841 6.894 7.416
6.656 6.671 6.664 6.686 6.689 6.699 6.694 6.681 6.666 6.649 6.651 6.679 6.701 6.699 6.746 6.861 6.914 6.976 6.964 7.461 6.929 6.906 6.879 6.861 6.934 6.841 11.199 11.721 12.264 11.766 11.219 6.941 6.969 6.981 7.026 7.151 13.206 13.549 13.896 14.254 14.624 14.996 15.281 14.919 14.566 14.214 13.839 13.481 13.159 13.456 13.814 14.164 14.521 14.896 15.279 15.024 14.654 14.286 13.934 13.581 13.219 7.104 7.089 7.021 7.001 6.979 6.946 6.951 6.939 6.909 6.884 6.864 6.841 6.829 6.846 6.899
6.649 6.654 6.654 6.666 6.674 6.684 6.679 6.684 6.676 6.666 6.651 6.669 6.694 6.699 6.746 6.864 6.911 6.951 6.941 7.614 6.904 6.881 6.866 6.844 6.966 6.821 11.216 11.754 12.264 11.754 11.216 6.929 6.944 6.954 7.006 7.144 12.711 13.554 13.919 14.279 14.636 15.001 15.269 14.906 14.531 14.174 13.821 13.469 13.126 13.486 13.836 14.194 14.551 14.911 15.281 14.991 14.634 14.271 13.911 13.571 13.224 7.176 7.071 7.014 6.989 6.971 6.944 6.931 6.926 6.901 6.884 6.856 6.839 6.811 6.789 6.874
6.624 6.646 6.661 6.671 6.664 6.666 6.674 6.679 6.669 6.666 6.651 6.669 6.699 6.704 6.756 6.869 6.914 6.929 6.914 7.129 6.881 6.859 6.841 6.816 6.956 6.794 11.236 11.766 12.266 11.729 11.199 6.906 6.931 6.941 6.996 7.039 13.241 13.589 13.931 14.299 14.654 15.026 15.261 14.896 14.529 14.164 13.811 13.454 13.156 13.499 13.851 14.204 14.576 14.946 15.311 14.986 14.619 14.236 13.894 13.539 12.049 7.174 7.054 9.421 6.981 6.959 6.944 6.911 6.906 6.889 6.864 6.836 6.836 6.819 6.791 6.819
6.594 6.624 6.636 6.651 6.676 6.666 6.656 6.666 6.664 6.671 6.684 6.666 6.681 6.724 6.791 6.886 6.881 6.906 6.889 6.941 6.861 6.841 6.824 6.796 6.949 6.774 11.264 11.796 12.251 11.704 11.171 6.886 6.901 6.924 6.936 6.954 13.246 13.594 13.951 14.304 14.679 15.044 15.244 14.874 14.514 14.151 13.806 13.454 13.171 13.526 13.871 14.234 14.599 14.961 15.316 14.986 14.609 14.231 13.881 13.531 13.174 7.101 7.034 9.561 6.966 6.959 6.934 6.904 6.884 6.881 6.849 6.826 6.816 6.806 6.791 6.756
6.576 6.591 6.631 6.631 6.644 6.621 6.631 6.644 6.666 6.676 6.696 6.659 6.664 6.719 6.791 6.841 6.886 6.879 6.861 6.844 6.834 6.811 6.799 6.776 6.944 6.751 11.271 11.806 12.246 11.691 11.149 6.981 6.876 6.896 6.916 6.941 13.254 13.604 13.951 14.311 14.684 15.056 15.221 14.861 14.494 14.129 13.794 13.444 13.169 13.519 13.879 14.236 14.596 14.969 15.309 14.961 14.594 14.226 13.861 13.511 13.176 7.014 6.991 9.531 6.946 6.939 6.916 6.906 6.884 6.866 6.839 6.816 6.801 6.789 6.776 6.734
6.544 6.586 6.621 6.624 6.631 6.626 6.609 6.621 6.634 6.636 6.656 6.651 6.666 6.694 6.766 6.809 6.829 6.854 6.841 6.824 6.809 6.796 6.779 6.751 6.839 6.734 11.304 11.841 12.216 11.661 11.139 6.904 6.881 6.874 6.896 6.919 13.264 13.611 13.964 14.331 14.701 15.069 15.211 14.849 14.491 14.126 13.774 13.414 13.164 13.531 13.876 14.231 14.599 14.969 15.291 14.936 14.566 14.206 13.849 13.499 13.164 7.001 6.991 7.056 6.949 6.931 6.904 6.891 6.866 6.856 6.834 6.801 6.779 6.761 6.754 6.716
6.541 6.554 6.571 6.609 6.674 6.674 6.674 6.656 6.684 6.656 6.644 6.619 6.649 6.661 6.734 6.824 6.836 6.834 6.809 6.796 6.786 6.771 6.751 6.726 6.706 6.706 6.724 6.751 6.784 6.791 6.806 6.834 6.851 6.866 6.894 6.906 13.289 13.631 13.984 14.346 14.701 15.076 15.201 14.834 14.456 14.109 13.761 13.399 13.189 13.549 13.899 14.241 14.594 14.961 15.279 14.914 14.541 14.186 13.844 13.491 10.981 6.996 6.981 8.479 8.444 9.564 9.661 6.886 6.846 6.829 6.816 6.786 6.756 6.749 6.729 6.706
6.524 6.529 6.531 6.744 6.914 6.944 6.951 6.954 6.969 6.951 6.964 6.611 6.601 6.639 6.706 6.819 6.819 6.826 6.809 6.791 6.774 6.751 6.736 6.706 6.684 6.686 6.711 6.741 6.754 6.766 6.794 6.826 6.829 6.849 6.871 6.941 13.294 13.641 13.989 14.356 14.729 15.081 15.176 14.819 14.444 14.096 13.731 13.384 13.214 13.561 13.916 14.266 14.626 14.991 15.276 14.891 14.536 14.159 13.811 13.481 11.089 6.979 6.966 7.139 7.054 8.034 7.736 6.861 6.844 6.821 6.794 6.771 6.749 6.726 6.716 6.691
6.489 6.501 6.514 6.679 6.066 6.811 6.854 6.639 6.814 6.796 6.949 6.594 6.554 6.611 6.691 6.779 6.804 6.819 6.789 6.766 6.746 6.724 6.706 6.691 6.664 6.811 8.384 9.336 8.186 7.024 7.009 6.799 6.806 6.821 6.846 6.919 13.316 13.656 14.014 14.369 14.741 15.106 15.156 14.786 14.436 14.091 13.741 13.381 13.221 13.584 13.951 14.291 14.651 15.009 15.264 14.884 14.521 14.154 13.814 13.464 10.774 6.956 9.419 9.424 9.394 7.646 6.924 6.846 6.829 6.799 6.776 6.756 6.719 6.711 6.701 6.684
6.479 6.491 6.494 6.651 6.996 7.084 7.114 7.044 7.041 6.989 7.064 6.591 6.529 6.566 6.651 6.741 6.774 6.811 6.781 6.746 6.734 6.701 6.686 6.664 6.716 7.584 11.026 11.576 11.769 11.201 10.709 6.776 6.786 6.804 6.834 6.979 13.326 13.666 14.009 14.366 14.746 15.116 15.141 14.779 14.426 14.066 13.719 13.354 13.229 13.586 13.951 14.296 14.676 15.036 15.261 14.876 14.509 14.144 13.794 13.459 9.919 6.936 6.919 6.966 7.246 6.844 7.064 6.866 6.801 6.771 6.756 6.729 6.709 6.701 6.679 6.671
6.461 6.474 6.489 6.539 7.261 7.439 7.424 7.411 7.371 7.356 7.291 6.619 6.504 6.549 6.624 6.724 6.751 6.789 6.759 6.724 6.704 6.681 6.669 6.646 6.631 8.076 11.054 11.589 11.756 11.229 10.694 6.754 6.776 6.794 6.816 7.016 13.341 13.694 14.041 14.401 14.764 15.119 15.129 14.769 14.414 14.069 13.719 13.344 13.244 13.606 13.971 14.314 14.679 15.039 15.244 14.866 14.491 14.139 13.789 13.441 9.344 6.911 6.884 7.166 7.656 7.889 8.024 8.959 6.774 6.739 6.739 6.711 6.701 6.679 6.654 6.636
