Matlab/Roost_data/braunton/dsm/ss4935_DSM_2M.asc
ncols 500
nrows 500
xllcorner    249000
yllcorner    135000
cellsize     2
NODATA_value -9999
[rows 0 to 31 of 500, columns 0 to 71 of 500]
10.798 12.548 11.033 11.048 10.811 10.863 10.916 10.933 10.928 12.248 11.056 11.416 14.468 14.796 16.233 17.723 18.386 18.986 19.258 18.601 17.963 12.023 12.768 11.933 11.986 12.098 12.061 12.318 11.513 11.456 11.448 11.426 11.423 11.393 11.358 11.466 11.488 13.053 11.741 11.711 11.818 11.658 11.623 11.601 11.581 11.576 11.553 11.533 11.511 11.501 11.483 11.458 11.431 11.418 11.398 11.361 11.321 11.383 11.336 13.726 13.711 13.756 10.573 10.408 10.463 10.398 10.463 10.506 11.853 11.036 11.721 11.753
10.763 10.813 11.056 11.021 10.966 10.821 10.871 10.918 10.906 10.896 11.158 11.093 11.818 17.703 18.338 18.973 19.218 18.573 17.963 17.083 13.048 11.906 11.803 11.713 11.603 12.038 12.336 11.416 11.438 11.426 11.401 11.393 11.366 11.473 11.498 12.651 11.703 11.693 11.673 11.658 11.641 11.606 11.583 11.571 11.548 11.526 11.506 11.493 11.468 11.463 11.438 11.408 11.381 11.366 11.368 11.351 11.328 11.333 11.321 13.201 13.728 13.728 11.171 10.453 10.391 10.391 10.353 10.426 10.528 11.018 10.838 10.846
10.756 10.781 10.973 10.961 10.973 10.783 10.821 10.873 10.891 10.891 10.916 11.036 11.363 17.558 19.238 18.608 17.961 17.406 13.953 12.063 11.776 11.671 11.638 11.486 11.396 11.371 11.473 11.956 11.388 13.768 12.641 11.371 11.513 12.996 11.713 11.686 11.663 11.653 11.628 11.596 11.591 11.556 11.548 11.531 11.508 11.483 11.481 11.451 11.418 11.428 11.406 11.393 11.371 11.338 11.346 11.321 11.278 11.258 11.253 11.298 13.716 13.718 12.346 10.456 10.333 10.361 10.298 10.363 10.433 11.603 10.768 10.763
10.781 10.778 10.723 10.963 13.258 10.923 10.758 10.818 10.861 11.686 10.871 10.973 11.068 12.071 17.978 17.371 14.396 11.841 12.216 11.971 11.521 11.436 11.366 11.321 11.321 11.318 11.306 11.301 13.803 11.556 11.481 12.301 11.656 11.711 11.693 11.656 11.631 11.593 11.588 11.566 11.546 11.523 11.506 11.488 11.468 11.426 11.426 11.406 11.393 11.403 11.391 11.366 11.348 11.328 11.321 11.301 11.256 11.241 11.188 11.283 13.723 13.696 13.491 10.528 10.273 10.308 10.266 10.303 10.341 10.391 10.956 10.683
10.656 10.691 13.433 11.003 10.881 10.921 10.713 10.771 10.838 10.846 11.028 10.921 11.018 11.108 12.368 11.713 11.636 11.996 12.653 11.958 11.646 11.216 11.243 11.238 11.248 11.241 11.226 11.378 11.453 12.913 11.933 11.773 11.433 11.648 11.643 11.613 11.583 11.556 11.543 11.516 11.503 11.483 11.461 11.441 11.418 11.388 11.376 11.346 11.343 11.368 11.358 11.341 11.306 11.298 11.296 11.283 11.276 11.253 11.268 11.278 11.316 11.326 13.928 14.451 10.313 10.243 10.233 10.208 10.278 10.298 11.666 10.666
12.033 10.708 16.001 14.573 10.913 11.478 10.716 10.711 10.766 10.818 10.833 10.833 11.093 11.051 11.688 11.431 11.623 11.471 11.566 11.111 11.138 11.153 11.151 11.483 12.611 11.313 11.381 12.446 12.116 11.926 11.941 11.916 11.403 11.616 11.596 11.568 11.551 11.533 11.491 11.473 11.461 11.448 11.433 11.391 11.353 11.328 11.306 11.293 11.288 11.296 11.293 11.281 11.296 11.281 11.261 11.236 12.471 11.381 11.308 11.253 11.311 13.471 14.221 13.956 10.298 10.168 10.188 10.123 10.236 10.261 10.301 10.621
15.676 16.776 17.398 17.261 11.093 10.881 13.626 10.656 11.018 10.763 11.571 10.808 10.901 11.053 11.046 11.096 11.138 11.006 11.031 11.046 11.063 11.071 11.048 11.216 11.306 14.471 14.671 11.896 11.861 11.966 12.023 11.968 11.433 11.421 11.521 11.531 11.506 11.481 11.463 11.433 11.408 11.381 11.366 11.343 11.316 11.286 11.241 11.243 11.216 11.251 11.378 11.973 11.298 11.343 12.166 11.316 12.131 14.406 14.241 11.271 11.261 14.208 14.183 14.191 11.721 10.111 10.141 10.101 10.081 10.143 10.233 11.321
17.433 18.043 18.676 18.276 14.648 12.206 13.808 10.898 10.643 10.858 10.756 10.778 10.786 10.793 10.801 10.871 10.913 10.923 11.141 10.971 10.986 11.038 11.211 11.751 14.876 15.828 15.363 11.903 11.871 11.936 12.013 11.961 11.736 11.376 11.448 11.463 11.443 11.426 11.421 11.376 11.371 11.343 11.323 11.308 11.273 11.228 11.296 11.576 15.518 16.876 17.383 17.918 14.666 14.931 15.126 14.221 14.223 14.213 14.216 11.283 11.278 14.451 13.101 14.163 14.481 10.161 10.066 10.073 10.001 10.036 10.101 10.128
18.676 19.236 18.401 17.763 17.111 10.996 11.213 10.891 10.583 10.648 10.701 10.748 10.766 10.766 10.753 10.806 10.843 10.943 10.903 10.943 11.078 11.576 11.618 11.696 12.816 15.591 15.098 13.896 12.291 11.888 11.883 11.538 11.356 11.378 11.396 11.388 11.391 11.391 11.373 11.341 11.326 11.296 11.246 11.246 11.581 15.913 16.878 17.378 17.898 18.446 18.966 19.511 14.938 14.928 14.943 14.236 14.226 14.218 14.208 13.723 11.288 13.761 14.228 14.228 11.311 10.143 10.003 10.043 9.983 9.983 10.036 10.093
18.281 17.706 17.133 16.551 13.556 10.811 10.696 11.703 10.611 13.228 10.648 10.691 10.723 10.743 10.816 11.088 10.793 10.881 10.971 11.091 11.238 11.463 11.596 11.701 11.748 13.356 11.781 11.748 11.866 11.446 11.773 13.816 13.791 11.396 11.318 11.331 11.351 11.348 11.341 11.328 11.293 11.216 15.513 16.896 17.401 17.901 18.448 18.953 19.476 19.993 20.541 20.308 17.131 14.943 14.926 14.246 14.226 14.223 14.221 14.226 14.293 14.366 11.331 11.321 11.296 10.478 9.953 9.988 9.956 9.913 9.986 10.068
17.043 16.471 13.088 10.786 10.746 10.753 10.573 10.748 10.446 10.993 10.601 10.656 10.698 10.711 10.736 10.748 10.943 11.011 11.091 13.478 13.681 11.993 11.618 11.728 11.776 11.773 11.738 11.681 11.806 11.718 11.651 13.791 13.783 11.433 11.323 11.301 11.298 11.296 11.263 11.258 11.193 12.353 12.631 18.438 18.928 19.468 19.996 20.506 20.411 19.871 19.351 18.871 18.151 14.936 14.936 15.193 14.066 14.258 15.263 15.726 15.991 11.281 11.278 11.918 12.136 10.373 10.001 9.898 9.916 9.841 9.921 10.118
13.431 9.841 10.296 10.676 10.613 12.233 10.293 10.291 11.208 10.463 10.541 10.598 10.646 10.686 10.711 10.833 11.131 11.456 11.101 13.553 12.396 11.843 11.998 16.881 11.756 12.063 11.643 11.588 11.608 11.701 11.358 13.761 13.786 12.683 11.313 11.278 11.261 11.223 11.378 11.338 13.563 15.108 15.121 19.816 20.533 20.403 19.828 19.313 18.868 18.433 17.896 17.396 16.736 13.928 13.946 14.536 14.023 16.098 16.763 17.286 16.503 13.851 11.271 11.201 11.253 10.746 9.978 9.821 9.868 9.816 9.848 10.023
10.066 9.786 10.506 11.316 10.693 9.986 10.066 10.186 10.303 10.393 10.483 10.546 10.611 10.653 10.678 12.133 13.013 13.856 11.098 13.498 11.996 11.321 17.671 18.298 16.873 16.236 11.438 11.428 11.481 11.681 11.388 13.696 13.758 13.753 11.306 11.303 11.298 11.946 12.718 14.306 15.243 15.118 15.121 19.001 19.351 18.826 18.268 17.728 17.356 16.823 14.601 13.821 14.076 14.663 14.758 14.838 14.016 15.521 17.078 18.553 17.053 15.471 12.166 11.251 11.366 12.056 9.983 9.811 9.803 9.778 9.798 9.896
9.621 10.568 9.646 9.718 9.818 9.881 10.001 10.136 10.228 10.371 10.431 10.513 10.571 10.613 10.646 11.288 15.193 13.483 11.016 12.543 11.473 11.296 17.161 18.698 17.388 11.316 11.578 11.298 11.393 11.501 11.588 11.426 13.868 11.286 11.248 11.263 11.933 14.216 14.201 14.228 14.306 15.153 15.121 16.368 17.811 17.273 16.758 14.853 13.813 13.793 12.261 11.366 11.458 14.638 14.723 14.813 14.916 14.753 16.566 18.186 17.571 15.986 11.263 11.711 11.341 12.243 10.208 9.851 9.728 9.733 9.691 9.811
9.436 9.423 9.521 9.631 9.728 9.836 10.011 10.336 10.418 10.476 10.513 10.473 10.526 10.576 10.611 10.641 10.941 10.941 10.963 11.888 11.308 11.256 14.573 18.178 17.923 12.026 12.676 11.313 11.366 11.416 11.578 11.318 13.133 14.173 14.156 11.278 11.283 14.231 14.221 14.241 14.223 15.128 15.148 15.276 14.568 13.811 13.668 11.513 11.681 11.261 11.263 11.268 11.288 14.606 14.683 14.776 14.866 13.966 16.046 17.641 18.096 16.491 12.168 11.248 11.303 11.983 10.501 9.801 9.661 9.878 9.651 9.721
9.311 9.413 9.506 9.563 9.676 9.916 10.121 10.313 10.478 10.491 10.518 10.441 10.486 10.541 10.586 10.601 10.711 10.921 10.938 12.666 12.046 11.391 14.043 17.666 18.443 16.736 14.066 17.056 17.338 11.361 11.413 11.458 13.613 14.126 14.118 11.283 11.283 14.336 14.221 14.231 14.416 13.856 13.811 13.791 11.323 11.408 11.263 11.276 11.321 11.268 11.316 11.293 11.308 12.821 14.871 14.738 14.833 13.973 15.586 17.146 18.546 17.036 15.461 11.266 11.231 14.701 11.523 9.856 9.633 9.673 9.726 9.641
9.298 9.351 9.423 9.656 9.871 10.046 10.216 10.413 10.551 10.531 10.538 15.481 12.821 10.498 10.548 10.576 10.593 10.893 10.903 12.883 11.473 11.428 11.316 17.158 18.693 17.466 17.631 17.933 18.221 12.821 11.356 11.488 14.123 14.116 13.181 14.026 11.371 13.923 14.236 14.328 15.268 13.826 11.388 11.263 11.266 11.238 11.218 11.233 11.271 11.251 11.303 11.281 11.293 11.331 14.626 14.716 14.801 14.906 14.896 16.591 18.213 17.538 15.966 14.693 14.603 11.308 12.391 10.143 9.676 9.571 9.588 9.526
9.183 9.316 9.638 10.656 10.323 10.411 11.001 10.781 10.583 10.708 15.318 12.081 13.413 10.463 10.511 10.546 10.563 10.831 10.861 10.898 12.693 12.223 11.268 13.798 18.143 18.226 18.528 18.696 18.378 18.098 11.356 11.428 13.386 14.101 14.458 14.188 14.181 15.261 15.706 16.221 16.068 13.831 12.398 11.246 11.248 11.236 11.701 11.231 11.258 11.231 11.266 11.283 11.278 11.321 14.598 14.696 14.783 14.873 13.918 16.081 17.678 18.113 16.548 14.951 14.296 11.258 11.391 10.363 9.621 9.503 9.546 9.503
9.436 9.588 10.493 10.238 10.261 10.291 10.301 10.308 11.438 10.626 14.133 13.998 11.361 10.408 10.463 10.511 10.538 10.568 10.833 10.886 10.918 11.226 11.383 14.046 18.098 18.526 18.106 17.788 17.503 17.211 11.378 11.358 11.471 11.486 14.351 11.378 11.386 15.918 17.268 17.801 16.566 14.516 12.643 11.211 11.236 11.236 11.618 11.218 11.236 11.256 11.258 11.281 11.278 11.238 12.958 14.653 14.748 14.843 13.751 15.578 17.153 18.591 17.043 15.421 11.243 11.336 11.343 11.066 9.568 9.438 9.483 9.476
9.531 10.683 10.198 10.356 14.101 13.288 13.811 11.406 10.291 10.486 10.593 11.796 13.101 10.358 10.416 10.471 10.496 10.531 10.811 12.903 13.161 11.436 11.451 11.401 17.561 18.963 17.453 13.741 11.386 11.368 11.333 11.323 11.456 11.368 11.366 11.356 11.351 15.438 16.991 18.528 17.073 15.506 13.831 12.561 11.218 11.253 11.228 11.243 11.251 12.008 11.668 11.258 11.246 11.293 11.688 14.641 14.483 14.471 14.471 14.876 16.611 18.221 17.553 16.006 11.226 11.333 11.376 11.953 9.641 9.501 9.428 9.436
10.533 10.358 10.233 13.331 14.873 14.911 15.021 13.051 10.278 10.291 11.406 11.143 10.531 10.476 10.371 10.428 10.471 10.501 10.613 13.948 13.886 13.163 11.478 11.331 17.101 18.633 17.988 13.808 12.273 11.743 11.276 11.286 11.326 11.343 11.313 11.306 11.323 12.478 16.516 18.076 17.628 16.061 13.841 12.558 11.246 11.281 11.266 11.226 11.291 12.036 13.906 11.476 11.286 11.251 11.236 14.473 14.496 14.523 14.468 13.868 16.073 17.678 18.096 16.498 12.818 11.288 11.351 12.338 9.686 9.491 9.378 9.403
10.453 10.933 10.146 13.181 15.261 14.183 14.011 12.896 10.626 10.723 10.683 10.858 10.563 10.598 10.328 10.391 10.433 10.466 12.056 12.221 11.816 13.461 11.486 11.423 12.738 17.641 18.533 16.833 11.298 11.496 11.226 11.223 11.278 11.546 11.291 11.286 11.296 11.348 15.966 17.538 18.128 16.523 14.578 12.336 11.226 11.281 11.236 11.268 11.266 11.293 11.338 11.271 11.303 11.276 11.251 11.276 14.513 14.571 14.493 13.858 15.593 17.123 16.676 16.183 15.511 11.238 11.756 11.766 10.006 9.456 9.423 9.336
9.953 11.453 10.076 12.843 14.718 16.598 16.333 14.166 10.876 10.723 10.711 10.896 10.511 10.588 10.303 10.348 10.396 10.438 10.461 11.263 10.786 11.271 11.493 11.403 11.311 17.106 18.648 17.466 11.308 11.266 11.223 11.216 11.236 11.321 11.308 11.286 11.288 11.333 15.468 17.003 18.528 17.091 15.496 13.816 11.853 11.278 11.293 11.276 11.271 11.263 11.288 11.266 11.286 11.246 11.228 11.271 14.481 14.521 14.493 14.431 14.391 15.653 17.141 14.251 14.526 11.226 12.458 11.241 10.546 9.408 9.373 9.306
10.016 9.966 10.078 13.778 14.111 15.973 17.371 14.986 10.276 10.701 10.716 10.696 10.523 10.538 10.423 10.311 10.368 10.413 10.441 10.463 10.766 10.738 12.988 11.406 11.291 14.616 18.123 18.021 12.048 11.268 11.231 11.216 11.213 11.276 11.601 11.278 11.273 11.311 12.688 16.446 18.043 17.618 16.043 13.836 12.511 11.271 11.283 11.443 11.396 11.246 11.263 11.256 11.251 11.226 11.216 11.396 14.471 14.471 14.476 13.921 13.876 14.246 14.258 14.253 14.253 11.198 12.933 11.203 12.058 9.386 9.348 9.253
10.401 9.886 10.018 12.436 11.996 15.383 17.256 15.621 10.321 10.691 10.673 10.691 11.271 10.501 10.526 10.283 10.341 10.388 10.421 10.428 10.698 10.708 12.696 11.056 11.248 13.583 17.578 18.543 17.016 12.348 11.253 11.246 11.246 11.271 11.326 11.268 11.248 11.286 11.373 15.918 17.511 18.146 16.546 14.551 11.968 11.241 11.276 11.263 11.331 11.221 11.233 11.241 11.231 11.241 11.653 12.343 13.851 13.866 14.881 15.511 15.206 14.243 14.251 14.258 14.251 11.416 11.883 11.776 10.961 9.571 9.318 9.276
9.658 9.783 9.916 11.168 11.341 15.258 16.658 16.226 12.008 10.941 10.698 11.448 11.236 10.478 10.513 10.308 10.311 10.368 10.408 10.413 10.563 10.708 10.711 11.676 11.456 11.326 16.451 18.636 17.511 16.471 11.291 12.168 11.591 11.288 11.318 11.621 11.251 11.261 11.338 15.406 17.011 18.516 17.113 15.501 13.826 11.656 11.376 11.261 11.241 11.231 11.378 11.871 12.856 13.808 13.826 14.873 15.493 15.923 16.426 16.941 15.573 14.246 14.243 14.248 14.248 14.498 10.661 10.628 9.843 9.401 9.281 9.241
9.616 9.698 9.816 10.806 12.633 13.823 16.083 15.403 10.166 10.376 11.331 10.611 12.531 14.151 10.478 10.428 10.276 10.333 10.376 10.391 10.393 10.678 10.681 13.053 11.486 11.346 12.918 17.986 17.536 12.011 11.661 11.381 11.298 11.496 11.483 11.318 11.218 11.228 11.298 13.186 16.491 18.063 17.561 16.013 13.838 11.656 11.781 11.251 12.043 12.718 13.811 13.821 14.983 15.481 15.931 16.451 16.973 17.526 18.053 17.606 16.048 14.253 14.551 8.881 9.948 10.198 10.133 9.978 9.823 9.568 9.256 9.211
9.578 9.646 9.756 9.873 12.088 10.093 10.026 12.856 12.843 12.461 10.298 10.571 11.146 14.161 10.471 10.511 10.251 10.306 10.358 10.371 10.376 10.456 10.628 12.861 11.488 11.408 11.348 12.158 11.381 11.976 13.446 11.481 11.338 11.283 11.266 11.243 11.223 11.198 11.273 11.361 15.943 17.548 17.743 16.513 14.508 13.101 12.496 13.818 13.828 15.021 15.488 15.903 16.426 16.963 17.483 18.036 17.851 17.318 16.798 16.288 15.833 15.031 13.063 12.936 10.913 10.208 10.491 10.521 10.468 10.513 9.231 9.156
9.611 9.611 9.711 9.828 10.663 11.301 10.371 12.858 12.851 12.846 10.121 10.458 10.458 13.296 12.141 10.451 10.261 10.283 10.333 10.356 10.368 10.388 13.061 11.218 12.503 11.478 11.463 12.078 12.003 11.358 11.298 11.306 11.303 11.293 12.008 11.258 11.223 11.211 11.233 11.326 15.471 16.678 16.161 15.688 15.213 13.833 14.896 15.478 15.896 16.421 16.946 17.496 18.023 17.833 17.298 16.753 16.243 15.766 15.396 11.896 10.831 13.051 13.056 13.551 16.881 16.446 15.221 10.206 11.073 10.296 11.223 9.123
11.903 9.573 9.676 9.791 10.463 9.946 10.461 11.061 12.858 12.846 10.961 10.166 10.403 12.386 13.203 10.408 10.268 10.256 10.308 10.348 10.983 11.428 13.018 10.651 12.586 12.396 11.621 11.401 11.746 11.313 11.308 11.486 11.303 11.288 12.051 11.241 11.221 11.203 11.221 11.288 14.136 15.121 14.218 14.236 14.223 14.391 16.133 16.961 17.501 18.063 17.831 17.276 16.748 16.248 15.748 15.366 12.471 11.231 10.668 10.198 10.208 13.053 17.011 17.011 17.011 16.911 17.026 17.043 17.036 11.516 11.183 9.098
14.958 9.556 9.621 9.706 11.426 9.811 10.741 15.913 17.351 16.078 10.428 10.201 10.416 13.608 14.396 13.281 10.313 10.228 10.278 10.323 10.453 10.348 14.378 10.661 14.473 13.891 12.161 11.336 13.193 11.303 11.321 11.316 11.298 11.288 11.278 11.246 11.228 11.198 11.203 11.258 11.353 14.543 14.218 14.238 14.233 14.236 15.633 17.158 17.303 16.776 16.251 15.736 15.381 11.593 11.266 10.893 10.813 10.818 10.798 10.206 10.206 12.341 15.896 17.021 18.806 18.913 17.023 17.058 17.058 17.021 10.291 9.066
11.616 9.751 9.571 10.753 10.368 9.793 10.418 16.071 17.368 16.516 13.473 10.071 10.323 13.383 14.283 13.306 10.446 10.318 10.253 10.291 10.316 10.333 10.413 10.643 12.273 12.973 11.256 11.756 11.281 11.298 11.316 11.303 11.288 11.296 11.268 11.246 11.231 11.206 11.198 11.218 11.321 11.423 14.208 14.218 14.241 14.243 15.291 16.251 15.736 15.298 11.321 11.251 10.928 10.853 10.838 10.821 10.878 11.006 10.538 10.228 10.208 13.996 17.046 17.041 17.201 18.931 17.321 17.063 17.081 17.036 10.151 10.583
