Matlab/Roost_data/braunton/dsm/ss5034_DSM_2M.asc
ncols 500
nrows 500
xllcorner    250000
yllcorner    134000
cellsize     2
NODATA_value -9999
[rows 102 to 135 of 500, columns 380 to 455 of 500]
9.006 8.971 8.933 8.886 8.811 8.858 9.413 10.068 10.121 10.166 10.393 10.751 10.341 10.543 10.313 10.241 9.186 8.931 8.966 9.773 11.403 11.481 11.188 11.093 11.186 11.323 11.401 11.436 11.451 10.558 10.366 10.936 11.418 11.463 11.363 10.083 11.133 10.556 9.386 8.701 8.733 9.378 9.271 9.221 9.378 8.671 8.523 8.538 8.578 8.608 8.658 8.756 8.838 8.926 8.981 9.031 9.006 8.903 8.843 8.758 8.728 8.676 8.641 8.628 8.598 8.596 8.596 8.628 10.078 10.918 10.158 9.946 9.598 9.626 9.703 9.591
9.226 9.003 8.946 8.916 8.888 8.853 9.888 10.001 9.771 9.848 10.038 10.278 10.558 10.623 10.548 10.223 9.238 9.106 8.896 9.906 11.416 11.483 11.393 11.431 11.496 11.431 11.481 11.503 11.526 11.451 11.448 11.413 11.418 11.466 11.358 10.366 10.893 10.158 9.468 8.746 8.673 9.261 9.423 8.711 8.561 8.548 8.568 8.526 8.618 8.681 8.753 8.793 8.816 8.868 8.931 8.906 8.853 8.808 8.761 8.698 8.668 8.628 8.616 8.598 8.581 8.598 8.588 8.641 12.368 13.333 13.281 13.113 13.276 12.973 12.358 12.318
9.116 9.181 8.986 8.978 8.916 8.878 9.141 9.661 9.736 9.386 9.766 10.306 10.848 10.466 10.626 10.256 9.173 8.806 8.841 10.158 11.398 11.493 11.456 11.478 11.533 11.466 11.541 11.513 11.531 11.498 11.496 11.516 11.473 11.453 11.338 9.821 10.228 9.248 9.481 8.838 8.716 9.056 9.643 8.831 8.531 8.563 8.561 8.591 8.646 8.716 8.753 8.753 8.781 8.793 8.846 8.788 8.786 8.756 8.703 8.616 8.618 8.578 8.588 8.593 8.586 8.583 8.918 8.833 13.268 13.768 13.738 13.571 13.146 13.276 13.838 13.806
9.133 9.783 9.026 9.008 8.958 8.936 8.921 8.968 8.978 9.156 9.441 9.628 10.591 10.158 9.821 9.521 8.951 8.796 8.791 9.313 9.301 10.493 10.633 10.531 10.778 10.533 10.328 10.408 10.661 10.761 10.671 10.661 10.526 11.313 10.088 9.068 8.981 9.131 9.403 8.823 8.713 9.086 9.616 9.046 8.606 8.608 8.673 8.676 8.681 8.706 8.726 8.733 8.736 8.743 8.771 8.733 8.713 8.666 8.616 8.603 8.561 8.563 8.568 8.568 8.586 8.586 10.408 9.596 13.566 14.093 14.168 14.146 12.076 14.198 14.256 14.208
9.203 9.801 9.023 9.028 9.038 8.996 8.968 8.963 8.926 8.913 8.928 8.931 9.163 9.116 9.036 8.856 8.838 8.846 8.833 8.818 8.801 8.783 8.766 8.763 8.916 8.776 8.758 8.751 8.803 8.861 8.831 8.773 8.746 8.688 8.838 8.803 8.891 8.778 8.753 8.743 8.718 8.918 8.931 8.788 8.636 8.656 8.721 8.728 8.693 8.693 8.721 8.703 8.743 8.691 8.743 8.703 8.661 8.631 8.606 8.561 8.563 8.571 8.578 8.568 8.576 8.598 10.158 9.713 14.063 13.926 14.228 14.003 13.661 13.078 13.426 14.246
10.383 9.926 8.983 9.006 9.038 9.041 9.043 9.053 8.991 8.986 8.961 8.953 8.921 8.896 8.896 8.906 8.878 8.848 8.833 8.821 8.786 8.816 8.793 8.768 8.803 8.771 8.758 8.756 8.771 8.736 8.731 8.731 8.728 8.706 8.698 8.673 8.671 8.681 8.706 8.708 8.726 8.686 8.718 8.738 8.716 8.728 8.788 8.776 8.738 8.743 8.728 8.741 8.731 8.676 8.686 8.656 8.623 8.591 8.556 8.543 8.531 8.561 8.558 8.576 8.581 8.588 10.258 9.971 13.841 13.118 13.403 12.251 10.511 12.238 13.408 13.848
10.296 9.681 8.961 8.986 9.011 9.021 9.023 9.028 9.016 8.991 9.006 8.963 8.926 8.886 8.898 8.868 8.836 8.843 8.818 8.813 8.791 8.783 8.806 8.778 8.768 8.741 8.748 8.736 8.721 8.833 8.753 8.758 8.766 8.736 8.736 8.733 8.728 8.746 8.758 8.751 8.778 8.763 8.776 8.796 8.783 8.821 8.818 8.796 8.788 8.748 8.751 8.776 8.751 8.721 8.676 8.616 8.586 8.583 9.023 9.883 9.673 9.838 9.836 10.176 10.456 10.558 10.501 11.961 12.871 12.673 12.621 12.828 12.568 12.936 12.443 13.468
9.358 9.598 8.943 8.976 8.948 8.966 8.961 8.928 8.953 8.931 8.971 8.951 9.526 10.013 10.728 10.801 10.041 10.056 9.701 10.046 9.466 9.168 9.923 9.358 9.221 8.751 8.766 8.733 9.273 9.656 8.738 8.748 8.781 8.766 8.778 8.786 8.761 8.783 8.791 8.798 8.811 8.828 8.811 8.901 9.566 9.763 9.223 9.923 9.306 9.278 9.271 9.221 9.101 10.088 8.963 8.643 8.588 8.583 8.556 13.453 13.461 13.466 13.463 13.441 13.233 13.461 13.428 13.441 13.468 13.426 13.443 13.456 13.421 13.443 13.408 13.458
10.286 10.328 8.981 8.936 8.928 8.921 8.916 8.916 8.926 8.913 8.931 8.886 12.078 13.223 13.778 13.743 14.736 14.703 14.321 14.756 14.446 14.501 12.486 12.391 10.606 8.766 8.791 8.786 9.536 9.833 8.773 8.796 8.806 8.803 8.798 8.801 8.793 8.796 8.803 8.813 8.818 8.806 10.963 12.328 12.371 12.306 12.141 11.963 11.743 12.233 12.038 11.976 11.893 11.788 9.428 8.683 8.631 8.616 8.741 13.871 13.758 13.846 13.841 13.818 13.803 13.861 13.833 13.896 13.706 12.816 13.338 13.763 12.651 13.783 13.796 13.831
9.818 9.591 8.923 8.896 8.911 8.883 8.871 8.866 8.888 8.868 8.826 8.846 11.908 12.161 14.923 12.693 13.858 13.508 14.838 14.856 13.548 14.903 13.456 13.171 11.791 8.953 8.791 9.188 9.148 9.293 8.816 9.288 9.193 8.968 8.826 8.818 9.111 9.113 8.771 8.828 8.798 8.818 11.648 13.098 13.121 12.983 13.021 12.908 12.728 12.973 12.886 13.061 12.818 12.603 10.093 8.663 8.613 8.628 10.043 14.258 14.271 14.251 14.253 14.256 14.228 14.256 14.248 14.223 14.221 14.188 14.188 14.198 13.543 14.201 14.231 14.193
10.228 9.943 8.866 8.863 8.891 8.863 8.823 8.836 8.831 8.806 8.783 8.788 12.531 12.308 12.293 13.071 13.588 13.736 13.211 14.478 13.103 15.038 13.678 13.388 13.083 12.601 12.716 12.486 11.658 12.806 12.768 13.123 12.503 12.233 12.241 12.333 12.173 12.486 12.286 12.798 12.723 12.708 12.821 13.516 13.528 13.111 13.078 13.408 13.003 13.431 13.273 13.343 12.401 13.446 10.858 8.703 8.688 8.648 9.853 14.208 14.256 14.246 14.231 14.238 14.213 14.248 14.273 14.231 14.256 13.386 14.223 14.223 14.213 14.053 14.128 14.253
10.356 9.743 8.841 8.823 8.856 8.828 8.806 8.818 8.796 8.786 8.786 8.778 11.208 13.963 14.928 13.063 13.583 10.886 13.131 11.033 14.036 14.913 12.496 12.666 12.666 12.438 12.631 12.638 12.603 12.686 12.658 12.716 12.658 12.701 12.686 12.733 12.726 12.666 12.748 11.888 12.743 12.653 12.768 12.748 12.751 12.738 12.766 12.771 12.753 12.773 12.231 12.541 12.473 12.766 11.398 8.711 8.683 8.681 9.321 13.386 13.851 13.853 13.848 13.873 13.851 13.856 13.866 13.873 13.848 13.113 13.841 13.978 13.868 13.023 11.126 13.846
9.738 9.893 9.006 8.911 8.836 8.851 8.841 8.821 8.796 8.818 9.126 8.838 11.136 14.183 12.516 12.338 14.236 14.753 14.708 14.056 14.751 13.956 12.043 12.053 12.076 12.048 12.083 12.023 12.058 12.081 12.078 12.053 12.086 12.121 12.053 12.033 12.086 12.096 12.086 12.096 12.083 12.073 12.113 12.078 12.068 12.103 12.061 12.118 12.086 12.078 12.031 12.098 12.081 12.096 11.596 10.068 9.761 10.116 10.911 13.408 13.423 13.473 13.476 13.456 13.471 13.426 13.438 13.421 13.476 13.078 13.476 13.578 13.443 12.738 12.676 13.466
9.711 10.501 11.128 9.016 8.848 8.821 8.886 11.171 11.448 11.621 11.451 10.641 11.736 14.721 14.681 14.736 14.708 14.711 14.523 14.688 14.703 14.101 12.626 12.638 12.638 12.626 12.653 12.606 12.501 12.556 12.571 12.621 12.571 12.586 12.621 12.533 12.521 12.541 12.566 12.528 12.546 12.523 12.556 12.498 12.531 12.546 12.523 12.573 12.521 12.518 12.568 12.423 12.466 12.661 13.281 13.426 13.476 13.296 13.301 13.483 13.468 13.466 13.481 13.431 13.483 13.521 13.441 13.446 13.443 13.436 13.448 13.458 13.456 13.453 13.421 13.456
9.206 10.291 11.828 8.951 8.803 8.808 8.798 11.628 12.643 12.641 12.591 10.781 11.876 14.823 11.593 13.528 12.286 14.038 13.703 13.356 13.371 14.633 13.438 13.301 13.451 13.281 13.436 13.386 12.466 12.931 12.936 13.411 13.328 13.371 12.323 13.141 13.286 13.288 13.311 13.253 13.378 13.241 13.308 12.436 13.336 13.388 13.296 13.276 13.266 13.316 12.826 12.893 13.271 13.366 13.771 12.821 13.893 13.868 13.858 13.883 13.873 13.873 13.848 13.866 13.833 13.866 13.848 13.856 13.848 13.828 13.836 13.818 13.831 13.848 13.003 13.098
9.848 10.561 10.461 9.111 8.793 8.803 8.791 11.066 12.641 12.653 12.583 11.171 11.858 14.976 12.198 11.823 12.463 12.273 14.938 13.923 13.316 14.991 14.311 14.141 14.203 14.166 14.153 14.133 14.133 14.096 14.131 14.121 14.163 14.153 13.953 14.098 14.088 14.096 14.088 14.091 14.128 14.091 14.138 13.866 14.103 13.246 14.038 13.971 13.443 14.056 14.091 13.951 12.568 14.108 14.263 14.243 14.266 14.251 14.266 14.278 14.271 14.293 14.241 14.236 14.221 14.213 14.218 14.218 14.216 14.216 13.408 13.938 13.641 11.973 12.911 14.153
9.396 9.921 10.586 10.438 9.863 10.076 9.546 10.386 12.681 12.696 12.593 10.943 12.888 13.218 11.008 14.998 14.243 13.421 13.713 13.566 12.391 14.998 14.088 13.853 13.818 13.753 13.828 13.858 13.811 13.801 13.833 13.846 13.838 13.878 13.878 13.856 13.831 13.861 13.841 13.848 13.898 13.898 13.881 13.933 13.908 13.156 13.896 13.943 13.906 13.928 13.896 13.893 13.498 13.978 14.086 14.191 14.186 14.193 14.201 14.231 14.211 14.211 14.221 14.203 14.201 14.188 14.183 14.198 14.201 14.213 14.163 14.181 14.163 14.131 13.646 13.473
9.151 10.561 11.456 11.433 11.428 11.413 10.631 10.888 12.751 12.698 12.606 10.463 12.248 13.958 11.028 13.001 14.826 12.736 14.401 12.736 13.723 14.818 13.101 12.996 13.056 12.933 13.023 13.046 13.026 13.031 13.063 13.033 13.058 13.056 13.061 13.061 13.038 13.116 13.088 13.071 13.098 13.091 13.118 13.171 13.153 13.166 13.058 13.081 13.126 13.178 13.186 13.173 13.116 13.123 13.451 13.801 13.776 13.773 13.808 13.811 13.823 13.808 13.818 13.806 13.801 13.821 13.786 13.828 12.901 13.596 13.733 13.171 12.446 13.761 13.711 13.743
11.178 10.766 9.446 9.616 9.606 9.953 9.293 10.876 12.723 12.723 12.611 10.633 10.848 13.493 13.168 12.673 13.566 14.408 14.441 13.788 13.471 14.028 13.443 12.036 11.721 11.763 11.611 11.931 11.773 12.216 12.006 12.238 12.131 12.128 12.198 11.918 11.893 11.576 12.258 12.211 12.008 11.836 12.311 12.303 12.291 12.153 11.928 12.348 11.861 12.553 12.866 12.528 12.168 12.273 12.826 13.346 13.301 12.638 13.368 13.246 13.256 13.428 13.393 13.391 13.411 13.433 13.391 13.343 12.681 13.368 13.331 13.361 12.728 13.336 13.033 12.616
10.926 10.446 8.928 8.831 8.836 8.916 8.801 10.223 10.533 10.996 10.923 10.546 9.408 9.318 8.846 8.793 9.248 8.943 8.998 9.486 13.081 15.088 16.483 14.156 9.463 9.406 9.568 9.803 9.286 9.758 10.101 11.288 13.738 11.423 10.006 9.888 9.571 10.761 12.263 9.673 10.471 11.681 11.703 11.211 10.418 10.396 10.726 10.688 10.953 11.441 13.686 16.146 14.903 10.681 9.058 9.183 8.548 8.901 8.976 9.293 9.491 10.111 9.343 10.566 11.031 11.136 9.723 9.878 9.718 9.858 9.228 9.876 9.466 9.031 9.861 9.023
8.763 9.086 8.731 8.756 8.886 8.838 8.753 8.721 8.731 8.776 9.011 8.791 8.796 8.863 8.801 8.778 8.876 9.126 9.171 9.798 13.701 17.811 15.421 12.868 8.886 9.213 9.583 9.766 9.371 8.913 9.026 11.188 14.276 11.121 9.531 9.123 9.088 13.161 16.406 14.503 13.738 15.348 14.293 13.478 14.416 11.161 11.781 9.193 9.341 10.211 13.468 16.296 15.123 11.936 9.276 8.716 8.726 8.938 8.973 8.523 8.356 8.741 9.118 9.266 9.273 9.393 9.313 9.473 9.093 8.628 8.528 8.331 8.333 8.563 8.511 9.218
8.653 8.676 8.676 8.653 8.661 8.691 8.631 8.653 8.651 8.631 8.606 9.883 8.768 8.641 8.658 8.661 8.678 8.698 9.723 12.343 13.043 16.641 17.431 13.136 12.568 12.733 12.836 12.323 12.051 11.451 11.821 11.663 12.436 12.061 11.293 10.316 10.273 14.168 13.806 15.011 13.786 13.403 11.543 13.693 12.163 12.163 9.998 8.263 9.231 10.268 12.066 16.556 16.898 13.668 8.666 8.031 7.976 7.938 7.923 8.013 8.068 8.313 8.603 8.398 8.488 8.616 8.458 9.326 10.431 9.471 8.356 10.403 9.061 8.566 8.776 9.211
9.711 8.996 8.743 8.666 9.361 8.688 8.656 11.208 8.678 8.678 9.246 9.871 9.713 8.601 10.631 10.763 10.608 8.721 9.406 11.481 11.711 11.981 12.503 12.551 12.148 11.671 12.291 12.521 12.638 12.498 12.663 12.696 12.051 12.153 12.076 12.413 12.471 12.616 12.393 13.283 11.853 11.613 12.193 12.278 12.823 13.231 11.961 10.833 12.308 11.488 12.051 14.878 17.753 13.063 8.826 8.013 8.013 7.978 7.978 7.993 7.978 7.973 8.003 7.993 8.253 10.866 9.461 11.278 11.746 10.683 11.078 12.276 12.711 12.828 11.188 8.476
8.913 9.338 9.793 8.766 10.698 8.716 10.331 13.106 9.661 8.933 8.716 10.276 9.663 10.676 17.118 12.643 15.123 8.803 8.833 8.828 8.843 8.808 8.803 8.761 8.711 8.718 8.758 8.948 8.793 9.448 8.801 9.118 9.011 9.688 8.828 10.033 9.433 9.418 10.031 9.608 10.531 11.228 11.351 12.116 12.281 12.938 12.513 12.646 12.818 12.931 12.936 13.616 13.936 11.738 11.243 8.833 8.148 7.988 7.993 8.953 9.771 8.021 7.986 7.991 8.198 10.468 8.891 13.133 12.403 12.186 12.488 10.076 11.996 15.121 12.968 7.928
8.676 13.521 13.701 8.938 12.133 8.681 10.456 8.773 8.671 9.451 8.726 9.636 9.778 10.663 15.233 13.936 13.931 11.278 8.828 8.823 8.751 8.728 8.776 8.741 8.738 8.746 8.686 8.651 8.741 8.891 8.671 8.638 8.658 8.653 8.638 8.711 8.588 8.611 8.601 8.598 8.593 8.543 8.643 8.821 9.208 9.338 9.836 10.621 10.381 10.636 12.058 12.728 13.331 12.438 12.246 10.698 10.691 9.363 8.621 11.268 12.328 9.608 8.003 7.976 7.951 8.823 8.503 8.481 9.631 11.786 8.898 9.741 13.201 10.331 9.633 7.896
9.123 9.643 13.041 8.813 8.676 9.036 12.496 8.813 8.636 8.573 9.443 9.356 10.358 11.501 10.551 9.021 12.416 8.923 8.793 8.716 8.676 8.683 8.693 8.686 8.693 8.708 8.651 8.623 8.648 8.646 8.651 8.923 8.638 8.658 8.641 8.658 8.576 8.568 8.598 8.613 8.603 8.598 8.556 8.566 8.546 8.573 8.726 9.253 10.018 8.878 11.006 14.446 15.943 14.098 12.478 12.423 11.868 11.516 11.131 11.836 14.628 11.251 9.196 9.113 8.531 8.056 8.046 8.001 9.051 10.186 10.541 10.238 10.601 9.088 8.308 7.903
8.618 8.608 9.511 8.691 8.721 8.696 9.188 9.293 9.866 9.581 12.436 15.728 12.671 10.031 10.193 9.471 9.066 10.396 10.728 8.703 8.616 8.628 8.596 8.643 8.686 8.688 8.631 8.638 8.638 8.633 8.598 8.631 8.608 8.631 8.611 8.573 8.538 8.458 8.561 8.553 8.566 8.561 8.578 8.573 8.596 8.563 8.556 9.001 8.723 8.498 9.653 13.331 14.708 13.316 10.256 11.633 12.333 12.861 13.486 13.628 13.908 11.636 11.796 13.196 9.531 8.623 8.263 7.963 7.996 7.993 8.466 7.906 7.948 7.991 7.986 7.948
8.626 8.653 8.636 8.708 8.721 8.708 8.741 8.603 12.311 14.923 15.851 17.598 11.891 8.738 9.033 8.796 8.771 11.298 10.726 8.693 8.653 8.638 8.573 8.606 8.631 8.693 8.613 8.678 8.568 8.588 8.583 8.568 8.611 8.611 8.601 8.871 8.598 8.458 8.486 8.496 8.526 8.493 8.533 8.548 8.556 8.521 8.481 8.518 8.548 8.438 8.476 10.498 11.508 9.786 8.343 8.473 9.581 12.526 13.656 13.983 11.673 12.408 14.523 15.251 12.123 11.288 11.651 12.468 8.193 7.953 8.286 8.013 7.966 8.013 8.018 8.006
8.636 8.681 8.716 8.708 8.711 8.683 8.691 8.806 9.863 16.651 18.556 13.951 10.633 10.738 14.031 10.893 9.138 8.773 8.803 8.693 8.953 10.816 11.083 10.818 9.716 10.026 10.133 9.911 9.716 8.561 9.086 9.356 8.626 8.636 8.593 8.673 8.486 8.453 8.653 8.663 8.518 8.493 8.458 8.816 8.548 8.498 8.488 8.483 8.556 8.423 8.986 10.191 8.863 9.156 8.763 8.336 8.243 9.153 11.511 12.348 10.038 14.533 17.863 16.248 12.118 13.801 15.156 15.783 10.928 9.528 10.558 9.013 8.103 8.008 8.048 8.018
8.666 8.688 8.713 8.728 8.741 8.696 10.686 13.046 15.421 20.823 18.236 10.296 9.471 9.578 16.278 13.023 10.143 9.406 8.886 9.333 9.833 14.806 14.838 14.838 14.396 14.821 14.158 14.516 14.763 13.421 10.676 10.406 8.638 8.611 8.586 9.551 9.521 11.688 13.138 12.633 11.998 10.701 11.041 9.638 8.871 8.851 8.603 8.448 8.406 8.396 8.896 10.011 8.446 8.778 8.436 8.356 8.326 8.308 8.256 9.911 14.611 16.938 17.238 15.821 10.003 13.833 13.761 16.546 15.708 12.278 13.443 12.163 9.121 7.951 8.001 8.038
8.628 8.668 8.683 8.676 11.946 8.993 8.873 10.061 17.113 16.118 11.058 10.121 11.456 9.151 12.868 15.401 15.661 14.361 8.863 10.886 11.306 15.761 16.081 16.101 16.131 16.113 16.056 16.046 16.133 15.691 11.153 10.891 8.753 8.623 8.581 10.313 10.443 14.576 15.421 15.281 14.993 14.771 14.648 14.243 13.843 13.056 12.808 11.656 10.151 8.398 8.543 8.961 8.426 8.388 8.396 8.438 8.418 8.383 8.333 8.296 14.538 15.986 11.468 8.848 8.331 12.376 16.501 15.541 15.448 14.413 12.446 13.046 10.123 8.761 7.908 7.993
8.591 8.633 8.673 8.673 10.211 9.511 8.663 8.693 8.953 11.291 9.668 8.743 9.243 8.761 13.958 17.866 19.553 19.118 8.871 11.018 10.861 15.408 15.406 15.386 15.431 15.493 15.453 15.443 15.531 15.298 11.586 10.676 8.623 8.626 8.583 10.761 11.401 15.118 15.398 15.578 15.748 15.773 15.741 15.691 15.611 15.413 15.253 15.041 13.038 10.383 11.203 11.526 9.066 8.366 9.321 8.438 8.376 8.386 8.353 8.938 10.228 10.846 8.583 8.078 8.076 8.831 12.653 12.023 9.348 11.808 12.376 12.551 12.773 11.038 9.153 7.966
8.571 8.601 8.673 8.668 8.608 8.671 8.686 8.678 8.661 9.646 8.873 8.698 8.731 8.776 10.428 17.581 19.688 19.221 9.131 10.988 11.011 13.098 12.261 12.628 12.743 12.336 13.991 12.698 13.308 11.116 10.791 10.111 8.641 8.641 8.681 10.528 10.783 12.018 13.373 14.336 14.443 14.641 14.938 15.078 15.258 15.471 15.586 15.718 11.556 10.696 10.858 11.003 10.238 12.341 13.096 11.568 10.021 8.516 8.723 10.171 9.916 8.426 8.231 8.161 8.133 8.111 8.646 8.861 8.611 9.298 10.421 12.908 15.231 15.626 12.788 10.521
8.598 8.601 8.673 8.651 8.673 8.688 8.681 8.668 8.663 8.638 8.681 8.693 8.716 8.753 8.683 10.071 13.038 13.338 9.061 8.983 9.223 8.751 8.601 8.566 9.043 8.608 8.771 8.656 9.091 9.566 9.131 8.631 8.663 8.641 8.523 9.481 8.431 8.741 9.566 9.446 8.416 10.563 11.496 11.721 12.291 13.561 13.401 14.268 10.096 10.461 10.828 10.853 9.791 15.558 15.353 14.906 14.331 12.773 9.931 9.963 8.606 8.321 8.313 8.273 8.231 8.181 8.143 8.101 11.406 10.981 10.406 11.713 13.923 15.221 13.933 12.281
