Matlab/Roost_data/braunton/dsm/ss5035_DSM_2M.asc
ncols 500
nrows 500
xllcorner    250000
yllcorner    135000
cellsize     2
NODATA_value -9999
[rows 96 to 127 of 500, columns 284 to 354 of 500]
37.858 37.763 37.416 36.961 36.603 36.146 35.973 36.031 36.173 36.101 35.926 35.701 35.698 35.543 35.848 37.066 39.671 38.618 37.558 36.216 35.878 35.791 35.693 35.583 35.518 35.441 35.368 35.291 35.251 35.201 35.176 35.153 35.083 35.066 35.003 34.913 34.833 34.741 34.631 34.558 34.451 34.353 34.213 34.118 33.963 34.023 34.126 34.188 34.266 34.266 34.223 34.163 34.066 34.068 34.103 34.088 34.116 34.108 34.103 34.088 34.086 34.066 34.013 33.963 33.913 33.823 33.763 33.698 33.678 33.653 33.613
37.791 37.473 36.856 36.346 36.128 36.058 36.141 36.256 36.473 36.288 35.951 35.761 35.673 35.448 36.103 37.188 37.558 37.271 36.491 36.078 35.961 35.871 35.768 35.706 35.608 35.526 35.438 35.378 35.336 35.273 35.241 35.218 35.196 35.156 35.086 35.018 34.951 34.836 34.741 34.658 34.553 34.433 34.323 34.193 34.158 34.278 34.351 34.391 34.408 34.396 34.378 34.318 34.258 34.213 34.248 34.256 34.286 34.283 34.278 34.271 34.276 34.281 34.238 34.168 34.096 34.033 33.963 33.921 33.896 33.873 33.841
36.968 36.821 36.541 36.531 36.381 36.263 36.296 36.541 36.686 36.358 35.813 35.796 35.746 35.688 36.303 37.348 36.841 36.503 36.468 36.203 36.056 35.976 35.888 35.806 35.718 35.633 35.551 35.493 35.411 35.368 35.333 35.293 35.276 35.241 35.183 35.126 35.043 34.938 34.846 34.751 34.771 34.601 34.466 34.351 34.428 34.453 34.496 34.553 34.566 34.568 34.556 34.508 34.431 34.386 34.433 34.423 34.433 34.436 34.436 34.466 34.478 34.481 34.431 34.378 34.286 34.233 34.186 34.301 34.203 34.146 34.073
36.573 36.541 36.526 36.486 36.426 36.453 36.666 36.883 36.836 36.223 35.928 35.921 35.908 35.928 36.261 36.543 36.468 36.258 36.286 36.186 36.133 36.078 35.986 35.898 35.801 35.761 35.671 35.576 35.516 35.463 35.396 35.368 35.361 35.313 35.291 35.216 35.148 35.158 35.081 34.923 34.993 34.851 34.683 34.693 34.676 34.643 34.656 34.698 34.716 34.723 34.701 34.646 34.618 34.576 34.581 34.616 34.603 34.586 34.586 34.626 34.621 34.618 34.606 34.538 34.471 34.443 34.573 34.738 34.661 34.698 34.591
36.736 36.791 36.763 36.711 36.876 37.113 37.223 37.271 37.016 36.258 36.106 36.106 35.958 36.288 37.258 37.001 36.348 36.288 36.271 36.293 36.258 36.183 36.106 36.011 35.943 35.881 35.798 35.708 35.646 35.586 35.526 35.481 35.476 35.431 35.398 35.351 35.448 35.356 35.291 34.986 34.943 35.046 34.903 34.823 34.943 34.846 34.996 34.898 34.856 34.851 34.823 34.798 34.793 34.751 34.726 34.746 34.766 34.748 34.718 34.761 34.781 34.793 34.756 34.693 34.671 34.633 34.931 34.913 34.833 34.783 34.758
36.933 37.068 37.133 37.283 37.401 37.441 37.501 37.416 37.036 36.256 36.328 36.273 36.191 36.351 38.473 37.576 37.193 36.431 36.428 36.391 36.353 36.306 36.233 36.158 36.101 36.026 35.958 35.871 35.788 35.721 35.641 35.613 35.596 35.591 35.536 35.671 36.128 35.436 35.286 35.138 35.196 35.101 34.991 35.218 35.118 35.123 35.056 35.143 35.018 34.966 34.951 34.938 34.936 34.918 34.908 34.921 34.931 34.921 34.901 34.946 34.946 34.953 34.918 34.881 34.881 34.941 35.098 34.978 35.191 34.898 35.043
37.488 37.516 37.553 37.596 37.618 37.603 37.588 37.531 36.946 36.326 36.381 36.331 36.333 36.523 38.093 38.571 39.211 36.743 36.548 36.483 36.431 36.391 36.343 36.291 36.243 36.183 36.118 36.018 35.956 35.866 35.796 35.766 35.741 35.721 35.666 35.631 36.776 35.573 35.608 36.476 36.288 35.413 35.203 35.343 35.331 35.366 35.198 35.263 35.198 35.133 35.088 35.081 35.076 35.078 35.071 35.091 35.118 35.101 35.103 35.071 35.073 35.103 35.096 35.098 35.276 35.323 35.221 35.398 35.243 35.211 35.258
37.796 37.773 37.748 37.743 37.716 37.726 37.713 37.356 36.621 36.336 36.478 36.538 36.521 37.163 38.651 38.708 37.611 36.718 36.656 36.581 36.541 36.461 36.403 36.366 36.321 36.273 36.213 36.143 36.081 36.001 35.943 35.891 35.828 35.778 35.756 35.981 35.983 35.971 35.848 35.836 37.978 38.791 35.546 36.921 37.458 35.621 35.428 35.378 35.398 35.378 35.366 35.331 35.323 35.288 35.271 35.303 35.341 35.323 35.321 35.303 35.313 35.328 35.303 35.423 35.488 35.563 35.423 35.666 36.831 35.556 35.336
37.951 37.941 37.903 37.903 37.853 37.836 37.856 37.326 36.611 36.596 36.681 36.678 36.638 37.218 38.461 38.533 36.851 36.818 36.821 36.773 36.716 36.633 36.588 36.528 36.476 36.426 36.358 36.291 36.243 36.156 36.088 36.038 35.973 35.923 35.893 36.153 35.956 36.091 35.856 37.531 36.111 35.723 35.776 35.711 35.676 35.781 35.571 35.528 35.546 35.536 35.516 35.496 35.491 35.483 35.443 35.486 35.518 35.518 35.518 35.511 35.523 35.526 35.501 35.698 35.791 35.701 37.046 37.828 36.113 36.138 35.593
38.093 38.098 38.066 38.033 38.048 38.093 37.946 37.501 36.883 36.788 36.808 36.736 36.871 37.803 38.238 37.541 37.053 37.041 37.033 36.966 36.913 36.841 36.796 36.716 36.653 36.598 36.531 36.468 36.418 36.346 36.283 36.226 36.186 36.141 36.103 36.121 36.246 36.251 36.138 36.093 36.528 36.371 36.011 35.993 35.933 36.016 35.848 35.731 35.716 35.686 35.668 35.633 35.621 35.606 35.633 35.656 35.696 35.711 35.723 35.688 35.683 35.663 35.656 35.873 35.978 35.876 36.878 36.361 36.511 36.001 35.796
38.258 38.258 38.268 38.246 38.311 38.391 38.731 37.783 36.986 36.998 36.833 36.776 37.208 38.188 38.171 37.321 37.226 37.266 37.228 37.188 37.108 37.033 36.958 36.923 36.843 36.761 36.706 36.646 36.593 36.546 36.501 36.441 36.383 36.346 36.311 36.303 36.361 36.408 36.323 36.261 36.698 37.143 36.246 36.363 36.281 36.108 36.011 35.948 35.931 35.896 35.886 35.876 35.846 35.838 35.841 35.871 35.906 35.918 35.898 35.886 35.886 35.878 35.856 35.896 36.128 35.873 36.266 35.976 36.003 35.931 35.958
38.406 38.408 38.431 38.428 38.471 38.466 38.501 37.746 37.061 37.163 36.958 37.001 37.773 38.501 38.366 37.386 37.401 37.436 37.408 37.356 37.271 37.191 37.138 37.068 37.041 36.971 36.906 36.851 36.788 36.726 36.706 36.656 36.601 36.551 36.513 36.478 36.453 36.448 36.376 36.513 36.538 36.553 36.631 36.353 36.456 36.283 36.233 36.171 36.161 36.146 36.126 36.103 36.088 36.073 36.086 36.113 36.131 36.096 36.101 36.101 36.118 36.108 36.096 36.128 36.493 36.298 36.221 36.273 36.238 36.303 36.478
38.566 38.563 38.563 38.586 38.601 38.401 37.771 37.216 37.151 37.321 37.278 37.578 38.361 38.566 37.953 37.596 37.636 37.623 37.578 37.511 37.438 37.371 37.306 37.263 37.218 37.153 37.106 37.041 36.988 36.948 36.901 36.853 36.818 36.748 36.751 36.711 36.706 36.668 36.638 36.701 36.868 36.736 36.768 36.671 36.533 36.501 36.443 36.446 36.431 36.368 36.381 36.358 36.336 36.341 36.313 36.351 36.353 36.351 36.338 36.333 36.346 36.338 36.311 36.351 36.531 36.713 36.698 36.566 36.516 36.626 36.761
38.681 38.681 38.706 38.746 38.728 38.333 37.646 37.296 37.276 37.441 37.436 38.281 39.033 38.533 37.903 37.796 37.816 37.791 37.733 37.686 37.616 37.551 37.503 37.448 37.398 37.351 37.278 37.226 37.178 37.133 37.103 37.051 37.013 36.981 36.963 36.933 36.921 36.908 36.881 36.873 36.926 36.828 36.878 36.788 36.748 36.736 36.706 36.688 36.663 36.631 36.623 36.601 36.601 36.576 36.566 36.593 36.561 36.588 36.563 36.593 36.586 36.581 36.596 36.601 36.646 36.686 36.726 36.641 36.648 36.673 36.808
38.833 38.848 38.858 38.913 38.813 38.333 37.718 37.503 37.471 37.416 37.571 38.473 39.278 38.436 37.876 37.966 37.998 37.956 37.896 37.846 37.806 37.743 37.691 37.651 37.608 37.558 37.498 37.441 37.386 37.351 37.303 37.273 37.243 37.208 37.201 37.168 37.161 37.148 37.128 37.106 37.088 37.081 37.078 37.028 37.011 36.973 36.973 36.948 36.906 36.893 36.881 36.863 36.828 36.826 36.833 36.858 36.836 36.841 36.821 36.848 36.893 36.873 36.881 36.906 36.911 36.908 36.928 36.943 36.951 36.968 36.993
38.956 38.976 39.008 39.026 38.831 38.361 37.913 37.568 37.583 37.641 38.233 39.956 39.073 38.461 38.083 38.176 38.153 38.088 38.058 38.038 37.986 37.956 37.911 37.856 37.826 37.763 37.698 37.643 37.606 37.556 37.511 37.506 37.461 37.446 37.426 37.408 37.381 37.376 37.366 37.353 37.336 37.338 37.336 37.306 37.278 37.253 37.246 37.221 37.181 37.153 37.121 37.128 37.118 37.118 37.141 37.123 37.116 37.133 37.108 37.111 37.168 37.191 37.201 37.243 37.263 37.263 37.261 37.283 37.278 37.316 37.333
39.093 39.123 39.131 39.093 38.738 38.243 38.071 37.783 37.746 37.861 38.538 41.121 39.533 38.626 38.283 38.328 38.316 38.266 38.248 38.203 38.208 38.151 38.103 38.066 38.028 37.988 37.933 37.861 37.838 37.791 37.766 37.751 37.703 37.696 37.668 37.631 37.638 37.601 37.588 37.606 37.611 37.621 37.611 37.606 37.571 37.548 37.523 37.488 37.458 37.448 37.416 37.428 37.406 37.421 37.436 37.436 37.453 37.471 37.411 37.411 37.481 37.516 37.563 37.586 37.601 37.608 37.616 37.618 37.628 37.668 37.686
39.228 39.258 39.238 39.058 38.596 38.093 38.143 38.041 37.901 37.998 39.031 39.626 39.556 38.571 38.493 38.508 38.483 38.463 38.436 38.408 38.386 38.343 38.316 38.286 38.256 38.213 38.153 38.106 38.073 38.046 38.041 38.023 37.988 37.963 37.908 37.888 37.876 37.843 37.866 37.866 37.893 37.906 37.891 37.893 37.858 37.846 37.826 37.786 37.771 37.773 37.723 37.723 37.713 37.736 37.756 37.768 37.793 37.811 37.753 37.748 37.813 37.863 37.911 37.923 37.938 37.976 37.973 38.001 38.031 38.053 38.083
39.378 39.368 39.283 38.968 38.386 38.118 38.213 38.368 38.068 38.503 39.863 40.163 39.878 38.753 38.711 38.706 38.681 38.658 38.648 38.633 38.601 38.558 38.521 38.491 38.486 38.453 38.398 38.358 38.308 38.306 38.298 38.283 38.253 38.213 38.186 38.156 38.146 38.141 38.151 38.178 38.196 38.211 38.203 38.211 38.173 38.143 38.121 38.103 38.081 38.073 38.033 38.056 38.058 38.076 38.101 38.118 38.146 38.176 38.113 38.076 38.141 38.231 38.276 38.293 38.348 38.356 38.371 38.398 38.426 38.448 38.478
39.538 39.503 39.351 38.851 38.383 38.263 38.631 39.331 41.978 41.571 42.076 40.316 39.161 39.058 38.936 38.903 38.898 38.863 38.868 38.836 38.798 38.748 38.738 38.716 38.676 38.653 38.651 38.601 38.568 38.558 38.561 38.548 38.516 38.486 38.451 38.451 38.451 38.443 38.471 38.463 38.498 38.508 38.513 38.491 38.486 38.458 38.421 38.433 38.398 38.383 38.391 38.406 38.401 38.418 38.453 38.453 38.478 38.551 38.541 38.468 38.528 38.611 38.651 38.691 38.731 38.766 38.801 38.828 38.831 38.868 38.891
39.683 39.618 39.331 38.698 38.428 38.478 38.701 40.303 41.133 43.298 42.921 41.888 39.561 39.361 39.148 39.113 39.098 39.091 39.056 39.048 39.013 38.998 38.983 38.951 38.931 38.898 38.878 38.856 38.818 38.803 38.798 38.783 38.796 38.756 38.758 38.756 38.793 38.786 38.786 38.786 38.818 38.821 38.828 38.838 38.796 38.776 38.768 38.753 38.748 38.716 38.731 38.763 38.783 38.793 38.816 38.826 38.856 38.921 38.956 38.883 38.918 38.998 39.061 39.086 39.141 39.168 39.216 39.243 39.268 39.291 39.318
39.808 39.691 39.316 38.698 38.621 38.686 39.176 39.781 41.898 41.923 40.743 40.086 39.473 39.478 39.376 39.358 39.321 39.311 39.311 39.293 39.256 39.266 39.243 39.213 39.203 39.196 39.161 39.121 39.093 39.073 39.066 39.078 39.098 39.073 39.086 39.083 39.111 39.123 39.123 39.151 39.141 39.161 39.193 39.191 39.166 39.153 39.128 39.141 39.143 39.126 39.138 39.143 39.168 39.213 39.236 39.263 39.256 39.321 39.388 39.343 39.341 39.408 39.461 39.526 39.593 39.641 39.658 39.666 39.698 39.731 39.736
39.901 39.731 39.253 38.823 38.888 38.973 39.193 38.971 39.888 40.656 41.433 40.848 39.703 39.738 39.603 39.581 39.536 39.546 39.561 39.546 39.531 39.513 39.493 39.466 39.511 39.483 39.463 39.433 39.383 39.371 39.366 39.411 39.418 39.413 39.448 39.458 39.476 39.478 39.491 39.523 39.518 39.538 39.581 39.556 39.571 39.546 39.531 39.563 39.543 39.553 39.543 39.563 39.576 39.643 39.676 39.698 39.696 39.748 39.808 39.791 39.811 39.868 39.936 39.996 40.056 40.098 40.123 40.151 40.158 40.181 40.221
40.028 39.821 39.268 39.046 39.086 39.286 39.648 39.016 39.753 41.016 40.346 39.791 39.931 39.863 39.861 39.808 39.828 39.826 39.813 39.816 39.818 39.803 39.783 39.768 39.783 39.783 39.738 39.728 39.723 39.696 39.723 39.761 39.776 39.811 39.821 39.831 39.871 39.863 39.871 39.901 39.901 39.936 39.968 39.988 39.986 39.968 39.971 39.991 39.998 39.993 40.013 40.006 40.056 40.118 40.161 40.163 40.166 40.178 40.241 40.268 40.278 40.336 40.426 40.488 40.543 40.581 40.651 40.653 40.668 40.688 40.723
40.133 39.818 39.378 39.206 39.258 39.466 39.583 39.048 40.403 41.241 40.633 41.326 40.191 40.121 40.098 40.098 40.098 40.076 40.098 40.093 40.086 40.066 40.066 40.076 40.083 40.081 39.993 40.028 40.053 40.048 40.076 40.118 40.168 40.188 40.208 40.211 40.238 40.261 40.268 40.318 40.343 40.366 40.403 40.451 40.448 40.436 40.433 40.463 40.468 40.463 40.471 40.503 40.566 40.608 40.623 40.658 40.666 40.693 40.728 40.781 40.768 40.833 40.933 41.016 41.023 41.091 41.113 41.146 41.188 41.203 41.251
40.216 39.988 39.606 39.393 39.468 39.656 39.628 39.576 40.671 41.496 41.113 40.768 40.421 40.381 40.366 40.351 40.366 40.388 40.398 40.398 40.391 40.378 40.378 40.391 40.403 40.396 40.318 40.366 40.401 40.406 40.458 40.526 40.551 40.581 40.608 40.643 40.661 40.676 40.718 40.753 40.793 40.848 40.878 40.903 40.918 40.911 40.933 40.933 40.946 40.968 40.981 41.028 41.086 41.138 41.148 41.178 41.188 41.211 41.256 41.318 41.313 41.346 41.468 41.543 41.571 41.623 41.658 41.696 41.726 41.741 41.786
40.398 40.191 39.898 39.761 39.733 39.843 39.608 39.891 41.638 41.658 40.933 41.273 40.656 40.626 40.638 40.666 40.661 40.678 40.696 40.708 40.698 40.701 40.693 40.723 40.748 40.746 40.711 40.731 40.758 40.788 40.843 40.896 40.946 40.983 41.031 41.066 41.098 41.136 41.203 41.206 41.271 41.321 41.351 41.371 41.398 41.401 41.431 41.418 41.441 41.466 41.501 41.526 41.603 41.676 41.683 41.708 41.733 41.756 41.806 41.896 41.891 41.933 42.011 42.066 42.123 42.176 42.231 42.263 42.278 42.323 42.358
40.496 40.366 40.233 40.183 40.116 40.378 39.821 41.323 42.748 43.213 41.053 40.981 41.146 40.956 40.948 40.973 40.991 40.983 41.011 41.031 41.011 41.008 41.036 41.081 41.106 41.123 41.116 41.136 41.161 41.183 41.263 41.306 41.381 41.433 41.476 41.516 41.571 41.631 41.681 41.721 41.758 41.811 41.841 41.868 41.886 41.913 41.931 41.943 41.966 42.001 42.033 42.093 42.138 42.213 42.233 42.246 42.308 42.313 42.371 42.453 42.491 42.471 42.573 42.638 42.701 42.731 42.793 42.833 42.858 42.893 42.938
40.653 40.503 40.431 40.491 40.566 40.801 40.243 42.436 43.496 42.208 41.191 41.278 41.466 41.476 41.253 41.281 41.298 41.318 41.331 41.333 41.348 41.376 41.411 41.451 41.498 41.518 41.531 41.548 41.573 41.621 41.678 41.743 41.838 41.891 41.936 42.013 42.073 42.158 42.176 42.226 42.256 42.291 42.333 42.381 42.398 42.436 42.448 42.491 42.523 42.548 42.586 42.646 42.686 42.773 42.783 42.801 42.851 42.893 42.936 43.008 43.066 43.043 43.116 43.201 43.301 43.346 43.403 43.448 43.443 43.463 43.516
40.768 40.663 40.593 40.683 40.823 41.088 40.548 41.723 42.006 43.708 43.311 41.628 41.816 41.726 41.608 41.606 41.621 41.646 41.653 41.668 41.723 41.753 41.823 41.851 41.906 41.928 41.976 41.993 42.018 42.093 42.138 42.201 42.293 42.363 42.441 42.511 42.586 42.666 42.698 42.728 42.776 42.793 42.858 42.891 42.948 42.983 43.006 43.041 43.071 43.121 43.171 43.223 43.278 43.333 43.356 43.376 43.431 43.461 43.528 43.581 43.658 43.658 43.728 43.813 43.901 43.928 43.983 44.023 44.058 44.083 44.108
40.896 40.818 40.743 40.851 41.133 41.243 40.821 40.881 42.301 42.748 41.778 41.808 42.131 42.096 41.916 41.936 41.943 41.988 41.996 42.038 42.071 42.141 42.191 42.243 42.301 42.353 42.411 42.446 42.478 42.546 42.603 42.691 42.778 42.876 42.958 43.046 43.128 43.176 43.213 43.266 43.301 43.358 43.411 43.448 43.496 43.533 43.576 43.621 43.651 43.698 43.751 43.783 43.866 43.938 43.966 43.986 44.031 44.071 44.093 44.166 44.228 44.288 44.331 44.428 44.501 44.536 44.603 44.646 44.666 44.661 44.708
41.048 40.996 40.958 40.998 41.416 42.823 41.206 40.753 42.621 43.206 42.041 42.003 42.456 42.396 42.243 42.253 42.286 42.303 42.351 42.431 42.471 42.538 42.618 42.678 42.751 42.808 42.863 42.916 42.991 43.033 43.091 43.211 43.308 43.393 43.503 43.568 43.651 43.731 43.763 43.806 43.848 43.921 43.991 44.041 44.108 44.136 44.158 44.196 44.246 44.306 44.346 44.378 44.476 44.528 44.566 44.621 44.641 44.668 44.741 44.791 44.868 44.921 44.958 45.061 45.123 45.186 45.223 45.273 45.286 45.316 45.343
