Matlab/Roost_data/braunton/dsm/ss5039_DSM_2M.asc
ncols 500
nrows 500
xllcorner    250000
yllcorner    139000
cellsize     2
NODATA_value -9999
[rows 261 to 289 of 500, columns 201 to 267 of 500]
124.484 124.481 124.426 124.436 124.446 124.426 124.426 124.419 124.434 124.449 124.464 124.479 124.479 124.491 124.491 124.509 124.491 124.484 124.474 124.459 124.459 124.446 124.449 124.409 124.401 124.411 124.404 124.374 124.389 124.364 124.361 124.336 124.319 124.291 124.274 124.254 124.236 124.216 124.199 124.199 124.196 124.174 124.159 124.134 124.141 124.119 124.126 124.111 124.109 124.111 124.114 124.101 124.121 124.089 124.071 124.081 124.046 124.011 124.001 123.994 124.014 123.991 123.956 123.929 123.916 123.884 123.871
124.431 124.416 124.391 124.359 124.359 124.374 124.364 124.351 124.339 124.369 124.389 124.356 124.371 124.381 124.414 124.416 124.414 124.389 124.399 124.376 124.379 124.351 124.364 124.359 124.356 124.346 124.339 124.331 124.341 124.316 124.306 124.289 124.266 124.229 124.234 124.191 124.189 124.186 124.166 124.139 124.139 124.144 124.111 124.109 124.096 124.091 124.076 124.086 124.069 124.079 124.074 124.054 124.051 124.019 124.011 124.019 123.989 123.994 123.959 123.954 123.939 123.901 123.899 123.876 123.866 123.834 123.809
124.371 124.354 124.341 124.336 124.329 124.339 124.324 124.321 124.289 124.309 124.314 124.291 124.321 124.324 124.321 124.324 124.324 124.319 124.311 124.316 124.314 124.276 124.284 124.276 124.286 124.276 124.274 124.261 124.251 124.236 124.229 124.221 124.189 124.191 124.169 124.131 124.101 124.094 124.081 124.066 124.056 124.069 124.041 124.046 124.041 124.021 124.041 124.006 124.004 124.001 124.001 123.984 123.974 123.956 123.966 123.969 123.941 123.921 123.899 123.899 123.894 123.856 123.849 123.816 123.821 123.789 123.774
124.291 124.279 124.296 124.286 124.266 124.279 124.269 124.279 124.244 124.254 124.254 124.249 124.249 124.259 124.276 124.264 124.271 124.266 124.229 124.209 124.234 124.214 124.214 124.226 124.221 124.221 124.219 124.224 124.204 124.204 124.179 124.141 124.134 124.124 124.109 124.086 124.076 124.054 124.036 124.004 124.036 124.004 123.989 123.976 123.969 123.976 123.959 123.939 123.936 123.949 123.934 123.906 123.916 123.906 123.884 123.889 123.876 123.859 123.846 123.819 123.806 123.789 123.786 123.739 123.749 123.721 123.704
124.269 124.219 124.201 124.219 124.214 124.206 124.214 124.206 124.194 124.181 124.181 124.181 124.196 124.191 124.206 124.219 124.209 124.196 124.166 124.164 124.149 124.161 124.156 124.156 124.169 124.181 124.166 124.156 124.154 124.124 124.146 124.104 124.091 124.069 124.036 124.036 124.001 123.974 123.964 123.959 123.961 123.936 123.936 123.919 123.919 123.894 123.896 123.889 123.889 123.886 123.861 123.874 123.861 123.844 123.829 123.829 123.806 123.806 123.781 123.764 123.751 123.739 123.711 123.699 123.689 123.649 123.639
124.216 124.216 124.196 124.174 124.166 124.149 124.141 124.146 124.136 124.119 124.126 124.126 124.124 124.146 124.144 124.131 124.124 124.109 124.141 124.109 124.111 124.101 124.106 124.119 124.104 124.091 124.119 124.104 124.104 124.089 124.071 124.039 124.021 123.994 123.969 123.956 123.944 123.934 123.924 123.916 123.889 123.876 123.879 123.874 123.859 123.851 123.836 123.836 123.834 123.806 123.799 123.799 123.794 123.779 123.774 123.774 123.759 123.731 123.721 123.716 123.711 123.681 123.669 123.649 123.626 123.609 123.594
124.221 124.211 124.186 124.179 124.156 124.141 124.099 124.094 124.091 124.064 124.104 124.094 124.086 124.079 124.069 124.076 124.056 124.056 124.066 124.064 124.059 124.051 124.046 124.064 124.086 124.069 124.064 124.051 124.046 124.021 123.994 123.991 123.949 123.954 123.951 123.916 123.909 123.884 123.884 123.846 123.844 123.839 123.819 123.804 123.804 123.779 123.764 123.786 123.776 123.764 123.764 123.744 123.749 123.716 123.719 123.709 123.686 123.671 123.666 123.651 123.614 123.611 123.611 123.591 123.569 123.569 123.554
124.189 124.146 124.124 124.126 124.126 124.096 124.096 124.084 124.081 124.059 124.044 124.029 124.054 124.051 124.026 124.014 124.016 124.006 124.006 123.984 123.986 124.011 124.011 123.984 123.989 123.991 124.001 123.986 123.989 123.956 123.971 123.924 123.919 123.899 123.881 123.871 123.864 123.839 123.826 123.816 123.809 123.779 123.781 123.764 123.754 123.741 123.749 123.761 123.731 123.729 123.714 123.714 123.706 123.691 123.681 123.676 123.659 123.654 123.626 123.621 123.581 123.579 123.566 123.551 123.546 123.531 123.531
124.631 124.614 124.471 124.351 124.241 124.119 124.076 123.989 123.991 123.981 124.016 124.034 124.021 124.019 123.996 123.991 123.999 123.981 123.971 123.936 123.944 123.941 123.939 123.924 123.914 123.926 123.914 123.914 123.901 123.911 123.911 123.879 123.841 123.839 123.806 123.779 123.784 123.766 123.776 123.764 123.734 123.739 123.724 123.709 123.709 123.684 123.691 123.674 123.674 123.656 123.659 123.649 123.646 123.634 123.634 123.621 123.599 123.606 123.604 123.566 123.549 123.531 123.524 123.511 123.499 123.489 123.479
123.659 123.789 124.254 124.264 124.431 124.529 124.551 124.481 124.506 124.471 124.229 124.094 123.971 123.974 123.936 123.934 123.944 123.939 123.944 123.939 123.919 123.924 123.901 123.904 123.876 123.861 123.864 123.851 123.856 123.839 123.814 123.794 123.754 123.749 123.769 123.719 123.714 123.711 123.709 123.704 123.709 123.686 123.686 123.651 123.671 123.649 123.624 123.641 123.609 123.604 123.611 123.596 123.589 123.576 123.571 123.561 123.556 123.556 123.541 123.506 123.491 123.484 123.486 123.459 123.466 123.464 123.461
123.569 123.574 123.436 123.389 123.416 123.456 123.584 123.831 123.906 124.054 124.419 124.391 124.689 124.396 124.384 124.239 124.111 123.989 123.914 123.861 123.876 123.886 123.889 123.901 123.874 123.859 123.844 123.821 123.814 123.776 123.784 123.739 123.714 123.714 123.691 123.699 123.654 123.646 123.644 123.641 123.636 123.629 123.624 123.599 123.594 123.596 123.569 123.554 123.564 123.559 123.554 123.544 123.536 123.511 123.494 123.491 123.479 123.481 123.446 123.449 123.439 123.426 123.434 123.411 123.409 123.401 123.401
124.451 124.179 123.996 123.704 123.451 123.359 123.404 123.464 123.514 123.501 123.471 123.526 123.614 123.831 123.859 124.154 124.279 124.496 124.671 124.629 124.384 124.284 124.126 124.011 123.896 123.851 123.786 123.791 123.784 123.759 123.739 123.739 123.724 123.709 123.671 123.666 123.636 123.626 123.621 123.599 123.599 123.579 123.571 123.564 123.546 123.526 123.511 123.521 123.526 123.506 123.514 123.509 123.506 123.489 123.481 123.481 123.479 123.464 123.444 123.444 123.434 123.399 123.409 123.394 123.381 123.379 123.391
124.666 124.876 124.869 124.991 124.849 124.584 124.394 123.961 123.709 123.589 123.524 123.424 123.386 123.264 123.249 123.251 123.281 123.346 123.511 123.649 123.989 124.066 124.151 124.169 124.536 124.721 124.396 124.274 124.049 123.951 123.841 123.659 123.639 123.631 123.616 123.621 123.619 123.589 123.629 123.609 123.594 123.579 123.564 123.566 123.576 123.574 123.579 123.556 123.534 123.531 123.516 123.504 123.491 123.481 123.489 123.481 123.456 123.471 123.426 123.426 123.416 123.429 123.419 123.416 123.381 123.384 123.384
123.474 123.499 123.541 123.781 123.981 124.376 124.581 124.876 124.759 124.544 124.324 124.244 123.964 123.634 123.524 123.406 123.336 123.191 123.146 123.139 123.154 123.194 123.231 123.276 123.369 123.581 123.619 123.891 123.986 124.386 124.326 124.576 124.181 123.941 123.799 123.719 123.634 123.589 123.539 123.569 123.546 123.554 123.541 123.511 123.569 123.501 123.509 123.511 123.469 123.479 123.436 123.441 123.429 123.511 123.489 123.464 123.511 123.451 123.504 123.484 123.469 123.466 123.479 123.511 123.471 123.486 123.461
123.384 123.406 123.406 123.414 123.401 123.414 123.391 123.436 123.579 124.021 124.319 124.696 124.946 124.674 124.449 124.354 124.156 123.834 123.671 123.531 123.499 123.364 123.326 123.304 123.371 123.381 123.356 123.259 123.199 123.166 123.239 123.466 123.846 124.064 124.351 124.471 124.524 124.679 124.401 124.441 124.364 124.456 124.454 124.496 124.579 124.656 124.444 124.964 124.509 124.506 124.649 124.504 124.559 124.721 124.551 124.594 124.651 124.526 124.414 124.471 124.304 124.219 124.151 124.099 124.146 124.021 124.081
123.256 123.299 123.306 123.311 123.324 123.321 123.331 123.349 123.334 123.324 123.319 123.349 123.506 123.604 124.006 124.411 124.666 124.754 124.731 124.771 124.701 124.574 124.424 124.199 124.171 123.921 123.686 123.476 123.249 123.201 123.169 123.116 123.146 123.199 123.266 123.244 123.196 123.239 123.259 123.231 123.364 123.296 123.211 123.134 123.154 123.149 123.196 123.286 123.441 123.444 123.444 123.306 123.249 123.201 123.226 123.151 123.101 123.084 123.016 122.961 123.066 123.009 122.971 122.929 123.016 123.044 123.021
123.194 123.216 123.216 123.204 123.226 123.234 123.236 123.241 123.241 123.246 123.231 123.239 123.236 123.231 123.231 123.206 123.224 123.251 123.379 123.666 123.886 123.894 124.016 124.374 124.396 124.696 124.669 124.421 124.156 123.684 123.466 123.354 123.311 123.269 123.286 123.246 123.211 123.236 123.226 123.261 123.261 123.124 123.074 122.996 123.006 122.976 122.986 123.074 123.211 123.314 123.226 123.074 122.959 122.984 122.946 122.931 122.979 122.964 122.989 122.931 122.954 122.974 122.996 122.974 122.991 122.999 123.016
123.119 123.106 123.134 123.134 123.129 123.136 123.146 123.146 123.144 123.134 123.139 123.139 123.131 123.126 123.134 123.159 123.136 123.111 123.089 123.066 123.054 123.069 123.054 123.049 123.051 123.159 123.484 123.526 123.911 124.061 124.369 124.274 123.934 123.666 123.431 123.306 123.371 123.351 123.284 123.311 123.286 123.274 123.381 123.421 123.401 123.396 123.324 123.424 123.454 123.484 123.489 123.641 123.604 123.611 123.514 123.494 123.566 123.499 123.544 123.564 123.576 123.571 123.559 123.526 123.504 123.431 123.476
123.004 123.009 123.014 123.016 123.026 123.041 123.046 123.054 123.051 123.034 123.031 123.036 123.039 123.049 123.031 123.024 123.014 122.996 123.009 122.999 122.986 122.974 122.981 122.984 122.946 122.941 122.939 122.976 122.954 122.999 123.044 123.174 123.736 124.096 124.316 124.279 124.409 124.339 124.374 124.326 124.241 124.339 124.359 124.266 124.246 124.244 124.191 124.294 124.271 124.274 124.286 124.374 124.259 124.309 124.416 124.404 124.349 124.296 124.384 124.364 124.419 124.341 124.334 124.279 124.276 124.411 124.371
122.916 122.901 122.926 122.911 122.941 122.929 122.941 122.949 122.934 122.921 122.924 122.926 122.954 122.959 122.951 122.921 122.909 122.909 122.901 122.894 122.904 122.884 122.889 122.869 122.864 122.874 122.846 122.869 122.854 122.869 122.884 122.874 122.876 122.874 122.874 123.024 123.279 123.381 123.599 123.511 123.586 123.319 123.291 123.111 123.414 123.299 123.164 123.124 123.134 123.151 123.206 123.029 122.939 123.001 123.044 123.001 122.859 122.846 122.834 122.931 122.904 122.911 122.856 122.891 122.874 122.814 122.791
122.789 122.801 122.791 122.809 122.816 122.816 122.831 122.836 122.846 122.836 122.846 122.836 122.851 122.846 122.841 122.819 122.836 122.846 122.834 122.826 122.819 122.816 122.789 122.786 122.786 122.779 122.769 122.761 122.766 122.786 122.769 122.789 122.781 122.794 122.804 122.794 122.786 122.779 122.794 122.764 122.759 122.754 122.741 122.729 122.721 122.724 122.716 122.716 122.711 122.719 122.711 122.714 122.716 122.709 122.721 122.716 122.731 122.726 122.731 122.741 122.749 122.726 122.719 122.699 122.696 122.681 122.691
122.659 122.666 122.684 122.699 122.701 122.721 122.736 122.731 122.721 122.744 122.749 122.734 122.726 122.751 122.746 122.734 122.766 122.759 122.741 122.721 122.719 122.731 122.726 122.724 122.694 122.684 122.691 122.679 122.681 122.701 122.686 122.719 122.711 122.716 122.706 122.701 122.714 122.701 122.721 122.681 122.676 122.654 122.649 122.629 122.631 122.641 122.634 122.636 122.629 122.624 122.621 122.611 122.606 122.631 122.626 122.639 122.651 122.629 122.639 122.624 122.624 122.616 122.609 122.619 122.614 122.624 122.614
122.546 122.549 122.549 122.581 122.561 122.596 122.596 122.606 122.604 122.591 122.624 122.616 122.621 122.626 122.626 122.639 122.641 122.639 122.631 122.646 122.626 122.629 122.624 122.629 122.614 122.596 122.584 122.594 122.614 122.599 122.609 122.604 122.611 122.609 122.611 122.626 122.606 122.606 122.604 122.589 122.604 122.594 122.554 122.554 122.551 122.564 122.556 122.546 122.549 122.536 122.529 122.526 122.536 122.556 122.546 122.559 122.531 122.541 122.549 122.531 122.526 122.529 122.546 122.536 122.541 122.541 122.534
122.419 122.424 122.424 122.444 122.449 122.449 122.466 122.466 122.479 122.496 122.501 122.509 122.506 122.519 122.536 122.541 122.539 122.534 122.531 122.529 122.524 122.524 122.506 122.511 122.554 122.511 122.491 122.489 122.486 122.501 122.491 122.509 122.516 122.521 122.509 122.509 122.536 122.511 122.531 122.511 122.514 122.499 122.484 122.486 122.474 122.461 122.456 122.469 122.461 122.451 122.459 122.449 122.451 122.451 122.431 122.456 122.461 122.446 122.444 122.449 122.459 122.461 122.459 122.459 122.454 122.441 122.441
122.289 122.299 122.306 122.311 122.311 122.346 122.341 122.349 122.356 122.371 122.376 122.384 122.396 122.391 122.401 122.404 122.419 122.431 122.419 122.429 122.421 122.441 122.409 122.411 122.396 122.399 122.406 122.391 122.386 122.386 122.394 122.421 122.391 122.416 122.429 122.439 122.444 122.429 122.411 122.414 122.396 122.414 122.396 122.381 122.381 122.386 122.381 122.384 122.379 122.384 122.366 122.361 122.359 122.361 122.359 122.366 122.361 122.364 122.354 122.371 122.361 122.376 122.364 122.369 122.361 122.356 122.366
122.171 122.169 122.199 122.186 122.184 122.206 122.206 122.211 122.231 122.234 122.241 122.239 122.269 122.284 122.279 122.301 122.311 122.321 122.314 122.321 122.306 122.299 122.286 122.284 122.279 122.281 122.279 122.274 122.271 122.271 122.289 122.279 122.301 122.301 122.311 122.304 122.324 122.311 122.309 122.299 122.291 122.324 122.279 122.304 122.289 122.291 122.284 122.294 122.286 122.276 122.279 122.281 122.266 122.271 122.274 122.269 122.256 122.239 122.271 122.261 122.281 122.274 122.279 122.281 122.269 122.271 122.261
122.046 122.051 122.026 122.049 122.061 122.061 122.066 122.084 122.086 122.089 122.101 122.129 122.141 122.154 122.161 122.179 122.179 122.191 122.179 122.186 122.184 122.171 122.186 122.166 122.161 122.169 122.166 122.161 122.159 122.171 122.169 122.159 122.161 122.169 122.176 122.196 122.206 122.211 122.211 122.194 122.196 122.204 122.176 122.176 122.199 122.181 122.164 122.171 122.186 122.169 122.176 122.161 122.164 122.169 122.171 122.166 122.156 122.159 122.171 122.176 122.204 122.184 122.201 122.196 122.184 122.169 122.169
121.891 121.901 121.914 121.926 121.929 121.939 121.931 121.961 121.949 121.981 121.974 121.986 122.014 122.019 122.046 122.069 122.054 122.076 122.056 122.064 122.069 122.059 122.036 122.039 122.031 122.021 122.039 122.034 122.024 122.039 122.031 122.044 122.051 122.051 122.079 122.076 122.091 122.101 122.089 122.096 122.094 122.094 122.104 122.091 122.081 122.094 122.089 122.089 122.064 122.069 122.069 122.071 122.064 122.071 122.066 122.064 122.034 122.051 122.061 122.099 122.084 122.094 122.089 122.096 122.094 122.089 122.064
121.761 121.776 121.766 121.786 121.794 121.789 121.799 121.821 121.816 121.839 121.861 121.861 121.871 121.886 121.886 121.901 121.929 121.906 121.934 121.954 121.954 121.931 121.916 121.911 121.906 121.891 121.916 121.901 121.906 121.906 121.911 121.919 121.929 121.951 121.939 121.931 121.969 121.964 121.984 121.961 121.956 121.971 121.976 121.974 121.961 121.966 121.964 121.964 121.946 121.986 121.984 121.981 121.961 121.961 121.964 121.956 121.949 121.964 121.956 121.986 121.994 121.994 121.984 121.986 121.989 121.959 121.956
