Matlab/Roost_data/braunton/dsm/ss5036_DSM_2M.asc
ncols 500
nrows 500
xllcorner    250000
yllcorner    136000
cellsize     2
NODATA_value -9999
[rows 128 to 159 of 500, columns 284 to 354 of 500]
111.594 111.644 111.704 111.764 111.831 111.899 111.919 112.006 112.021 112.101 112.166 112.231 112.331 112.451 112.574 112.676 112.742 112.842 112.967 113.054 113.162 113.257 113.369 113.469 113.552 113.664 113.739 113.837 113.897 113.989 114.042 114.132 114.179 114.232 114.269 114.307 114.384 114.407 114.469 114.514 114.542 114.564 114.589 114.622 114.652 114.712 114.762 114.794 114.827 114.872 114.902 114.924 114.942 114.949 114.944 114.939 114.914 114.879 114.869 114.772 114.759 114.659 114.672 114.644 114.617 114.572 114.557 114.549 115.137 115.399 114.224
111.489 111.529 111.576 111.644 111.691 111.769 111.801 111.854 111.934 112.001 112.064 112.116 112.196 112.256 112.364 112.441 112.532 112.654 112.789 112.899 113.012 113.112 113.202 113.312 113.399 113.507 113.594 113.689 113.764 113.834 113.929 114.007 114.059 114.107 114.157 114.204 114.264 114.314 114.384 114.399 114.432 114.479 114.499 114.529 114.574 114.614 114.652 114.707 114.739 114.779 114.799 114.849 114.847 114.842 114.852 114.857 114.812 114.832 114.777 114.684 114.649 114.602 114.627 114.587 114.534 114.492 114.502 114.652 115.594 114.669 114.082
111.339 111.404 111.464 111.536 111.594 111.634 111.669 111.714 111.774 111.851 111.919 111.991 112.074 112.184 112.246 112.309 112.417 112.482 112.567 112.687 112.789 112.904 113.017 113.134 113.269 113.349 113.472 113.552 113.622 113.707 113.807 113.884 113.932 113.977 114.034 114.104 114.157 114.209 114.249 114.287 114.324 114.342 114.379 114.434 114.459 114.497 114.549 114.584 114.619 114.677 114.712 114.734 114.757 114.777 114.759 114.772 114.737 114.714 114.639 114.629 114.549 114.569 114.527 114.514 114.479 114.452 114.472 116.734 115.642 114.227 114.139
111.279 111.284 111.304 111.361 111.431 111.486 111.521 111.586 111.639 111.701 111.779 111.836 111.906 112.001 112.121 112.206 112.289 112.384 112.457 112.554 112.637 112.737 112.852 112.929 113.037 113.142 113.282 113.417 113.474 113.552 113.662 113.729 113.774 113.872 113.899 113.964 114.024 114.079 114.104 114.132 114.184 114.254 114.277 114.339 114.367 114.392 114.444 114.494 114.547 114.582 114.599 114.637 114.669 114.667 114.687 114.674 114.647 114.629 114.534 114.572 114.492 114.514 114.529 114.492 114.427 114.414 114.459 115.249 115.154 114.092 114.164
111.151 111.216 111.239 111.274 111.316 111.326 111.364 111.426 111.489 111.579 111.614 111.686 111.764 111.854 111.976 112.039 112.157 112.244 112.324 112.437 112.517 112.642 112.709 112.834 112.922 112.994 113.092 113.172 113.249 113.364 113.509 113.597 113.659 113.732 113.762 113.844 113.914 113.939 113.982 114.027 114.072 114.137 114.184 114.232 114.269 114.309 114.352 114.382 114.427 114.477 114.484 114.522 114.567 114.567 114.599 114.589 114.569 114.542 114.489 114.494 114.457 114.469 114.469 114.424 114.367 114.377 114.462 115.112 114.674 113.967 114.164
111.051 111.014 111.076 111.151 111.251 111.326 111.339 111.386 111.414 111.449 111.514 111.569 111.681 111.746 111.814 111.894 111.997 112.079 112.177 112.247 112.364 112.482 112.584 112.684 112.774 112.867 112.974 113.077 113.152 113.229 113.302 113.367 113.459 113.554 113.639 113.734 113.784 113.829 113.874 113.959 113.967 114.037 114.087 114.147 114.184 114.224 114.264 114.299 114.334 114.379 114.397 114.424 114.472 114.482 114.504 114.477 114.487 114.447 114.437 114.409 114.382 114.429 114.399 114.354 114.322 114.374 114.702 115.602 114.794 114.002 114.154
110.839 111.041 111.031 111.046 111.171 111.196 111.229 111.341 111.409 111.441 111.566 111.559 111.591 111.634 111.699 111.781 111.852 111.919 112.039 112.107 112.209 112.304 112.422 112.489 112.587 112.714 112.812 112.929 113.022 113.107 113.179 113.239 113.302 113.372 113.457 113.534 113.612 113.679 113.782 113.849 113.882 113.947 113.994 114.024 114.089 114.144 114.172 114.212 114.254 114.302 114.324 114.339 114.362 114.387 114.387 114.384 114.414 114.337 114.359 114.322 114.339 114.359 114.329 114.299 114.257 114.329 115.077 115.537 114.197 114.122 114.149
110.734 110.939 110.926 111.006 111.104 111.136 111.194 111.291 111.736 113.216 112.286 111.471 111.624 111.614 111.681 111.726 111.764 111.849 111.932 112.019 112.087 112.142 112.239 112.339 112.449 112.544 112.684 112.799 112.892 112.969 113.059 113.124 113.192 113.269 113.329 113.384 113.432 113.472 113.607 113.692 113.757 113.837 113.877 113.927 113.979 114.034 114.062 114.127 114.167 114.187 114.199 114.257 114.277 114.279 114.304 114.297 114.294 114.249 114.272 114.234 114.274 114.279 114.244 114.194 114.204 114.407 115.012 115.029 113.947 114.129 114.262
110.476 110.666 110.791 110.864 111.161 110.924 111.159 111.136 111.294 112.139 111.559 111.601 111.674 111.594 111.579 111.641 111.722 111.812 111.859 111.959 112.034 112.097 112.152 112.244 112.299 112.399 112.562 112.662 112.754 112.829 112.909 112.992 113.062 113.109 113.197 113.272 113.327 113.407 113.412 113.479 113.549 113.622 113.722 113.804 113.849 113.907 113.962 113.999 114.049 114.084 114.107 114.162 114.169 114.197 114.224 114.217 114.157 114.154 114.134 114.187 114.189 114.192 114.149 114.099 114.152 114.492 115.214 114.424 113.847 114.197 114.239
110.229 110.369 110.449 110.706 110.666 110.751 110.896 110.994 111.154 111.276 111.226 111.421 113.076 111.471 111.516 111.569 111.622 111.722 111.754 111.884 111.979 112.027 112.107 112.189 112.272 112.337 112.427 112.527 112.594 112.682 112.757 112.834 112.907 112.982 113.027 113.114 113.202 113.259 113.304 113.367 113.419 113.467 113.544 113.602 113.652 113.729 113.822 113.887 113.922 113.959 114.014 114.042 114.072 114.092 114.099 114.089 114.034 114.054 114.057 114.072 114.097 114.044 114.027 114.002 114.067 114.537 115.459 113.914 113.904 113.992 114.399
109.949 110.119 110.289 110.279 110.351 110.501 110.611 110.744 111.129 110.911 110.966 111.209 111.276 111.264 111.486 111.456 111.652 111.477 111.579 112.154 111.819 111.909 112.057 112.099 112.569 112.477 112.474 112.534 112.524 112.569 112.629 112.692 112.739 112.794 112.887 112.982 113.044 113.109 113.187 113.254 113.309 113.379 113.414 113.482 113.527 113.577 113.632 113.707 113.762 113.834 113.884 113.927 113.962 113.992 114.007 113.977 113.907 113.922 113.932 113.937 113.939 113.907 113.937 113.894 114.004 114.844 114.692 113.869 114.017 114.114 114.092
109.624 109.791 109.946 110.094 110.149 110.284 110.336 110.554 110.854 110.724 110.729 111.016 110.989 111.761 111.714 111.211 111.312 111.279 111.347 111.512 111.629 111.784 111.732 111.917 112.122 112.679 113.277 112.534 112.592 112.577 112.612 112.659 112.687 112.712 112.762 112.807 112.879 112.947 113.024 113.097 113.157 113.204 113.257 113.334 113.417 113.452 113.529 113.574 113.597 113.637 113.707 113.787 113.837 113.864 113.857 113.837 113.797 113.809 113.829 113.819 113.804 113.812 113.777 113.797 113.979 114.859 114.442 113.602 113.837 113.807 114.059
109.404 109.466 109.751 109.734 109.924 109.914 110.081 110.134 110.296 110.301 110.504 110.876 110.719 110.919 110.876 111.791 111.182 111.047 111.169 111.337 111.379 111.497 111.622 112.054 111.964 112.124 112.287 112.282 112.324 112.532 112.569 112.552 112.627 112.692 112.702 112.724 112.764 112.827 112.862 112.914 112.979 113.047 113.129 113.172 113.257 113.317 113.382 113.424 113.474 113.537 113.582 113.614 113.649 113.684 113.694 113.662 113.649 113.702 113.709 113.714 113.659 113.692 113.627 113.677 114.132 114.804 113.807 113.619 113.809 113.937 113.894
108.994 109.239 109.269 109.361 109.494 109.501 110.229 109.936 110.071 110.171 110.174 110.504 110.461 110.509 110.551 110.994 110.702 110.749 111.002 111.052 111.129 111.249 111.372 111.634 111.764 111.789 111.872 112.002 112.102 113.057 112.304 112.447 112.427 112.499 112.602 112.652 112.712 112.732 112.784 112.802 112.854 112.899 112.967 113.042 113.127 113.192 113.269 113.297 113.322 113.387 113.414 113.497 113.504 113.524 113.534 113.534 113.517 113.584 113.649 113.594 113.547 113.579 113.532 113.547 114.957 114.437 113.497 113.707 113.849 113.999 113.842
108.786 108.931 109.114 109.154 109.226 109.254 109.539 109.576 109.804 109.814 109.976 110.171 110.264 110.396 110.274 110.404 110.389 110.494 110.737 111.537 110.969 110.952 111.062 111.287 111.442 111.432 111.624 111.699 112.184 113.274 112.007 112.117 112.299 112.319 112.467 112.527 112.572 112.614 112.662 112.717 112.759 112.809 112.837 112.882 112.959 113.017 113.082 113.139 113.197 113.239 113.307 113.342 113.382 113.394 113.399 113.407 113.389 113.449 113.464 113.437 113.447 113.452 113.419 113.589 114.629 113.934 113.294 115.082 114.504 113.684 113.617
108.539 108.721 109.786 108.854 109.021 109.149 109.324 109.414 109.426 109.579 110.301 109.814 109.886 109.919 109.949 110.174 110.137 110.389 110.399 110.497 110.787 110.872 110.962 111.094 111.172 111.322 111.409 111.537 111.669 111.637 111.862 111.854 112.062 112.564 112.327 112.337 112.377 112.552 112.652 112.552 112.544 112.677 112.779 112.807 112.857 112.864 112.927 112.989 113.062 113.087 113.152 113.229 113.282 113.304 113.297 113.292 113.277 113.319 113.309 113.307 113.324 113.307 113.357 113.477 114.562 113.779 113.294 115.637 114.037 113.554 113.537
108.201 109.956 112.974 113.066 108.644 108.769 109.066 109.149 110.134 111.246 109.596 109.616 109.694 109.614 109.804 109.909 110.024 110.077 110.324 110.332 110.539 110.684 110.837 110.939 111.104 111.164 111.197 111.344 111.334 111.494 111.547 111.752 111.879 112.477 111.989 112.082 112.262 112.244 112.387 112.427 112.469 112.544 112.612 112.722 112.712 112.802 112.859 112.914 112.937 112.967 113.039 113.072 113.122 113.179 113.192 113.197 113.197 113.247 113.259 113.247 113.232 113.242 113.252 113.759 114.549 113.472 113.219 113.394 113.497 113.442 113.334
110.954 114.821 114.831 115.601 112.656 108.994 111.976 109.986 116.339 114.581 113.556 110.616 109.571 109.671 109.654 109.581 109.762 109.949 110.067 110.147 110.282 110.402 110.492 110.679 110.919 110.867 110.974 111.502 111.447 111.262 111.412 111.649 111.932 111.807 111.849 111.982 112.034 112.157 112.302 112.349 112.357 112.534 112.699 112.512 112.587 112.664 112.702 112.827 112.909 112.947 112.949 112.977 112.964 113.004 113.029 113.082 113.122 113.159 113.157 113.149 113.142 113.152 113.204 114.482 114.084 113.134 113.397 113.362 113.317 113.394 114.234
111.066 116.809 117.646 115.596 113.746 109.254 112.079 111.581 120.231 119.904 116.624 111.899 109.991 110.359 110.139 110.354 110.372 110.264 110.362 110.422 110.489 110.267 110.292 110.409 110.547 110.794 110.842 110.879 111.109 111.139 111.354 111.412 111.547 111.632 111.797 111.977 111.884 112.212 112.134 112.169 112.187 112.252 112.399 112.494 112.532 112.584 112.649 112.722 112.882 112.789 112.894 112.969 112.982 112.979 113.034 113.019 113.034 113.059 113.064 113.054 113.047 113.097 113.219 114.399 113.959 113.034 113.174 113.247 113.354 113.352 113.434
113.206 115.114 110.334 114.084 108.974 108.444 108.611 116.826 118.184 119.296 114.974 113.371 113.156 109.986 109.619 109.684 110.084 110.192 110.284 110.562 111.134 116.087 111.322 113.104 112.012 111.454 111.119 110.859 110.909 110.972 111.167 111.279 111.452 111.612 111.679 111.784 111.887 112.179 112.152 112.087 112.157 112.479 112.259 112.494 112.584 112.574 113.464 112.629 112.752 112.744 113.044 113.872 112.849 112.937 112.974 113.009 113.039 113.029 113.024 112.962 113.022 113.069 113.299 114.354 113.482 112.997 113.422 113.549 113.164 113.377 113.167
112.899 108.891 109.386 110.676 112.781 108.639 109.884 116.896 117.229 119.311 113.269 117.219 113.694 109.194 109.234 109.341 109.484 109.647 109.569 109.669 109.977 110.749 110.377 110.844 114.089 116.114 111.572 111.499 112.044 112.027 111.587 112.472 111.409 111.307 111.384 111.519 111.652 111.797 111.932 111.959 112.027 112.179 112.157 112.269 112.354 112.554 112.914 112.664 112.717 112.767 112.829 112.837 112.789 112.872 112.839 113.019 113.109 112.982 113.012 112.977 112.977 113.092 113.237 114.319 113.239 113.259 113.602 113.224 113.127 113.232 113.262
108.474 108.461 108.919 108.886 109.351 108.799 108.669 112.746 114.736 116.209 112.201 119.214 110.214 109.374 109.426 109.614 109.669 109.662 109.932 109.962 110.097 109.984 110.114 110.444 110.604 113.257 112.219 110.629 110.854 111.289 116.024 115.502 112.239 112.409 111.874 111.837 111.562 111.614 111.694 111.722 112.257 113.257 112.097 112.362 112.362 112.402 112.487 112.592 113.224 112.894 112.884 113.254 112.912 112.959 113.017 113.159 112.944 112.927 112.964 113.029 113.144 113.122 113.534 114.189 113.142 113.162 113.349 113.287 113.052 113.554 113.179
108.084 108.234 108.436 108.316 108.719 108.526 108.629 108.619 108.686 109.146 111.069 111.109 109.259 109.336 109.471 109.646 109.904 109.692 109.914 109.997 110.169 111.077 110.252 110.454 113.362 113.587 115.317 111.774 110.607 110.814 113.474 110.984 111.227 112.112 112.772 112.304 112.382 112.684 112.594 112.512 115.837 113.642 112.209 112.342 112.312 113.309 112.464 112.894 114.209 112.877 112.899 112.914 112.927 113.009 113.367 113.492 113.099 113.229 113.112 113.049 113.099 113.354 113.817 113.982 113.219 113.302 113.329 113.154 113.189 113.112 113.189
107.984 108.589 108.271 108.516 108.571 108.529 108.576 108.779 108.946 110.149 110.976 109.389 109.384 110.249 109.621 109.724 109.607 109.662 109.799 110.132 110.172 110.824 110.464 110.414 110.714 110.817 114.679 114.272 110.997 113.997 111.944 112.002 112.989 111.332 111.289 111.469 111.749 111.917 112.077 112.512 112.739 112.412 112.392 112.502 113.417 115.597 114.564 114.767 116.132 113.954 115.097 113.369 113.404 113.724 113.939 113.622 113.562 113.427 113.709 115.742 113.427 113.359 113.782 113.774 113.364 114.452 114.112 113.284 113.244 113.199 113.069
108.259 110.976 108.536 108.489 108.524 108.436 108.521 108.754 109.004 111.871 109.926 109.324 109.429 109.439 110.001 109.671 109.669 109.859 110.937 109.952 110.217 110.339 110.322 110.592 110.739 110.677 112.964 110.977 110.964 111.309 111.324 115.114 113.069 111.479 111.642 115.222 111.504 111.717 111.674 112.004 114.399 113.614 113.382 112.174 112.399 114.462 113.007 112.802 117.472 118.812 113.159 113.247 113.357 113.404 113.447 113.567 113.729 114.114 113.732 115.239 115.017 113.347 113.427 113.299 113.584 114.234 114.047 113.357 113.122 113.269 113.557
108.241 108.329 108.404 108.489 109.641 111.059 108.461 108.679 109.154 109.304 109.261 109.346 109.376 113.066 112.996 109.689 109.709 109.822 110.202 110.269 110.264 110.489 110.514 110.727 110.834 110.699 110.832 112.269 111.169 112.072 111.207 113.617 111.587 111.454 113.184 114.922 113.844 111.882 112.032 112.827 114.587 117.509 114.574 114.022 113.614 114.034 112.762 114.742 116.247 113.349 113.057 113.242 114.009 113.139 113.229 113.169 114.369 113.409 113.544 113.512 115.694 113.827 113.697 113.364 113.254 113.359 114.184 113.237 113.092 113.362 113.159
108.086 108.151 108.526 108.531 108.451 108.471 108.561 108.659 109.489 109.169 109.261 109.221 113.074 115.974 109.344 110.184 109.969 109.799 109.969 110.244 110.452 110.607 110.802 110.849 110.904 110.569 112.484 111.717 111.179 111.289 111.327 111.524 111.599 111.394 111.629 111.824 115.482 113.834 111.949 112.404 113.244 115.097 121.362 119.684 114.607 112.622 112.912 113.194 113.069 113.052 113.199 113.272 113.272 113.459 113.332 115.087 117.889 113.479 113.352 113.359 113.332 113.459 113.397 114.952 113.274 113.217 113.272 113.167 113.192 113.524 113.112
108.256 107.924 108.059 108.279 108.279 108.944 108.554 109.246 109.946 109.019 109.201 109.334 110.426 109.171 110.081 110.411 110.764 110.962 109.857 110.684 110.197 110.482 110.734 112.167 111.112 110.589 110.689 110.914 110.997 113.209 111.914 112.619 111.739 116.267 112.557 111.687 111.889 112.192 113.714 112.007 112.199 113.747 120.582 120.202 115.479 116.822 114.452 113.029 112.917 113.134 113.134 113.342 113.404 113.547 113.467 113.789 116.407 113.482 113.847 113.379 113.277 114.829 114.432 113.387 113.374 113.182 113.084 113.094 113.237 113.324 113.177
107.711 107.851 108.791 109.026 110.406 108.241 108.154 108.356 108.536 108.664 108.854 109.269 109.664 111.041 113.696 109.279 109.489 109.497 109.692 109.792 109.897 110.422 110.417 110.557 110.624 110.602 110.847 110.797 111.357 115.187 112.509 113.827 111.557 111.944 111.677 111.712 111.949 113.107 113.569 112.152 112.064 113.512 114.539 116.029 116.412 117.777 114.857 113.289 113.032 113.799 113.837 113.297 113.439 113.424 113.464 113.572 114.042 113.422 113.882 113.497 113.544 113.832 113.722 115.349 113.657 113.452 113.279 113.024 113.169 113.154 113.144
108.489 107.609 107.851 108.891 108.339 107.859 107.964 108.199 108.149 108.369 110.239 108.576 108.714 109.866 111.341 108.971 109.114 109.329 109.449 109.634 110.007 110.347 110.469 110.807 110.572 110.679 110.767 110.857 111.024 110.909 111.189 114.659 112.342 111.544 113.982 112.297 111.839 111.864 111.829 112.002 112.099 112.062 112.337 112.692 113.359 117.442 117.877 115.372 115.182 114.749 113.314 113.209 114.404 115.299 113.299 113.492 113.562 113.474 113.504 114.964 113.537 114.362 113.344 113.442 113.474 113.564 113.254 113.247 113.082 113.169 113.237
107.119 107.489 107.521 109.399 107.644 107.741 107.829 107.999 108.531 108.259 108.289 108.256 108.446 108.624 108.644 108.886 109.372 109.252 109.277 109.582 109.574 110.217 110.087 110.299 110.439 110.322 110.449 110.652 110.834 110.819 111.209 111.594 111.529 113.782 119.419 113.879 113.449 112.369 111.657 111.804 112.144 112.037 112.164 112.462 113.814 117.477 119.039 115.104 112.974 113.082 113.087 113.104 113.387 113.344 113.884 114.222 113.387 113.469 116.489 116.507 113.449 113.559 113.649 113.407 113.544 113.349 113.319 113.427 113.284 114.897 113.099
106.721 109.039 107.426 107.549 107.546 107.429 107.664 107.729 108.144 108.271 108.006 108.119 108.304 108.544 108.399 108.529 108.859 109.024 109.104 109.217 109.324 109.364 109.799 110.007 110.282 110.182 110.217 110.444 110.559 113.614 111.472 111.217 111.112 113.964 112.709 111.499 112.657 111.652 111.807 114.887 112.852 111.867 112.092 112.359 112.644 114.074 113.634 113.527 112.954 112.902 113.127 113.062 113.144 113.179 113.209 113.279 113.439 113.487 113.374 113.477 113.422 113.702 113.367 114.377 113.574 113.334 113.377 116.514 113.459 117.977 116.262
