Matlab/Roost_data/braunton/dsm/ss5034_DSM_2M.asc
ncols 500
nrows 500
xllcorner    250000
yllcorner    134000
cellsize     2
NODATA_value -9999
[rows 34 to 67 of 500, columns 0 to 75 of 500]
7.564 7.624 7.641 7.629 7.606 7.601 7.556 7.539 7.544 7.549 7.511 7.499 7.491 7.479 7.429 7.421 7.469 7.471 7.491 7.469 7.444 7.411 7.461 7.454 7.446 7.436 7.449 7.504 7.524 7.491 7.456 7.459 7.464 7.471 7.481 7.454 7.456 7.449 7.449 7.434 7.374 7.331 7.247 7.439 9.053 7.798 7.518 7.53 7.503 7.478 7.478 7.497 7.476 7.494 7.509 7.511 7.523 7.542 7.55 7.545 7.526 7.519 7.544 7.529 7.471 7.446 7.494 7.534 7.486 7.494 7.541 7.556 7.591 7.656 7.634 7.656
7.521 7.559 7.586 7.606 7.616 7.599 7.559 7.544 7.521 7.509 7.514 7.464 7.479 7.459 7.399 7.396 7.454 7.466 7.449 7.429 7.424 7.419 7.431 7.454 7.414 7.431 7.454 7.504 7.519 7.476 7.426 7.434 7.456 7.451 7.456 7.456 7.439 7.436 7.439 7.429 7.369 7.303 7.224 8.354 9.613 7.685 7.526 7.524 7.502 7.48 7.456 7.456 7.454 7.469 7.498 7.505 7.494 7.514 7.516 7.534 7.551 7.524 7.529 7.456 7.441 7.456 7.614 7.551 7.511 7.529 7.594 7.564 7.616 7.619 7.701 7.666
7.481 7.501 7.524 7.579 7.599 7.614 7.576 7.529 7.504 7.501 7.479 7.456 7.464 7.426 7.386 7.389 7.419 7.421 7.416 7.391 7.411 7.416 7.424 7.426 7.409 7.414 7.464 7.466 7.464 7.461 7.401 7.426 7.466 7.469 7.469 7.431 7.419 7.421 7.425 7.385 7.334 7.275 7.309 9.165 9.329 7.55 7.561 7.527 7.478 7.475 7.471 7.443 7.441 7.458 7.484 7.493 7.504 7.498 7.504 7.521 7.484 7.479 7.509 7.481 7.394 7.496 7.616 7.569 7.596 7.621 7.591 7.619 7.651 7.721 7.709 7.764
7.446 7.459 7.509 7.546 7.569 7.604 7.571 7.524 7.479 7.476 7.459 7.461 7.416 7.399 7.374 7.366 7.374 7.409 7.406 7.406 7.404 7.404 7.411 7.406 7.379 7.406 7.449 7.481 7.429 7.429 7.404 7.434 7.446 7.449 7.441 7.406 7.404 7.408 7.393 7.353 7.309 7.259 7.505 10.559 10.03 7.578 7.527 7.498 7.462 7.437 7.451 7.412 7.424 7.437 7.45 7.455 7.465 7.473 7.469 7.491 7.459 7.481 7.484 7.464 7.391 7.454 7.581 7.621 7.584 7.606 7.584 7.596 7.679 7.676 7.736 7.839
7.401 7.429 7.484 7.526 7.559 7.566 7.544 7.529 7.484 7.446 7.429 7.456 7.411 7.379 7.354 7.341 7.341 7.394 7.374 7.391 7.379 7.384 7.386 7.366 7.371 7.404 7.419 7.456 7.414 7.384 7.376 7.396 7.441 7.424 7.416 7.414 7.422 7.407 7.401 7.346 7.307 7.256 8.261 9.767 8.861 7.631 7.523 7.468 7.428 7.413 7.402 7.374 7.389 7.422 7.428 7.428 7.432 7.431 7.436 7.429 7.411 7.456 7.421 7.381 7.391 7.439 7.534 7.589 7.591 7.631 7.636 7.616 7.731 7.686 7.821 7.884
7.379 7.434 7.449 7.471 7.521 7.529 7.541 7.511 7.474 7.441 7.421 7.434 7.374 7.334 7.304 7.341 7.339 7.371 7.354 7.361 7.356 7.354 7.384 7.334 7.344 7.349 7.419 7.414 7.384 7.356 7.346 7.399 7.401 7.406 7.399 7.389 7.403 7.408 7.373 7.329 7.282 7.257 8.692 9.616 8.352 7.569 7.486 7.437 7.393 7.396 7.374 7.351 7.382 7.395 7.41 7.385 7.386 7.421 7.416 7.429 7.411 7.429 7.396 7.334 7.339 7.381 7.521 7.591 7.596 7.661 7.736 7.696 7.726 7.714 7.791 7.871
7.489 7.429 7.414 7.451 7.481 7.521 7.509 7.476 7.426 7.404 7.396 7.396 7.361 7.351 7.326 7.316 7.346 7.346 7.336 7.341 7.334 7.346 7.339 7.311 7.336 7.359 7.386 7.401 7.354 7.336 7.354 7.371 7.401 7.401 7.372 7.364 7.392 7.401 7.359 7.288 7.269 7.282 9.363 9.867 7.348 7.518 7.45 7.408 7.364 7.38 7.358 7.374 7.373 7.391 7.404 7.399 7.414 7.404 7.414 7.409 7.409 7.419 7.454 7.306 7.294 7.394 7.499 7.576 7.654 7.694 7.706 7.729 7.774 7.804 7.759 7.809
7.606 7.374 7.376 7.416 7.459 7.496 7.486 7.469 7.414 7.416 7.376 7.384 7.346 7.314 7.314 7.306 7.304 7.324 7.314 7.324 7.341 7.334 7.324 7.311 7.309 7.364 7.379 7.364 7.306 7.314 7.341 7.374 7.361 7.39 7.374 7.371 7.376 7.394 7.327 7.294 7.267 7.864 10.205 10.422 7.637 7.476 7.425 7.382 7.36 7.368 7.327 7.353 7.353 7.384 7.391 7.391 7.419 7.404 7.424 7.414 7.394 7.409 7.386 7.391 7.339 7.406 7.471 7.614 7.586 7.694 7.801 7.789 7.774 7.764 7.769 7.816
7.719 7.401 7.366 7.379 7.406 7.451 7.471 7.436 7.429 7.389 7.366 7.361 7.321 7.294 7.286 7.324 7.301 7.304 7.299 7.321 7.336 7.324 7.311 7.286 7.281 7.331 7.361 7.309 7.296 7.286 7.334 7.359 7.379 7.369 7.362 7.372 7.361 7.32 7.29 7.294 7.269 8.139 10.523 10.136 7.646 7.469 7.389 7.347 7.339 7.325 7.318 7.357 7.322 7.381 7.371 7.331 7.341 7.364 7.411 7.359 7.386 7.411 7.371 7.396 7.441 7.434 7.544 7.629 7.661 7.736 7.801 7.784 7.731 7.774 7.774 7.819
8.464 7.476 7.379 7.354 7.389 7.414 7.419 7.414 7.411 7.391 7.349 7.346 7.316 7.294 7.276 7.301 7.284 7.284 7.261 7.309 7.311 7.304 7.301 7.276 7.289 7.321 7.324 7.284 7.254 7.281 7.321 7.341 7.355 7.338 7.33 7.357 7.335 7.284 7.255 7.248 7.272 8.48 10.39 9.841 7.505 7.446 7.392 7.325 7.323 7.338 7.333 7.335 7.306 7.321 7.349 7.354 7.386 7.361 7.394 7.344 7.371 7.349 7.349 7.319 7.421 7.444 7.534 7.654 7.691 7.771 7.721 7.729 7.709 7.759 7.746 7.719
9.271 7.576 7.334 7.344 7.381 7.401 7.401 7.411 7.404 7.384 7.346 7.294 7.296 7.274 7.276 7.246 7.269 7.289 7.269 7.294 7.299 7.286 7.264 7.254 7.289 7.301 7.289 7.246 7.261 7.291 7.299 7.316 7.325 7.332 7.349 7.348 7.334 7.255 7.232 7.246 7.25 8.921 10.094 8.702 7.501 7.432 7.371 7.327 7.323 7.312 7.31 7.319 7.314 7.316 7.356 7.349 7.329 7.389 7.371 7.346 7.339 7.314 7.351 7.374 7.436 7.519 7.559 7.609 7.609 7.711 7.696 7.679 7.601 7.699 7.711 7.679
8.904 7.849 7.309 7.311 7.346 7.351 7.369 7.399 7.389 7.376 7.331 7.291 7.266 7.276 7.269 7.264 7.256 7.266 7.279 7.289 7.284 7.279 7.259 7.264 7.276 7.294 7.241 7.231 7.239 7.264 7.289 7.301 7.31 7.31 7.339 7.367 7.29 7.222 7.225 7.244 7.331 9.971 11.214 9.149 7.529 7.408 7.361 7.315 7.278 7.283 7.301 7.314 7.344 7.331 7.336 7.346 7.319 7.334 7.336 7.329 7.311 7.324 7.286 7.301 7.389 7.489 7.526 7.626 7.646 7.691 7.686 7.666 7.619 7.646 7.714 7.649
8.816 9.791 8.251 7.304 7.331 7.321 7.356 7.394 7.394 7.394 7.339 7.264 7.234 7.241 7.266 7.254 7.224 7.241 7.276 7.294 7.269 7.259 7.246 7.271 7.271 7.239 7.236 7.229 7.214 7.246 7.291 7.301 7.277 7.27 7.316 7.364 7.289 7.19 7.193 7.257 7.236 9.536 10.662 8.391 7.518 7.41 7.362 7.268 7.276 7.279 7.301 7.344 7.311 7.331 7.301 7.289 7.279 7.321 7.291 7.314 7.324 7.281 7.239 7.279 7.381 7.449 7.541 7.586 7.666 7.646 7.646 7.686 7.684 7.696 7.769 7.704
8.759 9.671 7.369 7.284 7.301 7.281 7.349 7.351 7.394 7.364 7.336 7.251 7.234 7.216 7.256 7.211 7.241 7.241 7.269 7.286 7.254 7.231 7.216 7.206 7.236 7.216 7.204 7.194 7.206 7.24 7.278 7.284 7.292 7.269 7.305 7.328 7.271 7.227 7.208 7.217 7.26 9.339 10.615 8.413 7.508 7.412 7.331 7.313 7.316 7.261 7.261 7.309 7.324 7.336 7.314 7.304 7.266 7.279 7.241 7.259 7.289 7.229 7.196 7.254 7.344 7.374 7.419 7.511 7.609 7.661 7.644 7.714 7.744 7.726 7.706 7.711
9.621 9.854 8.144 7.379 7.281 7.274 7.321 7.349 7.374 7.354 7.316 7.244 7.241 7.224 7.226 7.231 7.226 7.199 7.229 7.254 7.231 7.229 7.229 7.216 7.211 7.209 7.204 7.216 7.239 7.258 7.263 7.261 7.266 7.31 7.287 7.289 7.219 7.184 7.207 7.246 7.394 9.789 10.361 9.042 7.465 7.374 7.298 7.286 7.249 7.246 7.269 7.279 7.294 7.304 7.309 7.309 7.251 7.266 7.256 7.279 7.271 7.199 7.204 7.264 7.294 7.376 7.439 7.506 7.609 7.611 7.634 7.691 7.679 7.704 7.731 7.666
8.681 10.041 10.171 7.689 7.229 7.256 7.319 7.304 7.356 7.356 7.319 7.246 7.221 7.201 7.206 7.221 7.224 7.221 7.221 7.234 7.244 7.221 7.201 7.224 7.216 7.204 7.213 7.201 7.222 7.254 7.244 7.247 7.266 7.27 7.277 7.266 7.193 7.182 7.233 7.252 7.246 10.952 10.836 9.026 7.472 7.362 7.304 7.244 7.281 7.266 7.229 7.254 7.266 7.276 7.264 7.289 7.304 7.309 7.306 7.279 7.269 7.226 7.226 7.291 7.319 7.326 7.409 7.481 7.511 7.546 7.624 7.704 7.676 7.721 7.721 7.606
7.639 9.559 9.726 7.946 7.256 7.244 7.306 7.324 7.366 7.361 7.326 7.274 7.256 7.239 7.219 7.226 7.214 7.214 7.239 7.244 7.244 7.211 7.221 7.226 7.221 7.194 7.197 7.2 7.236 7.244 7.246 7.242 7.245 7.257 7.257 7.209 7.172 7.178 7.242 7.252 8.424 11.33 11.354 8.36 7.456 7.359 7.286 7.264 7.214 7.181 7.191 7.169 7.249 7.256 7.276 7.294 7.291 7.286 7.341 7.331 7.311 7.239 7.226 7.309 7.336 7.371 7.404 7.441 7.454 7.564 7.621 7.651 7.634 7.659 7.654 7.506
7.286 8.939 10.466 9.046 7.311 7.241 7.291 7.306 7.371 7.374 7.364 7.311 7.299 7.279 7.261 7.236 7.219 7.229 7.231 7.244 7.249 7.241 7.236 7.201 7.209 7.203 7.179 7.223 7.259 7.235 7.246 7.254 7.254 7.235 7.238 7.198 7.167 7.2 7.244 7.27 8.032 10.812 10.364 7.5 7.454 7.346 7.236 7.199 7.149 7.141 7.174 7.221 7.226 7.219 7.254 7.296 7.276 7.301 7.281 7.294 7.254 7.254 7.204 7.306 7.326 7.344 7.334 7.404 7.461 7.496 7.579 7.614 7.561 7.626 7.551 7.414
7.239 7.999 9.856 10.451 7.671 7.204 7.236 7.319 7.331 7.359 7.356 7.321 7.319 7.311 7.279 7.254 7.276 7.279 7.274 7.284 7.266 7.261 7.239 7.229 7.224 7.216 7.22 7.213 7.237 7.224 7.24 7.265 7.247 7.233 7.217 7.182 7.139 7.181 7.234 7.264 7.657 10.377 10.788 8.076 7.426 7.321 7.239 7.231 7.126 7.074 7.124 7.199 7.199 7.216 7.219 7.269 7.279 7.286 7.299 7.251 7.269 7.209 7.224 7.241 7.261 7.261 7.324 7.369 7.376 7.409 7.464 7.519 7.426 7.504 7.451 7.396
7.111 7.509 9.534 10.669 8.024 7.259 7.229 7.266 7.326 7.354 7.329 7.329 7.316 7.279 7.294 7.281 7.296 7.309 7.304 7.314 7.286 7.264 7.242 7.254 7.242 7.248 7.231 7.243 7.254 7.252 7.232 7.245 7.256 7.227 7.209 7.15 7.157 7.185 7.234 7.26 7.267 10.089 10.733 8.734 7.424 7.361 7.306 7.209 7.156 7.096 7.121 7.174 7.236 7.219 7.206 7.251 7.249 7.264 7.276 7.286 7.244 7.191 7.159 7.169 7.191 7.221 7.211 7.266 7.319 7.319 7.401 7.436 7.391 7.419 7.424 7.439
7.051 7.319 9.391 10.611 8.931 7.241 7.169 7.201 7.231 7.279 7.291 7.259 7.274 7.269 7.249 7.274 7.274 7.276 7.284 7.259 7.259 7.269 7.257 7.258 7.253 7.237 7.25 7.273 7.244 7.26 7.286 7.275 7.291 7.277 7.244 7.194 7.217 7.181 7.205 7.204 7.151 9.743 10.689 9.221 7.796 7.354 7.304 7.271 7.221 7.156 7.121 7.139 7.189 7.189 7.199 7.219 7.221 7.221 7.204 7.216 7.191 7.174 7.146 7.134 7.176 7.141 7.161 7.206 7.289 7.326 7.309 7.364 7.381 7.406 7.406 7.391
7.274 7.094 7.694 8.669 8.124 7.231 7.306 7.136 7.171 7.204 7.221 7.199 7.211 7.194 7.201 7.199 7.219 7.249 7.231 7.206 7.241 7.244 7.229 7.244 7.237 7.222 7.244 7.302 7.295 7.297 7.293 7.279 7.309 7.297 7.28 7.232 7.216 7.225 7.233 7.196 7.281 8.706 9.429 9.166 7.561 7.396 7.344 7.296 7.266 7.239 7.154 7.129 7.169 7.216 7.219 7.196 7.166 7.199 7.214 7.179 7.154 7.129 7.164 7.149 7.186 7.074 7.096 7.151 7.244 7.254 7.309 7.296 7.274 7.274 7.291 7.374
8.631 9.444 8.376 7.726 8.794 7.189 7.464 7.396 7.186 7.111 7.114 7.129 7.114 7.086 7.114 7.131 7.134 7.151 7.156 7.158 7.17 7.184 7.167 7.193 7.189 7.203 7.213 7.246 7.261 7.252 7.289 7.28 7.281 7.277 7.273 7.253 7.204 7.187 7.154 7.218 7.371 8.726 9.004 8.924 7.741 7.409 7.346 7.324 7.276 7.269 7.214 7.169 7.159 7.189 7.184 7.169 7.166 7.186 7.201 7.204 7.186 7.171 7.149 7.114 7.171 7.091 7.116 7.161 7.214 7.209 7.209 7.219 7.269 7.241 7.291 7.339
8.436 9.109 9.436 9.444 7.854 8.644 9.631 9.414 8.819 8.539 7.994 7.759 7.199 7.079 7.076 7.036 7.064 7.061 7.049 7.061 7.087 7.107 7.115 7.127 7.122 7.154 7.168 7.179 7.186 7.196 7.208 7.22 7.22 7.211 7.242 7.229 7.209 7.114 7.073 7.191 7.284 9.704 11.764 10.539 7.851 7.369 7.326 7.294 7.284 7.264 7.264 7.236 7.239 7.266 7.239 7.199 7.199 7.226 7.276 7.261 7.221 7.219 7.204 7.126 7.186 7.144 7.109 7.134 7.139 7.221 7.211 7.216 7.236 7.244 7.279 7.329
7.919 8.021 7.949 8.171 8.009 8.924 10.354 9.659 9.839 10.916 11.231 11.526 10.839 10.244 9.819 8.896 8.589 8.074 7.45 7.441 7.353 7.308 7.246 7.038 7.061 7.3 7.255 7.138 7.135 7.155 7.135 7.159 7.158 7.123 7.147 7.216 7.18 7.103 7.114 7.156 9.104 12.546 14.151 13.166 7.419 7.256 7.266 7.236 7.221 7.274 7.299 7.281 7.284 7.231 7.229 7.241 7.264 7.271 7.269 7.241 7.254 7.279 7.229 7.194 7.139 7.126 7.126 7.189 7.166 7.204 7.261 7.199 7.224 7.291 7.321 7.341
7.891 7.851 7.861 7.851 7.946 8.016 8.004 7.989 7.831 7.899 8.929 9.466 9.389 9.639 9.876 10.941 11.361 11.317 11.181 10.974 10.591 10.137 9.978 8.98 8.934 8.851 8.367 7.869 7.143 7.356 8.34 7.264 7.911 7.508 7.084 7.091 7.088 7.059 7.101 7.176 8.961 11.444 12.491 10.624 7.814 7.229 7.214 7.179 7.161 7.181 7.184 7.176 7.204 7.201 7.174 7.236 7.221 7.274 7.281 7.224 7.204 7.211 7.134 7.106 7.126 7.096 7.119 7.144 7.176 7.199 7.216 7.201 7.246 7.294 7.331 7.356
7.854 7.881 7.844 7.851 7.849 7.901 7.984 7.824 7.869 7.851 7.834 7.846 7.811 7.769 7.804 7.999 7.82 8.18 8.911 9.482 10.062 10.902 11.317 11.851 12.307 12.15 10.816 11.028 10.255 10.395 12.352 11.034 12.378 9.254 7.13 8.136 7.679 8.056 7.744 7.614 10.159 11.164 13.471 8.986 7.944 7.371 7.264 7.276 7.149 7.156 7.174 7.204 7.206 7.196 7.194 7.154 7.214 7.219 7.184 7.176 7.121 7.064 7.029 7.026 7.004 7.036 7.074 7.089 7.096 7.129 7.151 7.156 7.211 7.234 7.256 7.271
8.059 7.926 7.896 7.919 7.919 7.861 7.849 7.856 7.874 7.879 7.871 7.846 7.829 7.821 7.834 7.868 7.841 7.824 7.802 7.779 7.795 7.863 8.409 9.003 9.241 9.294 10.317 10.742 10.305 12.311 12.877 12.997 13.074 13.492 12.112 12.536 12.984 12.654 10.771 9.409 11.996 13.729 13.374 12.469 10.366 11.129 10.171 11.186 11.276 11.314 9.616 9.729 9.466 7.919 7.879 7.619 7.859 7.121 7.101 7.106 7.056 6.989 6.956 6.981 7.139 6.966 6.984 7.019 7.521 9.391 7.194 7.099 7.126 7.151 7.191 7.204
9.051 8.456 8.024 8.076 7.974 7.934 7.861 7.949 8.054 8.081 8.066 8.124 8.101 8.061 7.955 7.799 7.81 7.837 7.817 7.816 7.811 7.796 7.799 7.791 7.784 7.776 7.763 7.861 8.846 9.17 8.006 8.796 13.203 12.987 13.079 13.049 13.234 12.859 12.039 10.229 10.441 11.874 12.174 11.946 11.854 12.426 12.256 12.494 13.186 13.554 12.714 11.634 12.046 12.691 10.739 11.639 12.954 11.621 10.401 8.956 8.451 8.021 7.384 7.269 9.026 8.094 12.156 6.871 10.436 12.501 10.031 8.999 7.051 7.109 7.104 7.106
10.039 9.451 8.779 8.926 8.629 8.254 7.909 8.059 8.041 8.106 8.019 8.096 8.276 8.343 8.32 8.132 8.01 7.964 7.88 7.855 7.89 7.861 7.827 7.808 7.891 8.835 9.113 8.764 7.834 9.283 8.86 9.338 9.684 10.991 10.741 11.679 11.779 8.591 8.361 8.079 8.276 8.659 9.856 9.134 10.089 10.416 9.961 10.864 12.934 13.546 12.779 11.956 12.919 13.204 13.444 14.846 15.656 13.859 14.001 12.511 11.316 10.949 10.691 11.874 13.306 13.659 13.074 13.561 13.941 12.414 10.511 11.764 10.124 10.494 10.589 10.574
7.386 7.724 7.706 8.519 8.631 8.089 8.074 9.041 7.776 9.166 9.141 9.394 9.841 8.916 9.066 8.525 8.089 8.042 7.963 7.934 7.893 7.911 7.895 7.91 8.591 10.794 11.508 10.667 7.915 7.841 7.777 8.713 10.731 9.711 8.281 8.931 7.979 7.774 7.786 7.739 7.734 7.774 7.744 7.754 7.779 7.774 7.776 8.739 10.244 8.966 9.434 9.734 10.566 9.329 10.281 13.506 15.596 13.231 12.044 11.991 11.471 11.484 11.326 11.589 12.564 14.234 12.064 10.056 14.789 14.251 12.974 10.019 14.851 13.059 14.359 13.011
7.331 7.321 7.289 7.306 7.359 7.261 7.441 7.526 6.949 6.949 7.701 9.799 9.906 9.194 10.247 9.774 8.553 8.863 9.448 8.805 8.49 8.157 8.16 8.167 8.46 9.681 10.592 9.548 7.874 7.706 9.082 12.661 13.806 15.579 12.391 13.881 10.034 7.921 7.919 7.879 7.836 8.239 8.336 10.121 10.651 9.254 7.774 7.781 7.759 7.776 7.789 8.366 9.336 9.276 9.029 9.381 12.304 11.391 11.534 10.451 10.711 11.001 9.889 8.406 12.204 11.039 12.474 11.589 13.956 11.656 10.459 14.494 14.311 14.354 14.736 13.791
7.196 7.731 8.009 7.344 7.261 7.279 7.246 7.226 7.209 7.139 7.136 7.518 7.135 7.441 7.831 8.543 7.648 8.123 8.586 8.184 8.54 8.777 8.722 9.174 8.848 9.193 9.086 8.695 8.532 8.542 8.341 11.354 14.129 12.424 13.646 14.234 12.321 10.496 9.979 10.014 10.714 12.281 11.376 11.831 14.249 12.761 10.569 7.954 7.901 7.851 7.849 7.819 7.836 7.789 7.764 7.764 7.731 7.721 7.829 8.971 8.559 9.276 7.801 8.109 10.089 10.509 11.639 10.404 10.544 8.844 10.604 12.414 13.361 13.459 10.889 10.879
7.161 7.421 7.299 7.291 7.779 7.581 7.174 7.151 7.124 7.226 7.394 7.389 7.155 7.147 7.137 7.128 7.148 7.167 7.374 7.786 7.098 7.275 7.846 8.086 7.142 7.674 7.161 7.224 7.385 7.399 7.504 7.891 9.049 9.664 11.754 12.549 10.314 9.869 10.466 10.614 10.691 11.076 12.261 13.519 12.896 13.839 11.991 7.926 7.971 8.101 8.144 8.206 8.776 11.154 9.511 7.929 8.039 9.134 11.629 12.989 13.059 10.969 7.794 7.789 7.789 8.931 8.344 8.039 7.774 7.746 8.231 9.956 8.646 10.289 8.806 7.874
