Matlab/Roost_data/braunton/dsm/ss5036_DSM_2M.asc
ncols 500
nrows 500
xllcorner    250000
yllcorner    136000
cellsize     2
NODATA_value -9999
[rows 160 to 191 of 500, columns 71 to 141 of 500]
101.171 101.356 101.554 101.751 101.911 102.084 102.264 102.414 102.594 102.776 102.919 103.079 103.241 103.411 103.561 103.666 103.799 103.929 104.084 104.181 104.316 104.459 104.581 104.674 104.781 104.849 104.924 104.986 105.039 105.111 105.209 105.291 105.334 105.414 105.464 105.524 105.569 105.649 105.674 105.731 105.784 105.831 105.869 105.914 105.944 105.979 106.029 106.079 106.091 106.141 106.171 106.226 106.261 106.289 106.329 106.369 106.394 106.419 106.426 106.451 106.466 106.461 106.466 106.479 106.459 106.474 106.481 106.469 106.474 106.474 106.466
101.149 101.346 101.546 101.749 101.919 102.096 102.256 102.444 102.589 102.766 102.901 103.076 103.234 103.404 103.509 103.656 103.814 103.944 104.071 104.211 104.344 104.459 104.594 104.699 104.779 104.864 104.929 104.989 105.044 105.149 105.211 105.296 105.349 105.411 105.479 105.531 105.564 105.626 105.704 105.711 105.741 105.816 105.831 105.876 105.911 105.954 105.979 106.016 106.059 106.101 106.144 106.166 106.214 106.239 106.271 106.309 106.336 106.339 106.381 106.379 106.366 106.384 106.384 106.389 106.384 106.374 106.389 106.391 106.369 106.369 106.359
101.119 101.329 101.541 101.716 101.916 102.056 102.236 102.424 102.581 102.734 102.891 103.081 103.226 103.386 103.509 103.661 103.809 103.941 104.089 104.201 104.334 104.474 104.571 104.664 104.771 104.846 104.904 104.976 105.026 105.136 105.194 105.269 105.339 105.404 105.451 105.511 105.549 105.589 105.624 105.674 105.714 105.754 105.786 105.844 105.871 105.914 105.941 105.981 106.006 106.044 106.099 106.131 106.154 106.186 106.219 106.261 106.281 106.311 106.331 106.324 106.334 106.341 106.321 106.336 106.301 106.289 106.304 106.276 106.274 106.269 106.246
101.119 101.319 101.501 101.699 101.869 102.026 102.199 102.374 102.551 102.694 102.864 103.029 103.194 103.316 103.464 103.636 103.801 103.916 104.064 104.189 104.306 104.444 104.526 104.636 104.759 104.789 104.844 104.911 105.014 105.101 105.169 105.231 105.296 105.366 105.421 105.489 105.521 105.546 105.581 105.634 105.656 105.719 105.746 105.801 105.826 105.864 105.886 105.921 105.949 106.011 106.036 106.076 106.119 106.161 106.166 106.184 106.204 106.226 106.244 106.259 106.284 106.276 106.261 106.236 106.216 106.216 106.206 106.194 106.176 106.176 106.131
101.071 101.296 101.456 101.626 101.821 102.004 102.169 102.324 102.509 102.684 102.839 102.989 103.159 103.311 103.469 103.626 103.766 103.879 104.049 104.166 104.291 104.394 104.501 104.609 104.696 104.751 104.801 104.874 104.956 105.039 105.129 105.196 105.254 105.306 105.379 105.411 105.461 105.491 105.536 105.569 105.596 105.656 105.694 105.729 105.754 105.779 105.824 105.856 105.871 105.946 105.986 106.021 106.064 106.114 106.136 106.141 106.161 106.169 106.181 106.189 106.209 106.209 106.179 106.171 106.141 106.141 106.104 106.094 106.081 106.041 106.021
101.046 101.251 101.419 101.616 101.789 101.951 102.126 102.284 102.464 102.639 102.794 102.949 103.086 103.269 103.421 103.609 103.744 103.889 104.021 104.136 104.244 104.351 104.486 104.559 104.634 104.721 104.749 104.814 104.899 104.979 105.059 105.129 105.191 105.256 105.319 105.366 105.394 105.431 105.459 105.489 105.534 105.566 105.619 105.644 105.676 105.719 105.774 105.804 105.836 105.891 105.954 105.949 106.034 106.066 106.074 106.079 106.091 106.086 106.124 106.114 106.124 106.121 106.104 106.074 106.056 106.039 106.024 105.989 105.961 105.931 105.889
101.034 101.214 101.396 101.594 101.746 101.931 102.089 102.256 102.454 102.619 102.766 102.921 103.079 103.241 103.399 103.559 103.714 103.854 103.966 104.084 104.204 104.281 104.399 104.491 104.589 104.651 104.696 104.771 104.831 104.914 104.989 105.066 105.114 105.176 105.234 105.294 105.309 105.366 105.404 105.431 105.464 105.514 105.556 105.606 105.621 105.684 105.734 105.769 105.831 105.874 105.931 105.946 105.979 105.981 106.006 106.031 106.049 106.069 106.061 106.044 106.051 106.046 106.004 105.961 105.951 105.911 105.874 105.851 105.794 105.779 105.749
101.024 101.211 101.379 101.599 101.744 101.919 102.071 102.224 102.426 102.586 102.729 102.894 103.044 103.206 103.374 103.544 103.686 103.836 103.924 104.044 104.141 104.256 104.339 104.436 104.524 104.601 104.654 104.716 104.791 104.861 104.946 105.011 105.036 105.084 105.151 105.194 105.236 105.284 105.334 105.364 105.396 105.441 105.469 105.524 105.571 105.651 105.664 105.746 105.786 105.834 105.844 105.901 105.934 105.946 105.951 105.969 105.981 105.994 105.959 105.944 105.959 105.926 105.896 105.859 105.849 105.816 105.769 105.741 105.656 105.631 105.586
101.011 101.199 101.384 101.564 101.729 101.934 102.084 102.229 102.396 102.559 102.704 102.881 103.066 103.219 103.371 103.529 103.664 103.791 103.879 104.006 104.104 104.186 104.281 104.396 104.464 104.546 104.594 104.679 104.719 104.776 104.844 104.916 104.961 105.016 105.071 105.099 105.156 105.186 105.249 105.299 105.334 105.386 105.411 105.456 105.511 105.576 105.614 105.676 105.724 105.764 105.766 105.816 105.854 105.856 105.866 105.876 105.861 105.846 105.839 105.829 105.836 105.824 105.791 105.754 105.724 105.676 105.631 105.596 105.541 105.491 105.451
100.986 101.179 101.336 101.526 101.699 101.871 102.041 102.221 102.379 102.541 102.699 102.869 103.024 103.179 103.361 103.514 103.631 103.741 103.856 103.959 104.046 104.151 104.234 104.324 104.416 104.494 104.539 104.594 104.651 104.701 104.761 104.819 104.871 104.904 104.964 104.999 105.044 105.104 105.139 105.199 105.244 105.299 105.324 105.394 105.449 105.491 105.546 105.591 105.626 105.664 105.686 105.716 105.746 105.754 105.744 105.754 105.776 105.746 105.736 105.731 105.689 105.681 105.654 105.599 105.566 105.514 105.469 105.451 105.389 105.349 105.286
100.939 101.126 101.296 101.481 101.666 101.809 102.006 102.164 102.339 102.516 102.671 102.831 103.004 103.151 103.291 103.451 103.566 103.674 103.791 103.899 103.999 104.094 104.161 104.269 104.354 104.421 104.464 104.549 104.569 104.634 104.684 104.724 104.774 104.811 104.844 104.904 104.941 105.009 105.061 105.089 105.176 105.204 105.246 105.311 105.366 105.419 105.471 105.491 105.531 105.569 105.589 105.616 105.621 105.634 105.629 105.626 105.624 105.599 105.586 105.566 105.546 105.529 105.501 105.451 105.414 105.366 105.306 105.284 105.224 105.194 105.156
100.864 101.061 101.229 101.406 101.584 101.771 101.956 102.126 102.309 102.469 102.639 102.811 102.971 103.094 103.264 103.406 103.524 103.606 103.741 103.846 103.929 104.036 104.131 104.229 104.301 104.336 104.381 104.464 104.499 104.546 104.581 104.611 104.656 104.716 104.751 104.809 104.854 104.899 104.946 104.991 105.051 105.099 105.166 105.219 105.256 105.321 105.359 105.391 105.429 105.419 105.474 105.459 105.494 105.516 105.481 105.466 105.494 105.484 105.459 105.429 105.401 105.374 105.341 105.284 105.251 105.206 105.141 105.101 105.046 105.011 104.951
100.796 100.969 101.166 101.359 101.559 101.721 101.899 102.076 102.256 102.429 102.601 102.749 102.936 103.094 103.199 103.351 103.471 103.564 103.671 103.796 103.891 103.989 104.049 104.129 104.224 104.246 104.304 104.366 104.419 104.474 104.491 104.544 104.569 104.624 104.629 104.694 104.736 104.776 104.846 104.871 104.924 104.989 105.041 105.104 105.164 105.201 105.256 105.264 105.289 105.306 105.326 105.331 105.349 105.366 105.334 105.349 105.334 105.309 105.304 105.289 105.229 105.219 105.156 105.124 105.071 105.016 104.964 104.919 104.879 104.824 104.789
100.716 100.904 101.099 101.274 101.469 101.664 101.819 102.024 102.199 102.361 102.551 102.706 102.874 103.051 103.166 103.281 103.416 103.519 103.634 103.716 103.806 103.924 103.991 104.059 104.119 104.174 104.231 104.261 104.316 104.361 104.401 104.421 104.456 104.499 104.521 104.579 104.609 104.656 104.711 104.739 104.806 104.894 104.944 104.979 105.046 105.104 105.139 105.159 105.164 105.171 105.179 105.174 105.209 105.219 105.196 105.194 105.181 105.161 105.121 105.106 105.069 105.016 104.956 104.919 104.891 104.846 104.769 104.731 104.691 104.634 104.604
100.636 100.811 100.994 101.201 101.386 101.584 101.734 101.949 102.111 102.276 102.464 102.621 102.801 102.944 103.094 103.189 103.319 103.416 103.546 103.636 103.719 103.814 103.896 103.959 104.034 104.084 104.136 104.186 104.206 104.219 104.239 104.264 104.304 104.376 104.401 104.434 104.501 104.551 104.576 104.614 104.681 104.749 104.819 104.866 104.921 104.956 104.989 105.011 105.031 105.026 105.034 105.054 105.039 105.049 105.026 105.024 104.996 104.974 104.951 104.926 104.904 104.846 104.804 104.731 104.701 104.649 104.594 104.569 104.506 104.464 104.416
100.556 100.751 100.921 101.131 101.316 101.479 101.664 101.859 102.039 102.206 102.391 102.569 102.729 102.861 102.991 103.104 103.234 103.334 103.444 103.534 103.626 103.704 103.766 103.844 103.916 103.969 104.039 104.049 104.081 104.101 104.126 104.139 104.184 104.234 104.254 104.296 104.349 104.399 104.451 104.514 104.561 104.619 104.679 104.731 104.766 104.809 104.841 104.846 104.869 104.851 104.876 104.874 104.854 104.869 104.864 104.824 104.824 104.789 104.769 104.726 104.704 104.631 104.599 104.539 104.501 104.474 104.394 104.364 104.301 104.239 104.191
100.464 100.631 100.834 101.019 101.199 101.404 101.591 101.784 101.949 102.114 102.324 102.476 102.629 102.791 102.911 103.029 103.141 103.234 103.351 103.449 103.524 103.599 103.664 103.739 103.821 103.859 103.904 103.934 103.939 103.961 103.986 104.026 104.054 104.094 104.146 104.186 104.224 104.274 104.314 104.359 104.416 104.469 104.559 104.594 104.624 104.636 104.669 104.686 104.674 104.684 104.671 104.674 104.669 104.664 104.664 104.641 104.616 104.584 104.539 104.526 104.481 104.426 104.376 104.351 104.276 104.274 104.196 104.156 104.089 104.049 103.984
100.341 100.529 100.726 100.924 101.091 101.286 101.476 101.664 101.831 102.029 102.189 102.359 102.506 102.644 102.766 102.916 102.996 103.114 103.214 103.314 103.384 103.459 103.541 103.611 103.691 103.739 103.794 103.801 103.829 103.851 103.886 103.919 103.929 103.979 104.001 104.054 104.111 104.161 104.206 104.236 104.286 104.354 104.409 104.429 104.456 104.499 104.499 104.516 104.541 104.509 104.509 104.469 104.501 104.464 104.431 104.421 104.409 104.364 104.331 104.326 104.254 104.224 104.171 104.129 104.094 104.011 103.971 103.939 103.866 103.814 103.766
100.201 100.394 100.601 100.774 100.956 101.151 101.331 101.504 101.684 101.881 102.054 102.194 102.349 102.486 102.619 102.744 102.849 102.954 103.054 103.136 103.244 103.326 103.401 103.466 103.554 103.604 103.641 103.659 103.699 103.726 103.754 103.786 103.809 103.846 103.894 103.921 103.971 104.019 104.044 104.106 104.164 104.206 104.246 104.274 104.319 104.341 104.349 104.384 104.359 104.339 104.316 104.286 104.251 104.259 104.231 104.216 104.184 104.161 104.126 104.096 104.046 104.006 103.969 103.926 103.874 103.814 103.771 103.711 103.656 103.616 103.556
100.056 100.231 100.434 100.621 100.791 100.976 101.189 101.366 101.536 101.701 101.869 102.039 102.161 102.299 102.466 102.571 102.701 102.801 102.901 102.994 103.086 103.169 103.246 103.314 103.401 103.454 103.506 103.514 103.541 103.589 103.614 103.636 103.676 103.719 103.759 103.791 103.824 103.869 103.924 103.976 104.006 104.064 104.076 104.131 104.156 104.176 104.174 104.169 104.171 104.146 104.109 104.081 104.056 104.031 104.039 103.996 103.976 103.926 103.906 103.876 103.849 103.796 103.776 103.719 103.679 103.609 103.564 103.524 103.451 103.399 103.339
99.919 100.104 100.281 100.471 100.641 100.826 100.999 101.214 101.376 101.539 101.701 101.841 101.999 102.131 102.281 102.404 102.521 102.611 102.716 102.819 102.884 103.001 103.056 103.131 103.204 103.264 103.336 103.359 103.391 103.421 103.454 103.474 103.536 103.551 103.591 103.629 103.669 103.691 103.736 103.759 103.824 103.854 103.889 103.936 103.956 103.974 103.974 103.981 103.936 103.929 103.891 103.856 103.831 103.806 103.776 103.786 103.734 103.694 103.661 103.659 103.616 103.571 103.559 103.496 103.436 103.401 103.329 103.281 103.209 103.191 103.124
99.759 99.926 100.124 100.309 100.501 100.674 100.846 101.044 101.234 101.381 101.524 101.681 101.794 101.939 102.079 102.176 102.314 102.399 102.509 102.604 102.679 102.761 102.854 102.941 103.009 103.066 103.116 103.174 103.199 103.229 103.284 103.299 103.346 103.354 103.394 103.441 103.474 103.504 103.519 103.556 103.609 103.646 103.701 103.724 103.749 103.764 103.756 103.771 103.741 103.686 103.681 103.636 103.596 103.571 103.561 103.519 103.479 103.456 103.419 103.399 103.374 103.339 103.291 103.259 103.201 103.154 103.114 103.066 103.009 102.946 102.909
99.586 99.766 99.961 100.141 100.336 100.524 100.704 100.871 101.056 101.196 101.334 101.464 101.601 101.766 101.904 102.026 102.109 102.206 102.299 102.386 102.469 102.564 102.644 102.724 102.784 102.861 102.909 102.974 102.999 103.059 103.064 103.111 103.136 103.156 103.201 103.216 103.221 103.256 103.274 103.321 103.401 103.429 103.471 103.499 103.529 103.534 103.536 103.516 103.484 103.459 103.421 103.394 103.351 103.334 103.301 103.274 103.221 103.219 103.184 103.154 103.124 103.071 103.031 102.996 102.944 102.904 102.854 102.821 102.774 102.701 102.661
99.391 99.601 99.781 99.974 100.144 100.336 100.519 100.661 100.856 101.024 101.151 101.271 101.411 101.556 101.701 101.819 101.901 101.999 102.084 102.171 102.281 102.361 102.411 102.496 102.559 102.636 102.696 102.754 102.791 102.841 102.894 102.914 102.921 102.946 102.959 102.986 102.986 103.049 103.066 103.089 103.146 103.169 103.216 103.264 103.284 103.291 103.269 103.261 103.231 103.194 103.136 103.124 103.091 103.061 103.039 103.029 102.996 102.964 102.934 102.901 102.881 102.831 102.766 102.736 102.691 102.644 102.624 102.566 102.534 102.451 102.436
99.219 99.401 99.609 99.776 99.964 100.151 100.326 100.511 100.656 100.824 100.964 101.086 101.216 101.351 101.506 101.604 101.696 101.781 101.879 101.981 102.064 102.161 102.224 102.279 102.334 102.416 102.476 102.541 102.576 102.626 102.671 102.701 102.724 102.739 102.764 102.769 102.769 102.826 102.849 102.844 102.894 102.924 102.951 103.001 103.016 103.031 103.006 102.974 102.936 102.929 102.879 102.864 102.846 102.829 102.779 102.766 102.724 102.701 102.694 102.651 102.614 102.576 102.534 102.489 102.441 102.416 102.371 102.316 102.299 102.224 102.184
99.021 99.204 99.409 99.599 99.766 99.949 100.114 100.286 100.436 100.586 100.736 100.876 101.001 101.151 101.299 101.384 101.494 101.586 101.689 101.764 101.876 101.939 102.021 102.079 102.134 102.196 102.241 102.309 102.349 102.409 102.451 102.474 102.501 102.536 102.544 102.554 102.581 102.621 102.611 102.601 102.609 102.636 102.669 102.709 102.729 102.739 102.721 102.681 102.664 102.641 102.619 102.599 102.534 102.511 102.499 102.466 102.449 102.411 102.421 102.371 102.351 102.294 102.256 102.231 102.184 102.171 102.126 102.079 102.021 101.981 101.931
98.794 98.999 99.204 99.386 99.566 99.746 99.916 100.069 100.231 100.371 100.524 100.661 100.799 100.916 101.046 101.151 101.276 101.374 101.464 101.566 101.671 101.739 101.806 101.849 101.909 101.969 102.004 102.074 102.121 102.179 102.181 102.219 102.251 102.289 102.291 102.279 102.284 102.349 102.301 102.296 102.319 102.354 102.364 102.399 102.404 102.399 102.389 102.371 102.341 102.314 102.304 102.276 102.249 102.224 102.221 102.186 102.174 102.161 102.141 102.091 102.061 102.031 101.981 101.966 101.919 101.894 101.844 101.821 101.754 101.721 101.671
98.589 98.771 98.986 99.171 99.379 99.534 99.729 99.869 100.021 100.181 100.314 100.444 100.566 100.684 100.816 100.934 101.039 101.161 101.274 101.361 101.459 101.526 101.571 101.629 101.691 101.726 101.774 101.834 101.879 101.909 101.936 101.979 101.991 102.009 101.994 101.969 101.989 102.004 101.996 101.989 102.016 102.026 102.026 102.064 102.076 102.041 102.039 102.026 102.006 101.996 101.989 101.979 101.956 101.924 101.919 101.881 101.869 101.844 101.841 101.821 101.771 101.734 101.709 101.664 101.639 101.621 101.591 101.536 101.491 101.434 101.391
98.346 98.554 98.759 98.954 99.151 99.316 99.479 99.636 99.794 99.934 100.066 100.206 100.341 100.469 100.599 100.726 100.841 100.944 101.054 101.166 101.264 101.321 101.376 101.431 101.489 101.524 101.574 101.619 101.644 101.671 101.664 101.714 101.704 101.731 101.711 101.666 101.674 101.684 101.686 101.676 101.686 101.674 101.709 101.706 101.714 101.719 101.699 101.691 101.686 101.681 101.674 101.671 101.634 101.601 101.554 101.581 101.571 101.531 101.519 101.479 101.449 101.409 101.411 101.394 101.334 101.319 101.276 101.244 101.189 101.146 101.094
98.154 98.314 98.511 98.676 98.864 99.039 99.209 99.379 99.536 99.694 99.824 99.971 100.104 100.234 100.359 100.494 100.614 100.744 100.869 100.944 101.039 101.089 101.151 101.191 101.266 101.274 101.336 101.356 101.396 101.411 101.414 101.439 101.411 101.426 101.411 101.409 101.371 101.364 101.371 101.349 101.366 101.374 101.389 101.394 101.366 101.366 101.344 101.321 101.339 101.331 101.311 101.306 101.286 101.271 101.244 101.266 101.249 101.214 101.196 101.151 101.126 101.111 101.091 101.056 101.066 101.024 100.961 100.926 100.891 100.839 100.806
97.916 98.126 98.256 98.431 98.611 98.756 98.946 99.101 99.284 99.404 99.566 99.706 99.856 99.996 100.134 100.254 100.401 100.536 100.651 100.724 100.819 100.864 100.931 100.969 101.014 101.026 101.049 101.084 101.124 101.149 101.136 101.141 101.136 101.129 101.106 101.074 101.056 101.026 101.014 101.024 101.044 101.051 101.071 101.064 101.049 101.036 101.044 101.016 101.026 101.029 101.004 100.986 100.971 100.964 100.939 100.939 100.934 100.914 100.891 100.849 100.834 100.799 100.781 100.756 100.726 100.706 100.656 100.606 100.576 100.514 100.454
97.661 97.876 98.011 98.184 98.374 98.509 98.649 98.804 98.991 99.149 99.291 99.431 99.589 99.721 99.861 100.026 100.161 100.291 100.404 100.491 100.566 100.611 100.694 100.719 100.746 100.771 100.789 100.801 100.819 100.831 100.831 100.821 100.826 100.809 100.751 100.759 100.714 100.711 100.681 100.684 100.716 100.724 100.739 100.739 100.719 100.726 100.716 100.719 100.694 100.699 100.671 100.676 100.656 100.649 100.639 100.626 100.606 100.584 100.569 100.554 100.524 100.509 100.486 100.476 100.469 100.416 100.364 100.321 100.271 100.206 100.139
