Matlab/Roost_data/braunton/dsm/ss5039_DSM_2M.asc
ncols 500
nrows 500
xllcorner    250000
yllcorner    139000
cellsize     2
NODATA_value -9999
[rows 29 to 57 of 500, columns 0 to 66 of 500]
72.842 72.769 72.704 72.654 72.584 72.497 72.439 72.329 72.232 72.142 72.059 71.944 71.872 71.742 71.627 71.527 71.404 71.312 71.202 71.089 71.042 70.974 70.879 70.807 70.714 70.629 70.584 70.514 70.457 70.409 70.362 70.327 70.294 70.242 70.212 70.159 70.097 70.047 70.024 69.964 69.914 69.879 69.837 69.799 69.722 69.717 69.677 69.672 69.642 69.622 69.587 69.554 69.514 69.482 69.444 69.402 69.327 69.292 69.217 69.157 69.109 69.029 68.964 68.899 68.827 68.792 68.722
73.384 73.327 73.239 73.152 73.097 73.029 72.884 72.807 72.709 72.599 72.507 72.427 72.312 72.194 72.079 71.939 71.832 71.717 71.599 71.497 71.432 71.319 71.267 71.174 71.097 71.029 70.959 70.894 70.862 70.787 70.747 70.702 70.654 70.597 70.582 70.507 70.477 70.427 70.382 70.317 70.277 70.244 70.189 70.149 70.097 70.037 70.024 69.994 69.994 69.969 69.932 69.899 69.869 69.837 69.784 69.727 69.677 69.597 69.554 69.469 69.392 69.342 69.282 69.204 69.169 69.089 69.017
73.937 73.877 73.787 73.702 73.604 73.497 73.402 73.294 73.214 73.107 72.999 72.892 72.804 72.662 72.542 72.397 72.279 72.159 71.989 71.919 71.804 71.702 71.642 71.544 71.484 71.424 71.347 71.284 71.227 71.177 71.127 71.084 71.042 70.982 70.952 70.899 70.832 70.797 70.739 70.677 70.644 70.599 70.534 70.507 70.447 70.424 70.377 70.339 70.322 70.299 70.262 70.247 70.187 70.167 70.124 70.059 70.004 69.924 69.857 69.807 69.717 69.667 69.587 69.517 69.469 69.412 69.364
74.519 74.452 74.349 74.252 74.187 74.054 73.924 73.824 73.737 73.614 73.494 73.392 73.277 73.154 72.999 72.859 72.734 72.572 72.454 72.314 72.189 72.107 72.022 71.944 71.882 71.784 71.737 71.687 71.624 71.579 71.532 71.469 71.414 71.374 71.304 71.254 71.214 71.154 71.109 71.072 71.014 70.969 70.934 70.867 70.809 70.817 70.742 70.709 70.687 70.637 70.602 70.549 70.532 70.474 70.412 70.382 70.332 70.244 70.207 70.119 70.077 69.999 69.927 69.869 69.812 69.752 69.719
75.122 75.022 74.924 74.862 74.722 74.594 74.499 74.359 74.264 74.162 74.017 73.929 73.797 73.639 73.474 73.367 73.184 73.017 72.867 72.762 72.644 72.532 72.462 72.369 72.282 72.212 72.132 72.062 72.032 71.992 71.949 71.872 71.814 71.769 71.702 71.642 71.607 71.559 71.494 71.434 71.387 71.324 71.292 71.252 71.212 71.172 71.119 71.094 71.052 71.007 70.954 70.884 70.867 70.809 70.734 70.697 70.654 70.602 70.522 70.452 70.377 70.319 70.264 70.212 70.152 70.102 70.072
75.719 75.619 75.499 75.414 75.302 75.159 75.032 74.944 74.799 74.699 74.569 74.472 74.337 74.197 74.042 73.857 73.674 73.499 73.347 73.194 73.072 72.972 72.869 72.779 72.709 72.672 72.594 72.532 72.477 72.404 72.354 72.287 72.244 72.179 72.109 72.039 71.969 71.929 71.889 71.842 71.764 71.737 71.717 71.644 71.602 71.567 71.522 71.472 71.424 71.349 71.274 71.247 71.199 71.142 71.074 71.032 70.949 70.887 70.844 70.784 70.729 70.637 70.597 70.532 70.504 70.467 70.452
76.314 76.209 76.112 75.977 75.857 75.752 75.619 75.507 75.412 75.297 75.157 75.022 74.907 74.762 74.609 74.402 74.227 74.012 73.839 73.672 73.554 73.452 73.357 73.297 73.177 73.119 73.067 73.017 72.929 72.872 72.832 72.759 72.659 72.599 72.532 72.457 72.387 72.332 72.262 72.204 72.179 72.144 72.072 72.067 72.029 71.972 71.909 71.824 71.774 71.734 71.669 71.597 71.522 71.464 71.407 71.362 71.309 71.224 71.139 71.114 71.052 71.002 70.942 70.902 70.879 70.834 70.789
76.912 76.817 76.647 76.559 76.449 76.332 76.234 76.104 75.982 75.884 75.792 75.597 75.464 75.332 75.137 74.952 74.764 74.567 74.387 74.194 74.087 73.964 73.844 73.779 73.709 73.627 73.554 73.487 73.424 73.364 73.304 73.202 73.117 73.039 72.954 72.874 72.787 72.707 72.659 72.612 72.574 72.562 72.524 72.494 72.474 72.402 72.327 72.254 72.184 72.104 72.014 71.942 71.879 71.792 71.739 71.684 71.612 71.542 71.489 71.409 71.377 71.337 71.292 71.269 71.217 71.219 71.172
77.502 77.402 77.274 77.149 77.037 76.932 76.839 76.727 76.627 76.502 76.377 76.214 76.074 75.909 75.712 75.534 75.352 75.129 74.952 74.767 74.644 74.509 74.384 74.329 74.269 74.167 74.087 74.002 73.949 73.874 73.794 73.684 73.572 73.489 73.392 73.307 73.207 73.129 73.084 73.059 73.022 72.964 72.977 72.949 72.937 72.844 72.762 72.669 72.572 72.482 72.387 72.309 72.219 72.132 72.072 72.004 71.934 71.889 71.814 71.767 71.707 71.664 71.637 71.614 71.597 71.564 71.524
78.109 77.964 77.877 77.767 77.642 77.539 77.432 77.327 77.252 77.122 76.989 76.817 76.697 76.539 76.354 76.132 75.929 75.724 75.554 75.362 75.234 75.097 74.982 74.897 74.809 74.717 74.622 74.554 74.489 74.394 74.277 74.169 74.059 73.947 73.847 73.762 73.647 73.607 73.547 73.494 73.449 73.429 73.442 73.394 73.374 73.287 73.192 73.089 72.972 72.884 72.779 72.669 72.589 72.482 72.404 72.334 72.262 72.179 72.139 72.089 72.054 72.022 71.987 71.944 71.919 71.887 71.887
78.609 78.527 78.462 78.379 78.304 78.162 78.037 77.957 77.862 77.729 77.572 77.449 77.304 77.134 76.957 76.764 76.544 76.359 76.164 75.974 75.824 75.677 75.574 75.474 75.392 75.322 75.212 75.154 75.032 74.944 74.797 74.702 74.554 74.439 74.317 74.232 74.127 74.062 74.029 73.982 73.917 73.897 73.899 73.847 73.794 73.712 73.612 73.487 73.394 73.277 73.147 73.022 72.944 72.834 72.757 72.682 72.599 72.509 72.454 72.409 72.379 72.342 72.294 72.284 72.249 72.234 72.217
79.152 79.042 78.977 78.927 78.887 78.774 78.664 78.579 78.487 78.349 78.197 78.044 77.907 77.747 77.577 77.402 77.214 77.004 76.799 76.614 76.454 76.319 76.202 76.074 76.002 75.902 75.822 75.727 75.647 75.494 75.389 75.249 75.089 74.947 74.834 74.707 74.639 74.552 74.497 74.464 74.417 74.387 74.354 74.319 74.232 74.142 74.022 73.897 73.802 73.637 73.539 73.389 73.252 73.174 73.082 73.004 72.939 72.844 72.777 72.739 72.704 72.654 72.612 72.604 72.557 72.567 72.524
79.762 79.547 79.482 79.444 79.387 79.302 79.237 79.154 79.062 78.957 78.809 78.677 78.509 78.362 78.194 78.024 77.839 77.639 77.439 77.267 77.089 76.954 76.834 76.707 76.627 76.517 76.429 76.324 76.202 76.057 75.939 75.789 75.634 75.464 75.364 75.244 75.147 75.074 74.994 74.942 74.884 74.839 74.799 74.729 74.634 74.559 74.444 74.307 74.174 74.039 73.887 73.759 73.637 73.497 73.447 73.344 73.274 73.184 73.112 73.052 72.994 72.977 72.937 72.924 72.894 72.869 72.839
81.169 80.762 80.324 79.927 79.819 79.764 79.727 79.652 79.587 79.529 79.412 79.304 79.134 78.979 78.799 78.624 78.472 78.264 78.077 77.904 77.742 77.614 77.474 77.369 77.247 77.139 77.037 76.897 76.794 76.654 76.514 76.347 76.179 76.052 75.902 75.799 75.702 75.604 75.499 75.427 75.362 75.282 75.214 75.154 75.057 74.944 74.834 74.684 74.572 74.437 74.279 74.127 73.979 73.874 73.777 73.684 73.602 73.524 73.429 73.384 73.324 73.277 73.229 73.252 73.199 73.147 73.139
81.749 81.699 81.774 81.764 81.112 81.084 80.344 80.104 80.054 80.027 79.959 79.877 79.774 79.597 79.447 79.272 79.097 78.919 78.717 78.552 78.379 78.242 78.134 78.014 77.887 77.782 77.684 77.519 77.384 77.249 77.112 76.937 76.762 76.597 76.479 76.342 76.247 76.129 76.032 75.959 75.879 75.767 75.674 75.577 75.467 75.359 75.224 75.084 74.959 74.799 74.667 74.512 74.357 74.254 74.152 74.062 73.962 73.869 73.794 73.719 73.669 73.632 73.569 73.544 73.477 73.472 73.457
82.072 82.027 82.022 82.184 82.697 82.982 83.092 82.152 81.724 80.449 80.472 80.402 80.274 80.127 80.027 79.889 79.739 79.587 79.394 79.194 79.032 78.887 78.762 78.657 78.554 78.412 78.274 78.147 77.994 77.872 77.699 77.494 77.362 77.179 77.034 76.907 76.792 76.659 76.554 76.449 76.349 76.254 76.132 76.012 75.909 75.777 75.622 75.469 75.339 75.199 75.094 74.914 74.757 74.659 74.537 74.434 74.317 74.207 74.129 74.052 73.997 73.952 73.899 73.844 73.817 73.787 73.724
82.622 82.484 82.374 82.632 83.104 83.054 83.762 84.152 84.392 82.709 81.554 80.962 80.784 80.659 80.549 80.422 80.322 80.207 80.024 79.889 79.712 79.574 79.437 79.289 79.182 79.027 78.894 78.779 78.612 78.452 78.267 78.099 77.914 77.767 77.624 77.474 77.329 77.192 77.087 76.977 76.842 76.717 76.589 76.444 76.307 76.177 76.054 75.909 75.747 75.634 75.474 75.322 75.167 75.064 74.942 74.809 74.679 74.589 74.484 74.417 74.354 74.299 74.232 74.169 74.129 74.077 74.037
83.164 83.057 82.892 82.719 82.617 83.082 83.824 84.182 83.602 82.992 83.702 82.844 82.007 81.507 81.097 80.972 80.877 80.719 80.599 80.459 80.352 80.232 80.119 79.949 79.829 79.692 79.547 79.379 79.244 79.037 78.862 78.662 78.509 78.332 78.169 77.997 77.849 77.742 77.624 77.457 77.299 77.189 77.022 76.912 76.752 76.617 76.454 76.319 76.194 76.047 75.909 75.777 75.634 75.484 75.352 75.222 75.094 74.984 74.877 74.777 74.684 74.629 74.554 74.524 74.459 74.387 74.344
83.789 83.604 83.462 83.289 83.159 82.997 83.117 83.167 82.894 82.909 83.492 83.579 83.217 83.454 83.142 82.137 82.104 81.804 81.139 81.039 80.949 80.864 80.702 80.589 80.469 80.277 80.149 79.994 79.829 79.657 79.447 79.247 79.064 78.892 78.714 78.539 78.392 78.252 78.099 77.952 77.804 77.662 77.517 77.374 77.192 77.042 76.882 76.779 76.652 76.507 76.362 76.232 76.092 75.924 75.759 75.607 75.474 75.379 75.252 75.134 75.059 74.977 74.917 74.832 74.764 74.727 74.652
84.407 84.207 84.024 83.857 83.692 83.547 83.462 83.332 83.212 83.132 83.102 83.419 83.322 83.177 83.249 83.372 83.944 83.294 81.789 81.574 81.429 81.397 81.314 81.159 81.017 80.897 80.769 80.607 80.437 80.259 80.052 79.852 79.632 79.432 79.257 79.089 78.927 78.767 78.627 78.462 78.317 78.122 77.972 77.774 77.674 77.532 77.374 77.232 77.099 76.939 76.832 76.699 76.547 76.374 76.204 76.017 75.882 75.769 75.622 75.504 75.414 75.312 75.249 75.162 75.084 75.052 74.982
85.067 84.839 84.654 84.494 84.297 84.174 83.997 83.872 83.759 83.682 83.599 83.542 83.467 83.447 83.409 83.459 83.507 83.164 82.927 82.709 82.664 81.877 81.862 81.717 81.579 81.472 81.309 81.199 81.029 80.824 80.654 80.432 80.207 79.979 79.804 79.642 79.472 79.289 79.134 78.952 78.767 78.594 78.432 78.274 78.162 77.982 77.844 77.704 77.559 77.419 77.279 77.114 76.987 76.817 76.637 76.462 76.309 76.164 76.014 75.869 75.752 75.669 75.584 75.504 75.427 75.359 75.319
85.739 85.512 85.322 85.102 84.942 84.779 84.622 84.479 84.367 84.239 84.142 84.077 84.012 83.937 83.867 83.799 83.727 83.724 83.759 83.814 83.689 82.914 82.754 82.204 82.039 81.907 81.802 81.664 81.519 81.364 81.179 80.984 80.764 80.567 80.342 80.169 79.974 79.817 79.644 79.472 79.282 79.094 78.909 78.764 78.594 78.454 78.324 78.169 78.004 77.844 77.702 77.567 77.402 77.252 77.084 76.889 76.712 76.519 76.397 76.242 76.119 76.029 75.904 75.839 75.754 75.704 75.654
86.419 86.227 86.004 85.804 85.624 85.437 85.257 85.099 84.969 84.844 84.724 84.647 84.557 84.487 84.412 84.334 84.219 84.134 84.027 83.932 83.922 83.709 84.037 84.974 83.214 82.494 82.309 82.189 81.992 81.862 81.699 81.502 81.277 81.119 80.904 80.689 80.524 80.312 80.139 79.939 79.754 79.584 79.412 79.254 79.069 78.942 78.794 78.634 78.494 78.312 78.134 77.972 77.817 77.639 77.469 77.287 77.112 76.912 76.789 76.609 76.467 76.379 76.262 76.159 76.109 76.032 75.964
87.114 86.929 86.709 86.504 86.319 86.142 85.982 85.782 85.627 85.442 85.322 85.234 85.159 85.092 85.002 84.904 84.802 84.659 84.524 84.399 84.289 84.067 84.107 84.242 84.109 83.902 83.392 82.942 82.884 82.912 82.194 82.049 81.884 81.717 81.432 81.237 81.039 80.844 80.654 80.459 80.267 80.054 79.882 79.704 79.562 79.392 79.264 79.107 78.939 78.734 78.562 78.392 78.207 78.034 77.867 77.689 77.484 77.304 77.122 76.979 76.869 76.732 76.607 76.519 76.419 76.374 76.319
87.787 87.604 87.432 87.247 87.019 86.827 86.657 86.462 86.287 86.134 86.014 85.864 85.797 85.697 85.592 85.499 85.389 85.267 85.089 84.952 84.832 84.662 84.554 84.424 84.314 84.287 84.112 83.777 84.262 84.397 83.462 83.839 82.284 82.297 81.949 81.717 81.587 81.369 81.144 80.947 80.744 80.547 80.377 80.179 79.999 79.847 79.677 79.524 79.367 79.169 78.992 78.799 78.627 78.434 78.239 78.049 77.874 77.672 77.482 77.337 77.212 77.114 76.969 76.859 76.787 76.707 76.632
88.432 88.277 88.097 87.927 87.722 87.512 87.324 87.149 86.979 86.797 86.662 86.567 86.462 86.369 86.252 86.089 85.984 85.832 85.682 85.537 85.357 85.204 85.049 84.877 84.747 84.617 84.477 84.334 84.349 84.267 84.689 85.589 84.649 83.204 82.667 82.132 82.467 81.954 81.619 81.414 81.199 80.977 80.824 80.659 80.459 80.274 80.099 79.942 79.767 79.564 79.384 79.192 79.027 78.824 78.644 78.459 78.249 78.034 77.889 77.704 77.604 77.452 77.322 77.194 77.114 77.032 76.959
89.032 88.882 88.742 88.589 88.417 88.199 88.042 87.849 87.669 87.512 87.354 87.259 87.127 87.009 86.907 86.777 86.599 86.487 86.332 86.122 85.927 85.747 85.599 85.452 85.282 85.094 84.944 84.789 84.622 84.522 84.364 85.352 84.882 84.377 83.634 83.164 83.152 83.482 82.264 81.849 81.624 81.442 81.262 81.092 80.932 80.727 80.522 80.347 80.162 79.974 79.787 79.612 79.419 79.212 79.019 78.832 78.627 78.429 78.249 78.092 77.947 77.799 77.679 77.559 77.459 77.369 77.284
89.594 89.494 89.354 89.229 89.079 88.897 88.677 88.519 88.344 88.179 88.029 87.904 87.802 87.682 87.549 87.407 87.269 87.137 86.952 86.742 86.564 86.329 86.134 85.979 85.807 85.639 85.449 85.292 85.102 84.889 84.694 84.772 84.424 84.269 84.104 83.959 83.737 83.754 84.792 85.612 82.224 81.952 81.829 81.554 82.012 82.219 81.099 80.757 80.589 80.374 80.207 80.012 79.829 79.614 79.414 79.212 79.014 78.812 78.629 78.474 78.324 78.189 78.047 77.907 77.782 77.699 77.617
90.092 90.027 89.914 89.817 89.677 89.482 89.304 89.182 89.007 88.847 88.729 88.589 88.449 88.312 88.194 88.037 87.919 87.774 87.572 87.369 87.144 86.937 86.734 86.539 86.372 86.187 86.004 85.817 85.584 85.389 85.172 84.949 84.717 84.559 84.299 84.089 83.942 83.947 86.024 83.657 82.774 82.644 82.312 82.069 82.037 82.167 82.469 81.189 81.014 80.774 80.594 80.439 80.214 80.027 79.824 79.604 79.397 79.209 78.999 78.834 78.684 78.549 78.407 78.274 78.147 78.044 77.949
