Matlab/Roost_data/braunton/dsm/ss5035_DSM_2M.asc
ncols 500
nrows 500
xllcorner    250000
yllcorner    135000
cellsize     2
NODATA_value -9999
[rows 448 to 479 of 500, columns 142 to 212 of 500]
12.456 12.516 12.591 12.731 12.763 12.801 12.781 12.781 12.666 12.866 13.093 13.511 13.253 13.408 13.851 13.513 14.026 14.823 14.586 15.596 15.708 13.461 13.486 17.818 16.576 13.348 13.343 13.376 13.306 13.056 12.876 12.933 15.701 15.368 13.496 13.586 13.838 13.386 13.596 15.838 15.926 15.798 14.586 14.383 13.998 14.008 14.173 13.931 13.853 15.551 19.258 17.181 16.011 15.888 14.781 14.253 14.311 14.393 14.433 14.471 14.523 14.556 14.646 14.711 14.793 14.856 14.948 15.033 15.106 15.173 15.241
12.393 12.396 12.406 12.506 12.636 12.698 13.123 13.583 12.721 12.623 12.713 12.973 13.131 13.281 13.351 13.493 14.048 14.648 14.518 14.191 14.243 13.668 14.188 17.756 17.483 14.216 14.196 13.251 13.143 12.868 12.741 12.766 15.693 15.126 13.423 13.628 14.056 13.901 13.863 16.658 16.898 16.708 16.641 16.586 16.376 15.993 14.031 13.471 13.496 13.563 14.403 15.366 15.198 15.923 16.453 17.208 14.368 14.296 14.243 14.301 14.353 14.446 14.516 14.603 14.638 14.701 14.771 14.833 14.866 14.948 15.038
12.333 12.346 12.353 12.368 12.398 12.408 12.573 12.828 12.766 12.748 12.653 12.636 12.808 13.026 13.263 13.273 13.756 14.043 14.153 14.421 14.403 14.621 14.713 16.738 15.413 13.511 13.406 13.136 12.996 12.711 12.633 13.256 17.063 14.861 13.103 13.261 13.426 13.858 14.353 16.503 17.601 17.673 17.623 17.493 17.378 17.283 15.386 14.666 14.238 14.073 14.518 15.056 14.901 13.908 15.013 15.621 14.523 14.473 14.288 14.186 14.181 14.256 14.343 14.416 14.473 14.523 14.573 14.616 14.681 14.713 14.818
12.276 12.258 12.281 12.286 12.291 12.301 12.381 12.506 12.616 12.776 13.146 12.723 12.723 12.736 12.916 13.121 13.348 13.598 13.521 13.601 14.836 14.156 13.983 13.781 13.541 13.321 13.106 13.631 13.663 12.698 12.558 14.496 16.218 14.453 13.476 13.588 13.753 14.013 13.411 14.321 17.286 17.316 17.491 17.641 17.671 17.666 16.843 16.738 16.586 16.108 15.926 15.891 14.001 13.688 14.411 13.633 13.631 14.346 14.651 14.453 14.238 14.141 14.156 14.198 14.258 14.346 14.421 14.468 14.538 14.581 14.613
12.161 12.211 12.201 12.233 12.221 12.273 12.263 12.321 12.381 12.508 13.773 13.008 12.886 12.826 12.841 12.758 12.913 13.128 13.318 13.941 15.748 13.533 13.361 13.428 13.288 13.086 13.091 14.766 16.153 13.253 12.448 13.731 15.758 14.366 13.603 15.381 16.361 16.323 14.576 14.608 15.931 16.378 16.348 16.618 16.733 17.541 17.796 17.703 17.616 17.423 17.323 16.821 14.553 14.601 14.378 14.183 13.701 13.643 13.581 14.113 14.578 14.521 14.393 14.258 14.151 14.153 14.236 14.313 14.386 14.456 14.476
12.051 12.063 12.066 12.116 12.103 12.133 12.148 12.218 12.276 12.343 12.648 12.696 12.666 13.981 14.971 12.856 12.708 12.753 12.843 13.098 13.238 13.291 13.283 13.161 12.973 12.968 13.008 14.993 15.836 12.793 12.348 14.838 15.688 13.571 13.483 16.143 17.156 17.086 15.641 13.463 13.216 13.576 13.668 13.906 14.598 17.503 17.948 18.068 18.131 18.101 18.096 17.486 16.761 16.656 16.496 16.448 16.261 16.068 15.441 15.148 14.391 14.368 14.383 14.218 14.338 14.181 14.186 14.121 14.196 14.271 14.338
11.986 12.006 12.008 12.046 12.048 12.038 12.051 12.126 12.181 12.288 12.356 12.416 12.488 12.963 14.321 12.931 13.506 13.846 13.083 12.728 12.808 12.871 12.876 12.883 12.966 12.923 13.421 15.616 15.261 12.418 12.481 15.251 15.828 13.066 14.433 16.283 17.253 16.981 15.986 14.208 13.213 13.113 13.243 13.471 13.341 15.918 16.963 17.068 17.208 17.341 17.451 17.668 17.671 17.516 17.511 17.431 17.266 17.171 17.023 16.736 13.801 14.538 14.303 13.721 13.953 14.301 14.293 14.258 14.116 14.123 14.166
11.873 11.898 11.936 11.913 11.933 11.953 11.991 12.036 12.113 12.158 12.256 12.323 12.411 12.461 12.543 12.843 14.468 14.508 13.658 13.373 12.816 12.788 12.791 12.863 12.896 12.921 13.476 15.598 15.331 12.318 12.523 16.351 16.586 13.488 15.068 16.363 17.266 16.868 15.816 13.456 13.183 13.186 13.198 13.166 13.198 14.183 15.326 15.511 16.123 16.218 16.201 17.381 17.473 17.488 17.646 17.681 17.813 17.861 17.886 17.823 13.318 13.791 13.493 13.511 13.346 13.386 13.843 14.266 14.303 14.301 14.063
11.808 11.808 11.808 11.811 11.838 11.856 11.876 11.948 12.008 12.068 12.153 12.203 12.313 12.383 12.441 12.451 12.733 13.126 13.886 13.736 13.136 12.781 13.716 12.818 12.831 12.841 13.276 15.263 14.913 12.401 12.686 16.258 16.008 13.558 14.883 16.408 17.336 16.771 15.788 13.408 13.101 13.066 13.061 13.058 13.111 13.171 13.206 13.341 13.841 13.838 14.393 15.836 16.286 16.498 16.608 16.773 16.846 16.998 17.146 16.791 13.258 13.091 13.423 12.996 12.993 14.368 14.191 13.381 15.693 16.361 14.416
11.733 11.711 11.748 11.753 11.776 11.808 11.806 11.838 11.953 12.026 12.101 12.158 12.238 12.291 12.316 12.376 12.398 12.451 12.461 12.696 12.853 14.921 15.571 12.748 12.773 12.748 13.298 15.363 13.823 12.236 12.928 16.008 14.283 12.913 14.601 16.566 17.351 16.678 14.711 12.903 12.968 12.973 12.973 12.983 13.033 13.066 13.078 13.181 13.303 13.361 13.321 13.573 13.596 13.473 14.418 15.688 15.388 15.536 15.436 14.786 13.073 13.111 15.526 15.766 15.986 15.473 14.191 13.753 17.321 16.971 14.526
11.626 11.673 11.666 11.671 11.691 11.721 11.751 11.806 11.853 11.938 11.991 12.066 12.131 12.158 12.221 12.251 12.271 12.336 12.376 12.391 12.513 13.298 13.563 12.718 12.676 12.648 14.288 15.073 12.823 11.981 12.916 14.063 14.548 13.693 15.313 16.563 17.306 16.651 15.333 13.303 13.066 13.713 15.671 13.086 12.996 12.973 12.991 13.083 13.111 13.133 13.668 13.106 13.141 13.333 13.313 13.353 13.283 13.373 13.198 13.041 12.948 14.081 16.003 17.031 17.128 16.271 15.296 14.723 13.966 14.366 13.568
11.611 11.601 11.656 11.648 11.668 11.668 11.663 11.733 11.786 11.861 11.941 11.991 12.033 12.048 12.118 12.136 12.176 12.233 12.256 12.276 12.388 12.406 12.543 12.583 12.608 12.633 14.741 15.143 12.726 11.906 12.988 13.813 12.856 13.756 15.233 16.291 17.261 16.673 15.661 14.178 12.756 14.026 15.373 12.863 12.876 12.903 12.878 12.963 13.251 13.038 13.338 12.946 13.108 13.073 13.043 13.081 13.028 12.971 13.143 12.911 12.898 13.986 16.101 17.148 17.133 16.151 14.173 13.033 13.083 12.983 13.148
11.563 11.593 11.613 11.636 11.666 11.668 11.633 11.681 11.723 11.788 11.843 11.916 11.973 12.001 11.988 12.021 12.071 12.143 12.173 12.198 12.253 12.296 12.326 12.378 12.566 12.578 15.138 14.323 12.121 11.811 12.643 13.576 12.786 13.248 15.373 16.403 17.268 16.561 15.571 13.941 12.631 12.773 13.493 12.898 13.058 12.866 12.803 12.961 12.956 12.926 12.973 13.103 13.573 13.186 12.916 12.918 12.901 12.941 13.103 12.951 12.893 14.626 16.178 17.213 17.148 16.113 14.898 13.741 13.336 13.948 13.681
11.531 11.531 11.598 11.603 11.641 11.658 11.681 11.653 11.663 11.731 11.768 11.841 11.883 11.908 11.898 11.941 11.946 11.988 12.046 12.051 12.128 12.201 12.213 12.236 12.271 12.276 15.056 14.006 11.818 11.741 12.616 13.886 13.403 14.463 15.531 16.566 17.303 16.466 15.353 12.916 13.051 13.076 13.026 12.816 12.738 12.776 12.808 12.811 12.781 12.811 12.816 12.788 12.823 12.823 12.831 12.858 12.798 12.881 13.131 12.828 13.243 15.316 16.263 17.191 17.051 16.021 15.181 14.623 13.176 14.426 14.031
11.471 11.523 11.568 11.576 11.616 11.621 11.636 11.633 11.656 11.688 11.751 11.781 11.811 11.823 11.803 11.873 11.881 11.891 11.923 11.961 12.041 12.081 12.096 12.158 12.171 12.343 14.486 13.983 11.701 11.811 13.346 13.588 12.908 14.088 15.603 16.651 17.208 16.366 15.206 12.891 13.113 12.893 12.926 12.806 12.751 12.746 12.791 12.761 12.796 12.733 12.778 12.843 13.391 13.573 13.311 12.876 12.871 13.371 13.038 12.826 12.993 15.251 16.383 17.223 16.953 15.923 15.133 14.771 13.456 13.878 13.378
11.396 11.458 11.493 11.531 11.546 11.578 11.598 11.636 11.648 11.681 11.733 11.778 11.796 11.778 11.788 11.806 11.776 11.861 11.848 11.848 11.928 11.961 11.973 12.028 12.106 12.471 14.183 13.666 11.753 11.786 13.796 13.341 13.313 14.126 15.713 16.746 17.171 16.296 15.151 12.868 12.703 12.648 12.693 12.756 12.828 13.211 13.398 12.756 12.778 12.761 12.751 12.886 13.921 14.801 14.736 13.008 13.243 12.943 12.993 12.786 12.771 15.456 16.476 17.293 16.878 15.848 15.138 14.411 13.148 13.588 13.841
11.321 11.391 11.446 11.478 11.513 11.541 11.571 11.596 11.628 11.656 11.683 11.758 11.736 11.733 11.748 11.741 11.763 11.793 11.803 11.841 11.871 11.891 11.928 11.946 11.996 12.366 13.883 12.563 11.561 11.523 13.188 12.646 12.491 14.013 15.606 16.616 16.971 15.981 14.876 13.231 13.058 12.626 12.811 13.096 13.111 14.948 16.151 14.586 12.766 12.753 12.771 13.353 14.431 14.613 15.591 15.061 13.438 13.181 12.673 12.783 13.398 15.508 16.486 17.378 16.758 15.756 15.113 13.668 12.963 13.408 14.018
11.243 11.301 11.381 11.433 11.458 11.473 11.508 11.536 11.588 11.608 11.658 11.716 11.713 11.716 11.708 11.711 11.698 11.763 11.751 11.798 11.828 11.803 11.863 11.888 11.906 12.178 13.051 11.738 11.463 11.581 13.226 12.823 12.538 13.506 15.451 16.486 16.628 15.596 14.336 12.973 12.518 12.613 12.863 12.888 14.481 15.681 16.186 15.616 12.786 12.718 12.703 12.716 13.483 13.703 14.208 13.646 12.876 13.021 12.706 12.836 12.833 15.526 16.543 17.388 16.716 15.688 15.066 13.533 14.011 13.476 14.493
11.193 11.253 11.296 11.341 11.371 11.396 11.433 11.451 11.533 11.571 11.618 11.668 11.686 11.653 11.686 11.663 11.658 11.696 11.718 11.753 11.778 11.801 11.811 11.823 11.878 12.126 11.986 11.508 11.421 11.853 13.168 13.176 12.258 13.511 15.546 16.556 16.491 15.486 14.451 12.363 12.343 12.463 12.601 12.943 13.951 14.418 15.026 13.706 12.781 12.696 12.673 12.678 12.718 12.778 12.708 12.643 12.748 12.641 12.951 12.661 13.316 15.021 16.216 17.126 16.488 15.521 13.171 13.696 13.808 13.403 14.791
11.131 11.183 11.241 11.276 11.291 11.326 11.356 11.388 11.461 11.498 11.548 11.573 11.588 11.606 11.618 11.608 11.633 11.676 11.703 11.708 11.741 11.746 11.758 11.766 11.836 12.128 11.851 11.383 11.326 12.881 14.396 12.648 12.193 14.376 15.658 16.673 16.386 15.408 13.653 12.538 12.471 12.683 13.946 12.748 12.931 14.018 14.473 12.943 12.686 12.678 12.671 12.656 12.618 12.668 12.658 12.611 14.308 12.638 12.668 12.641 13.126 15.081 16.251 17.121 16.401 14.881 12.603 12.881 13.386 13.751 13.698
11.053 11.163 11.171 11.208 11.256 11.281 11.311 11.323 11.393 11.446 11.466 11.493 11.533 11.528 11.541 11.541 11.571 11.603 11.663 11.651 11.641 11.683 11.686 11.736 11.838 12.188 11.781 11.313 11.251 14.191 19.321 17.611 12.561 14.763 15.791 16.761 16.291 15.278 12.963 12.278 12.478 12.728 12.928 12.783 12.771 12.893 12.758 12.666 12.676 12.661 12.661 12.636 12.626 12.623 12.626 12.606 12.626 12.513 12.638 12.666 12.826 15.038 16.358 17.058 16.343 14.598 12.886 13.218 13.748 13.126 12.781
11.056 11.068 11.141 11.141 11.206 11.233 11.271 11.288 11.333 11.423 11.413 11.431 11.458 11.481 11.488 11.503 11.518 11.548 11.581 11.598 11.616 11.681 11.693 11.701 11.856 12.021 11.513 11.216 11.188 15.601 20.391 20.563 13.863 14.633 15.656 16.793 16.181 15.168 13.093 12.203 12.363 12.438 12.428 13.053 12.586 12.596 12.596 12.608 12.583 12.696 12.686 12.636 12.723 12.618 12.553 12.558 12.691 12.553 12.508 12.588 12.691 15.461 16.448 17.116 16.228 14.778 12.941 12.598 12.988 12.683 13.876
10.966 11.011 11.061 11.073 11.096 11.111 11.151 11.238 11.261 11.328 11.348 11.393 11.401 11.411 11.433 11.408 11.476 11.536 11.561 11.586 11.586 11.628 11.651 11.671 11.748 12.216 11.343 11.148 13.473 19.078 20.513 20.863 19.046 13.388 12.988 14.271 13.323 14.233 12.303 12.336 12.308 12.148 12.193 12.281 12.276 12.306 12.288 12.548 12.413 12.426 12.398 12.433 12.443 12.386 12.436 12.428 12.496 12.653 12.586 12.571 12.563 15.463 16.546 17.103 16.173 14.921 12.643 12.551 12.736 12.806 13.808
10.868 10.926 10.956 10.971 11.051 11.071 11.116 11.148 11.211 11.246 11.253 11.263 11.316 11.348 11.358 11.381 11.401 11.446 11.483 11.486 11.511 11.513 11.541 11.621 11.746 11.996 11.181 11.071 14.996 18.903 20.478 20.693 15.553 13.223 12.008 13.401 13.556 13.243 12.406 12.726 12.281 12.381 12.028 12.276 12.088 12.201 12.093 12.116 12.156 12.253 12.221 12.221 12.241 12.218 12.261 12.308 12.326 12.368 12.466 12.481 13.138 14.653 15.808 15.468 16.028 14.118 13.178 12.686 13.751 13.808 14.376
10.821 10.883 10.913 10.953 10.991 11.033 11.061 11.068 11.136 11.168 11.166 11.203 11.236 11.236 11.248 11.281 11.328 11.368 11.398 11.436 11.423 11.451 11.503 11.563 12.001 11.503 11.088 10.998 11.898 19.251 20.181 15.603 15.951 11.836 11.958 12.403 12.741 13.661 12.733 11.918 12.018 12.206 12.186 12.053 11.906 12.038 12.061 11.983 12.781 12.098 12.031 12.066 12.041 12.048 12.103 12.111 12.141 12.246 12.323 12.418 12.433 12.471 12.618 12.491 12.383 13.278 13.186 12.783 12.626 13.281 15.198
10.766 10.803 10.801 10.841 10.881 10.923 10.978 11.013 11.106 11.078 11.106 11.123 11.126 11.161 11.198 11.223 11.271 11.306 11.373 11.368 11.371 11.403 11.426 11.476 11.771 11.338 10.983 10.946 10.916 13.163 15.183 17.496 15.623 13.496 12.131 12.133 12.226 13.211 12.828 11.916 12.181 11.858 12.506 13.563 13.191 13.391 12.856 12.976 13.751 12.631 12.196 12.916 12.146 12.168 11.981 11.963 12.161 12.261 12.176 12.278 12.358 12.283 12.503 12.933 14.458 15.453 12.608 12.358 12.453 12.608 13.483
10.663 10.726 10.726 10.741 10.793 10.858 10.906 10.941 11.006 11.038 11.023 11.096 11.088 11.111 11.111 11.151 11.226 11.256 11.273 11.316 11.306 11.328 11.353 11.416 11.631 11.153 10.926 10.878 11.298 13.956 13.678 14.863 15.673 15.086 14.116 14.486 14.013 13.353 13.306 13.563 13.381 11.801 12.346 15.158 15.338 15.231 15.123 15.128 15.096 14.993 14.911 14.828 14.568 14.301 14.013 14.061 14.386 13.528 12.793 12.611 12.651 12.596 12.496 12.781 13.933 14.006 12.546 12.858 12.486 12.316 12.423
10.596 10.613 10.671 10.683 10.723 10.788 10.826 10.878 10.893 10.951 10.951 10.978 10.996 11.048 11.046 11.101 11.151 11.178 11.203 11.206 11.208 11.238 11.281 11.551 11.598 10.966 10.868 10.828 11.778 14.136 13.873 15.041 15.876 15.796 15.728 15.643 15.528 15.566 15.358 15.253 14.703 11.751 13.348 16.301 16.251 16.246 16.168 16.183 16.133 15.963 15.903 15.916 15.811 15.708 15.633 15.741 15.693 15.356 15.003 15.133 15.061 14.598 14.581 13.398 13.001 15.611 15.293 14.891 15.138 14.588 14.348
10.536 10.551 10.576 10.618 10.648 10.701 10.761 10.796 10.848 10.863 10.908 10.883 10.941 10.981 10.991 11.021 11.038 11.098 11.141 11.123 11.148 11.186 11.271 11.671 11.421 10.818 10.758 10.758 11.411 13.938 13.628 15.111 16.128 16.556 16.556 16.591 16.511 16.436 16.326 16.223 16.163 12.078 13.673 15.751 15.778 15.833 15.913 16.026 16.113 16.208 16.216 16.268 16.331 16.268 16.253 16.466 16.326 16.336 16.246 16.203 16.088 16.011 15.468 12.111 12.501 15.493 16.206 16.126 16.018 15.936 15.881
10.503 10.496 10.526 10.571 10.598 10.646 10.678 10.746 10.776 10.763 10.763 10.803 10.843 10.866 10.866 10.946 10.998 11.001 11.023 11.031 11.041 11.116 11.416 12.311 11.288 10.748 10.723 10.728 11.516 13.866 13.556 15.223 15.771 15.818 15.926 16.023 16.101 16.246 16.333 16.423 15.491 11.611 13.803 14.098 14.306 14.843 14.933 15.023 15.011 15.116 15.206 15.271 15.341 15.403 15.401 15.508 15.791 16.856 16.876 16.911 16.883 16.888 15.873 12.811 12.586 13.443 16.761 16.968 16.906 16.903 16.808
10.473 10.478 10.468 10.503 10.528 10.593 10.603 10.638 10.641 10.666 10.698 10.711 10.753 10.786 10.803 10.891 10.891 10.913 10.926 10.986 11.016 11.088 11.528 12.301 11.106 10.691 10.646 10.688 12.573 13.483 14.156 15.321 15.541 14.928 14.908 14.876 15.121 15.223 15.301 15.391 14.993 11.536 11.618 11.653 11.716 11.776 12.278 12.601 12.661 12.418 13.131 13.616 12.978 13.673 13.231 13.678 14.213 15.806 16.026 16.076 16.138 16.226 16.041 13.393 12.198 12.476 16.281 16.811 16.871 16.966 16.988
10.433 10.528 10.471 10.483 10.496 10.538 10.568 10.558 10.588 10.578 10.603 10.631 10.693 10.716 10.733 10.771 10.826 10.816 10.841 10.903 10.963 11.993 12.056 11.391 10.763 10.631 10.598 10.611 12.301 13.218 13.423 15.396 15.516 14.516 12.016 13.701 13.518 13.461 13.343 13.621 12.643 11.463 11.681 12.136 12.136 11.953 12.311 12.043 12.053 12.113 12.086 11.918 11.701 12.128 11.673 11.641 12.588 14.148 14.516 14.998 15.106 15.203 15.091 12.951 12.488 14.386 15.801 15.838 15.948 16.016 16.123
