Matlab/Roost_data/braunton/dsm/ss5040_DSM_2M.asc
ncols 500
nrows 500
xllcorner    250000
yllcorner    140000
cellsize     2
NODATA_value -9999
[rows 116 to 144 of 500, columns 402 to 468 of 500]
173.919 174.014 174.029 173.997 174.059 174.107 176.042 176.784 176.307 174.252 174.299 174.289 174.332 174.419 174.462 174.507 175.232 176.657 177.012 175.789 175.024 175.094 175.142 175.189 175.244 175.289 175.342 175.407 175.477 175.524 175.582 175.594 175.622 175.659 175.699 175.704 175.737 175.762 175.772 175.827 175.847 175.857 175.877 175.914 175.937 175.974 176.014 176.042 176.082 176.094 176.119 176.184 176.202 176.219 176.254 176.284 176.267 176.284 176.309 176.277 176.272 176.272 176.254 176.237 176.214 176.184 176.154
173.779 173.909 173.924 173.902 173.982 174.182 176.284 176.812 175.302 174.069 174.124 174.142 174.184 174.247 174.294 174.712 176.449 176.652 176.187 174.904 174.847 174.922 174.952 175.002 175.044 175.097 175.162 175.219 175.269 175.314 175.359 175.404 175.414 175.457 175.492 175.509 175.557 175.582 175.609 175.639 175.667 175.684 175.714 175.752 175.754 175.814 175.837 175.867 175.884 175.894 175.934 175.974 175.984 176.012 176.032 176.064 176.032 176.062 176.049 176.039 176.039 176.029 176.029 175.999 175.984 175.954 175.947
173.682 173.734 173.737 173.784 173.879 174.754 175.114 175.322 173.912 173.942 173.967 173.987 174.029 174.079 174.122 175.579 177.294 176.789 174.642 174.644 174.702 174.757 174.782 174.832 174.869 174.932 174.979 175.027 175.102 175.124 175.187 175.197 175.239 175.272 175.284 175.334 175.369 175.409 175.442 175.479 175.497 175.522 175.537 175.554 175.602 175.624 175.614 175.662 175.679 175.699 175.717 175.742 175.762 175.789 175.817 175.817 175.827 175.852 175.824 175.804 175.819 175.799 175.804 175.774 175.762 175.727 175.707
173.534 173.587 173.609 173.632 174.679 175.304 175.347 174.102 173.737 173.809 173.822 173.869 173.899 173.927 174.217 176.762 176.784 175.459 174.444 174.487 174.547 174.564 174.617 174.652 174.694 174.739 174.804 174.864 174.909 174.952 174.999 175.017 175.057 175.084 175.114 175.152 175.194 175.227 175.244 175.304 175.317 175.322 175.349 175.369 175.417 175.427 175.447 175.457 175.469 175.502 175.507 175.522 175.544 175.577 175.584 175.599 175.599 175.609 175.584 175.589 175.577 175.562 175.554 175.527 175.512 175.477 175.477
173.384 173.419 173.419 173.987 175.364 175.682 174.297 173.592 173.619 173.659 173.722 173.737 173.747 173.809 175.304 176.859 176.154 174.539 174.297 174.347 174.382 174.417 174.434 174.462 174.552 174.574 174.637 174.709 174.759 174.779 174.824 174.832 174.854 174.874 174.909 174.979 175.014 175.057 175.072 175.117 175.142 175.132 175.172 175.189 175.204 175.222 175.244 175.249 175.284 175.274 175.292 175.299 175.309 175.329 175.367 175.369 175.379 175.359 175.347 175.334 175.334 175.314 175.297 175.282 175.254 175.267 175.242
173.214 173.209 173.602 175.117 175.627 174.984 173.457 173.439 173.507 173.564 173.559 173.569 173.602 175.047 176.189 176.457 174.392 174.092 174.137 174.189 174.214 174.242 174.304 174.327 174.382 174.434 174.494 174.547 174.579 174.614 174.652 174.672 174.684 174.704 174.752 174.802 174.842 174.864 174.894 174.937 174.934 174.969 174.959 174.989 175.002 175.027 175.057 175.032 175.049 175.044 175.049 175.077 175.087 175.109 175.142 175.152 175.137 175.129 175.117 175.124 175.097 175.074 175.062 175.062 175.049 175.042 175.027
173.057 173.072 174.327 175.722 175.569 173.597 173.229 173.327 173.379 173.412 173.422 173.427 173.504 175.374 176.384 174.884 173.914 173.942 173.999 174.044 174.074 174.097 174.132 174.177 174.224 174.284 174.342 174.364 174.412 174.452 174.482 174.497 174.522 174.544 174.602 174.629 174.687 174.707 174.749 174.757 174.752 174.767 174.802 174.794 174.792 174.822 174.834 174.849 174.822 174.819 174.847 174.872 174.877 174.899 174.897 174.887 174.897 174.892 174.907 174.897 174.854 174.844 174.852 174.847 174.807 174.819 174.804
172.877 173.914 175.294 175.147 174.057 173.009 173.102 173.212 173.259 173.264 173.274 173.352 174.062 176.227 176.139 174.124 173.759 173.809 173.857 173.902 173.932 173.952 173.992 174.029 174.089 174.149 174.184 174.207 174.267 174.299 174.307 174.352 174.379 174.412 174.454 174.472 174.509 174.529 174.572 174.579 174.587 174.594 174.592 174.604 174.607 174.632 174.652 174.637 174.622 174.609 174.629 174.634 174.654 174.654 174.669 174.694 174.669 174.669 174.672 174.667 174.644 174.622 174.619 174.602 174.587 174.594 174.574
173.187 174.632 174.582 173.904 172.959 172.914 173.007 173.089 173.109 173.117 173.127 173.477 175.587 176.129 174.722 173.609 173.622 173.662 173.702 173.737 173.779 173.807 173.859 173.907 173.939 174.002 174.032 174.077 174.109 174.144 174.162 174.187 174.224 174.247 174.287 174.334 174.352 174.369 174.404 174.387 174.422 174.424 174.429 174.439 174.447 174.459 174.444 174.432 174.422 174.404 174.419 174.437 174.444 174.449 174.469 174.467 174.477 174.457 174.464 174.459 174.437 174.424 174.389 174.384 174.397 174.404 174.364
174.412 174.352 172.884 172.654 172.727 172.804 172.884 172.944 172.954 172.962 173.014 175.392 175.519 175.079 173.382 173.397 173.479 173.527 173.562 173.577 173.627 173.672 173.724 173.762 173.814 173.829 173.884 173.929 173.977 173.997 174.002 174.057 174.069 174.097 174.139 174.154 174.189 174.217 174.232 174.244 174.267 174.239 174.252 174.257 174.277 174.294 174.259 174.224 174.224 174.214 174.212 174.209 174.249 174.237 174.257 174.267 174.257 174.254 174.272 174.252 174.237 174.217 174.207 174.179 174.204 174.192 174.192
174.642 175.112 173.439 172.574 172.654 172.704 172.767 172.804 172.799 172.804 174.154 175.319 175.707 173.684 173.214 173.279 173.324 173.377 173.417 173.459 173.494 173.527 173.569 173.619 173.657 173.697 173.734 173.774 173.797 173.812 173.837 173.884 173.887 173.949 173.944 173.994 174.034 174.039 174.044 174.059 174.077 174.064 174.079 174.109 174.117 174.079 174.072 174.049 174.049 174.042 174.039 174.034 174.054 174.034 174.037 174.059 174.052 174.067 174.077 174.064 174.027 174.017 174.019 173.979 173.994 173.984 173.989
174.662 174.247 172.587 172.517 172.564 172.587 172.644 172.649 172.662 172.867 175.389 175.352 174.412 173.054 173.064 173.137 173.197 173.227 173.269 173.289 173.342 173.402 173.427 173.482 173.519 173.559 173.594 173.632 173.634 173.649 173.679 173.704 173.714 173.767 173.807 173.842 173.874 173.892 173.894 173.907 173.887 173.902 173.894 173.919 173.904 173.912 173.897 173.862 173.877 173.859 173.844 173.847 173.854 173.847 173.872 173.857 173.872 173.867 173.869 173.847 173.829 173.804 173.799 173.812 173.802 173.809 173.787
174.357 172.284 172.352 172.402 172.457 172.497 172.534 172.519 172.512 173.834 175.219 174.692 172.892 172.867 172.939 173.009 173.042 173.079 173.122 173.159 173.194 173.249 173.302 173.349 173.382 173.419 173.437 173.489 173.474 173.479 173.502 173.527 173.577 173.614 173.649 173.662 173.687 173.687 173.699 173.702 173.709 173.707 173.717 173.722 173.709 173.717 173.709 173.684 173.684 173.672 173.679 173.654 173.669 173.677 173.679 173.667 173.674 173.694 173.662 173.644 173.639 173.627 173.604 173.599 173.594 173.604 173.599
172.774 172.182 172.254 172.277 172.324 172.369 172.412 172.392 173.067 174.607 174.594 173.207 172.712 172.759 172.824 172.852 172.879 172.942 172.997 173.022 173.079 173.122 173.182 173.199 173.234 173.282 173.304 173.317 173.327 173.337 173.352 173.379 173.414 173.449 173.459 173.472 173.487 173.512 173.509 173.519 173.527 173.517 173.534 173.527 173.524 173.529 173.502 173.502 173.507 173.494 173.497 173.469 173.472 173.507 173.487 173.484 173.482 173.459 173.444 173.449 173.417 173.422 173.399 173.404 173.392 173.392 173.409
172.022 172.099 172.162 172.172 172.229 172.267 172.272 172.272 174.369 175.124 173.997 172.637 172.597 172.637 172.679 172.714 172.767 172.804 172.862 172.892 172.954 173.014 173.039 173.082 173.114 173.149 173.162 173.179 173.204 173.197 173.209 173.227 173.252 173.269 173.294 173.292 173.319 173.334 173.322 173.339 173.332 173.312 173.312 173.339 173.324 173.312 173.309 173.304 173.289 173.292 173.277 173.297 173.304 173.294 173.304 173.292 173.297 173.294 173.267 173.239 173.227 173.209 173.192 173.194 173.192 173.199 173.202
171.947 172.002 172.037 172.067 172.124 172.149 172.134 172.764 174.022 174.099 172.512 172.429 172.504 172.532 172.584 172.597 172.632 172.702 172.729 172.784 172.842 172.879 172.927 172.979 172.997 172.994 173.017 173.049 173.062 173.082 173.069 173.077 173.082 173.084 173.114 173.124 173.144 173.144 173.132 173.124 173.134 173.132 173.104 173.099 173.112 173.109 173.114 173.107 173.112 173.089 173.094 173.109 173.114 173.109 173.102 173.097 173.072 173.077 173.062 173.042 173.032 173.004 172.989 172.987 172.999 172.984 172.989
171.862 171.879 171.944 171.964 172.004 172.002 172.157 173.642 173.747 172.764 172.302 172.357 172.417 172.447 172.457 172.504 172.544 172.594 172.627 172.679 172.704 172.759 172.809 172.852 172.852 172.869 172.907 172.917 172.942 172.932 172.924 172.927 172.924 172.929 172.942 172.952 172.967 172.942 172.952 172.942 172.947 172.932 172.907 172.912 172.914 172.917 172.904 172.909 172.907 172.904 172.894 172.897 172.917 172.927 172.914 172.897 172.904 172.872 172.847 172.832 172.834 172.809 172.812 172.787 172.794 172.792 172.774
171.767 171.792 171.837 171.869 171.887 171.897 173.849 174.849 173.424 172.224 172.209 172.272 172.314 172.329 172.367 172.422 172.442 172.464 172.517 172.574 172.592 172.647 172.704 172.729 172.747 172.782 172.802 172.822 172.814 172.797 172.804 172.799 172.774 172.779 172.797 172.807 172.797 172.787 172.779 172.774 172.757 172.744 172.734 172.717 172.724 172.714 172.704 172.699 172.717 172.704 172.714 172.717 172.719 172.719 172.717 172.722 172.702 172.679 172.657 172.632 172.634 172.574 172.614 172.582 172.579 172.574 172.564
171.669 171.709 171.754 171.784 171.752 173.559 175.062 174.164 172.244 172.077 172.157 172.212 172.217 172.237 172.264 172.294 172.329 172.374 172.417 172.454 172.502 172.552 172.602 172.617 172.632 172.694 172.717 172.702 172.719 172.679 172.687 172.667 172.654 172.652 172.664 172.674 172.629 172.632 172.612 172.602 172.582 172.567 172.537 172.534 172.539 172.527 172.527 172.507 172.499 172.514 172.497 172.504 172.522 172.537 172.512 172.484 172.467 172.457 172.454 172.439 172.409 172.389 172.399 172.382 172.362 172.347 172.329
171.604 171.629 171.667 171.664 171.802 173.092 174.087 172.619 171.977 172.004 172.062 172.089 172.117 172.144 172.169 172.207 172.247 172.262 172.307 172.357 172.389 172.444 172.484 172.507 172.544 172.592 172.587 172.579 172.599 172.564 172.567 172.562 172.534 172.532 172.534 172.522 172.502 172.497 172.487 172.452 172.437 172.399 172.382 172.367 172.359 172.334 172.344 172.332 172.347 172.309 172.304 172.314 172.322 172.359 172.317 172.294 172.259 172.267 172.234 172.234 172.207 172.199 172.177 172.172 172.129 172.124 172.107
171.507 171.557 171.572 171.654 173.279 174.502 173.704 171.872 171.864 171.949 171.987 171.992 172.039 172.054 172.107 172.109 172.154 172.169 172.219 172.219 172.297 172.369 172.379 172.397 172.434 172.464 172.462 172.472 172.464 172.464 172.457 172.437 172.419 172.429 172.399 172.407 172.384 172.402 172.352 172.342 172.302 172.264 172.227 172.234 172.209 172.177 172.162 172.167 172.149 172.134 172.137 172.132 172.149 172.129 172.134 172.102 172.079 172.074 172.057 172.047 171.997 171.999 171.984 171.964 171.924 171.907 171.877
171.434 171.459 171.429 172.484 174.177 174.067 172.177 171.757 171.807 171.869 171.902 171.919 171.937 171.962 171.992 172.037 172.032 172.064 172.094 172.134 172.192 172.234 172.272 172.292 172.334 172.339 172.342 172.339 172.384 172.357 172.354 172.337 172.324 172.312 172.314 172.302 172.292 172.267 172.234 172.209 172.169 172.142 172.119 172.074 172.049 172.019 172.012 172.014 171.984 171.959 171.962 171.964 171.954 171.924 171.924 171.904 171.879 171.874 171.854 171.829 171.799 171.797 171.764 171.754 171.729 171.674 171.657
171.347 171.302 171.437 173.557 173.479 172.554 171.612 171.674 171.737 171.762 171.799 171.827 171.857 171.872 171.889 171.917 171.929 171.954 171.984 172.039 172.079 172.099 172.137 172.169 172.184 172.192 172.217 172.234 172.259 172.244 172.254 172.227 172.209 172.214 172.217 172.199 172.207 172.169 172.134 172.109 172.062 172.022 171.974 171.964 171.919 171.892 171.842 171.829 171.802 171.807 171.802 171.799 171.769 171.764 171.732 171.712 171.702 171.694 171.662 171.624 171.599 171.587 171.562 171.534 171.467 171.452 171.424
171.224 171.192 172.227 173.067 172.627 171.509 171.522 171.614 171.627 171.659 171.694 171.734 171.739 171.777 171.812 171.822 171.854 171.867 171.884 171.954 171.944 171.984 172.007 172.049 172.069 172.069 172.092 172.127 172.134 172.127 172.117 172.129 172.112 172.107 172.094 172.087 172.077 172.052 172.022 171.989 171.947 171.919 171.889 171.862 171.799 171.757 171.719 171.679 171.652 171.647 171.637 171.619 171.584 171.567 171.542 171.537 171.512 171.489 171.462 171.449 171.417 171.389 171.349 171.319 171.254 171.237 171.227
171.062 172.074 172.962 172.527 171.584 171.369 171.457 171.502 171.544 171.587 171.604 171.637 171.662 171.687 171.712 171.714 171.724 171.752 171.779 171.804 171.822 171.862 171.884 171.917 171.927 171.939 171.967 172.002 172.007 172.002 172.024 172.007 171.989 171.992 171.987 171.997 171.982 171.937 171.907 171.882 171.857 171.794 171.759 171.722 171.652 171.622 171.579 171.549 171.524 171.487 171.479 171.444 171.429 171.409 171.389 171.359 171.339 171.319 171.287 171.262 171.237 171.204 171.159 171.127 171.049 171.019 171.017
171.389 173.019 173.354 171.649 171.249 171.299 171.372 171.412 171.432 171.467 171.514 171.544 171.554 171.582 171.602 171.609 171.609 171.647 171.679 171.689 171.707 171.729 171.747 171.772 171.784 171.819 171.859 171.862 171.884 171.892 171.887 171.874 171.879 171.902 171.892 171.889 171.857 171.827 171.794 171.774 171.712 171.692 171.674 171.599 171.554 171.499 171.447 171.422 171.374 171.364 171.347 171.314 171.284 171.262 171.234 171.187 171.164 171.149 171.107 171.087 171.059 171.004 170.952 170.907 170.857 170.837 170.917
173.537 173.589 172.664 171.122 171.137 171.219 171.249 171.284 171.319 171.344 171.394 171.424 171.422 171.447 171.459 171.502 171.524 171.522 171.552 171.572 171.597 171.599 171.612 171.639 171.647 171.687 171.692 171.727 171.754 171.749 171.744 171.772 171.767 171.777 171.757 171.754 171.747 171.694 171.674 171.659 171.614 171.589 171.544 171.497 171.462 171.377 171.349 171.294 171.249 171.219 171.197 171.172 171.142 171.089 171.064 171.042 171.024 170.992 170.947 170.924 170.879 170.817 170.754 170.709 170.677 170.674 171.197
173.419 172.739 171.284 170.984 171.059 171.114 171.147 171.182 171.214 171.257 171.272 171.297 171.324 171.337 171.342 171.342 171.384 171.414 171.434 171.454 171.457 171.469 171.487 171.497 171.509 171.534 171.572 171.582 171.604 171.614 171.632 171.639 171.647 171.649 171.647 171.629 171.609 171.579 171.554 171.532 171.499 171.467 171.437 171.369 171.309 171.262 171.217 171.179 171.159 171.109 171.054 171.019 170.999 170.952 170.922 170.894 170.859 170.832 170.772 170.729 170.692 170.617 170.584 170.504 170.494 170.607 171.747
172.177 172.047 170.837 170.854 171.047 171.054 171.019 171.067 171.089 171.132 171.159 171.169 171.207 171.202 171.229 171.244 171.297 171.262 171.307 171.312 171.309 171.334 171.352 171.354 171.377 171.394 171.442 171.442 171.462 171.489 171.482 171.487 171.519 171.504 171.504 171.472 171.469 171.454 171.427 171.402 171.379 171.324 171.289 171.239 171.212 171.134 171.089 171.064 171.024 170.992 170.954 170.892 170.867 170.827 170.794 170.749 170.719 170.684 170.624 170.574 170.504 170.449 170.389 170.324 170.327 171.099 172.307
