Matlab/Roost_data/braunton/dsm/ss5040_DSM_2M.asc
ncols 500
nrows 500
xllcorner    250000
yllcorner    140000
cellsize     2
NODATA_value -9999
[rows 58 to 86 of 500, columns 67 to 133 of 500]
106.734 107.254 108.099 109.659 108.854 108.212 109.302 110.497 110.414 110.484 110.837 111.189 112.362 113.637 114.634 115.372 115.962 115.739 116.204 116.372 116.584 116.717 116.899 116.917 117.017 117.134 117.364 117.727 118.099 118.407 118.749 119.097 119.474 119.914 120.284 120.694 121.094 121.502 121.914 122.304 122.694 123.097 123.474 123.832 124.189 124.524 124.872 125.159 125.459 125.719 125.997 126.212 126.472 126.732 126.994 127.212 127.439 127.704 127.902 128.099 128.307 128.522 128.779 129.004 129.229 129.464 129.697
106.642 107.232 107.789 109.277 109.822 108.362 108.819 110.459 110.544 110.449 110.737 111.152 113.137 113.544 114.079 115.104 115.904 115.739 116.077 116.374 116.584 116.734 116.839 116.829 116.864 116.982 117.287 117.674 117.997 118.339 118.674 119.024 119.394 119.789 120.177 120.589 120.979 121.394 121.794 122.189 122.589 122.959 123.334 123.707 124.089 124.414 124.749 125.049 125.372 125.632 125.922 126.182 126.427 126.699 126.949 127.197 127.462 127.702 127.924 128.139 128.352 128.529 128.729 128.977 129.222 129.452 129.677
106.562 107.189 107.732 108.817 110.194 109.212 108.684 109.629 110.677 110.469 110.674 111.572 113.147 113.777 114.037 115.129 115.484 115.729 116.002 116.254 116.439 116.509 116.662 116.757 116.749 116.927 117.244 117.607 117.952 118.282 118.614 118.942 119.307 119.707 120.099 120.479 120.884 121.299 121.679 122.082 122.467 122.837 123.214 123.582 123.942 124.297 124.614 124.944 125.249 125.547 125.822 126.124 126.384 126.654 126.924 127.174 127.437 127.674 127.912 128.127 128.357 128.554 128.784 128.979 129.154 129.439 129.679
106.429 107.109 107.719 108.244 109.572 110.412 109.229 109.177 110.247 110.514 110.687 112.204 113.297 113.779 114.029 115.817 116.644 115.997 115.972 116.174 116.304 116.309 116.524 116.634 116.697 116.897 117.234 117.592 117.912 118.244 118.592 118.897 119.244 119.607 120.012 120.397 120.787 121.192 121.584 121.982 122.352 122.712 123.067 123.439 123.792 124.139 124.489 124.812 125.122 125.424 125.719 126.009 126.302 126.579 126.854 127.147 127.387 127.649 127.899 128.124 128.334 128.559 128.772 128.997 129.184 129.397 129.637
106.392 107.074 107.732 108.319 109.122 110.552 109.767 109.232 109.762 110.354 110.849 112.662 113.092 113.884 114.479 116.874 117.954 116.127 116.069 116.177 116.177 116.157 116.327 116.497 116.542 116.882 117.204 117.597 117.882 118.214 118.554 118.854 119.194 119.549 119.922 120.319 120.712 121.089 121.454 121.852 122.227 122.614 122.929 123.279 123.649 123.977 124.312 124.644 124.969 125.287 125.602 125.887 126.212 126.472 126.799 127.079 127.367 127.604 127.872 128.089 128.319 128.554 128.754 128.994 129.202 129.407 129.619
106.327 107.077 107.739 108.357 108.869 110.322 110.894 109.577 109.684 110.204 111.697 112.409 113.317 113.657 114.719 115.947 116.824 115.899 116.007 116.109 116.134 116.117 116.189 116.267 116.482 116.879 117.232 117.589 117.902 118.207 118.517 118.834 119.167 119.504 119.869 120.252 120.624 121.012 121.379 121.752 122.102 122.464 122.822 123.167 123.499 123.839 124.169 124.497 124.812 125.134 125.474 125.797 126.099 126.397 126.704 127.032 127.322 127.594 127.832 128.057 128.277 128.504 128.729 128.954 129.174 129.407 129.604
106.242 106.957 107.659 108.324 108.802 109.534 111.234 110.492 109.749 110.114 111.384 113.412 113.194 114.184 114.689 115.354 116.207 115.832 115.944 116.054 116.079 116.079 116.164 116.262 116.444 116.847 117.244 117.577 117.887 118.209 118.522 118.817 119.139 119.452 119.829 120.199 120.549 120.924 121.304 121.647 121.987 122.339 122.684 123.007 123.354 123.667 124.004 124.349 124.674 124.989 125.319 125.649 125.972 126.317 126.619 126.914 127.222 127.502 127.747 127.987 128.234 128.444 128.684 128.904 129.124 129.357 129.559
106.194 106.924 107.654 108.254 108.787 109.254 110.259 111.204 110.369 110.144 112.039 113.014 113.454 114.709 114.599 115.247 115.642 115.809 115.924 115.947 116.017 116.064 116.177 116.297 116.462 116.839 117.212 117.547 117.874 118.192 118.489 118.807 119.112 119.452 119.784 120.169 120.517 120.867 121.214 121.549 121.904 122.244 122.559 122.899 123.217 123.537 123.882 124.177 124.524 124.867 125.199 125.539 125.887 126.209 126.537 126.849 127.134 127.402 127.657 127.912 128.139 128.369 128.589 128.824 129.047 129.277 129.517
106.054 106.802 107.509 108.117 108.659 109.199 109.812 111.267 111.334 110.432 110.724 112.224 112.964 113.164 114.334 115.284 115.522 115.604 115.804 115.839 115.894 116.042 116.139 116.219 116.434 116.809 117.189 117.557 117.877 118.189 118.479 118.804 119.099 119.424 119.757 120.119 120.477 120.802 121.164 121.492 121.822 122.137 122.449 122.754 123.117 123.424 123.744 124.079 124.412 124.709 125.049 125.404 125.752 126.099 126.427 126.747 127.034 127.289 127.559 127.794 128.027 128.264 128.509 128.737 128.972 129.197 129.452
105.979 106.622 107.279 107.932 108.504 109.072 109.654 110.499 111.812 111.474 110.632 112.544 112.979 113.394 114.179 115.164 115.387 115.517 115.672 115.709 115.834 115.969 116.099 116.202 116.437 116.772 117.159 117.549 117.879 118.179 118.479 118.782 119.099 119.399 119.719 120.067 120.419 120.762 121.107 121.409 121.747 122.042 122.357 122.669 122.974 123.299 123.639 123.944 124.267 124.612 124.949 125.299 125.637 125.974 126.319 126.642 126.934 127.207 127.469 127.684 127.922 128.159 128.394 128.634 128.882 129.122 129.392
105.762 106.359 106.987 107.627 108.254 108.862 109.462 110.082 112.327 112.404 110.969 111.202 111.824 113.287 114.119 114.774 115.297 115.549 115.644 115.644 115.752 115.884 116.042 116.152 116.387 116.752 117.147 117.549 117.879 118.149 118.459 118.777 119.087 119.404 119.709 120.024 120.347 120.684 121.019 121.339 121.667 121.984 122.279 122.574 122.872 123.197 123.499 123.832 124.154 124.509 124.859 125.202 125.532 125.894 126.224 126.564 126.837 127.102 127.344 127.579 127.809 128.049 128.292 128.539 128.799 129.062 129.342
105.542 106.142 106.679 107.214 107.864 108.442 109.057 109.634 111.077 111.964 112.692 111.557 111.264 112.522 113.717 115.684 116.059 115.419 116.687 115.512 115.642 115.777 115.934 116.087 116.307 116.702 117.144 117.529 117.864 118.154 118.444 118.759 119.054 119.367 119.682 120.014 120.329 120.649 120.972 121.282 121.614 121.919 122.204 122.507 122.812 123.112 123.414 123.722 124.049 124.414 124.752 125.099 125.419 125.782 126.132 126.414 126.739 126.992 127.242 127.484 127.704 127.952 128.199 128.447 128.704 128.979 129.289
105.344 105.904 106.474 106.964 107.507 108.079 108.657 109.267 109.944 111.232 112.459 112.362 111.542 111.497 113.159 114.557 115.064 115.492 117.289 116.014 115.494 115.657 115.859 116.034 116.234 116.689 117.099 117.489 117.829 118.119 118.422 118.752 119.032 119.349 119.659 119.984 120.304 120.637 120.947 121.254 121.564 121.872 122.167 122.459 122.734 123.044 123.354 123.664 123.967 124.309 124.672 124.999 125.337 125.684 126.002 126.309 126.627 126.912 127.139 127.389 127.634 127.854 128.092 128.367 128.632 128.919 129.232
105.119 105.709 106.307 106.832 107.364 107.909 108.569 109.029 109.574 111.022 111.624 112.872 111.914 111.694 111.922 113.594 115.184 116.367 115.957 116.634 115.419 115.584 115.794 115.937 116.092 116.677 117.092 117.434 117.754 118.089 118.417 118.724 119.042 119.324 119.644 119.979 120.284 120.624 120.924 121.222 121.539 121.834 122.134 122.419 122.709 122.984 123.307 123.594 123.909 124.247 124.574 124.912 125.244 125.579 125.892 126.227 126.499 126.774 127.024 127.274 127.504 127.769 128.039 128.304 128.587 128.877 129.187
104.874 105.452 106.017 106.562 107.119 107.704 108.307 108.874 109.402 110.844 112.069 112.307 111.892 111.814 112.012 112.552 113.732 115.994 115.677 116.662 115.637 116.074 115.912 115.794 115.994 116.697 117.092 117.422 117.747 118.074 118.404 118.682 119.009 119.312 119.639 119.954 120.284 120.597 120.924 121.194 121.519 121.812 122.117 122.387 122.669 122.962 123.232 123.519 123.847 124.127 124.467 124.814 125.139 125.482 125.787 126.109 126.397 126.667 126.932 127.154 127.412 127.684 127.957 128.237 128.507 128.809 129.127
104.524 105.122 105.682 106.244 106.792 107.394 108.047 108.644 109.137 110.259 111.834 112.209 111.882 111.854 112.017 112.247 112.532 113.969 115.812 115.809 117.084 116.909 115.844 115.667 115.887 116.674 117.034 117.387 117.727 118.064 118.349 118.672 118.974 119.282 119.627 119.924 120.252 120.599 120.889 121.214 121.499 121.809 122.074 122.357 122.637 122.904 123.187 123.502 123.774 124.072 124.412 124.722 125.054 125.354 125.702 126.009 126.292 126.562 126.827 127.077 127.322 127.619 127.874 128.144 128.432 128.757 129.039
104.127 104.759 105.314 105.882 106.439 107.014 107.617 108.364 109.592 110.467 111.099 111.399 111.752 111.874 111.984 112.312 112.567 112.794 113.667 115.862 117.224 117.294 115.829 115.532 115.829 116.649 117.034 117.364 117.692 118.014 118.339 118.634 118.934 119.274 119.569 119.874 120.207 120.544 120.869 121.172 121.487 121.784 122.052 122.329 122.617 122.889 123.162 123.457 123.734 124.024 124.332 124.662 124.974 125.282 125.597 125.894 126.207 126.472 126.739 127.017 127.279 127.544 127.817 128.079 128.374 128.697 129.027
104.657 104.284 104.864 105.439 106.052 106.619 108.022 109.004 109.492 110.242 110.444 110.987 111.512 111.749 112.184 112.547 112.837 113.059 113.254 114.017 115.674 116.974 116.099 115.299 115.747 116.507 116.972 117.327 117.662 117.987 118.279 118.617 118.904 119.232 119.537 119.859 120.189 120.509 120.829 121.147 121.452 121.744 122.039 122.322 122.587 122.844 123.139 123.432 123.692 124.004 124.302 124.577 124.912 125.222 125.517 125.817 126.112 126.404 126.674 126.949 127.219 127.504 127.747 128.042 128.322 128.622 128.952
104.952 104.384 104.617 105.029 105.632 106.574 108.679 109.477 109.597 109.462 110.027 110.652 111.189 111.602 112.167 112.647 112.942 113.177 113.419 113.649 113.977 115.044 114.842 115.134 116.237 116.707 116.934 117.252 117.589 117.942 118.262 118.574 118.892 119.189 119.512 119.837 120.139 120.454 120.784 121.124 121.429 121.707 121.987 122.282 122.564 122.829 123.089 123.377 123.679 123.959 124.239 124.544 124.834 125.134 125.444 125.737 126.042 126.332 126.637 126.919 127.177 127.434 127.729 127.989 128.264 128.587 128.922
104.732 105.567 105.902 107.029 106.817 107.419 109.574 108.697 108.617 109.072 109.729 110.329 110.944 111.504 112.059 112.609 112.972 113.254 113.487 113.762 114.039 114.312 114.617 115.392 117.514 117.774 117.149 117.224 117.542 117.879 118.199 118.529 118.847 119.162 119.474 119.794 120.117 120.424 120.747 121.047 121.397 121.684 121.964 122.244 122.552 122.802 123.049 123.357 123.637 123.914 124.197 124.487 124.774 125.059 125.367 125.674 125.969 126.262 126.557 126.854 127.119 127.402 127.684 127.942 128.257 128.557 128.897
103.579 104.642 105.262 107.049 108.002 108.484 107.959 107.662 108.182 108.832 109.474 110.067 110.669 111.312 111.887 112.422 112.887 113.292 113.564 113.809 114.077 114.282 114.574 114.934 116.777 118.677 119.929 117.717 117.507 117.837 118.134 118.459 118.804 119.132 119.444 119.742 120.057 120.387 120.697 121.009 121.332 121.632 121.909 122.217 122.499 122.782 123.049 123.319 123.607 123.872 124.162 124.444 124.734 125.027 125.332 125.642 125.932 126.219 126.497 126.774 127.082 127.374 127.662 127.919 128.219 128.552 128.874
102.842 103.454 104.109 105.054 106.862 108.107 106.777 107.327 107.939 108.617 109.234 109.852 110.469 111.069 111.674 112.219 112.747 113.197 113.622 113.902 114.182 114.447 114.739 114.994 115.754 117.734 120.397 119.344 117.879 117.827 118.152 118.417 118.757 119.049 119.364 119.689 120.007 120.317 120.634 120.944 121.262 121.587 121.847 122.169 122.447 122.722 123.024 123.277 123.562 123.822 124.119 124.422 124.689 125.009 125.309 125.589 125.887 126.179 126.464 126.747 127.049 127.339 127.622 127.887 128.219 128.549 128.859
102.712 103.299 103.852 104.449 105.247 107.107 106.392 107.049 107.722 108.392 108.972 109.577 110.189 110.807 111.444 112.007 112.539 113.052 113.504 113.944 114.264 114.572 114.827 115.084 115.359 115.867 117.174 118.517 118.932 118.382 118.114 118.434 118.714 119.017 119.322 119.629 119.964 120.277 120.577 120.854 121.162 121.489 121.802 122.107 122.389 122.677 122.952 123.229 123.524 123.797 124.087 124.392 124.694 124.984 125.302 125.584 125.869 126.164 126.444 126.737 127.034 127.312 127.574 127.884 128.189 128.529 128.867
102.539 103.077 103.647 104.222 104.794 106.364 106.154 106.842 107.479 108.112 108.707 109.362 109.974 110.592 111.187 111.732 112.274 112.794 113.317 113.799 114.182 114.579 114.899 115.224 115.509 115.774 116.097 117.327 118.427 119.179 118.877 118.359 118.699 118.989 119.279 119.584 119.897 120.237 120.537 120.829 121.089 121.387 121.749 122.057 122.342 122.627 122.904 123.194 123.472 123.787 124.052 124.342 124.657 124.972 125.269 125.567 125.862 126.139 126.444 126.729 127.004 127.292 127.582 127.877 128.192 128.517 128.897
102.387 102.897 103.419 104.029 104.624 106.147 105.954 106.619 107.267 107.877 108.484 109.107 109.764 110.372 111.002 111.552 112.114 112.632 113.152 113.669 114.117 114.562 114.924 115.297 115.574 115.899 116.162 116.389 117.424 118.277 119.444 119.452 118.952 118.937 119.244 119.542 119.832 120.159 120.467 120.782 121.039 121.322 121.644 121.952 122.289 122.577 122.862 123.162 123.429 123.754 124.047 124.347 124.634 124.942 125.242 125.534 125.832 126.117 126.409 126.727 126.992 127.292 127.582 127.874 128.207 128.534 128.889
102.142 102.677 103.244 103.839 104.457 106.937 105.894 106.399 107.044 107.644 108.269 108.907 109.559 110.214 110.854 111.449 111.994 112.549 113.059 113.569 114.017 114.462 114.912 115.322 115.697 116.002 116.329 116.612 116.807 117.002 117.999 119.162 120.047 119.207 119.189 119.487 119.789 120.077 120.412 120.722 121.012 121.299 121.582 121.877 122.179 122.509 122.804 123.102 123.429 123.717 124.034 124.334 124.632 124.914 125.207 125.519 125.799 126.107 126.389 126.692 126.979 127.259 127.582 127.879 128.214 128.549 128.889
101.957 102.494 103.074 103.657 104.222 105.532 105.647 106.142 106.804 107.464 108.077 108.754 109.444 110.099 110.714 111.327 111.912 112.459 112.974 113.489 113.929 114.414 114.867 115.279 115.697 116.057 116.399 116.717 116.934 117.119 117.309 117.937 119.434 120.032 119.669 119.467 119.724 120.029 120.334 120.674 120.964 121.222 121.489 121.792 122.104 122.414 122.749 123.067 123.397 123.717 124.022 124.332 124.624 124.927 125.184 125.494 125.772 126.069 126.374 126.659 126.954 127.259 127.557 127.889 128.207 128.554 128.897
101.792 102.349 102.894 103.434 104.039 105.034 105.654 105.932 106.599 107.244 107.909 108.587 109.259 109.947 110.617 111.229 111.807 112.374 112.869 113.392 113.889 114.354 114.777 115.222 115.647 116.052 116.419 116.769 117.077 117.289 117.407 117.642 118.299 119.707 120.344 120.524 120.047 119.954 120.269 120.589 120.899 121.152 121.389 121.662 121.992 122.349 122.684 123.034 123.374 123.699 124.009 124.317 124.607 124.912 125.202 125.477 125.779 126.052 126.354 126.652 126.927 127.234 127.564 127.877 128.224 128.584 128.907
101.569 102.124 102.679 103.252 103.837 104.587 105.567 105.712 106.407 107.059 107.702 108.384 109.074 109.792 110.467 111.097 111.702 112.257 112.764 113.267 113.782 114.294 114.717 115.139 115.559 115.964 116.334 116.734 117.082 117.384 117.599 117.764 117.977 118.319 118.809 120.232 121.207 120.337 120.209 120.484 120.774 121.077 121.339 121.612 121.922 122.302 122.652 123.007 123.329 123.679 123.992 124.312 124.602 124.899 125.184 125.484 125.764 126.067 126.369 126.644 126.944 127.234 127.544 127.884 128.232 128.592 128.939
