Matlab/Roost_data/braunton/dsm/ss5038_DSM_2M.asc
ncols 500
nrows 500
xllcorner    250000
yllcorner    138000
cellsize     2
NODATA_value -9999
[rows 270 to 299 of 500, columns 335 to 401 of 500]
116.001 115.579 115.479 115.534 115.704 115.821 115.949 116.039 116.094 116.164 116.224 116.326 116.439 116.551 116.636 116.751 116.829 116.936 117.041 117.131 117.249 117.339 117.424 117.519 117.619 117.746 117.814 117.914 118.024 118.091 118.184 118.254 118.324 118.421 118.521 118.571 118.639 118.709 118.776 118.829 118.879 118.906 118.951 118.981 119.026 119.061 119.079 119.131 119.171 119.204 119.259 119.299 119.346 119.374 119.404 119.446 119.479 119.491 119.524 119.564 119.591 119.611 119.634 119.669 119.681 119.699 119.709
115.619 115.701 115.781 115.824 115.946 116.054 116.161 116.251 116.314 116.391 116.449 116.551 116.671 116.764 116.839 116.946 117.056 117.139 117.234 117.334 117.451 117.531 117.621 117.724 117.806 117.916 118.011 118.106 118.184 118.254 118.361 118.454 118.526 118.601 118.694 118.761 118.841 118.879 118.954 119.036 119.051 119.129 119.159 119.191 119.206 119.246 119.301 119.356 119.406 119.444 119.484 119.504 119.569 119.576 119.591 119.644 119.689 119.691 119.756 119.799 119.821 119.846 119.891 119.911 119.934 119.961 119.959
115.971 116.009 116.094 116.126 116.216 116.294 116.381 116.449 116.529 116.616 116.689 116.806 116.876 116.944 117.079 117.134 117.219 117.324 117.449 117.544 117.629 117.719 117.806 117.901 118.004 118.099 118.189 118.256 118.346 118.464 118.544 118.606 118.714 118.786 118.851 118.951 119.001 119.069 119.151 119.214 119.249 119.314 119.346 119.404 119.411 119.469 119.511 119.561 119.606 119.651 119.686 119.726 119.759 119.789 119.839 119.871 119.901 119.936 119.971 120.021 120.046 120.084 120.104 120.154 120.161 120.186 120.194
116.264 116.311 116.364 116.356 116.439 116.544 116.614 116.701 116.761 116.851 116.914 117.036 117.086 117.174 117.251 117.344 117.441 117.569 117.651 117.734 117.834 117.911 117.989 118.101 118.191 118.284 118.374 118.439 118.534 118.621 118.729 118.799 118.911 118.986 119.041 119.146 119.191 119.271 119.334 119.406 119.461 119.516 119.534 119.584 119.599 119.669 119.699 119.744 119.786 119.836 119.861 119.899 119.949 119.986 120.019 120.079 120.106 120.134 120.179 120.219 120.266 120.296 120.359 120.391 120.404 120.434 120.454
116.471 116.574 116.591 116.654 116.689 116.771 116.841 116.919 116.979 117.074 117.146 117.219 117.321 117.401 117.489 117.564 117.676 117.759 117.831 117.951 118.031 118.106 118.211 118.306 118.394 118.474 118.589 118.644 118.716 118.811 118.909 118.989 119.081 119.156 119.221 119.294 119.379 119.461 119.506 119.576 119.631 119.669 119.704 119.739 119.819 119.841 119.906 119.941 119.981 120.024 120.024 120.066 120.114 120.181 120.196 120.266 120.291 120.344 120.384 120.401 120.476 120.501 120.541 120.591 120.631 120.644 120.684
116.756 116.809 116.866 116.891 116.944 116.986 117.061 117.146 117.249 117.291 117.366 117.449 117.564 117.616 117.706 117.794 117.869 117.981 118.056 118.141 118.224 118.319 118.406 118.504 118.604 118.661 118.729 118.829 118.904 118.994 119.094 119.179 119.269 119.346 119.419 119.499 119.564 119.641 119.694 119.759 119.834 119.859 119.889 119.929 119.991 120.054 120.099 120.126 120.159 120.181 120.226 120.266 120.309 120.364 120.406 120.446 120.466 120.489 120.551 120.604 120.646 120.679 120.726 120.796 120.796 120.834 120.874
116.946 117.006 117.051 117.106 117.154 117.224 117.309 117.359 117.439 117.539 117.581 117.681 117.726 117.841 117.936 118.014 118.099 118.179 118.264 118.346 118.416 118.534 118.616 118.696 118.799 118.876 118.969 119.041 119.119 119.201 119.279 119.361 119.444 119.529 119.576 119.689 119.764 119.836 119.911 119.956 119.984 120.024 120.069 120.104 120.156 120.194 120.229 120.294 120.311 120.371 120.406 120.441 120.474 120.541 120.599 120.604 120.656 120.704 120.756 120.796 120.841 120.869 120.936 120.996 121.036 121.054 121.089
117.126 117.196 117.239 117.301 117.379 117.474 117.521 117.591 117.661 117.731 117.816 117.889 117.979 118.074 118.161 118.219 118.296 118.391 118.469 118.531 118.646 118.736 118.819 118.916 118.986 119.064 119.154 119.219 119.304 119.364 119.481 119.544 119.611 119.706 119.779 119.864 119.939 120.001 120.086 120.111 120.156 120.189 120.246 120.294 120.354 120.371 120.386 120.466 120.499 120.534 120.596 120.609 120.659 120.719 120.761 120.804 120.841 120.869 120.931 120.974 121.014 121.074 121.134 121.179 121.211 121.249 121.296
117.331 117.391 117.469 117.506 117.604 117.669 117.744 117.826 117.879 117.954 118.036 118.104 118.191 118.271 118.366 118.434 118.511 118.589 118.686 118.761 118.856 118.939 119.049 119.111 119.204 119.264 119.359 119.436 119.514 119.586 119.646 119.761 119.816 119.869 119.961 120.034 120.104 120.154 120.226 120.251 120.286 120.374 120.399 120.446 120.506 120.536 120.576 120.614 120.669 120.704 120.766 120.789 120.854 120.881 120.934 120.949 121.006 121.066 121.124 121.184 121.211 121.249 121.314 121.361 121.416 121.469 121.501
117.541 117.594 117.666 117.734 117.829 117.884 117.949 118.034 118.099 118.189 118.254 118.316 118.389 118.516 118.606 118.654 118.731 118.806 118.899 118.976 119.061 119.159 119.264 119.326 119.414 119.511 119.586 119.649 119.714 119.791 119.851 119.921 119.966 120.044 120.156 120.186 120.266 120.346 120.384 120.424 120.471 120.519 120.571 120.604 120.659 120.696 120.739 120.791 120.836 120.899 120.939 120.981 121.029 121.066 121.121 121.151 121.209 121.259 121.306 121.359 121.394 121.459 121.504 121.556 121.614 121.659 121.699
117.749 117.814 117.869 117.944 118.041 118.131 118.169 118.234 118.314 118.401 118.461 118.554 118.629 118.714 118.796 118.859 118.939 118.994 119.111 119.184 119.281 119.416 119.486 119.561 119.639 119.709 119.794 119.846 119.909 119.949 120.014 120.096 120.169 120.221 120.276 120.346 120.416 120.456 120.511 120.554 120.619 120.679 120.701 120.776 120.799 120.879 120.936 120.989 121.026 121.064 121.121 121.171 121.199 121.264 121.301 121.339 121.404 121.454 121.486 121.556 121.584 121.626 121.681 121.731 121.786 121.851 121.864
117.954 118.021 118.096 118.161 118.249 118.321 118.369 118.431 118.519 118.579 118.669 118.759 118.856 118.919 119.034 119.086 119.169 119.259 119.329 119.434 119.506 119.596 119.674 119.756 119.821 119.906 119.996 120.046 120.114 120.124 120.189 120.234 120.304 120.359 120.419 120.481 120.569 120.611 120.639 120.721 120.781 120.821 120.869 120.941 120.971 121.019 121.079 121.149 121.216 121.241 121.299 121.354 121.401 121.441 121.496 121.541 121.594 121.634 121.689 121.746 121.764 121.804 121.836 121.924 121.979 122.021 122.061
118.151 118.249 118.311 118.389 118.444 118.546 118.576 118.661 118.731 118.799 118.889 118.976 119.054 119.141 119.226 119.309 119.379 119.464 119.531 119.621 119.719 119.791 119.881 119.949 120.034 120.086 120.169 120.236 120.254 120.306 120.351 120.401 120.479 120.511 120.566 120.641 120.681 120.754 120.801 120.864 120.921 120.976 121.041 121.099 121.144 121.194 121.266 121.316 121.379 121.429 121.461 121.539 121.586 121.636 121.684 121.736 121.801 121.819 121.881 121.914 121.971 121.994 122.041 122.106 122.144 122.201 122.236
118.389 118.474 118.529 118.576 118.659 118.704 118.799 118.864 118.939 118.999 119.109 119.171 119.249 119.336 119.426 119.491 119.584 119.666 119.749 119.836 119.894 119.976 120.059 120.146 120.209 120.264 120.344 120.381 120.454 120.491 120.541 120.586 120.644 120.696 120.736 120.791 120.831 120.896 120.956 121.034 121.091 121.141 121.219 121.276 121.314 121.376 121.429 121.481 121.554 121.614 121.669 121.711 121.766 121.816 121.881 121.904 121.971 122.029 122.074 122.124 122.161 122.191 122.231 122.276 122.319 122.346 122.389
118.586 118.641 118.704 118.781 118.849 118.904 119.011 119.059 119.146 119.226 119.326 119.374 119.446 119.524 119.594 119.686 119.761 119.854 119.954 120.001 120.084 120.159 120.256 120.321 120.379 120.444 120.509 120.584 120.616 120.661 120.716 120.744 120.789 120.856 120.889 120.929 120.966 121.049 121.111 121.154 121.244 121.299 121.379 121.411 121.486 121.551 121.614 121.679 121.734 121.799 121.811 121.886 121.954 121.984 122.074 122.131 122.166 122.221 122.236 122.276 122.351 122.384 122.416 122.456 122.484 122.489 122.524
118.779 118.824 118.899 118.966 119.024 119.106 119.199 119.256 119.331 119.416 119.496 119.554 119.659 119.741 119.814 119.909 119.984 120.029 120.129 120.196 120.269 120.349 120.414 120.511 120.569 120.636 120.694 120.746 120.796 120.836 120.864 120.934 120.961 121.009 121.059 121.074 121.154 121.201 121.276 121.319 121.391 121.444 121.509 121.584 121.661 121.726 121.781 121.844 121.929 121.994 122.021 122.076 122.139 122.181 122.231 122.291 122.336 122.369 122.424 122.454 122.504 122.551 122.596 122.636 122.641 122.641 122.696
118.946 119.021 119.091 119.159 119.239 119.296 119.394 119.451 119.541 119.621 119.684 119.776 119.834 119.924 119.984 120.071 120.136 120.241 120.324 120.379 120.444 120.546 120.586 120.676 120.749 120.799 120.856 120.906 120.969 121.019 121.054 121.101 121.134 121.181 121.211 121.236 121.281 121.341 121.411 121.469 121.526 121.596 121.671 121.736 121.801 121.876 121.959 122.016 122.091 122.136 122.186 122.234 122.294 122.364 122.409 122.439 122.474 122.524 122.561 122.634 122.644 122.709 122.759 122.789 122.811 122.851 122.876
119.144 119.214 119.289 119.354 119.409 119.516 119.596 119.674 119.776 119.809 119.904 119.979 120.031 120.119 120.206 120.286 120.374 120.444 120.479 120.574 120.649 120.724 120.791 120.866 120.929 120.979 121.049 121.089 121.154 121.201 121.209 121.296 121.334 121.334 121.356 121.419 121.469 121.511 121.569 121.641 121.691 121.754 121.814 121.894 121.976 122.026 122.114 122.174 122.249 122.311 122.356 122.394 122.469 122.526 122.561 122.609 122.629 122.684 122.711 122.784 122.806 122.871 122.911 122.939 122.981 123.024 123.056
119.354 119.429 119.471 119.561 119.634 119.699 119.779 119.871 119.921 120.004 120.079 120.144 120.239 120.306 120.379 120.456 120.514 120.576 120.664 120.746 120.814 120.881 120.944 121.001 121.079 121.141 121.214 121.256 121.321 121.354 121.394 121.461 121.481 121.536 121.564 121.584 121.621 121.671 121.719 121.774 121.829 121.924 121.984 122.056 122.121 122.204 122.276 122.351 122.404 122.459 122.499 122.539 122.599 122.681 122.731 122.766 122.811 122.841 122.906 122.941 122.996 123.024 123.099 123.116 123.171 123.181 123.214
119.514 119.594 119.644 119.744 119.816 119.891 119.974 120.046 120.109 120.194 120.289 120.354 120.421 120.481 120.571 120.639 120.689 120.756 120.799 120.904 120.966 121.034 121.101 121.169 121.239 121.311 121.381 121.426 121.466 121.529 121.596 121.611 121.654 121.691 121.726 121.769 121.781 121.829 121.851 121.921 121.986 122.044 122.114 122.184 122.276 122.344 122.419 122.476 122.544 122.611 122.674 122.746 122.784 122.864 122.884 122.934 122.969 123.031 123.076 123.144 123.186 123.184 123.264 123.301 123.316 123.349 123.384
119.704 119.774 119.879 119.921 119.989 120.071 120.136 120.209 120.291 120.371 120.436 120.514 120.584 120.654 120.734 120.791 120.831 120.919 120.981 121.039 121.111 121.176 121.271 121.334 121.399 121.464 121.534 121.591 121.646 121.706 121.756 121.761 121.829 121.864 121.901 121.921 121.936 121.999 122.031 122.084 122.121 122.189 122.259 122.334 122.411 122.491 122.544 122.581 122.689 122.764 122.826 122.879 122.916 122.996 123.051 123.106 123.146 123.209 123.236 123.291 123.354 123.364 123.426 123.451 123.471 123.509 123.539
119.871 119.966 120.041 120.091 120.171 120.249 120.296 120.389 120.469 120.544 120.631 120.684 120.751 120.811 120.869 120.926 120.989 121.054 121.106 121.191 121.269 121.351 121.421 121.489 121.561 121.624 121.676 121.754 121.791 121.861 121.896 121.936 121.991 122.014 122.069 122.106 122.119 122.154 122.194 122.241 122.291 122.341 122.401 122.474 122.554 122.631 122.689 122.756 122.804 122.919 122.951 123.019 123.086 123.141 123.204 123.279 123.341 123.381 123.406 123.446 123.509 123.516 123.546 123.609 123.619 123.659 123.699
120.079 120.141 120.196 120.251 120.309 120.399 120.461 120.539 120.619 120.696 120.769 120.829 120.899 120.971 121.024 121.086 121.146 121.221 121.266 121.329 121.421 121.464 121.574 121.641 121.729 121.781 121.856 121.906 121.961 122.026 122.084 122.106 122.149 122.176 122.204 122.236 122.256 122.316 122.356 122.399 122.459 122.494 122.556 122.621 122.704 122.729 122.801 122.901 122.956 123.036 123.119 123.161 123.224 123.276 123.334 123.409 123.471 123.501 123.554 123.599 123.666 123.671 123.696 123.774 123.789 123.811 123.841
120.236 120.289 120.366 120.429 120.504 120.559 120.616 120.711 120.776 120.846 120.904 120.979 121.059 121.129 121.171 121.231 121.284 121.341 121.421 121.491 121.576 121.649 121.736 121.799 121.871 121.966 121.991 122.071 122.111 122.181 122.199 122.259 122.299 122.341 122.386 122.421 122.431 122.466 122.521 122.534 122.564 122.636 122.686 122.749 122.821 122.894 122.954 123.011 123.084 123.166 123.229 123.294 123.364 123.416 123.479 123.551 123.636 123.676 123.721 123.761 123.809 123.821 123.844 123.909 123.949 123.984 124.004
120.396 120.446 120.511 120.579 120.646 120.704 120.779 120.851 120.916 120.994 121.076 121.154 121.191 121.269 121.349 121.406 121.439 121.496 121.566 121.639 121.701 121.796 121.864 121.936 122.019 122.096 122.154 122.239 122.269 122.311 122.359 122.414 122.439 122.489 122.534 122.566 122.579 122.604 122.659 122.704 122.721 122.781 122.821 122.881 122.921 123.011 123.076 123.136 123.201 123.286 123.379 123.421 123.499 123.551 123.641 123.706 123.801 123.856 123.871 123.909 123.951 123.991 124.011 124.071 124.099 124.126 124.151
120.566 120.621 120.676 120.766 120.809 120.859 120.941 121.026 121.084 121.144 121.216 121.296 121.354 121.411 121.469 121.546 121.589 121.646 121.721 121.784 121.839 121.946 122.006 122.079 122.159 122.211 122.309 122.364 122.416 122.461 122.516 122.571 122.599 122.636 122.684 122.709 122.751 122.749 122.779 122.841 122.849 122.896 122.959 123.016 123.061 123.126 123.206 123.261 123.356 123.406 123.486 123.571 123.631 123.711 123.779 123.844 123.904 123.974 124.021 124.049 124.091 124.136 124.164 124.224 124.261 124.286 124.301
120.749 120.774 120.844 120.921 120.959 121.026 121.086 121.136 121.209 121.296 121.361 121.444 121.516 121.579 121.621 121.691 121.726 121.764 121.829 121.921 121.981 122.076 122.136 122.231 122.279 122.361 122.426 122.484 122.534 122.604 122.639 122.679 122.724 122.764 122.796 122.834 122.881 122.874 122.926 122.961 122.991 123.026 123.076 123.126 123.181 123.244 123.331 123.394 123.459 123.546 123.651 123.704 123.776 123.826 123.881 123.971 124.054 124.099 124.164 124.206 124.281 124.309 124.334 124.361 124.381 124.419 124.441
120.876 120.954 121.009 121.046 121.126 121.209 121.231 121.304 121.384 121.439 121.514 121.561 121.661 121.704 121.749 121.806 121.864 121.944 121.994 122.074 122.164 122.214 122.289 122.349 122.394 122.499 122.539 122.599 122.664 122.736 122.744 122.814 122.874 122.906 122.916 122.961 122.994 123.031 123.054 123.091 123.124 123.179 123.231 123.259 123.324 123.379 123.454 123.499 123.586 123.664 123.761 123.824 123.919 123.999 124.041 124.111 124.179 124.234 124.291 124.341 124.379 124.406 124.476 124.486 124.534 124.569 124.571
121.044 121.104 121.156 121.214 121.271 121.324 121.394 121.446 121.509 121.581 121.649 121.726 121.804 121.869 121.896 121.949 122.011 122.059 122.146 122.209 122.271 122.319 122.414 122.479 122.556 122.629 122.671 122.739 122.799 122.844 122.879 122.916 122.984 123.036 123.059 123.086 123.131 123.156 123.166 123.241 123.294 123.291 123.334 123.369 123.406 123.489 123.554 123.651 123.711 123.796 123.839 123.919 124.021 124.119 124.181 124.244 124.294 124.361 124.421 124.451 124.521 124.554 124.589 124.626 124.664 124.709 124.724
121.224 121.256 121.309 121.376 121.421 121.454 121.531 121.599 121.634 121.711 121.771 121.841 121.939 121.969 122.039 122.099 122.166 122.206 122.289 122.361 122.439 122.461 122.536 122.606 122.686 122.741 122.796 122.864 122.904 122.971 123.001 123.049 123.101 123.149 123.184 123.196 123.254 123.266 123.289 123.366 123.401 123.424 123.464 123.496 123.534 123.621 123.674 123.746 123.821 123.899 123.949 124.061 124.131 124.221 124.281 124.351 124.401 124.484 124.551 124.571 124.621 124.694 124.734 124.769 124.824 124.846 124.854
