Matlab/Roost_data/braunton/dsm/ss5040_DSM_2M.asc
ncols 500
nrows 500
xllcorner    250000
yllcorner    140000
cellsize     2
NODATA_value -9999
[rows 58 to 86 of 500, columns 335 to 401 of 500]
171.149 172.092 171.879 171.887 171.882 171.914 171.962 172.617 172.704 173.292 173.134 172.979 173.502 173.832 173.794 174.117 174.119 174.387 174.372 174.647 174.812 174.432 174.879 175.299 175.157 175.449 175.729 175.804 175.552 176.132 176.282 176.107 176.132 176.452 176.302 176.827 176.807 176.889 177.307 177.407 177.229 177.547 177.949 177.744 177.799 178.267 178.337 178.554 178.859 178.732 178.847 178.869 179.097 179.337 179.629 179.797 180.134 180.094 180.062 180.152 180.314 180.582 180.557 180.922 180.962 181.202 180.844
171.539 171.757 171.639 171.837 171.854 171.929 171.997 173.032 173.484 173.624 173.762 173.512 173.989 174.177 174.277 174.424 174.569 174.724 174.784 174.929 175.132 175.257 175.382 175.519 175.697 175.824 175.967 176.114 176.254 176.414 176.542 176.659 176.812 176.959 177.017 177.247 177.384 177.549 177.692 177.824 178.004 178.142 178.297 178.444 178.577 178.752 178.902 179.047 179.182 179.359 179.527 179.667 179.832 179.949 180.097 180.257 180.414 180.594 180.404 180.867 180.982 181.049 181.174 181.272 181.369 181.469 181.582
171.709 171.612 171.664 171.804 171.862 171.954 172.009 172.262 172.497 172.632 172.689 172.674 172.897 173.139 173.247 173.379 173.519 173.622 173.889 174.057 174.142 174.219 174.457 174.654 174.742 174.842 175.024 175.137 175.319 175.527 175.599 175.654 175.752 175.947 175.984 176.139 176.307 176.434 176.477 176.647 176.712 176.954 177.104 177.117 177.312 177.597 177.702 177.869 178.014 178.159 178.277 178.409 178.604 178.834 179.002 179.277 179.322 179.502 179.517 179.702 179.867 179.957 180.119 180.209 180.354 180.414 180.452
172.029 171.989 171.712 171.747 171.924 171.934 172.032 172.187 172.372 172.482 172.627 172.709 172.794 172.989 173.287 173.282 173.427 173.557 173.717 173.972 174.057 174.179 174.329 174.464 174.612 174.892 174.959 175.074 175.184 175.349 175.504 175.549 175.712 175.722 175.847 175.964 176.089 176.259 176.339 176.452 176.609 176.809 176.977 176.977 177.114 177.287 177.527 177.622 177.869 177.979 178.129 178.312 178.484 178.639 178.812 178.972 179.104 179.237 179.369 179.492 179.612 179.732 179.864 179.954 180.094 180.157 180.282
171.279 172.092 172.322 171.954 171.894 171.884 172.022 172.209 172.334 172.479 172.609 173.327 174.322 174.287 174.517 174.637 174.797 174.859 175.054 175.177 175.034 175.334 175.602 175.632 175.814 175.804 176.019 176.004 176.364 176.507 176.617 176.622 176.794 177.047 177.207 177.047 177.049 177.562 177.599 177.804 178.077 178.207 178.184 178.397 178.642 178.782 178.734 179.084 179.059 179.009 179.334 179.522 179.779 179.954 180.112 180.264 180.204 180.369 180.524 180.717 180.939 181.054 181.197 181.259 181.387 181.334 181.594
171.052 171.177 171.724 172.642 171.982 171.792 171.999 172.212 172.339 172.479 172.582 172.919 173.407 173.417 173.577 173.714 173.849 174.037 174.204 174.237 174.357 174.542 174.774 174.832 174.949 175.082 175.197 175.372 175.554 175.639 175.702 175.809 176.014 176.137 176.229 176.389 176.414 176.587 176.774 176.887 177.107 177.207 177.294 177.452 177.724 177.819 177.982 178.119 178.219 178.342 178.457 178.667 178.894 179.032 179.242 179.314 179.447 179.569 179.704 179.874 179.784 180.102 180.187 180.299 180.374 180.464 180.627
171.169 171.222 171.334 171.579 171.632 171.772 172.129 172.239 172.337 172.482 172.619 172.724 172.807 172.894 173.027 173.182 173.374 173.529 173.702 173.819 173.934 174.102 174.244 174.407 174.534 174.677 174.819 174.937 175.054 175.159 175.282 175.392 175.499 175.594 175.687 175.824 175.949 176.067 176.209 176.352 176.479 176.592 176.709 176.852 176.982 177.134 177.309 177.489 177.614 177.767 177.937 178.112 178.269 178.414 178.567 178.719 178.847 178.962 179.079 179.199 179.332 179.457 179.572 179.679 179.774 179.887 180.004
171.369 171.219 171.339 171.467 171.634 172.284 172.979 172.319 172.282 172.417 172.537 172.677 172.797 172.912 173.009 173.209 174.017 174.394 174.367 174.464 174.727 174.982 175.054 175.157 175.324 175.329 175.514 175.742 176.017 175.874 175.977 176.324 176.277 176.439 176.502 176.604 176.917 176.774 176.959 177.174 177.184 177.224 177.479 177.657 177.972 177.877 178.279 178.372 178.234 178.484 178.637 178.767 179.004 179.142 179.412 179.239 179.574 179.617 179.729 179.934 180.017 179.869 180.177 180.639 180.527 180.569 181.022
171.297 171.267 171.374 171.479 172.052 172.542 172.389 172.169 172.389 172.837 172.517 172.589 172.719 172.889 173.079 173.267 173.974 174.544 174.694 174.744 174.907 175.084 175.187 175.314 175.434 175.549 175.717 175.847 175.994 176.069 176.179 176.357 176.434 176.589 176.667 176.859 176.917 177.032 176.894 177.272 177.464 177.519 177.654 177.859 177.982 178.129 178.304 178.389 178.467 178.532 178.692 178.899 179.039 179.237 179.349 179.489 179.602 179.692 179.837 179.997 180.152 179.789 180.509 180.564 180.642 180.764 180.849
171.249 171.294 171.364 171.517 172.662 172.099 172.079 172.034 172.352 173.464 173.389 172.707 172.702 172.824 172.989 173.222 173.397 173.592 173.682 173.817 173.972 174.149 174.239 174.369 174.487 174.604 174.732 174.869 174.952 175.037 175.147 175.247 175.394 175.477 175.634 175.714 175.832 175.999 176.102 176.254 176.332 176.472 176.632 176.762 176.892 177.082 177.207 177.342 177.487 177.667 177.824 178.017 178.127 178.239 178.374 178.467 178.617 178.797 178.884 179.067 179.137 179.227 179.344 179.449 179.554 179.642 179.739
171.267 171.247 171.432 172.322 172.154 171.884 171.952 172.024 172.094 172.464 173.442 173.789 173.369 172.869 172.994 173.139 173.329 173.489 173.617 173.787 173.904 174.227 174.212 174.289 174.422 174.537 174.647 174.762 174.864 174.979 175.087 175.189 175.314 175.432 175.529 175.677 175.784 175.917 176.034 176.159 176.287 176.409 176.554 176.692 176.819 176.979 177.109 177.267 177.389 177.564 177.712 177.847 177.987 178.137 178.242 178.379 178.492 178.632 178.754 178.877 178.992 179.107 179.214 179.369 179.627 179.824 179.824
171.184 171.182 171.747 172.379 171.729 171.794 171.872 171.977 172.132 172.304 172.484 173.342 174.172 173.837 173.077 173.132 173.224 173.434 173.589 173.767 173.912 175.279 175.309 175.524 175.019 174.952 175.077 174.694 174.817 174.937 175.034 175.159 175.257 175.397 175.502 175.654 175.784 175.919 176.049 176.144 176.319 176.469 176.569 176.707 176.824 176.984 177.112 177.252 177.387 177.524 177.674 177.814 177.962 178.094 178.199 178.364 178.467 178.592 178.712 178.814 178.952 179.104 179.177 179.849 180.722 180.829 180.879
171.117 171.337 172.202 171.712 171.634 171.719 171.817 171.942 172.129 172.324 172.502 172.637 173.179 174.139 174.124 173.447 173.252 173.354 173.502 173.679 173.892 174.294 174.647 174.784 174.847 174.954 175.114 174.904 174.994 175.007 175.007 175.127 175.264 175.372 175.469 175.619 175.754 175.899 176.004 176.117 176.297 176.427 176.517 176.654 176.752 176.927 177.052 177.192 177.312 177.474 177.592 177.717 177.862 177.994 178.114 178.259 178.369 178.497 178.609 178.727 178.852 178.982 179.084 179.299 179.629 179.682 179.769
171.057 172.072 171.727 171.489 171.624 171.689 171.754 171.917 172.139 172.299 172.477 172.619 172.724 173.014 173.764 174.404 173.957 173.409 173.479 173.617 173.764 173.924 174.019 174.149 174.279 174.379 174.484 174.624 174.712 174.832 174.942 175.084 175.207 175.332 175.567 175.867 176.019 176.389 176.767 176.829 176.819 177.109 177.304 177.439 177.547 177.619 177.667 177.697 177.772 177.919 178.122 178.309 178.472 178.622 178.792 178.934 178.984 178.944 178.904 178.874 178.839 178.932 179.017 179.119 179.204 179.312 179.407
171.422 171.869 171.452 171.512 171.642 172.257 173.177 173.219 172.937 173.379 173.572 173.827 172.712 172.789 172.959 173.702 174.389 174.422 173.709 173.582 173.667 173.817 173.962 174.084 174.227 174.364 175.797 176.054 175.444 175.969 176.049 176.167 176.219 176.552 176.507 176.662 176.809 177.217 177.569 177.019 177.592 177.882 178.104 178.202 178.334 178.454 178.574 178.727 178.927 179.059 179.189 179.244 179.392 179.452 179.572 179.599 179.704 179.879 179.847 179.892 179.792 180.004 179.874 180.062 180.179 180.227 180.212
171.989 171.387 171.432 171.499 171.572 172.107 172.654 172.774 172.824 173.154 173.227 173.279 172.757 172.767 172.904 173.022 173.377 174.377 174.762 174.264 173.742 173.727 173.857 173.989 174.174 174.422 175.227 175.314 175.347 175.592 175.669 175.829 175.949 176.089 176.157 176.247 176.404 176.597 176.727 176.602 176.932 177.189 177.239 177.417 177.527 177.567 177.679 177.764 177.899 178.142 178.264 178.389 178.504 178.562 178.679 178.819 178.919 179.147 179.267 179.339 179.434 179.529 179.247 179.732 179.784 179.829 179.912
171.507 171.287 171.417 171.467 171.567 171.717 171.857 171.967 172.114 172.227 172.344 172.517 172.639 172.724 172.854 172.984 173.072 173.344 174.337 174.912 174.617 174.019 173.789 173.899 174.062 174.117 174.269 174.384 174.534 174.657 174.779 174.914 175.047 175.184 175.344 175.487 175.597 175.717 175.869 175.999 176.107 176.247 176.357 176.474 176.607 176.699 176.859 176.969 177.082 177.227 177.359 177.484 177.614 177.714 177.839 177.987 178.089 178.219 178.339 178.449 178.552 178.654 178.757 178.847 178.929 179.047 179.144
171.179 171.267 171.379 171.947 172.129 172.444 172.704 172.384 172.569 173.029 173.092 172.877 173.154 172.969 173.477 173.672 173.474 173.204 173.352 173.852 174.672 174.944 174.709 173.917 173.952 173.999 173.934 174.137 174.399 174.584 174.732 175.397 175.712 175.532 175.739 175.884 176.004 176.417 175.992 176.484 176.852 177.024 176.817 176.902 177.139 177.074 177.267 177.504 177.712 177.914 178.044 178.014 178.049 178.267 178.352 178.567 178.849 178.877 178.954 178.739 178.654 178.997 179.022 178.914 179.189 179.377 179.617
171.094 171.254 171.339 172.467 172.734 172.874 173.009 173.129 173.269 173.394 173.484 173.622 173.749 173.869 173.979 174.112 174.002 173.202 173.279 173.412 173.682 174.344 175.019 175.119 174.324 173.964 174.064 173.974 174.142 174.499 174.999 176.064 176.209 176.352 176.469 176.564 176.489 176.844 176.969 177.074 177.189 177.297 177.464 177.569 177.664 177.767 177.887 177.997 178.167 178.297 178.379 178.512 178.619 178.759 178.859 178.972 179.124 179.262 179.412 179.124 179.492 179.682 179.794 179.844 179.949 180.032 180.109
171.107 171.227 171.317 171.499 171.672 171.799 171.959 171.977 172.189 172.307 172.394 172.447 172.624 172.809 172.869 173.102 173.167 173.149 173.267 173.357 173.457 173.592 174.037 174.894 175.274 174.672 174.184 174.154 174.144 174.184 174.644 174.919 175.122 175.154 175.272 175.422 175.529 175.772 175.792 175.957 176.207 176.239 176.427 176.532 176.559 176.649 176.787 176.954 177.164 177.249 177.389 177.474 177.557 177.657 177.827 177.912 178.109 178.224 178.219 178.289 178.379 178.547 178.557 178.637 178.722 178.794 179.027
171.082 171.159 171.264 171.387 171.502 171.592 171.729 171.829 171.942 172.094 172.357 172.317 172.497 172.557 172.697 172.832 172.972 173.079 173.209 173.322 173.449 173.487 173.607 173.857 174.514 175.309 175.374 174.439 174.212 174.279 174.247 174.472 174.774 174.957 175.114 175.229 175.377 175.547 175.677 175.787 175.927 176.079 176.212 176.287 176.394 176.504 176.627 176.737 176.859 176.982 177.112 177.212 177.429 177.454 177.534 177.647 177.754 177.862 177.957 178.037 178.137 178.227 178.317 178.399 178.494 178.594 178.694
171.052 171.157 171.292 172.189 172.977 173.089 172.899 173.104 173.437 173.534 173.654 173.627 173.672 173.957 174.089 174.267 174.022 174.469 174.454 174.464 174.852 174.074 173.527 173.632 173.769 174.364 175.347 175.522 175.214 174.442 174.434 174.407 174.499 174.882 175.094 175.672 176.589 176.512 177.029 177.222 177.349 177.244 177.287 177.449 177.447 177.784 177.964 178.129 178.214 178.344 178.339 178.462 178.599 178.779 178.899 179.004 179.154 179.052 179.064 179.004 179.387 179.422 179.309 179.584 179.784 179.847 180.037
170.984 171.127 171.202 171.769 172.012 172.139 172.217 172.307 172.432 172.569 172.627 172.779 172.904 172.952 173.234 173.324 173.307 173.507 173.594 173.742 173.927 173.602 173.499 173.547 173.644 173.792 174.272 175.287 175.547 175.412 174.659 174.564 174.624 174.839 174.954 175.379 175.909 175.987 176.069 176.327 176.384 176.559 176.599 176.669 176.794 176.899 177.067 177.272 177.359 177.474 177.539 177.617 177.734 177.884 177.969 178.154 178.262 178.249 178.259 178.387 178.569 178.569 178.642 178.744 178.802 178.999 179.124
170.942 171.049 171.149 171.299 171.392 171.502 171.624 171.749 171.862 172.004 172.127 172.239 172.354 172.487 172.582 172.677 172.787 172.924 173.037 173.149 173.232 173.312 173.417 173.522 173.604 173.692 173.849 174.159 174.607 175.452 175.642 175.067 174.684 174.722 174.654 174.837 175.159 175.369 175.519 175.614 175.754 175.889 176.022 176.124 176.244 176.319 176.432 176.539 176.669 176.794 176.884 176.992 177.109 177.209 177.324 177.429 177.524 177.617 177.707 177.782 177.837 177.944 178.037 178.099 178.167 178.279 178.357
171.522 171.947 172.147 171.997 172.297 172.409 172.534 172.437 172.557 172.689 173.014 173.194 173.022 173.144 173.272 173.634 173.439 173.597 173.692 173.929 174.077 174.302 174.107 174.212 174.357 174.327 173.794 173.912 174.057 174.362 175.164 175.892 175.659 174.807 174.767 174.732 174.802 175.182 175.414 175.584 176.274 176.484 176.722 176.724 176.962 177.072 177.187 177.324 177.489 177.572 177.607 177.739 177.817 177.922 177.919 178.114 178.312 178.174 178.179 178.429 178.467 178.489 178.637 178.752 178.852 179.107 179.127
171.297 171.787 171.977 172.037 172.134 172.369 172.467 172.489 172.644 172.769 172.879 173.012 173.082 173.222 173.317 173.482 173.497 173.702 173.832 173.949 174.084 174.207 174.207 174.377 174.542 174.342 173.769 173.877 173.962 174.114 174.342 175.527 175.914 175.867 174.992 174.844 174.844 174.854 175.154 175.542 176.317 176.914 176.972 177.057 177.124 177.207 177.429 177.524 177.624 177.742 177.797 177.884 177.957 178.059 178.262 178.314 178.427 178.502 178.537 178.594 178.677 178.752 178.789 178.844 179.024 179.117 179.212
170.757 170.887 171.022 171.154 171.272 171.437 171.562 171.719 171.839 171.919 172.047 172.167 172.277 172.394 172.487 172.552 172.637 172.764 172.907 173.029 173.107 173.219 173.329 173.427 173.567 173.594 173.729 173.839 173.954 174.034 174.157 174.342 174.774 175.799 175.894 175.182 174.952 175.009 174.989 175.154 175.517 175.724 175.854 175.937 176.024 176.184 176.352 176.427 176.524 176.574 176.684 176.789 176.969 177.057 177.184 177.272 177.289 177.384 177.449 177.602 177.602 177.694 177.794 177.854 177.957 178.064 178.102
170.929 170.869 170.992 171.129 171.727 171.602 171.522 171.652 171.827 172.179 172.454 172.097 172.182 172.444 172.832 172.492 172.689 172.849 173.089 173.252 173.489 173.119 173.274 173.519 173.889 173.702 173.729 173.799 174.264 174.042 174.292 174.227 174.402 174.732 175.664 176.097 175.649 175.074 175.099 175.092 175.144 175.437 175.699 175.837 175.872 176.039 176.307 176.492 176.582 176.479 176.799 176.714 176.784 177.109 177.189 177.367 177.317 177.299 177.374 177.502 177.584 177.599 177.662 177.797 178.182 178.199 178.397
172.037 172.212 172.357 172.457 172.587 172.719 172.682 172.779 172.927 173.114 173.252 173.372 173.479 173.572 173.679 173.789 173.832 173.987 174.112 174.262 174.327 174.409 174.559 174.652 174.752 174.757 174.989 175.092 175.194 175.277 174.632 174.234 174.287 174.437 174.764 175.514 176.034 175.994 175.387 175.169 175.232 175.229 175.437 175.729 175.914 177.232 177.384 177.512 177.587 177.732 177.779 177.932 178.012 177.737 178.209 178.282 178.289 178.434 178.479 178.599 178.647 178.734 178.804 178.877 178.959 179.052 179.109
