Matlab/Roost_data/braunton/dsm/ss5035_DSM_2M.asc
ncols 500
nrows 500
xllcorner    250000
yllcorner    135000
cellsize     2
NODATA_value -9999
[rows 320 to 351 of 500, columns 426 to 496 of 500]
66.571 66.636 66.708 66.776 66.816 66.841 66.976 67.036 67.076 67.111 67.168 67.196 67.238 67.306 67.361 67.418 67.503 67.551 67.578 67.658 67.701 67.763 67.821 67.883 67.916 67.948 67.998 68.071 68.153 68.193 68.216 68.296 68.356 68.391 68.446 68.503 68.541 68.653 68.721 68.688 68.796 68.821 68.878 68.896 68.976 69.021 69.071 69.111 69.171 69.223 69.298 69.321 69.316 69.368 69.453 69.451 69.513 69.551 69.593 69.611 69.671 69.681 69.703 69.768 69.791 69.788 69.861 69.896 69.921 69.946 70.063
66.421 66.473 66.533 66.618 66.608 66.676 66.808 66.886 66.926 66.981 66.993 67.023 67.073 67.148 67.186 67.243 67.333 67.373 67.443 67.513 67.546 67.591 67.688 67.741 67.793 67.798 67.841 67.886 67.973 68.016 68.043 68.153 68.196 68.216 68.321 68.336 68.418 68.491 68.518 68.523 68.608 68.693 68.721 68.761 68.838 68.848 68.941 68.978 69.033 69.071 69.151 69.138 69.166 69.221 69.253 69.263 69.356 69.391 69.431 69.458 69.486 69.543 69.543 69.596 69.638 69.636 69.706 69.746 69.748 69.813 69.866
66.283 66.316 66.426 66.466 66.498 66.533 66.606 66.671 66.773 66.788 66.808 66.921 66.961 66.996 67.033 67.098 67.156 67.191 67.306 67.323 67.368 67.433 67.508 67.546 67.661 67.701 67.723 67.786 67.853 67.863 67.931 67.963 68.023 68.108 68.133 68.191 68.273 68.351 68.361 68.436 68.448 68.498 68.568 68.643 68.656 68.733 68.806 68.811 68.858 68.938 68.973 68.951 69.003 69.056 69.071 69.143 69.188 69.223 69.268 69.303 69.326 69.313 69.358 69.393 69.413 69.471 69.533 69.521 69.576 69.611 69.673
66.118 66.186 66.253 66.248 66.296 66.371 66.453 66.533 66.633 66.578 66.641 66.703 66.791 66.788 66.893 66.951 66.978 67.036 67.103 67.138 67.211 67.303 67.336 67.416 67.481 67.516 67.561 67.641 67.683 67.726 67.778 67.816 67.896 67.996 67.951 68.046 68.151 68.143 68.223 68.283 68.333 68.361 68.418 68.441 68.491 68.591 68.588 68.636 68.713 68.778 68.773 68.801 68.886 68.888 68.943 68.968 69.001 69.051 69.101 69.151 69.128 69.161 69.181 69.211 69.276 69.258 69.318 69.316 69.416 69.413 69.453
65.923 65.988 66.211 66.106 66.186 66.181 66.256 66.343 66.408 66.413 66.461 66.531 66.608 66.648 66.748 66.793 66.771 66.866 66.913 66.938 67.053 67.108 67.168 67.258 67.316 67.336 67.421 67.473 67.506 67.581 67.631 67.656 67.753 67.826 67.856 67.931 67.976 68.011 68.071 68.141 68.148 68.216 68.298 68.281 68.343 68.428 68.448 68.466 68.601 68.606 68.618 68.638 68.698 68.666 68.743 68.776 68.823 68.883 68.913 68.958 68.961 68.971 68.988 69.058 69.078 69.098 69.098 69.166 69.181 69.216 69.291
65.773 65.826 65.866 65.933 65.991 66.006 66.088 66.178 66.256 66.271 66.313 66.371 66.386 66.458 66.508 66.576 66.656 66.671 66.711 66.788 66.866 66.883 66.981 67.098 67.168 67.181 67.281 67.316 67.333 67.418 67.468 67.528 67.603 67.646 67.676 67.783 67.848 67.878 67.918 67.981 68.031 68.101 68.106 68.168 68.206 68.288 68.251 68.321 68.436 68.436 68.451 68.486 68.516 68.538 68.591 68.613 68.683 68.746 68.748 68.741 68.836 68.801 68.788 68.876 68.851 68.883 68.951 69.023 68.991 69.048 69.106
65.583 65.641 65.698 65.753 65.788 65.796 65.908 65.991 66.071 66.098 66.148 66.188 66.223 66.301 66.338 66.406 66.466 66.508 66.578 66.651 66.676 66.733 66.843 66.931 66.981 67.053 67.083 67.141 67.228 67.271 67.293 67.371 67.406 67.483 67.576 67.643 67.686 67.768 67.793 67.841 67.908 67.941 67.988 68.083 68.076 68.118 68.156 68.203 68.221 68.278 68.308 68.336 68.366 68.403 68.431 68.431 68.473 68.558 68.536 68.601 68.636 68.608 68.631 68.688 68.678 68.721 68.768 68.793 68.848 68.918 68.903
65.368 65.416 65.493 65.568 65.581 65.628 65.736 65.803 65.873 65.883 65.968 66.023 66.046 66.116 66.161 66.246 66.288 66.363 66.406 66.463 66.506 66.561 66.656 66.718 66.793 66.873 66.883 66.986 67.046 67.081 67.138 67.191 67.261 67.318 67.423 67.441 67.546 67.636 67.608 67.686 67.783 67.796 67.838 67.903 67.931 67.951 68.016 68.093 68.101 68.186 68.161 68.148 68.206 68.243 68.248 68.291 68.353 68.386 68.431 68.458 68.441 68.466 68.508 68.523 68.546 68.563 68.603 68.613 68.701 68.748 68.741
65.211 65.271 65.336 65.383 65.401 65.441 65.518 65.596 65.688 65.746 65.778 65.838 65.903 65.936 65.963 66.053 66.128 66.173 66.243 66.311 66.341 66.416 66.486 66.551 66.646 66.671 66.726 66.778 66.846 66.908 66.968 67.028 67.058 67.131 67.226 67.278 67.391 67.436 67.481 67.533 67.601 67.636 67.693 67.761 67.758 67.831 67.833 67.866 67.926 68.003 67.991 68.001 68.061 68.058 68.078 68.136 68.173 68.211 68.236 68.273 68.253 68.298 68.286 68.301 68.358 68.428 68.428 68.466 68.463 68.516 68.576
64.993 65.088 65.163 65.208 65.233 65.311 65.348 65.441 65.556 65.581 65.591 65.663 65.716 65.768 65.833 65.876 65.926 66.021 66.088 66.126 66.173 66.256 66.313 66.413 66.463 66.501 66.558 66.638 66.656 66.716 66.816 66.823 66.866 66.946 67.016 67.138 67.193 67.216 67.331 67.388 67.423 67.466 67.533 67.558 67.641 67.703 67.698 67.738 67.783 67.806 67.821 67.868 67.913 67.906 67.926 67.961 67.956 68.021 68.066 68.068 68.116 68.116 68.136 68.143 68.181 68.183 68.256 68.248 68.273 68.333 68.391
64.836 64.901 64.981 65.021 65.116 65.151 65.191 65.268 65.358 65.361 65.453 65.481 65.536 65.606 65.666 65.751 65.746 65.808 65.876 65.916 66.001 66.078 66.128 66.201 66.278 66.348 66.413 66.436 66.488 66.563 66.598 66.701 66.758 66.783 66.886 66.961 67.063 67.066 67.138 67.218 67.248 67.293 67.338 67.376 67.466 67.488 67.511 67.563 67.631 67.623 67.696 67.703 67.708 67.761 67.768 67.753 67.791 67.848 67.878 67.916 67.971 67.901 67.933 67.971 67.978 68.006 68.071 68.101 68.101 68.143 68.171
64.708 64.733 64.791 64.828 64.923 64.973 64.986 65.071 65.166 65.198 65.263 65.301 65.376 65.403 65.503 65.518 65.593 65.643 65.686 65.758 65.821 65.871 65.921 66.001 66.083 66.143 66.201 66.243 66.268 66.348 66.413 66.538 66.608 66.643 66.738 66.806 66.863 66.923 66.971 67.026 67.116 67.166 67.138 67.213 67.286 67.311 67.343 67.408 67.446 67.478 67.518 67.501 67.511 67.581 67.566 67.606 67.673 67.671 67.681 67.766 67.768 67.758 67.778 67.793 67.806 67.848 67.868 67.866 67.918 67.946 67.983
64.503 64.556 64.618 64.671 64.731 64.776 64.828 64.913 65.006 65.026 65.113 65.153 65.191 65.268 65.283 65.343 65.393 65.456 65.528 65.581 65.621 65.691 65.751 65.851 65.861 65.986 66.046 66.053 66.141 66.163 66.231 66.353 66.356 66.438 66.533 66.623 66.668 66.771 66.836 66.886 66.933 66.988 66.998 67.033 67.128 67.141 67.171 67.253 67.251 67.301 67.333 67.336 67.388 67.411 67.383 67.443 67.463 67.501 67.526 67.558 67.563 67.593 67.613 67.636 67.641 67.658 67.708 67.713 67.788 67.813 67.843
64.288 64.343 64.403 64.498 64.546 64.583 64.676 64.756 64.828 64.886 64.918 64.966 65.041 65.108 65.146 65.206 65.248 65.271 65.318 65.418 65.468 65.518 65.611 65.643 65.721 65.771 65.831 65.906 65.956 66.003 66.043 66.141 66.196 66.276 66.333 66.406 66.493 66.551 66.601 66.711 66.758 66.796 66.836 66.901 66.968 67.003 67.036 67.043 67.106 67.138 67.191 67.213 67.228 67.208 67.248 67.278 67.296 67.346 67.381 67.381 67.408 67.423 67.456 67.441 67.493 67.508 67.518 67.556 67.593 67.616 67.681
64.118 64.153 64.256 64.288 64.368 64.423 64.488 64.533 64.598 64.686 64.731 64.753 64.836 64.876 64.951 65.001 65.078 65.116 65.203 65.241 65.278 65.363 65.428 65.446 65.608 65.646 65.651 65.711 65.793 65.778 65.918 65.998 65.978 66.118 66.136 66.218 66.361 66.398 66.468 66.506 66.583 66.616 66.686 66.698 66.758 66.818 66.846 66.868 66.918 66.968 66.958 66.976 67.023 67.018 67.071 67.108 67.118 67.151 67.178 67.186 67.221 67.223 67.231 67.268 67.298 67.313 67.336 67.368 67.428 67.456 67.486
63.906 63.971 64.086 64.276 64.243 64.233 64.258 64.316 64.441 64.496 64.526 64.596 64.641 64.676 64.736 64.798 64.863 64.911 65.018 65.053 65.131 65.186 65.268 65.353 65.408 65.463 65.521 65.563 65.576 65.641 65.716 65.778 65.853 65.928 65.963 66.061 66.141 66.168 66.266 66.313 66.343 66.448 66.491 66.531 66.573 66.638 66.653 66.691 66.746 66.761 66.778 66.811 66.843 66.873 66.888 66.888 66.901 66.943 66.976 66.998 67.033 67.026 67.041 67.051 67.093 67.086 67.121 67.148 67.188 67.236 67.296
63.736 63.788 63.836 63.891 64.013 64.038 64.276 64.153 64.243 64.293 64.318 64.356 64.413 64.463 64.568 64.638 64.656 64.736 64.806 64.861 64.943 65.003 65.058 65.168 65.243 65.233 65.358 65.401 65.423 65.498 65.541 65.598 65.691 65.751 65.791 65.886 65.906 66.016 66.118 66.148 66.168 66.236 66.271 66.351 66.383 66.448 66.451 66.528 66.548 66.561 66.641 66.661 66.618 66.661 66.683 66.673 66.698 66.723 66.786 66.816 66.836 66.826 66.876 66.873 66.876 66.926 66.938 66.951 67.023 67.071 67.101
63.616 63.671 63.736 63.753 63.828 63.876 64.346 63.973 64.046 64.103 64.136 64.178 64.193 64.256 64.381 64.416 64.463 64.541 64.603 64.651 64.733 64.783 64.851 64.968 65.018 65.086 65.171 65.171 65.236 65.281 65.333 65.428 65.468 65.523 65.606 65.693 65.763 65.871 65.931 65.958 66.031 66.058 66.118 66.201 66.218 66.236 66.281 66.341 66.343 66.406 66.443 66.448 66.483 66.471 66.488 66.506 66.561 66.583 66.616 66.633 66.648 66.688 66.698 66.668 66.691 66.736 66.723 66.776 66.866 66.883 66.903
63.446 63.486 63.533 63.608 63.641 63.698 63.746 63.828 63.891 63.931 63.961 63.988 64.036 64.096 64.161 64.203 64.301 64.326 64.411 64.493 64.573 64.606 64.661 64.758 64.816 64.903 64.996 64.961 65.063 65.121 65.161 65.233 65.296 65.353 65.431 65.536 65.588 65.678 65.733 65.788 65.851 65.898 65.963 66.021 65.996 66.061 66.096 66.153 66.193 66.268 66.253 66.288 66.321 66.313 66.306 66.336 66.326 66.353 66.411 66.396 66.438 66.466 66.453 66.448 66.506 66.523 66.551 66.601 66.653 66.656 66.703
63.238 63.293 63.366 63.423 63.461 63.508 63.581 63.638 63.691 63.816 63.773 63.813 63.868 63.971 63.996 64.066 64.153 64.181 64.246 64.336 64.346 64.421 64.488 64.578 64.646 64.726 64.761 64.806 64.886 64.896 64.983 65.031 65.078 65.161 65.276 65.306 65.391 65.468 65.518 65.611 65.656 65.726 65.763 65.803 65.823 65.851 65.918 65.936 65.993 66.043 66.053 66.111 66.128 66.091 66.123 66.098 66.101 66.153 66.196 66.198 66.251 66.268 66.241 66.293 66.288 66.308 66.331 66.378 66.391 66.471 66.471
63.058 63.103 63.178 63.231 63.306 63.326 63.406 63.421 63.506 63.588 63.586 63.616 63.716 63.788 63.806 63.861 63.923 63.998 64.068 64.128 64.176 64.248 64.313 64.378 64.508 64.523 64.586 64.678 64.691 64.708 64.773 64.828 64.943 65.073 65.021 65.091 65.213 65.276 65.328 65.386 65.428 65.518 65.566 65.598 65.623 65.681 65.698 65.766 65.821 65.841 65.873 65.906 65.931 65.946 65.956 65.943 65.938 65.938 65.998 66.001 66.078 66.043 66.058 66.083 66.053 66.116 66.126 66.161 66.201 66.248 66.296
62.816 62.878 62.988 63.073 63.078 63.128 63.198 63.218 63.341 63.371 63.433 63.446 63.513 63.568 63.613 63.656 63.761 63.788 63.868 63.928 63.986 64.056 64.096 64.173 64.266 64.353 64.403 64.476 64.521 64.566 64.563 64.636 64.706 64.791 64.841 64.956 65.033 65.043 65.128 65.206 65.243 65.323 65.368 65.433 65.463 65.508 65.571 65.606 65.613 65.638 65.678 65.676 65.668 65.723 65.748 65.743 65.768 65.791 65.806 65.846 65.841 65.853 65.876 65.903 65.883 65.918 65.941 66.003 66.033 66.078 66.088
62.606 62.658 62.756 62.806 62.896 62.976 63.016 63.033 63.121 63.193 63.191 63.266 63.336 63.356 63.418 63.511 63.563 63.636 63.688 63.711 63.786 63.831 63.888 63.961 64.063 64.121 64.176 64.236 64.296 64.328 64.356 64.408 64.471 64.573 64.641 64.716 64.783 64.838 64.928 64.988 65.061 65.121 65.196 65.221 65.286 65.293 65.376 65.451 65.441 65.468 65.501 65.523 65.526 65.543 65.543 65.591 65.581 65.591 65.613 65.666 65.656 65.673 65.678 65.641 65.678 65.703 65.746 65.758 65.781 65.818 65.898
62.393 62.483 62.553 62.611 62.658 62.743 62.813 62.841 62.953 63.006 63.013 63.071 63.166 63.181 63.261 63.333 63.368 63.413 63.466 63.528 63.608 63.621 63.678 63.736 63.813 63.871 63.976 64.036 64.083 64.121 64.173 64.221 64.251 64.321 64.421 64.488 64.578 64.663 64.701 64.771 64.831 64.908 64.966 65.026 65.083 65.126 65.161 65.203 65.221 65.263 65.313 65.306 65.333 65.333 65.343 65.348 65.368 65.376 65.391 65.408 65.458 65.473 65.466 65.431 65.471 65.463 65.521 65.541 65.618 65.591 65.616
62.166 62.213 62.268 62.361 62.438 62.498 62.531 62.628 62.688 62.753 62.846 62.876 62.913 63.006 63.056 63.136 63.216 63.263 63.293 63.388 63.423 63.456 63.531 63.611 63.653 63.718 63.771 63.818 63.851 63.938 63.921 64.056 64.043 64.108 64.181 64.268 64.321 64.418 64.496 64.513 64.641 64.658 64.746 64.773 64.818 64.893 64.956 64.981 65.018 65.028 65.056 65.073 65.106 65.138 65.161 65.141 65.133 65.178 65.188 65.188 65.216 65.231 65.243 65.251 65.276 65.288 65.326 65.366 65.401 65.418 65.448
61.901 61.988 62.033 62.113 62.183 62.228 62.303 62.371 62.448 62.553 62.601 62.648 62.646 62.746 62.853 62.906 63.013 63.068 63.091 63.143 63.223 63.258 63.351 63.393 63.461 63.551 63.608 63.656 63.681 63.731 63.806 63.836 63.881 63.923 64.016 64.071 64.128 64.176 64.271 64.301 64.353 64.438 64.453 64.518 64.568 64.648 64.721 64.728 64.753 64.773 64.811 64.851 64.888 64.878 64.936 64.928 64.938 64.958 64.973 64.988 65.023 65.031 65.061 65.066 65.081 65.113 65.126 65.148 65.198 65.236 65.243
61.706 61.766 61.836 61.926 61.993 62.006 62.111 62.191 62.201 62.298 62.321 62.378 62.436 62.491 62.568 62.656 62.756 62.766 62.881 62.971 63.003 63.103 63.123 63.171 63.243 63.326 63.393 63.458 63.471 63.508 63.568 63.631 63.678 63.733 63.798 63.876 63.936 64.031 64.078 64.103 64.173 64.243 64.281 64.321 64.396 64.428 64.488 64.518 64.536 64.551 64.616 64.621 64.658 64.676 64.676 64.683 64.686 64.723 64.773 64.791 64.783 64.813 64.831 64.841 64.871 64.908 64.941 64.921 64.991 64.998 65.011
61.533 61.563 61.656 61.698 61.751 61.813 61.861 61.928 62.011 62.091 62.118 62.176 62.223 62.278 62.321 62.423 62.478 62.571 62.646 62.731 62.763 62.836 62.883 62.908 63.018 63.083 63.141 63.183 63.241 63.291 63.348 63.371 63.438 63.506 63.588 63.691 63.763 63.776 63.888 63.901 63.938 64.026 64.056 64.103 64.158 64.206 64.223 64.296 64.318 64.313 64.391 64.398 64.403 64.468 64.441 64.483 64.496 64.476 64.533 64.538 64.546 64.616 64.651 64.601 64.621 64.683 64.698 64.726 64.736 64.758 64.791
61.291 61.351 61.401 61.453 61.523 61.568 61.658 61.701 61.791 61.836 61.933 61.963 61.981 62.063 62.128 62.198 62.291 62.313 62.401 62.493 62.526 62.593 62.681 62.738 62.783 62.803 62.911 62.976 62.976 63.098 63.143 63.161 63.223 63.268 63.361 63.433 63.528 63.578 63.663 63.698 63.801 63.828 63.843 63.898 63.928 63.966 64.043 64.041 64.068 64.148 64.143 64.193 64.231 64.218 64.188 64.261 64.256 64.266 64.283 64.313 64.341 64.358 64.378 64.391 64.406 64.423 64.461 64.523 64.523 64.533 64.561
61.088 61.156 61.231 61.281 61.293 61.373 61.406 61.463 61.508 61.611 61.661 61.731 61.766 61.791 61.863 61.926 62.001 62.071 62.146 62.206 62.301 62.361 62.406 62.471 62.531 62.616 62.641 62.738 62.781 62.853 62.883 62.928 63.011 63.073 63.153 63.218 63.296 63.366 63.453 63.458 63.561 63.558 63.633 63.663 63.701 63.753 63.806 63.803 63.856 63.926 63.928 63.983 63.998 64.011 63.998 64.033 64.046 64.043 64.103 64.106 64.126 64.158 64.158 64.173 64.186 64.216 64.251 64.286 64.323 64.336 64.348
60.863 60.956 61.021 61.066 61.063 61.161 61.196 61.283 61.298 61.376 61.478 61.503 61.553 61.563 61.646 61.703 61.758 61.843 61.883 61.993 62.053 62.101 62.136 62.178 62.241 62.351 62.383 62.433 62.511 62.581 62.641 62.676 62.733 62.783 62.883 62.963 63.058 63.116 63.193 63.273 63.341 63.363 63.421 63.468 63.496 63.556 63.591 63.631 63.671 63.676 63.718 63.771 63.781 63.786 63.828 63.816 63.808 63.816 63.843 63.896 63.906 63.928 63.928 63.946 63.951 63.968 64.016 64.026 64.068 64.108 64.126
60.678 60.753 60.806 60.856 60.918 60.956 61.028 61.093 61.128 61.208 61.271 61.296 61.291 61.353 61.441 61.481 61.591 61.656 61.681 61.761 61.798 61.863 61.903 61.968 62.031 62.128 62.136 62.163 62.231 62.286 62.353 62.411 62.448 62.511 62.633 62.683 62.806 62.861 62.923 62.928 63.058 63.106 63.158 63.201 63.206 63.301 63.301 63.366 63.403 63.458 63.493 63.516 63.553 63.561 63.566 63.603 63.611 63.603 63.606 63.671 63.676 63.681 63.673 63.691 63.703 63.738 63.786 63.798 63.831 63.868 63.888
