Matlab/Roost_data/braunton/dsm/ss5034_DSM_2M.asc
ncols 500
nrows 500
xllcorner    250000
yllcorner    134000
cellsize     2
NODATA_value -9999
[rows 170 to 203 of 500, columns 152 to 227 of 500]
6.904 6.891 6.851 6.861 8.271 7.619 7.349 6.966 7.024 7.041 7.054 7.031 7.021 7.034 7.034 7.014 7.311 7.576 7.324 6.964 7.654 7.321 7.024 7.034 7.049 7.126 7.134 7.844 7.576 7.149 7.186 7.286 7.251 7.154 7.109 7.384 7.431 7.694 7.384 7.091 7.034 7.064 7.049 7.024 7.001 7.004 7.019 7.039 7.031 7.004 6.996 7.666 7.746 5.896 5.954 7.884 12.384 13.729 10.864 6.931 7.376 12.399 13.759 13.426 11.299 8.331 10.011 11.211 11.474 10.426 9.741 9.404 8.914 9.919 11.169 11.824
6.854 6.861 6.849 7.656 9.739 10.699 10.819 11.491 9.466 9.281 7.516 7.071 7.039 6.999 7.039 7.039 8.616 12.874 12.591 10.296 10.096 8.331 7.919 7.134 7.036 7.081 8.179 9.944 9.571 9.551 7.186 7.226 7.231 7.221 7.189 7.261 7.511 7.669 7.904 7.311 7.366 7.886 7.531 7.161 7.131 7.031 6.991 6.974 6.959 6.931 6.989 7.931 6.414 5.911 5.959 7.559 8.189 7.651 7.614 6.979 8.969 13.011 13.866 13.111 8.771 7.111 7.619 13.231 12.936 12.024 8.611 8.504 8.551 8.606 9.846 10.004
6.854 6.891 6.896 8.649 9.996 10.959 11.994 12.391 11.564 10.464 8.136 7.024 7.034 7.004 6.996 7.016 9.779 13.384 13.451 13.539 13.581 13.639 12.389 11.681 7.011 7.021 7.359 7.629 7.866 8.366 7.209 7.274 7.326 7.364 7.349 7.311 7.336 7.339 7.321 7.296 7.414 7.624 7.596 7.484 7.259 7.231 7.399 7.294 6.994 7.054 7.521 7.916 5.914 5.899 6.014 8.084 7.514 6.959 7.384 7.194 10.919 13.364 13.769 12.711 9.591 7.039 9.429 12.521 13.656 13.309 9.309 7.666 9.356 8.664 8.671 7.721
6.881 6.869 6.906 9.016 10.221 11.181 12.216 12.379 11.376 9.894 6.904 6.926 6.969 6.976 6.974 6.994 7.931 12.879 13.106 13.219 13.251 13.311 13.429 12.139 6.996 7.021 7.006 7.126 7.209 7.209 7.224 7.291 7.346 7.364 7.334 7.284 7.246 7.306 7.346 7.336 7.366 7.386 7.424 7.411 7.526 7.456 7.844 7.746 7.989 8.576 8.439 6.614 5.841 5.889 6.064 7.986 7.139 7.424 7.564 7.754 12.089 13.689 13.451 11.161 8.554 7.084 7.054 7.441 10.579 11.249 7.294 10.224 13.106 12.119 12.061 10.619
6.861 6.844 6.914 9.214 10.391 11.384 12.291 12.176 11.151 9.354 6.869 6.896 6.921 6.924 6.931 6.956 9.104 12.679 12.779 12.849 12.874 12.984 13.064 10.566 7.061 7.076 7.054 7.036 7.129 7.194 7.199 7.251 7.261 7.304 7.291 7.226 7.196 7.301 7.369 7.376 7.409 7.421 7.436 7.441 7.459 7.444 7.434 7.471 7.579 7.546 8.161 6.254 5.851 5.889 7.054 8.054 6.861 6.899 6.946 9.129 12.974 13.886 13.096 9.931 7.314 7.689 7.044 7.111 7.639 7.069 7.309 12.874 13.796 13.731 13.411 13.074
6.844 6.846 7.991 9.756 10.566 11.604 12.386 11.934 10.874 9.439 6.876 6.881 6.921 6.919 6.906 6.939 10.771 12.351 12.416 12.484 12.554 12.644 12.731 8.711 7.041 7.079 7.116 7.044 7.019 7.011 7.019 7.051 7.099 7.154 7.199 7.194 7.239 7.291 7.346 7.354 7.381 7.426 7.469 7.454 7.431 7.444 7.456 7.439 7.379 7.761 7.056 5.781 5.811 5.936 7.676 7.136 6.974 6.926 7.026 10.781 13.354 13.736 12.721 8.854 7.009 7.109 6.976 6.896 6.921 6.996 7.621 11.644 12.921 13.236 13.514 13.816
6.836 6.814 8.126 9.871 10.776 11.824 12.586 11.744 10.631 7.844 6.879 6.876 6.876 6.869 6.901 6.976 10.626 12.011 12.044 12.161 12.236 12.304 12.394 7.151 7.036 7.071 7.134 7.039 7.029 6.976 7.011 7.016 7.049 7.054 7.061 7.081 7.086 7.084 7.149 7.211 7.269 7.316 7.369 7.404 7.416 7.419 7.419 7.369 7.359 7.939 6.386 5.751 5.801 6.214 8.131 6.786 6.881 6.984 7.671 12.239 13.726 13.419 11.799 7.834 7.016 7.011 6.936 6.896 6.921 7.069 7.026 7.541 8.231 9.941 12.069 12.871
6.816 6.809 8.299 10.056 11.029 12.014 12.396 11.524 10.666 7.319 6.829 6.821 6.871 6.876 6.916 7.151 12.154 12.134 12.046 12.011 11.981 11.969 10.456 7.094 7.084 7.076 7.119 7.064 7.031 7.034 7.044 7.059 7.054 7.076 7.066 7.069 7.059 7.044 7.046 7.021 7.039 7.071 7.091 7.119 7.164 7.209 7.281 7.294 7.436 7.496 5.744 5.761 6.861 8.304 10.249 7.136 7.036 7.086 9.491 13.026 13.821 13.084 9.814 7.039 7.024 7.081 6.956 6.904 6.911 7.074 7.491 7.334 6.979 7.111 7.364 8.699
6.799 7.121 9.254 10.216 11.244 12.269 12.224 11.301 10.249 7.351 6.844 6.836 6.846 6.864 6.886 9.216 12.536 12.456 12.421 12.329 12.274 12.189 10.481 7.109 7.121 7.119 7.106 7.089 7.094 7.071 7.064 7.051 7.071 7.079 7.049 7.056 7.049 7.041 7.041 7.024 7.039 7.031 7.026 7.031 7.051 7.061 7.061 7.196 7.766 6.716 5.729 6.206 11.684 14.674 14.191 8.186 7.031 6.974 12.449 13.631 13.956 12.614 7.181 7.024 7.051 7.059 6.906 6.929 7.009 7.391 7.404 7.179 7.141 7.121 7.334 7.641
6.801 7.146 8.104 8.954 10.744 12.414 12.081 11.059 9.009 6.871 6.869 6.814 6.831 6.846 6.881 8.714 12.906 12.856 12.779 12.691 12.594 12.409 8.454 7.119 7.144 7.449 7.216 7.101 7.099 7.061 7.069 7.066 7.059 7.076 7.064 7.059 7.046 7.054 7.036 7.039 7.041 7.066 7.041 7.056 7.531 7.861 7.394 7.216 7.699 5.851 5.734 7.116 13.291 15.606 15.151 9.379 7.486 9.304 12.954 13.946 13.781 12.604 7.041 7.061 7.084 7.059 6.904 6.921 7.026 7.156 7.239 7.446 7.394 7.244 7.751 7.244
6.799 6.801 6.824 6.854 6.929 7.036 8.066 8.806 7.594 6.884 6.861 6.849 6.856 6.816 6.829 10.901 13.266 13.199 13.091 12.999 12.954 12.899 8.104 7.111 7.174 7.189 7.866 7.446 7.074 7.069 7.069 7.089 7.096 7.094 7.081 7.076 7.061 7.086 7.084 7.066 7.054 7.066 7.051 7.089 7.769 7.966 8.031 7.156 6.261 5.739 5.751 7.131 12.276 14.609 14.604 7.741 9.146 11.444 13.286 14.186 13.351 11.381 7.019 7.079 7.486 6.989 6.869 6.946 7.046 7.161 7.204 7.296 7.416 7.666 7.876 7.554
6.791 6.771 6.799 6.801 6.801 6.816 6.846 6.874 6.839 6.864 6.861 6.854 6.831 6.834 7.651 12.351 13.571 13.526 13.456 13.399 13.306 13.244 7.981 7.571 7.936 7.796 7.721 7.454 7.046 7.039 7.029 7.046 7.061 7.056 7.086 7.074 7.079 7.074 7.084 7.109 7.084 7.081 7.076 7.099 7.104 7.151 7.239 6.924 6.011 5.699 5.724 5.819 9.089 10.156 9.921 6.939 9.091 12.466 13.689 14.011 12.956 10.411 7.634 7.111 7.166 6.926 6.881 6.944 7.024 7.176 7.254 7.249 7.381 8.109 7.464 8.026
6.769 6.744 6.774 6.759 6.736 6.776 6.774 6.776 6.824 6.819 6.854 6.879 6.874 6.854 6.934 8.601 9.496 10.081 12.181 13.634 13.646 11.741 7.034 7.079 8.871 9.209 9.451 8.264 6.966 7.014 7.016 7.001 7.014 7.049 7.066 7.064 7.071 7.069 7.071 7.086 7.079 7.099 7.124 7.116 7.136 7.131 7.196 6.594 5.756 5.704 5.701 6.051 8.979 7.249 6.844 6.956 8.816 12.789 14.031 13.714 12.646 9.171 7.504 7.619 6.911 6.834 6.881 6.971 6.989 7.001 7.091 7.156 7.471 7.551 8.049 8.334
6.736 6.734 6.766 6.739 6.701 6.706 6.736 6.789 6.794 6.824 6.856 6.889 6.891 6.886 7.076 6.906 6.771 6.836 6.859 6.911 8.059 8.989 7.011 7.236 9.166 9.561 9.566 8.281 6.881 6.926 6.954 6.969 6.951 6.984 7.021 7.046 7.016 7.014 7.004 7.014 7.106 7.166 7.139 7.136 7.139 7.229 7.029 6.059 5.684 5.709 5.744 6.709 8.089 6.944 7.034 7.704 10.664 13.319 14.086 13.326 9.994 7.484 6.949 6.911 6.851 6.824 6.901 6.966 6.979 7.001 7.016 7.009 7.104 7.166 7.744 7.324
7.176 6.769 6.721 6.721 6.684 6.721 6.759 6.779 6.799 6.844 6.856 6.851 6.889 6.916 7.254 6.829 6.774 6.806 6.829 6.846 6.854 6.936 6.849 7.381 9.594 10.331 9.959 8.114 6.779 6.799 6.834 6.846 6.876 6.911 6.931 6.946 6.984 6.949 6.954 6.954 7.049 7.221 7.249 7.269 7.264 7.126 6.471 5.771 5.674 5.711 5.796 7.864 7.389 6.981 6.989 7.494 11.796 13.664 14.051 13.026 8.896 7.044 7.064 7.034 6.866 6.894 6.971 7.074 7.086 7.141 7.561 7.101 7.051 7.071 7.101 7.141
6.576 6.609 7.031 7.146 7.161 7.016 6.821 6.781 6.821 6.786 6.839 6.869 6.871 7.096 6.946 6.846 6.801 6.821 6.811 7.474 6.944 6.921 6.854 7.656 9.749 10.339 10.041 7.506 6.644 6.704 6.711 6.756 6.761 6.839 6.911 6.891 6.944 6.924 6.926 6.874 6.874 6.911 6.811 6.804 6.629 6.284 5.826 5.659 5.671 5.684 5.864 8.046 6.736 6.859 7.036 8.011 12.914 13.924 13.789 11.969 7.336 7.056 7.084 7.024 6.899 6.921 7.046 7.186 8.654 8.144 7.176 7.069 7.024 7.051 7.086 7.124
6.654 6.644 6.684 6.694 6.724 6.766 6.804 6.836 6.941 7.061 7.074 7.046 6.924 7.501 7.239 6.781 6.829 6.794 7.024 7.069 6.976 6.856 6.874 8.056 10.024 11.599 11.601 7.394 6.574 6.559 6.591 6.579 6.636 6.746 6.839 6.921 6.959 6.894 6.854 6.801 6.729 6.589 6.366 6.176 6.001 5.826 5.664 5.621 5.644 5.711 6.961 7.776 6.906 11.204 12.824 12.449 13.259 14.069 13.439 11.541 7.079 7.064 7.066 7.004 6.936 6.981 7.086 7.824 9.171 7.544 7.181 8.191 7.369 7.096 7.086 7.116
6.674 6.659 6.736 6.759 6.776 6.779 6.816 6.814 6.814 6.856 6.921 6.979 7.421 8.746 7.766 7.846 7.684 7.654 7.454 9.304 9.001 8.354 7.496 8.614 10.256 11.951 11.444 6.684 6.361 6.691 6.416 6.451 6.436 6.699 6.764 6.949 6.924 6.896 6.834 6.749 6.661 6.461 6.286 6.141 5.971 5.829 5.654 5.631 5.674 5.766 7.484 7.031 7.251 8.464 9.274 12.551 13.641 14.081 12.969 10.474 7.991 7.461 6.986 6.914 6.889 6.999 7.146 8.289 9.349 7.206 7.161 7.744 7.281 7.154 7.181 7.169
6.699 6.724 6.746 6.769 6.791 6.814 6.816 6.826 6.851 6.891 6.949 7.046 7.391 8.376 7.011 7.426 7.724 8.811 10.104 12.474 12.776 12.724 8.624 8.881 10.451 12.154 11.339 6.421 6.269 7.816 10.281 9.926 8.559 7.489 6.769 7.009 6.939 6.926 6.879 6.841 6.876 6.801 6.591 6.264 5.986 5.776 5.669 5.654 5.676 6.109 8.851 6.991 7.066 7.059 9.484 12.884 13.881 13.769 12.644 9.241 7.524 7.501 7.014 6.861 6.904 7.071 7.579 9.501 12.106 9.931 10.029 9.611 7.736 7.151 7.159 7.179
6.679 6.731 6.771 6.784 6.801 6.841 6.819 6.846 6.846 6.859 6.886 7.004 7.486 8.019 6.954 6.951 6.916 8.001 10.264 12.761 13.089 11.231 7.989 6.714 10.786 12.134 10.946 6.564 6.744 9.446 11.616 11.654 11.509 9.299 6.836 7.036 6.971 6.956 6.946 6.971 7.039 7.041 7.229 7.004 6.771 5.734 5.661 5.654 5.709 6.584 7.704 6.876 7.854 7.204 10.521 13.249 14.136 13.446 10.536 7.241 7.969 7.454 6.899 6.851 6.959 7.121 7.781 9.319 12.679 13.349 12.954 12.636 10.891 8.841 8.224 8.149
6.666 6.711 6.736 6.774 6.806 6.789 6.826 6.801 6.791 6.831 6.881 7.046 7.351 7.091 6.916 6.964 6.936 7.121 8.201 9.919 9.191 7.736 6.914 6.901 9.924 12.129 9.554 6.821 7.134 10.371 11.651 11.676 11.651 8.994 7.106 7.046 7.021 6.981 6.989 7.071 7.106 9.524 14.766 12.071 7.956 6.509 5.641 5.636 5.714 7.926 9.956 11.404 12.999 12.181 7.844 10.061 11.836 13.056 8.456 7.031 7.056 6.994 6.874 6.906 6.989 7.189 8.739 12.171 14.186 14.244 14.094 13.721 13.311 12.971 12.476 10.581
6.676 6.716 6.711 6.724 6.751 6.751 6.761 6.771 6.779 6.809 6.864 7.256 8.486 7.159 6.904 6.926 6.909 6.911 6.914 7.629 6.914 7.121 7.014 6.966 10.869 12.906 12.289 12.686 12.434 12.331 12.301 11.826 11.669 7.424 7.009 7.071 7.019 6.991 6.966 6.976 9.169 14.391 15.931 12.594 8.144 5.811 5.624 5.649 5.769 8.309 9.491 8.509 13.089 13.804 9.986 7.146 6.961 7.484 7.771 7.046 7.064 7.011 6.901 6.934 7.061 7.549 9.266 11.631 13.294 13.666 13.981 14.229 14.291 14.106 13.721 13.366
6.649 6.656 6.669 6.684 6.696 6.734 6.724 6.744 6.746 6.786 6.829 7.576 8.224 6.876 6.884 6.941 6.909 6.914 6.956 6.976 6.979 6.971 7.006 8.144 11.424 13.939 13.981 13.859 14.291 13.769 13.519 12.184 11.639 7.901 6.919 7.044 6.996 6.974 6.959 6.941 6.956 12.911 15.161 8.276 7.721 5.826 5.624 5.629 5.761 9.381 12.401 11.214 14.786 12.919 10.526 9.869 8.214 8.666 6.934 7.036 7.046 7.041 7.049 7.001 7.141 7.664 9.401 8.199 9.896 12.074 12.939 13.276 13.629 14.004 14.236 14.276
6.649 6.609 6.631 6.649 6.669 6.704 6.696 6.716 6.701 6.739 6.851 8.016 7.749 7.946 8.994 6.909 6.914 6.929 6.959 6.986 6.959 6.956 7.051 8.724 12.216 14.649 14.861 14.876 14.804 14.769 14.676 11.661 11.621 8.376 8.376 9.461 7.011 6.959 6.936 6.904 7.144 8.834 8.824 8.186 6.354 5.546 5.609 5.626 5.716 6.426 12.129 14.441 11.839 10.094 12.479 9.284 12.169 16.414 12.536 6.966 7.031 7.116 7.136 7.106 7.156 8.519 9.041 7.184 7.156 8.399 10.301 9.716 10.196 12.194 13.294 13.641
6.606 6.574 6.604 6.621 6.664 6.691 6.694 6.674 6.721 6.776 6.881 9.411 9.116 7.836 9.196 7.016 6.921 6.906 6.924 6.929 6.944 6.954 6.951 9.001 12.146 13.924 14.024 14.144 14.239 14.414 13.749 11.661 11.584 6.464 11.809 16.736 8.856 6.966 6.911 6.871 7.006 7.304 7.206 7.886 6.321 5.564 5.589 5.604 5.696 6.461 10.844 12.274 12.566 10.436 7.564 8.206 14.789 18.236 18.116 9.314 7.226 7.009 7.081 7.096 7.136 7.959 7.966 7.269 7.519 9.379 8.716 7.204 7.549 9.996 8.621 10.931
6.614 6.594 6.601 6.649 6.651 6.664 6.676 6.684 6.726 6.776 7.231 9.746 10.121 8.281 7.986 6.831 6.891 6.889 6.891 6.901 6.949 6.931 6.914 6.989 7.686 12.631 12.474 12.979 13.104 13.204 12.819 11.604 10.206 10.776 16.884 18.279 9.796 6.919 6.874 6.826 6.799 6.796 7.274 7.551 5.651 5.566 5.601 5.626 5.724 6.791 10.939 12.469 12.124 8.281 6.231 6.286 12.069 13.531 11.941 7.276 7.224 7.331 7.164 7.054 7.111 7.344 7.529 7.671 7.234 7.529 7.749 7.374 8.109 7.936 7.144 7.326
6.561 6.584 6.581 6.619 6.664 6.661 6.674 6.679 6.709 6.779 7.571 10.076 10.244 9.624 8.851 6.839 6.851 6.921 6.931 6.929 6.906 6.859 6.914 6.864 6.444 7.414 6.909 6.744 8.314 7.554 9.686 8.089 7.279 10.899 11.541 12.696 7.774 6.901 6.854 6.799 6.756 6.789 7.556 7.239 5.549 5.586 5.621 5.656 5.799 9.171 11.626 12.491 11.891 9.116 6.264 6.659 8.016 6.934 7.921 7.036 7.316 11.671 12.946 9.804 7.644 7.159 7.139 7.156 7.189 7.214 7.199 7.229 7.161 7.154 7.124 7.171
6.551 6.586 6.606 6.654 6.639 6.639 6.674 6.679 6.711 6.794 8.234 10.301 8.301 7.774 6.914 7.219 6.906 6.906 6.936 6.921 6.881 6.899 6.946 6.694 6.304 6.226 6.199 6.219 6.246 6.586 6.836 6.294 6.731 6.984 7.336 7.269 6.921 6.866 6.824 6.799 6.774 6.911 7.939 6.466 5.541 5.576 5.609 5.696 5.794 9.564 11.639 12.479 11.714 8.251 6.326 6.499 7.461 11.941 11.431 7.664 9.336 12.981 14.006 13.916 12.486 9.456 8.846 8.114 7.231 7.254 7.216 7.216 7.194 7.649 10.836 9.984
6.569 6.564 6.586 6.649 6.654 6.659 6.679 6.676 6.724 6.861 8.766 9.219 6.879 6.759 6.971 7.504 7.284 7.996 9.456 11.009 10.281 6.856 7.059 7.089 6.276 6.206 6.179 6.211 6.289 6.499 6.631 6.234 6.676 6.966 7.014 7.029 7.009 6.969 6.881 6.814 6.786 7.066 7.536 5.554 5.541 5.566 5.624 5.684 6.039 10.184 11.829 12.546 11.481 8.836 6.339 6.971 10.641 15.429 15.769 10.491 11.029 13.324 14.254 13.566 11.384 7.924 9.216 9.439 7.131 7.231 7.179 7.211 7.189 8.019 10.831 12.361
6.586 6.564 6.604 6.664 6.631 6.641 6.684 6.669 6.716 6.854 9.184 8.024 6.779 6.771 6.876 7.356 9.711 12.111 12.564 12.721 15.781 9.536 6.919 6.766 6.171 6.139 6.131 6.186 6.471 6.734 6.326 6.169 6.711 6.961 6.946 6.974 6.911 6.851 6.829 6.836 6.801 7.374 6.731 5.514 5.579 5.576 5.626 5.764 5.881 10.491 12.081 12.564 10.976 7.421 6.376 8.104 8.199 8.604 8.456 8.444 12.346 13.676 14.176 13.211 10.829 7.999 7.699 8.124 7.064 7.014 7.046 7.181 7.111 7.081 7.006 9.519
6.759 6.851 6.656 6.824 7.109 6.789 6.719 6.694 6.721 6.929 9.489 8.041 6.741 6.756 6.781 8.379 12.686 14.529 14.554 15.151 13.619 6.891 6.881 6.909 6.104 6.084 6.139 6.154 6.451 6.669 6.466 6.151 6.774 6.941 6.916 6.924 6.829 6.736 6.724 6.644 6.919 7.479 5.584 5.506 5.531 5.576 5.661 5.776 6.254 10.661 12.319 12.309 9.381 6.309 6.349 9.739 8.876 7.004 7.076 8.276 12.891 14.036 13.891 12.841 9.619 7.534 7.859 7.101 7.004 6.996 7.041 7.199 7.154 7.119 7.066 6.994
6.714 6.676 6.681 6.791 7.004 7.124 6.836 6.921 6.869 7.351 9.379 7.464 6.721 6.759 6.756 8.649 8.531 12.491 15.671 14.556 10.734 9.509 8.946 8.559 6.804 6.074 6.106 6.136 6.211 6.754 6.271 6.159 6.699 7.459 7.276 6.861 6.794 6.686 6.651 6.824 7.704 6.169 5.456 5.511 5.524 5.586 5.659 5.786 6.964 11.229 12.559 12.139 8.589 6.281 7.241 8.021 7.021 7.074 7.116 10.129 13.204 14.264 13.584 10.854 7.651 7.881 7.644 7.051 6.991 6.984 6.996 7.164 7.444 7.844 7.129 7.094
6.664 6.684 6.711 6.721 6.751 6.749 6.769 6.836 6.884 6.866 7.896 7.896 7.976 7.974 8.081 9.859 11.921 14.476 14.019 8.296 12.071 9.306 9.221 9.569 7.494 6.464 7.454 8.764 6.789 6.806 5.891 6.099 6.874 10.781 8.251 6.804 6.726 6.711 7.304 7.796 6.511 5.484 5.479 5.514 5.549 5.604 5.701 5.846 6.499 11.041 12.681 11.931 7.874 8.606 8.236 8.549 7.259 7.119 7.779 12.039 13.699 14.214 13.189 9.854 7.279 7.461 7.306 7.011 6.991 6.971 7.001 7.031 9.446 7.444 8.416 7.181
6.606 6.629 6.676 6.711 6.759 6.776 6.814 6.861 6.846 6.891 6.914 6.909 6.921 6.966 6.984 8.141 12.456 11.294 13.166 10.711 9.999 9.191 7.486 7.134 7.114 7.116 9.316 10.191 7.579 6.196 5.734 5.979 9.324 12.579 7.451 7.739 7.656 7.781 7.134 6.036 5.406 5.426 5.466 5.514 5.599 5.681 5.754 5.861 7.124 9.336 9.681 11.321 10.801 10.634 13.999 9.851 8.761 7.594 8.669 12.824 14.014 13.969 12.881 7.969 9.066 9.994 7.476 7.019 6.996 7.019 7.014 7.011 7.891 7.771 7.444 7.061
