Matlab/Roost_data/braunton/dsm/ss5037_DSM_2M.asc
ncols 500
nrows 500
xllcorner    250000
yllcorner    137000
cellsize     2
NODATA_value -9999
[rows 217 to 247 of 500, columns 207 to 275 of 500]
75.664 75.751 75.739 75.814 78.881 76.421 76.139 76.291 76.371 76.479 76.574 76.764 76.834 76.941 77.006 77.099 77.224 77.581 78.051 78.066 77.859 77.886 78.421 77.906 78.174 78.621 78.781 78.926 79.064 78.741 78.816 79.729 79.439 79.366 79.591 79.711 79.784 79.824 79.534 79.484 80.424 79.626 79.436 79.406 79.461 80.929 83.051 80.209 79.919 80.161 80.214 80.309 80.339 80.209 80.184 80.349 80.394 80.499 80.574 80.626 80.861 80.914 80.881 81.084 81.384 81.484 81.504 81.681 81.856
77.619 76.964 76.936 80.504 81.886 75.976 76.061 76.189 76.359 76.619 77.101 76.919 76.764 77.069 76.961 77.341 77.689 77.969 78.089 77.931 78.396 78.299 78.591 78.046 78.311 80.396 81.379 81.636 81.191 79.434 79.454 79.541 79.829 79.174 79.041 78.821 78.754 78.781 78.826 79.019 79.119 79.171 79.201 79.294 79.439 79.601 79.804 79.994 79.971 80.001 79.946 80.194 80.089 80.191 80.194 80.359 81.684 80.901 80.871 81.174 81.441 81.681 81.809 81.954 82.076 82.249 82.749 82.471 82.514
77.414 77.896 77.111 78.236 80.306 77.674 77.171 77.389 77.319 77.204 78.154 77.836 77.676 77.509 78.159 77.409 77.471 78.096 78.269 78.261 78.044 78.024 78.604 78.174 80.971 80.271 79.504 80.129 79.596 78.929 78.654 78.581 78.626 78.684 78.749 78.694 78.671 78.749 79.011 79.174 79.631 80.194 82.326 81.026 81.071 81.184 81.141 81.009 81.894 81.306 81.811 81.321 81.409 81.179 82.061 81.349 81.519 81.011 81.284 81.264 82.281 81.279 81.949 82.679 82.431 81.589 81.874 81.846 81.911
78.984 77.056 76.991 76.949 77.131 77.209 77.056 77.181 77.304 77.674 78.479 77.699 77.751 77.771 77.784 77.791 77.904 78.024 78.429 80.029 78.321 78.404 78.401 78.139 78.284 82.849 80.549 78.121 78.154 78.246 78.361 78.551 78.674 78.576 78.741 78.769 79.091 79.621 80.224 81.394 81.621 81.546 81.339 81.114 81.281 81.261 81.249 81.191 81.369 81.334 81.549 81.664 81.781 81.484 81.331 81.076 80.724 80.744 80.854 81.024 81.019 81.836 85.981 83.696 81.234 81.341 81.489 81.561 81.554
76.831 76.999 77.006 76.829 76.824 76.964 76.871 77.169 77.239 77.214 77.374 77.429 77.396 77.401 77.419 77.386 77.466 77.764 77.691 77.929 77.994 77.921 78.356 79.176 78.691 79.514 78.511 78.214 78.314 78.549 78.836 79.149 79.579 79.976 81.021 80.744 80.821 80.921 81.184 81.364 81.949 81.646 81.796 81.389 81.461 81.589 81.674 81.511 81.581 81.604 81.706 81.816 81.756 81.761 81.661 81.566 81.439 81.516 82.096 82.216 82.124 81.931 86.224 89.144 82.906 82.411 82.106 81.864 82.361
76.809 76.959 76.994 76.941 76.876 76.934 76.866 76.969 77.066 77.021 77.259 77.141 77.304 77.391 77.356 77.369 77.436 77.681 77.584 77.871 78.711 79.371 83.769 82.716 78.751 79.026 79.384 79.876 79.929 80.159 80.786 80.849 81.009 80.966 81.046 81.281 81.724 81.229 84.281 84.519 82.006 82.821 83.079 81.954 81.971 82.021 82.159 82.211 82.079 82.254 82.064 82.116 82.239 82.236 82.174 82.086 82.091 82.176 82.411 82.499 82.571 82.584 86.536 83.094 82.749 83.184 82.431 82.731 82.771
77.301 77.204 77.661 77.401 77.216 77.194 77.586 77.424 77.551 77.679 77.706 77.709 78.049 78.221 78.304 78.471 79.911 79.356 80.136 79.606 85.889 87.814 84.189 81.426 81.571 81.684 81.124 82.264 81.771 80.899 81.031 81.126 81.124 81.179 81.304 82.031 82.716 83.269 83.996 83.354 82.421 82.674 82.644 82.681 82.731 82.659 82.629 82.779 82.881 82.676 82.979 83.141 83.216 82.921 83.491 82.891 83.249 83.059 82.781 82.729 82.789 82.971 82.984 82.846 82.936 82.889 82.939 83.009 83.634
79.256 78.494 81.314 80.051 78.814 78.656 79.129 79.226 79.509 79.719 80.084 80.651 79.441 79.906 80.244 80.306 80.756 80.991 81.369 83.826 85.686 83.081 80.901 81.461 81.919 81.124 81.244 81.464 81.756 81.516 81.311 81.451 81.531 81.979 82.464 82.969 83.779 83.624 84.144 83.479 82.951 83.431 83.616 83.376 83.371 83.106 83.321 83.436 83.404 83.404 83.559 83.459 83.731 83.689 84.541 84.496 83.259 83.961 83.521 83.619 83.191 83.161 83.301 83.471 83.319 83.756 83.511 83.471 83.756
80.771 79.546 80.879 79.759 79.886 79.779 80.131 80.879 80.249 79.999 80.289 80.534 80.216 80.436 80.404 80.786 81.654 81.396 80.914 81.024 84.084 81.249 81.319 81.414 81.349 81.721 81.631 81.786 83.144 83.746 83.111 83.306 83.111 83.176 83.061 83.544 84.081 84.191 84.586 83.316 83.219 84.216 83.794 84.106 83.786 83.954 83.591 83.594 83.766 83.624 83.924 84.194 84.176 84.406 85.124 84.189 84.444 84.169 84.466 83.981 83.829 83.749 83.786 83.889 83.931 83.996 83.969 84.029 84.066
80.361 80.721 80.174 79.854 80.019 79.984 80.051 80.211 80.134 80.111 80.264 80.274 80.336 80.564 81.081 80.984 81.236 81.719 81.759 81.646 81.679 81.781 81.896 82.124 82.211 83.089 83.904 84.306 84.709 83.994 83.701 83.596 83.914 83.746 83.656 83.701 84.284 84.419 84.469 84.834 84.409 84.939 84.346 84.521 84.241 84.426 84.374 84.081 84.064 84.279 84.261 84.266 84.641 84.394 84.546 84.709 84.926 84.159 84.751 84.624 84.019 84.081 84.034 84.081 84.159 84.104 84.151 84.289 84.244
79.936 80.154 80.849 80.039 80.119 80.094 80.366 80.296 81.021 80.639 80.639 80.676 80.956 81.204 81.599 81.681 81.859 81.886 82.424 82.456 82.591 82.614 82.589 82.889 82.739 83.266 83.769 84.201 83.839 83.534 83.551 83.626 83.856 83.994 83.884 84.324 84.876 84.934 84.996 84.996 84.734 84.686 84.544 84.721 84.484 84.554 84.476 84.171 84.079 84.196 84.321 84.349 84.476 84.451 84.451 84.461 84.249 84.179 84.301 84.279 84.101 86.039 88.209 84.499 84.396 84.426 84.669 85.279 87.079
79.714 79.791 79.929 79.931 80.096 80.294 80.369 80.421 80.759 81.026 81.089 81.334 81.576 81.671 81.961 82.311 82.406 82.566 82.714 82.906 82.969 82.976 83.244 83.531 83.569 83.766 83.991 83.609 83.644 84.064 84.139 84.039 84.414 84.274 84.329 84.509 84.684 84.761 84.774 84.929 84.886 85.509 85.341 85.256 84.599 84.454 84.241 84.299 84.379 84.161 84.314 84.451 84.621 84.571 84.894 84.861 84.754 84.756 84.601 84.679 84.901 86.181 85.924 85.509 85.494 85.624 85.829 86.571 88.851
79.776 79.886 79.946 79.986 80.021 80.179 80.291 80.579 80.769 81.186 81.454 81.711 81.956 82.211 82.471 82.824 82.946 83.204 83.299 83.549 83.509 83.509 83.871 83.999 84.196 84.236 83.971 83.899 84.074 84.296 84.276 84.279 84.326 84.194 84.211 84.496 84.629 84.821 86.186 85.179 85.506 85.686 84.941 84.504 84.741 85.989 84.296 84.476 85.961 84.829 85.014 85.534 85.654 85.566 85.426 85.749 89.501 90.129 86.646 86.426 86.654 88.321 87.124 86.359 86.454 86.774 87.619 87.879 87.619
79.849 79.881 79.956 80.071 80.184 80.316 80.579 80.956 81.244 81.641 81.794 82.094 82.411 82.751 82.994 83.249 83.341 83.604 83.756 83.996 84.001 83.904 84.109 84.221 84.181 84.099 84.671 83.999 84.024 84.594 84.106 84.226 84.339 84.259 84.149 84.694 84.186 84.574 87.419 84.456 85.469 85.011 85.281 85.596 85.264 85.621 87.694 87.439 90.101 86.476 86.084 87.051 86.736 86.121 86.194 88.601 93.804 90.779 88.221 88.341 88.346 88.291 87.534 89.411 88.049 87.551 87.811 88.216 88.501
79.911 79.961 80.024 80.219 80.586 81.246 81.594 81.946 82.354 82.569 82.761 82.846 83.024 83.219 83.446 83.504 83.634 83.784 83.824 83.916 84.036 84.089 84.241 84.144 84.174 84.331 84.399 86.516 85.619 86.021 84.159 84.304 85.489 84.421 85.439 85.359 84.991 85.216 86.066 86.879 91.141 86.799 87.226 88.136 87.899 88.164 91.636 88.324 88.204 87.751 87.079 86.826 87.664 87.326 87.409 91.146 91.924 87.919 87.671 88.244 87.936 87.799 89.536 90.109 89.844 89.599 88.561 89.214 90.759
79.981 80.086 80.306 80.671 81.349 82.149 82.349 82.486 82.894 83.204 83.499 83.351 83.486 83.609 83.691 83.724 83.849 83.926 84.014 84.066 84.131 84.336 84.409 84.574 84.429 85.149 85.556 85.371 85.301 85.141 87.124 86.416 87.911 89.001 87.619 87.384 88.036 89.664 87.561 88.024 88.154 88.191 88.049 88.219 88.719 89.416 89.349 88.881 88.504 88.231 88.771 88.734 88.146 88.221 88.349 88.044 88.171 88.149 88.074 88.166 88.221 88.321 88.264 88.636 88.489 89.719 90.946 90.961 91.806
80.461 80.889 81.356 82.106 82.451 82.536 82.861 83.304 83.319 83.714 83.914 83.656 83.794 83.796 83.899 84.024 84.096 84.081 84.511 84.594 84.649 84.819 85.064 84.816 85.196 85.516 87.091 86.969 89.436 87.831 91.051 90.506 87.854 89.361 87.814 90.231 88.556 87.974 87.976 88.376 89.744 89.396 89.694 91.421 90.476 89.166 89.131 90.284 89.109 89.429 90.779 89.514 89.599 89.421 88.851 88.806 88.921 89.131 88.884 88.726 89.141 88.874 88.919 88.931 89.399 90.586 91.439 91.981 92.289
82.844 82.604 82.779 83.034 82.886 83.056 83.416 83.464 83.824 83.936 84.086 84.246 84.464 85.031 87.454 85.074 85.581 84.801 86.034 85.596 85.784 85.481 87.444 89.151 88.311 86.691 89.894 90.891 90.759 89.751 87.941 87.874 88.099 88.146 88.069 88.999 88.099 88.454 89.459 89.726 91.204 91.286 92.676 92.174 91.511 89.469 89.209 89.164 89.351 90.444 91.314 90.614 90.131 90.806 90.896 90.669 89.654 90.266 90.079 89.634 89.491 89.496 89.451 89.739 90.096 91.459 93.221 93.589 93.144
82.721 82.891 83.404 83.709 83.746 83.591 83.896 83.849 84.094 84.236 84.684 84.901 85.204 85.449 85.794 85.596 85.904 86.379 86.739 87.551 86.206 86.671 87.076 92.089 90.541 89.144 92.054 91.554 91.549 91.629 89.804 88.544 88.701 89.079 88.861 88.629 88.861 89.091 89.176 89.331 91.359 90.899 91.909 92.139 91.909 91.329 89.629 89.794 89.904 90.371 90.479 91.544 90.934 91.369 92.691 92.329 91.209 91.879 91.084 91.799 91.269 90.296 90.239 90.446 90.784 91.614 93.096 96.571 94.199
83.044 83.224 83.566 83.729 83.819 84.026 84.321 84.851 84.641 84.881 85.481 85.709 86.016 89.034 87.024 86.296 86.436 86.739 87.054 87.701 86.801 88.221 89.001 89.616 88.769 89.071 89.421 89.694 89.389 89.189 88.846 88.669 89.349 90.226 89.156 90.071 89.929 89.619 89.416 89.579 91.939 91.049 91.274 92.274 91.629 90.834 90.436 90.619 90.751 90.704 90.711 91.246 91.331 92.716 92.314 91.904 93.274 94.454 93.429 92.464 91.854 91.146 91.126 91.396 92.436 91.809 92.331 94.014 93.496
83.654 83.704 84.256 84.834 85.124 85.564 85.354 85.404 86.656 85.866 85.856 86.109 87.046 89.371 91.394 86.816 88.424 89.491 88.454 88.036 87.519 88.589 88.964 89.029 89.371 89.236 88.799 88.601 88.726 88.916 89.176 89.266 89.649 91.226 90.134 89.689 90.099 89.896 89.889 89.994 91.144 90.751 90.889 91.374 91.119 90.869 91.261 91.394 91.236 91.859 91.829 92.716 92.329 92.711 93.326 93.996 96.426 94.804 94.246 93.659 92.626 91.801 91.721 91.949 92.471 93.016 93.136 93.179 93.059
84.216 85.396 84.844 86.549 87.276 86.351 86.261 87.344 87.486 86.029 87.009 86.936 86.879 89.209 93.281 90.946 89.546 91.081 89.501 87.711 88.586 89.111 89.089 88.784 89.154 89.064 89.311 90.011 89.304 89.536 89.524 89.881 90.316 90.549 91.946 92.139 90.274 90.684 91.914 90.784 90.731 91.046 91.084 91.134 91.191 91.424 91.694 91.751 91.971 92.141 92.579 93.666 94.146 94.689 93.611 94.836 94.951 96.059 95.429 94.651 94.049 92.751 92.426 92.679 93.686 94.581 94.659 94.451 94.026
87.959 85.294 85.589 85.754 86.456 86.231 86.841 87.979 88.756 88.804 87.866 87.774 87.989 88.731 93.011 92.864 88.959 89.264 88.854 88.274 88.876 89.236 89.024 89.314 89.226 89.744 89.804 89.876 90.014 90.184 90.339 90.454 90.674 91.731 92.574 92.166 91.966 92.674 92.561 91.764 91.364 91.571 91.741 91.899 91.831 92.236 92.319 92.394 92.524 92.666 93.329 94.951 94.414 95.424 95.549 94.534 96.141 96.214 95.706 96.211 94.619 93.701 93.419 93.661 94.656 95.509 95.399 95.034 94.669
86.639 87.716 86.176 86.239 86.594 87.714 89.219 88.436 89.629 91.619 91.151 88.511 88.654 88.879 89.011 88.639 88.969 89.294 89.156 88.886 89.081 89.184 89.811 89.696 89.964 90.036 90.406 90.406 90.636 90.776 90.944 91.024 91.271 91.496 91.931 91.901 92.506 92.509 92.209 91.969 92.016 92.099 92.279 92.626 92.616 92.929 92.886 93.229 93.389 93.634 93.836 95.416 95.494 94.974 95.796 95.166 96.589 96.261 95.971 96.539 95.311 94.499 94.186 94.549 95.031 95.669 95.766 95.144 94.451
90.029 92.584 91.709 90.244 88.666 88.344 88.594 88.301 89.074 90.111 92.691 89.659 89.446 90.066 90.276 89.219 89.574 89.629 89.654 89.794 90.171 90.296 90.169 90.616 90.701 90.781 90.901 91.234 91.231 91.354 91.511 91.769 91.701 92.004 92.286 92.559 92.544 92.621 92.666 92.531 92.714 92.939 92.941 93.191 93.326 93.726 93.641 93.881 94.081 94.106 94.154 95.986 96.319 96.991 99.461 98.949 96.796 96.629 96.166 96.274 95.981 95.496 95.409 95.266 95.394 95.604 95.606 95.436 94.364
91.064 92.894 91.904 89.836 89.659 89.934 89.531 88.759 89.001 89.026 89.779 90.656 90.939 90.814 90.699 90.774 90.246 90.376 90.446 90.391 90.939 91.019 91.041 91.501 91.411 91.614 91.606 91.711 91.699 92.106 92.321 92.589 92.341 92.499 92.681 92.951 93.054 93.299 93.341 93.241 93.326 93.669 93.941 94.076 93.819 94.054 94.404 94.376 94.444 94.539 95.759 97.409 98.721 101.214 101.676 100.684 96.169 96.284 96.104 96.364 96.284 96.276 96.091 97.604 99.474 96.104 99.651 97.244 94.626
92.486 89.331 89.314 89.509 89.749 89.451 89.241 89.284 89.616 90.199 90.819 91.581 91.331 90.614 90.364 90.421 90.714 91.211 91.014 91.039 91.176 91.329 91.464 91.779 91.934 92.064 92.109 92.389 92.479 92.579 92.711 92.859 92.911 93.104 93.406 93.546 93.901 93.956 93.959 94.049 94.219 94.126 94.339 94.676 94.646 94.674 94.949 95.109 95.099 95.334 95.671 96.121 97.491 101.284 101.699 100.989 96.486 96.034 96.264 96.376 96.461 96.641 96.899 97.816 101.236 103.064 102.789 99.544 95.609
89.376 89.419 89.489 89.974 89.621 89.734 89.724 89.691 89.829 90.139 90.464 90.979 91.389 90.976 90.604 90.891 92.101 91.479 91.719 91.716 91.669 91.906 92.156 92.296 92.654 92.629 92.884 93.031 93.251 93.179 93.424 93.611 93.646 93.721 93.944 94.041 94.301 94.624 94.764 94.754 94.936 94.894 94.889 95.326 95.406 95.306 95.681 95.804 95.744 96.141 96.384 98.474 98.004 97.549 98.071 98.341 96.714 96.224 96.764 97.074 97.274 97.294 98.301 97.581 97.846 100.579 103.021 99.561 96.239
90.014 89.844 90.004 90.289 90.236 90.399 90.471 90.511 90.714 91.031 91.376 91.391 91.459 91.499 91.246 91.604 92.176 91.919 92.599 92.601 92.851 93.009 92.834 92.886 93.231 93.166 93.569 93.526 93.661 93.831 94.194 94.391 94.459 94.626 94.661 94.759 95.086 95.211 95.316 95.549 95.649 95.636 95.601 95.839 96.106 96.264 96.369 96.556 96.686 96.911 96.939 98.441 100.221 100.141 97.869 98.149 97.009 97.034 98.601 98.284 98.644 98.271 98.414 98.199 98.734 100.729 98.524 97.456 96.326
90.411 90.804 90.859 90.856 91.156 91.056 91.154 91.456 91.634 91.886 92.359 92.481 92.144 92.011 92.329 92.339 94.274 92.486 92.604 93.014 93.134 93.524 93.651 93.444 93.641 93.969 94.144 94.194 94.461 94.399 94.654 95.061 95.261 95.501 95.466 95.571 95.876 96.049 95.939 95.961 96.199 96.214 96.356 96.641 97.019 97.121 97.156 97.364 97.424 97.421 97.934 98.089 98.976 99.481 99.781 98.464 97.539 96.961 97.789 99.139 99.716 99.669 99.656 99.539 100.819 100.091 100.269 100.564 98.069
91.444 91.381 91.479 91.714 91.631 91.676 91.754 91.976 92.401 92.674 92.826 93.459 92.626 92.811 94.531 98.589 94.719 93.226 93.326 94.081 94.251 94.029 94.226 94.199 94.434 94.504 94.751 94.931 95.059 95.176 95.366 95.609 95.864 96.171 96.204 96.286 96.421 96.646 96.789 96.834 96.761 96.884 97.209 97.491 97.591 97.591 97.746 97.931 97.979 98.479 100.121 99.089 100.664 101.406 101.714 100.111 98.169 97.344 99.459 100.086 100.326 100.984 100.751 101.559 103.319 100.971 100.896 100.166 99.094
