Matlab/Roost_data/braunton/dsm/ss5038_DSM_2M.asc
ncols 500
nrows 500
xllcorner    250000
yllcorner    138000
cellsize     2
NODATA_value -9999
[rows 60 to 89 of 500, columns 0 to 66 of 500]
87.753 87.328 87.473 87.598 87.763 87.883 88.103 88.478 88.643 88.891 88.696 88.776 88.978 89.088 89.741 89.606 89.416 89.643 89.758 89.888 90.066 90.223 90.366 90.531 90.681 90.806 90.953 91.118 91.278 91.438 91.578 91.728 91.863 92.013 92.181 92.331 92.488 92.628 92.773 92.923 93.038 93.186 93.326 93.426 93.563 93.741 93.883 94.021 94.136 94.246 94.358 94.476 94.553 94.651 94.781 94.908 95.008 95.123 95.246 95.438 95.551 95.691 95.831 95.971 96.121 96.271 96.433
88.271 87.208 87.341 87.491 87.598 87.706 87.833 87.948 88.071 88.261 88.381 88.598 88.861 89.068 89.838 89.328 89.326 89.531 89.648 89.778 89.978 90.126 90.273 90.431 90.581 90.726 90.873 91.031 91.181 91.323 91.503 91.631 91.763 91.911 92.081 92.241 92.398 92.521 92.678 92.821 92.948 93.086 93.208 93.321 93.456 93.613 93.766 93.896 94.021 94.148 94.268 94.348 94.436 94.548 94.676 94.808 94.903 95.016 95.158 95.298 95.426 95.561 95.708 95.851 96.021 96.141 96.293
86.936 87.076 87.196 87.336 87.468 87.586 87.721 87.853 88.001 88.111 88.288 88.498 88.773 89.006 89.581 89.168 89.221 89.426 89.521 89.683 89.881 90.021 90.171 90.328 90.453 90.623 90.768 90.926 91.076 91.246 91.378 91.521 91.676 91.828 91.991 92.128 92.273 92.416 92.576 92.698 92.828 92.978 93.108 93.233 93.356 93.523 93.653 93.796 93.926 94.026 94.133 94.226 94.338 94.453 94.556 94.673 94.783 94.926 95.063 95.193 95.348 95.456 95.618 95.733 95.896 96.031 96.168
86.798 86.928 87.053 87.203 87.328 87.458 87.566 87.723 87.861 88.003 88.186 88.483 88.671 89.123 89.356 88.958 89.123 89.281 89.398 89.591 89.766 89.903 90.056 90.208 90.353 90.501 90.676 90.813 90.958 91.113 91.271 91.416 91.573 91.733 91.888 92.026 92.186 92.346 92.461 92.586 92.748 92.866 92.996 93.108 93.263 93.421 93.553 93.681 93.806 93.908 94.018 94.118 94.228 94.353 94.458 94.546 94.668 94.798 94.948 95.073 95.218 95.361 95.498 95.633 95.768 95.901 96.053
86.686 86.816 86.918 87.063 87.186 87.321 87.446 87.601 87.761 87.926 88.063 88.353 88.538 89.298 89.153 88.818 89.011 89.153 89.271 89.488 89.646 89.783 89.936 90.096 90.231 90.403 90.568 90.698 90.843 90.996 91.146 91.293 91.476 91.608 91.771 91.926 92.058 92.223 92.361 92.488 92.626 92.758 92.893 93.001 93.166 93.311 93.423 93.563 93.691 93.808 93.911 94.028 94.131 94.233 94.328 94.446 94.578 94.718 94.841 94.976 95.111 95.273 95.386 95.528 95.671 95.798 95.926
86.526 86.663 86.798 86.941 87.046 87.208 87.298 87.486 87.641 87.806 87.951 88.263 88.401 89.296 88.808 88.691 88.888 89.023 89.158 89.348 89.508 89.683 89.818 89.968 90.121 90.263 90.436 90.593 90.736 90.888 91.048 91.211 91.353 91.506 91.638 91.798 91.966 92.116 92.228 92.363 92.516 92.643 92.753 92.931 93.061 93.188 93.321 93.453 93.563 93.676 93.798 93.906 94.016 94.126 94.241 94.336 94.481 94.598 94.733 94.886 95.021 95.153 95.273 95.418 95.548 95.701 95.813
86.388 86.503 86.656 86.761 86.906 87.041 87.166 87.343 87.506 87.658 87.823 88.093 88.388 89.166 88.636 88.573 88.771 88.888 89.026 89.231 89.393 89.541 89.701 89.836 89.991 90.146 90.316 90.466 90.628 90.778 90.943 91.103 91.228 91.393 91.533 91.701 91.856 91.998 92.116 92.258 92.406 92.523 92.626 92.796 92.953 93.096 93.213 93.348 93.468 93.576 93.686 93.778 93.911 94.011 94.126 94.251 94.358 94.513 94.638 94.773 94.898 95.036 95.188 95.303 95.431 95.573 95.698
86.223 86.363 86.493 86.626 86.758 86.886 87.013 87.201 87.373 87.526 87.728 87.981 88.231 88.943 88.383 88.453 88.643 88.748 88.906 89.086 89.261 89.413 89.561 89.711 89.863 90.018 90.188 90.343 90.491 90.648 90.821 90.973 91.113 91.246 91.406 91.563 91.706 91.853 91.988 92.133 92.283 92.408 92.533 92.683 92.831 92.966 93.086 93.211 93.348 93.461 93.583 93.723 93.796 93.903 94.021 94.146 94.261 94.406 94.548 94.676 94.793 94.936 95.073 95.193 95.323 95.453 95.566
86.071 86.213 86.346 86.476 86.588 86.726 86.866 87.026 87.206 87.366 87.621 87.826 88.376 88.598 88.143 88.318 88.518 88.618 88.793 88.951 89.126 89.288 89.408 89.588 89.731 89.903 90.063 90.231 90.343 90.531 90.698 90.851 90.991 91.128 91.256 91.428 91.571 91.733 91.888 92.031 92.166 92.298 92.426 92.558 92.708 92.818 92.968 93.103 93.243 93.356 93.473 93.551 93.691 93.801 93.901 94.036 94.158 94.308 94.433 94.558 94.698 94.833 94.963 95.106 95.223 95.351 95.463
85.926 86.051 86.181 86.311 86.451 86.553 86.703 86.891 87.053 87.206 87.478 87.648 88.348 88.313 88.003 88.221 88.346 88.466 88.631 88.811 88.976 89.133 89.271 89.451 89.601 89.778 89.918 90.076 90.228 90.401 90.546 90.703 90.848 90.991 91.153 91.291 91.446 91.598 91.746 91.886 92.026 92.153 92.283 92.431 92.586 92.713 92.833 92.996 93.103 93.203 93.336 93.428 93.541 93.651 93.786 93.926 94.068 94.203 94.336 94.471 94.588 94.731 94.878 95.011 95.106 95.228 95.361
85.781 85.898 86.021 86.173 86.293 86.401 86.548 86.726 86.906 87.103 87.346 87.501 88.283 88.073 87.858 88.086 88.203 88.341 88.546 88.708 88.826 88.998 89.161 89.296 89.453 89.641 89.771 89.923 90.101 90.266 90.418 90.583 90.733 90.858 91.013 91.161 91.311 91.461 91.616 91.736 91.873 92.011 92.163 92.308 92.456 92.586 92.723 92.851 92.971 93.088 93.201 93.326 93.433 93.543 93.656 93.823 93.966 94.093 94.223 94.343 94.473 94.636 94.736 94.881 95.001 95.116 95.226
85.616 85.748 85.871 85.993 86.123 86.236 86.386 86.548 86.743 86.933 87.186 87.473 88.188 87.746 87.736 87.933 88.048 88.201 88.403 88.563 88.683 88.861 89.006 89.166 89.323 89.468 89.616 89.783 89.961 90.096 90.258 90.436 90.576 90.716 90.871 91.031 91.178 91.331 91.476 91.593 91.733 91.873 92.026 92.166 92.308 92.463 92.586 92.711 92.838 92.953 93.063 93.191 93.301 93.418 93.543 93.701 93.841 93.973 94.101 94.226 94.353 94.513 94.631 94.763 94.881 95.003 95.138
85.468 85.581 85.703 85.828 85.946 86.068 86.233 86.393 86.591 86.793 87.038 87.518 88.168 87.446 87.588 87.778 87.903 88.073 88.256 88.401 88.571 88.721 88.871 89.033 89.193 89.338 89.501 89.641 89.811 89.961 90.126 90.291 90.438 90.568 90.738 90.893 91.058 91.188 91.341 91.466 91.616 91.731 91.876 92.036 92.168 92.328 92.468 92.581 92.686 92.821 92.921 93.053 93.148 93.286 93.428 93.561 93.698 93.863 93.998 94.128 94.256 94.386 94.486 94.628 94.758 94.871 95.006
85.301 85.426 85.543 85.668 85.781 85.928 86.056 86.238 86.436 86.631 86.866 87.423 87.856 87.236 87.478 87.636 87.751 87.938 88.111 88.261 88.413 88.586 88.721 88.888 89.058 89.196 89.348 89.493 89.668 89.831 89.973 90.131 90.273 90.428 90.588 90.741 90.898 91.043 91.186 91.323 91.473 91.601 91.746 91.893 92.048 92.183 92.316 92.443 92.576 92.673 92.791 92.911 93.016 93.141 93.286 93.408 93.566 93.713 93.846 93.991 94.136 94.248 94.356 94.478 94.631 94.761 94.898
85.111 85.268 85.383 85.511 85.633 85.763 85.901 86.083 86.273 86.506 86.686 87.308 87.468 87.063 87.311 87.476 87.606 87.783 87.946 88.103 88.261 88.421 88.576 88.723 88.886 89.041 89.193 89.353 89.508 89.668 89.838 89.981 90.116 90.283 90.441 90.586 90.753 90.898 91.038 91.171 91.301 91.478 91.628 91.758 91.908 92.043 92.183 92.311 92.438 92.531 92.656 92.756 92.888 93.003 93.146 93.306 93.466 93.591 93.731 93.853 93.976 94.111 94.248 94.383 94.501 94.626 94.768
84.961 85.083 85.226 85.336 85.453 85.576 85.753 85.918 86.093 86.376 86.586 87.371 87.058 86.893 87.158 87.293 87.441 87.631 87.813 87.931 88.091 88.278 88.421 88.591 88.741 88.881 89.043 89.213 89.366 89.523 89.693 89.826 89.978 90.133 90.303 90.431 90.601 90.751 90.906 91.036 91.156 91.306 91.448 91.618 91.756 91.901 92.036 92.161 92.293 92.378 92.498 92.616 92.746 92.886 93.018 93.176 93.316 93.463 93.596 93.713 93.853 93.971 94.113 94.238 94.371 94.513 94.631
84.803 84.931 85.066 85.173 85.286 85.418 85.591 85.758 85.928 86.226 86.468 87.083 86.766 86.773 86.998 87.141 87.293 87.481 87.651 87.778 87.951 88.088 88.271 88.443 88.591 88.726 88.906 89.073 89.226 89.383 89.543 89.658 89.828 90.003 90.158 90.301 90.463 90.616 90.746 90.898 91.011 91.168 91.341 91.476 91.636 91.768 91.881 92.021 92.143 92.253 92.386 92.498 92.621 92.751 92.898 93.058 93.201 93.333 93.471 93.593 93.728 93.846 93.988 94.118 94.238 94.373 94.506
84.628 84.753 84.883 85.006 85.128 85.243 85.418 85.591 85.768 86.086 86.548 86.958 86.618 86.611 86.833 86.966 87.146 87.326 87.478 87.623 87.793 87.943 88.101 88.278 88.438 88.591 88.756 88.921 89.071 89.241 89.381 89.528 89.686 89.848 90.016 90.171 90.303 90.453 90.606 90.731 90.876 91.046 91.186 91.333 91.473 91.621 91.736 91.853 91.983 92.106 92.238 92.353 92.498 92.611 92.796 92.926 93.071 93.211 93.331 93.473 93.591 93.726 93.868 93.988 94.098 94.268 94.366
84.443 84.571 84.723 84.833 84.956 85.098 85.256 85.398 85.666 85.878 86.506 86.688 86.338 86.468 86.678 86.806 86.978 87.173 87.328 87.473 87.623 87.786 87.956 88.128 88.251 88.433 88.598 88.751 88.903 89.091 89.238 89.376 89.548 89.688 89.858 90.023 90.136 90.311 90.463 90.576 90.723 90.891 91.011 91.173 91.321 91.461 91.586 91.721 91.846 91.958 92.093 92.211 92.351 92.488 92.626 92.791 92.943 93.083 93.188 93.353 93.466 93.601 93.738 93.858 93.973 94.118 94.233
84.286 84.418 84.531 84.653 84.773 84.936 85.066 85.258 85.531 85.763 86.603 86.556 86.136 86.331 86.513 86.638 86.846 87.021 87.161 87.328 87.461 87.633 87.796 87.963 88.113 88.278 88.473 88.603 88.763 88.916 89.053 89.233 89.383 89.556 89.706 89.868 89.998 90.156 90.318 90.411 90.581 90.741 90.868 91.013 91.178 91.321 91.446 91.573 91.703 91.823 91.951 92.081 92.221 92.368 92.523 92.666 92.823 92.948 93.076 93.208 93.346 93.476 93.628 93.748 93.866 93.991 94.106
84.123 84.266 84.361 84.481 84.628 84.768 84.908 85.091 85.408 85.593 86.401 86.238 85.973 86.183 86.343 86.506 86.681 86.868 86.991 87.151 87.301 87.461 87.616 87.793 87.941 88.111 88.276 88.436 88.608 88.766 88.911 89.058 89.243 89.403 89.553 89.713 89.851 90.011 90.141 90.286 90.421 90.581 90.723 90.868 91.023 91.163 91.303 91.413 91.546 91.681 91.798 91.928 92.076 92.231 92.368 92.533 92.671 92.823 92.956 93.101 93.216 93.351 93.486 93.611 93.738 93.871 93.983
83.981 84.081 84.211 84.318 84.463 84.601 84.756 84.961 85.276 85.593 86.071 85.846 85.796 86.031 86.191 86.341 86.538 86.701 86.831 86.996 87.141 87.318 87.446 87.628 87.798 87.953 88.121 88.301 88.446 88.616 88.778 88.911 89.091 89.258 89.386 89.541 89.703 89.866 89.991 90.126 90.281 90.436 90.573 90.741 90.866 91.018 91.131 91.241 91.398 91.538 91.653 91.778 91.936 92.081 92.271 92.411 92.538 92.676 92.823 92.968 93.106 93.213 93.353 93.468 93.611 93.726 93.843
83.823 83.961 84.063 84.166 84.306 84.443 84.593 84.786 85.083 85.493 85.963 85.638 85.648 85.891 86.041 86.186 86.383 86.528 86.663 86.823 86.996 87.123 87.281 87.486 87.646 87.786 87.958 88.128 88.291 88.448 88.616 88.776 88.941 89.111 89.256 89.406 89.581 89.713 89.841 89.963 90.126 90.271 90.408 90.573 90.726 90.861 90.963 91.096 91.246 91.348 91.498 91.606 91.773 91.956 92.136 92.261 92.428 92.561 92.701 92.833 92.956 93.093 93.236 93.346 93.483 93.588 93.726
83.673 83.791 83.903 84.028 84.171 84.291 84.441 84.658 84.891 85.443 85.723 85.416 85.513 85.731 85.881 86.036 86.216 86.373 86.508 86.671 86.826 86.996 87.143 87.311 87.486 87.636 87.808 87.971 88.118 88.291 88.428 88.618 88.778 88.941 89.106 89.218 89.418 89.561 89.678 89.828 89.996 90.111 90.278 90.433 90.601 90.718 90.841 90.971 91.106 91.216 91.341 91.481 91.661 91.826 91.966 92.128 92.303 92.426 92.558 92.691 92.796 92.971 93.083 93.193 93.316 93.463 93.581
83.551 83.686 83.758 83.893 84.011 84.146 84.286 84.541 84.756 85.581 85.536 85.218 85.368 85.546 85.718 85.883 86.048 86.211 86.356 86.486 86.641 86.828 86.976 87.161 87.308 87.463 87.648 87.803 87.958 88.123 88.283 88.471 88.628 88.778 88.918 89.091 89.271 89.408 89.531 89.673 89.821 89.976 90.138 90.298 90.448 90.563 90.668 90.796 90.928 91.076 91.196 91.346 91.506 91.661 91.823 91.986 92.138 92.293 92.433 92.546 92.691 92.833 92.956 93.056 93.191 93.316 93.451
83.451 83.553 83.651 83.778 83.891 84.016 84.138 84.403 84.596 85.241 85.418 85.053 85.221 85.428 85.568 85.746 85.906 86.036 86.188 86.328 86.488 86.646 86.828 86.996 87.158 87.326 87.498 87.633 87.806 87.961 88.141 88.288 88.456 88.628 88.778 88.936 89.113 89.241 89.376 89.523 89.668 89.828 89.983 90.153 90.281 90.406 90.523 90.646 90.788 90.891 91.043 91.188 91.356 91.506 91.673 91.831 92.008 92.151 92.288 92.403 92.553 92.673 92.796 92.963 93.068 93.193 93.326
83.353 83.466 83.591 83.678 83.776 83.873 84.013 84.281 84.541 85.281 85.101 84.873 85.086 85.256 85.416 85.583 85.728 85.871 86.043 86.176 86.353 86.498 86.671 86.851 87.023 87.161 87.343 87.478 87.643 87.806 87.976 88.143 88.286 88.466 88.623 88.793 88.953 89.086 89.213 89.371 89.513 89.676 89.841 90.001 90.116 90.246 90.373 90.513 90.633 90.743 90.908 91.061 91.213 91.391 91.556 91.701 91.856 92.006 92.148 92.278 92.431 92.553 92.686 92.806 92.918 93.053 93.191
83.226 83.376 83.493 83.593 83.688 83.768 83.928 84.121 84.396 85.113 84.808 84.736 84.973 85.111 85.256 85.428 85.586 85.716 85.876 86.036 86.196 86.356 86.543 86.688 86.866 87.016 87.168 87.333 87.491 87.658 87.836 88.003 88.141 88.303 88.476 88.638 88.791 88.921 89.076 89.253 89.373 89.548 89.681 89.856 89.983 90.101 90.231 90.361 90.483 90.598 90.763 90.918 91.086 91.233 91.376 91.566 91.718 91.876 91.991 92.143 92.278 92.408 92.553 92.663 92.786 92.926 93.053
83.261 83.243 83.356 83.461 83.586 83.671 83.813 83.963 84.411 85.063 84.741 84.618 84.853 85.001 85.123 85.296 85.456 85.586 85.731 85.901 86.061 86.231 86.386 86.546 86.716 86.861 87.006 87.156 87.321 87.501 87.681 87.846 87.993 88.148 88.333 88.486 88.626 88.786 88.953 89.081 89.218 89.376 89.543 89.716 89.833 89.946 90.071 90.183 90.333 90.448 90.608 90.766 90.923 91.086 91.251 91.421 91.583 91.723 91.866 92.016 92.146 92.266 92.406 92.513 92.651 92.783 92.936
82.701 83.218 83.203 83.318 83.456 83.581 83.626 83.741 84.273 85.168 84.613 84.516 84.728 84.896 85.046 85.178 85.331 85.466 85.611 85.781 85.908 86.088 86.256 86.393 86.563 86.726 86.843 87.023 87.186 87.351 87.528 87.683 87.858 88.018 88.176 88.323 88.466 88.626 88.816 88.948 89.088 89.241 89.411 89.546 89.668 89.796 89.911 90.053 90.181 90.308 90.453 90.628 90.793 90.943 91.118 91.273 91.428 91.586 91.716 91.863 92.016 92.113 92.273 92.406 92.506 92.641 92.788
