Matlab/Roost_data/braunton/dsm/ss5036_DSM_2M.asc
ncols 500
nrows 500
xllcorner    250000
yllcorner    136000
cellsize     2
NODATA_value -9999
[rows 320 to 351 of 500, columns 0 to 70 of 500]
32.426 32.519 32.439 32.374 34.569 32.231 32.171 33.316 33.579 32.879 32.864 32.954 32.986 33.009 33.104 33.216 33.334 33.456 33.606 33.681 33.776 33.901 34.002 34.137 34.268 34.361 34.463 34.583 34.67 34.752 34.842 34.902 34.975 35.054 35.089 35.163 35.232 35.304 35.386 35.431 35.501 35.561 35.706 36.134 36.204 36.606 36.774 37.056 37.199 37.206 37.161 37.026 36.716 36.429 36.291 36.271 35.799 35.621 35.461 35.426 35.394 35.376 35.319 35.309 35.314 35.314 35.329 35.344 35.336 35.334 35.331
32.329 32.174 32.149 32.226 33.851 32.021 31.951 33.299 33.019 32.739 32.754 32.824 32.814 32.881 32.974 33.086 33.186 33.311 33.406 33.504 33.616 33.739 33.833 33.921 34.037 34.141 34.271 34.384 34.492 34.614 34.693 34.767 34.826 34.893 34.948 35.011 35.097 35.124 35.211 35.236 35.324 35.374 35.396 35.421 35.486 35.534 35.544 35.584 35.919 36.091 36.294 36.364 36.466 36.639 36.941 37.056 36.986 36.984 36.931 36.749 36.474 36.386 36.199 36.014 35.629 35.481 35.394 35.331 35.349 35.279 35.259
32.226 32.076 32.071 32.136 33.769 31.786 31.736 33.024 33.299 32.614 32.611 32.706 32.706 32.744 32.849 32.946 33.071 33.156 33.236 33.334 33.471 33.559 33.629 33.747 33.851 33.998 34.091 34.205 34.285 34.406 34.506 34.592 34.659 34.747 34.813 34.889 34.969 35.024 35.056 35.149 35.184 35.199 35.254 35.264 35.314 35.334 35.354 35.409 35.386 35.429 35.456 35.479 35.499 35.626 35.541 35.649 35.779 35.841 35.779 36.206 36.384 36.379 36.469 36.736 36.766 36.751 36.874 36.626 36.236 36.044 35.711
32.081 31.946 31.996 32.071 33.579 31.579 31.516 33.549 33.254 32.464 32.451 32.584 32.564 32.586 32.681 32.786 32.881 33.001 33.079 33.171 33.286 33.346 33.441 33.557 33.665 33.783 33.917 34.047 34.109 34.24 34.318 34.39 34.509 34.574 34.625 34.704 34.771 34.824 34.879 34.991 35.034 35.056 35.161 35.151 35.174 35.184 35.216 35.219 35.259 35.279 35.271 35.279 35.286 35.296 35.311 35.309 35.291 35.319 35.341 35.346 35.341 35.359 35.324 35.359 35.546 35.521 35.841 36.186 36.309 36.471 36.549
31.919 32.641 32.634 31.936 33.314 31.389 31.321 33.179 32.976 32.281 32.266 32.459 32.424 32.429 32.539 32.659 32.736 32.829 32.911 33.019 33.106 33.164 33.249 33.359 33.465 33.592 33.719 33.832 33.921 34.035 34.118 34.202 34.335 34.389 34.461 34.556 34.621 34.69 34.769 34.796 34.849 34.904 34.941 34.996 35.026 35.039 35.051 35.091 35.121 35.149 35.149 35.144 35.129 35.134 35.146 35.139 35.131 35.136 35.146 35.131 35.141 35.116 35.111 35.111 35.121 35.104 35.086 35.094 35.096 35.079 35.176
31.779 32.011 32.486 31.874 33.131 31.209 31.111 33.136 32.921 32.139 32.124 32.291 32.291 32.309 32.381 32.504 32.574 32.696 32.806 32.864 32.979 33.019 33.086 33.206 33.293 33.411 33.508 33.624 33.737 33.825 33.921 34.02 34.129 34.203 34.256 34.367 34.454 34.502 34.594 34.641 34.699 34.784 34.816 34.831 34.836 34.894 34.904 34.929 34.964 34.979 34.989 35.006 34.969 34.969 34.999 35.009 35.024 35.006 34.999 34.999 34.966 34.954 34.919 34.919 34.924 34.919 34.891 34.879 34.896 34.899 34.911
31.546 31.504 31.581 32.381 32.559 31.016 30.921 32.991 32.779 31.984 31.981 32.136 32.134 32.154 32.239 32.336 32.426 32.546 32.639 32.711 32.789 32.869 32.909 32.999 33.098 33.206 33.32 33.409 33.527 33.652 33.728 33.809 33.908 33.98 34.037 34.154 34.244 34.338 34.414 34.444 34.551 34.596 34.666 34.661 34.701 34.764 34.774 34.824 34.839 34.854 34.839 34.866 34.849 34.831 34.839 34.811 34.834 34.829 34.836 34.804 34.859 34.801 34.811 34.804 34.799 34.779 34.761 34.739 34.729 34.729 34.734
34.114 35.509 34.794 33.129 30.886 30.831 30.759 32.604 32.074 31.836 31.811 31.966 31.976 31.984 32.089 32.184 32.259 32.366 32.451 32.544 32.604 32.691 32.741 32.842 32.902 32.99 33.108 33.201 33.316 33.427 33.538 33.637 33.729 33.785 33.827 33.975 34.037 34.122 34.194 34.261 34.339 34.371 34.446 34.499 34.531 34.579 34.586 34.621 34.666 34.666 34.689 34.724 34.726 34.691 34.704 34.681 34.709 34.704 34.689 34.656 34.676 34.669 34.669 34.634 34.634 34.626 34.584 34.601 34.586 34.604 34.599
34.144 35.549 34.776 32.704 30.699 30.669 30.551 32.506 32.391 31.656 31.656 31.809 31.804 31.794 31.919 31.989 32.074 32.181 32.274 32.344 32.444 32.526 32.554 32.669 32.719 32.774 32.887 32.999 33.107 33.231 33.318 33.393 33.504 33.574 33.629 33.748 33.81 33.896 33.999 34.064 34.139 34.204 34.239 34.279 34.319 34.389 34.401 34.424 34.466 34.494 34.521 34.516 34.551 34.529 34.534 34.564 34.574 34.566 34.551 34.549 34.526 34.511 34.564 34.511 34.489 34.484 34.461 34.486 34.459 34.454 34.424
34.211 35.601 34.729 32.294 30.581 30.496 30.384 32.236 31.941 31.481 31.466 31.634 31.634 31.611 31.744 31.786 31.911 32.001 32.094 32.156 32.259 32.351 32.369 32.486 32.523 32.598 32.706 32.783 32.916 33.006 33.086 33.157 33.28 33.351 33.427 33.524 33.598 33.674 33.76 33.849 33.881 33.994 34.046 34.091 34.146 34.179 34.221 34.249 34.296 34.306 34.359 34.326 34.369 34.364 34.371 34.376 34.374 34.411 34.356 34.371 34.366 34.376 34.374 34.384 34.331 34.339 34.299 34.324 34.319 34.331 34.311
34.241 35.331 34.709 31.851 30.459 30.326 30.189 32.166 32.096 31.289 31.276 31.451 31.441 31.459 31.584 31.651 31.716 31.809 31.881 31.961 32.066 32.141 32.169 32.281 32.326 32.397 32.505 32.591 32.714 32.815 32.894 32.955 33.076 33.142 33.199 33.287 33.377 33.478 33.552 33.636 33.684 33.764 33.834 33.861 33.946 33.964 34.026 34.056 34.086 34.119 34.144 34.166 34.159 34.156 34.186 34.196 34.211 34.216 34.191 34.211 34.199 34.194 34.194 34.224 34.166 34.174 34.136 34.119 34.134 34.169 34.199
31.029 31.061 31.986 32.611 30.466 30.161 30.014 31.764 31.656 31.121 31.094 31.264 31.274 31.296 31.439 31.504 31.579 31.649 31.734 31.816 31.901 31.949 31.999 32.089 32.122 32.208 32.3 32.402 32.508 32.592 32.685 32.753 32.863 32.921 32.989 33.092 33.163 33.286 33.349 33.411 33.476 33.539 33.596 33.646 33.721 33.774 33.794 33.859 33.891 33.896 33.954 33.934 33.954 33.979 34.016 34.024 34.011 34.019 34.024 34.036 34.029 34.009 34.019 34.021 34.014 33.986 33.979 33.966 33.989 34.009 34.029
30.806 30.781 30.764 32.061 30.626 30.066 29.859 31.571 31.119 30.919 30.906 31.101 31.091 31.159 31.269 31.339 31.431 31.499 31.574 31.669 31.756 31.809 31.859 31.941 31.985 32.055 32.12 32.18 32.304 32.384 32.464 32.545 32.666 32.708 32.768 32.86 32.972 33.048 33.135 33.194 33.264 33.336 33.379 33.429 33.496 33.536 33.604 33.649 33.666 33.689 33.716 33.751 33.766 33.774 33.784 33.814 33.814 33.811 33.846 33.856 33.836 33.826 33.844 33.844 33.809 33.834 33.801 33.791 33.824 33.829 33.839
30.634 30.424 30.259 31.584 30.519 31.734 29.686 30.911 31.146 30.739 30.726 30.936 30.936 31.001 31.084 31.169 31.266 31.321 31.411 31.529 31.586 31.636 31.676 31.786 31.806 31.882 31.96 32.035 32.134 32.204 32.287 32.35 32.452 32.49 32.554 32.644 32.749 32.849 32.937 32.984 33.036 33.086 33.176 33.219 33.291 33.326 33.399 33.419 33.471 33.504 33.519 33.529 33.584 33.576 33.591 33.621 33.661 33.661 33.634 33.674 33.649 33.681 33.674 33.654 33.636 33.626 33.624 33.634 33.631 33.629 33.636
30.554 30.756 30.106 29.914 30.619 31.224 29.531 30.116 30.849 30.586 30.586 30.776 30.754 30.829 30.919 30.979 31.099 31.161 31.246 31.369 31.416 31.459 31.499 31.624 31.621 31.719 31.787 31.856 31.969 32.042 32.102 32.174 32.275 32.31 32.373 32.453 32.54 32.624 32.702 32.765 32.846 32.899 32.939 32.996 33.094 33.104 33.151 33.191 33.259 33.244 33.316 33.316 33.356 33.376 33.389 33.429 33.444 33.441 33.439 33.461 33.456 33.456 33.469 33.461 33.431 33.436 33.424 33.439 33.451 33.466 33.474
30.454 30.651 31.089 30.704 31.169 29.524 29.396 29.526 30.971 30.416 30.421 30.619 30.561 30.644 30.744 30.801 30.894 30.981 31.069 31.204 31.256 31.291 31.354 31.431 31.446 31.541 31.605 31.671 31.776 31.852 31.926 32.004 32.096 32.115 32.185 32.242 32.324 32.432 32.513 32.559 32.611 32.684 32.731 32.801 32.856 32.884 32.946 32.964 33.009 33.019 33.079 33.091 33.121 33.176 33.166 33.159 33.186 33.204 33.229 33.274 33.236 33.206 33.256 33.266 33.211 33.241 33.211 33.221 33.241 33.256 33.264
28.544 28.324 28.311 28.366 31.371 29.324 29.209 29.124 30.674 30.246 30.249 30.476 30.369 30.461 30.556 30.606 30.709 30.816 30.866 30.999 31.069 31.101 31.184 31.246 31.286 31.372 31.409 31.498 31.599 31.675 31.739 31.823 31.912 31.925 32.004 32.07 32.142 32.209 32.291 32.386 32.384 32.454 32.514 32.546 32.629 32.646 32.686 32.736 32.791 32.824 32.851 32.876 32.881 32.901 32.911 32.939 32.969 32.959 32.961 32.994 33.019 33.001 33.006 33.021 33.001 32.996 33.006 33.026 33.011 33.024 33.039
29.061 28.866 29.856 29.451 29.169 30.449 29.039 28.936 30.766 30.054 30.081 30.201 30.161 30.259 30.346 30.424 30.501 30.609 30.684 30.771 30.851 30.881 30.959 31.051 31.049 31.179 31.222 31.298 31.407 31.472 31.547 31.631 31.71 31.73 31.795 31.879 31.939 32.003 32.075 32.115 32.144 32.214 32.296 32.349 32.371 32.416 32.456 32.544 32.566 32.599 32.629 32.629 32.654 32.664 32.681 32.704 32.726 32.741 32.769 32.774 32.749 32.779 32.786 32.784 32.749 32.754 32.756 32.796 32.811 32.784 32.841
32.746 32.734 32.761 32.786 32.779 32.804 28.901 28.761 30.846 29.879 29.914 29.964 29.976 30.061 30.156 30.224 30.289 30.399 30.496 30.524 30.639 30.674 30.741 30.821 30.811 30.942 30.994 31.09 31.172 31.258 31.344 31.412 31.501 31.533 31.584 31.649 31.718 31.777 31.849 31.92 31.966 32.024 32.071 32.084 32.141 32.194 32.239 32.279 32.341 32.351 32.394 32.396 32.409 32.441 32.451 32.456 32.479 32.481 32.496 32.529 32.521 32.536 32.554 32.549 32.529 32.516 32.556 32.539 32.534 32.584 32.574
33.641 33.844 33.654 33.656 33.661 33.699 28.729 28.599 30.661 29.699 29.724 29.766 29.791 29.866 29.936 30.039 30.099 30.181 30.301 30.309 30.439 30.486 30.539 30.609 30.614 30.719 30.781 30.851 30.959 31.028 31.091 31.173 31.279 31.292 31.372 31.424 31.494 31.563 31.634 31.716 31.748 31.789 31.849 31.881 31.951 31.981 32.044 32.084 32.124 32.111 32.181 32.171 32.176 32.194 32.196 32.209 32.221 32.259 32.236 32.294 32.299 32.281 32.269 32.294 32.304 32.281 32.296 32.284 32.289 32.354 32.339
34.641 34.841 34.829 34.824 34.889 34.624 28.569 28.461 30.239 29.489 29.524 29.541 29.606 29.661 29.741 29.859 29.901 29.996 30.099 30.104 30.234 30.291 30.331 30.394 30.414 30.521 30.569 30.627 30.749 30.809 30.874 30.938 31.044 31.065 31.141 31.22 31.275 31.357 31.421 31.495 31.521 31.571 31.639 31.686 31.766 31.784 31.819 31.864 31.904 31.919 31.969 31.954 31.956 31.974 31.994 31.991 32.034 32.001 32.056 32.069 32.056 32.076 32.059 32.071 32.036 32.054 32.049 32.071 32.101 32.081 32.131
34.619 35.931 34.876 34.929 35.899 34.619 28.424 28.334 29.749 29.359 29.324 29.341 29.439 29.504 29.546 29.664 29.699 29.796 29.924 29.919 30.031 30.091 30.141 30.209 30.211 30.331 30.358 30.431 30.546 30.599 30.667 30.749 30.815 30.852 30.919 31.01 31.069 31.152 31.213 31.241 31.299 31.389 31.434 31.461 31.531 31.571 31.611 31.629 31.714 31.704 31.754 31.746 31.754 31.759 31.809 31.771 31.809 31.804 31.786 31.841 31.824 31.841 31.859 31.841 31.831 31.824 31.799 31.844 31.831 31.854 31.884
34.616 35.896 34.909 34.926 35.896 34.621 28.314 28.214 28.971 29.429 29.146 29.121 29.261 29.326 29.356 29.441 29.516 29.609 29.724 29.744 29.831 29.916 29.964 30.031 30.036 30.136 30.154 30.237 30.342 30.399 30.451 30.531 30.617 30.651 30.724 30.786 30.859 30.933 30.999 31.051 31.092 31.179 31.234 31.274 31.331 31.394 31.424 31.456 31.474 31.534 31.546 31.551 31.541 31.541 31.561 31.599 31.576 31.586 31.604 31.596 31.599 31.596 31.626 31.634 31.584 31.606 31.621 31.586 31.619 31.631 31.629
34.619 35.909 34.909 34.886 35.904 34.639 28.181 28.089 28.174 29.749 28.966 28.944 29.074 29.101 29.161 29.254 29.334 29.446 29.506 29.586 29.664 29.734 29.781 29.841 29.871 29.941 29.974 30.038 30.141 30.2 30.256 30.344 30.399 30.438 30.521 30.586 30.652 30.687 30.783 30.829 30.904 30.946 31.031 31.061 31.106 31.186 31.196 31.261 31.286 31.304 31.344 31.341 31.364 31.354 31.374 31.374 31.394 31.376 31.394 31.401 31.371 31.379 31.404 31.389 31.384 31.379 31.369 31.376 31.369 31.399 31.426
34.666 35.904 35.089 35.096 35.926 34.661 28.024 27.934 27.906 29.951 28.816 28.786 28.896 28.894 28.979 29.081 29.139 29.271 29.324 29.424 29.504 29.549 29.591 29.656 29.684 29.769 29.791 29.846 29.952 29.995 30.058 30.133 30.202 30.23 30.306 30.369 30.425 30.492 30.56 30.65 30.694 30.761 30.799 30.856 30.896 30.949 31.006 31.039 31.069 31.106 31.136 31.136 31.149 31.161 31.174 31.161 31.196 31.206 31.194 31.176 31.204 31.184 31.196 31.161 31.176 31.154 31.146 31.146 31.179 31.181 31.179
34.606 35.781 35.746 35.726 35.746 34.679 27.861 27.801 27.759 29.591 28.664 28.661 28.731 28.701 28.801 28.919 28.979 29.084 29.141 29.231 29.326 29.384 29.394 29.466 29.501 29.576 29.606 29.653 29.757 29.782 29.856 29.93 29.978 30.029 30.105 30.132 30.217 30.285 30.347 30.434 30.439 30.54 30.596 30.634 30.696 30.769 30.789 30.829 30.856 30.914 30.921 30.949 30.954 30.956 30.956 30.964 30.959 30.974 30.971 30.956 30.981 30.991 30.946 30.966 30.926 30.911 30.929 30.921 30.939 30.954 30.939
34.494 32.546 34.449 34.446 34.044 34.444 27.731 27.674 27.631 29.256 28.479 28.519 28.556 28.571 28.614 28.734 28.829 28.901 28.969 29.049 29.119 29.181 29.229 29.269 29.309 29.389 29.414 29.462 29.543 29.6 29.643 29.708 29.783 29.81 29.871 29.941 30.012 30.089 30.139 30.197 30.249 30.317 30.371 30.424 30.491 30.554 30.579 30.626 30.651 30.664 30.721 30.736 30.734 30.746 30.754 30.764 30.794 30.791 30.781 30.794 30.789 30.776 30.756 30.744 30.724 30.689 30.714 30.724 30.704 30.704 30.729
29.259 27.896 28.821 30.366 27.914 27.939 27.609 27.544 27.501 28.979 28.306 28.349 28.369 28.469 28.481 28.584 28.671 28.714 28.816 28.859 28.956 28.994 29.011 29.089 29.119 29.191 29.211 29.277 29.351 29.392 29.448 29.514 29.576 29.587 29.68 29.739 29.806 29.864 29.939 29.983 30.031 30.097 30.121 30.211 30.271 30.329 30.339 30.414 30.461 30.469 30.509 30.544 30.504 30.551 30.586 30.549 30.574 30.554 30.559 30.564 30.571 30.589 30.561 30.569 30.544 30.484 30.496 30.509 30.509 30.516 30.531
29.364 27.769 27.789 27.761 27.751 28.034 27.456 27.416 27.374 28.531 28.164 28.199 28.229 28.329 28.359 28.434 28.521 28.519 28.646 28.704 28.806 28.859 28.824 28.891 28.951 29.004 29.014 29.056 29.147 29.211 29.265 29.313 29.349 29.403 29.472 29.535 29.6 29.662 29.728 29.778 29.824 29.886 29.934 30.004 30.044 30.134 30.144 30.204 30.229 30.269 30.299 30.309 30.314 30.326 30.351 30.364 30.401 30.361 30.381 30.381 30.394 30.366 30.376 30.374 30.344 30.289 30.296 30.316 30.314 30.304 30.316
30.194 27.986 27.691 27.621 27.626 28.236 27.259 27.229 27.221 28.014 28.604 28.054 28.076 28.206 28.199 28.306 28.376 28.406 28.459 28.541 28.606 28.661 28.646 28.714 28.759 28.806 28.824 28.884 28.95 29.012 29.053 29.103 29.166 29.196 29.265 29.324 29.384 29.438 29.495 29.546 29.605 29.668 29.717 29.766 29.841 29.899 29.946 30.006 30.014 30.041 30.106 30.116 30.104 30.136 30.169 30.166 30.219 30.159 30.181 30.181 30.161 30.181 30.169 30.169 30.139 30.104 30.096 30.099 30.089 30.096 30.114
30.736 30.186 28.534 27.586 27.666 28.009 27.079 27.079 27.044 27.619 28.439 27.866 27.944 28.196 28.079 28.159 28.209 28.239 28.309 28.371 28.424 28.474 28.459 28.531 28.574 28.624 28.631 28.681 28.751 28.848 28.868 28.919 28.985 28.997 29.072 29.127 29.159 29.225 29.286 29.342 29.385 29.467 29.496 29.574 29.616 29.676 29.714 29.771 29.809 29.849 29.869 29.921 29.929 29.926 29.974 29.939 29.976 29.989 29.969 29.961 29.971 29.981 29.984 29.981 29.936 29.921 29.911 29.916 29.914 29.921 29.916
30.541 29.821 26.964 26.956 27.009 27.024 27.026 27.004 26.931 27.384 28.366 27.714 27.819 27.861 27.966 28.036 28.076 28.086 28.124 28.199 28.234 28.279 28.276 28.311 28.364 28.429 28.444 28.514 28.575 28.632 28.666 28.705 28.766 28.811 28.863 28.938 28.961 29.02 29.089 29.151 29.187 29.257 29.314 29.389 29.401 29.474 29.511 29.581 29.604 29.641 29.684 29.699 29.686 29.731 29.744 29.751 29.766 29.791 29.804 29.801 29.824 29.799 29.771 29.779 29.761 29.716 29.706 29.746 29.731 29.754 29.739
