Matlab/Roost_data/braunton/dsm/ss5036_DSM_2M.asc
ncols 500
nrows 500
xllcorner    250000
yllcorner    136000
cellsize     2
NODATA_value -9999
[rows 64 to 95 of 500, columns 426 to 496 of 500]
118.767 118.759 118.769 127.114 132.324 123.392 118.142 117.937 118.252 118.014 117.842 117.622 122.369 121.604 116.812 116.792 117.064 119.069 124.717 121.142 116.442 121.772 123.514 119.107 116.294 117.724 115.344 115.127 115.082 114.932 114.939 120.222 114.814 114.829 115.324 113.794 117.272 116.427 114.362 113.074 113.839 121.894 117.299 118.999 111.779 111.569 111.837 111.372 110.874 110.889 110.792 110.407 110.422 110.252 110.099 109.839 109.777 109.714 109.522 109.252 109.177 108.829 108.709 108.494 108.097 107.639 107.284 107.042 107.027 106.247 105.837
118.902 118.774 118.677 118.637 118.844 119.004 117.937 117.979 121.399 117.729 117.652 117.699 121.692 117.677 116.732 116.862 118.227 116.649 117.019 118.054 116.079 116.537 115.967 122.317 125.664 122.422 115.192 115.112 116.169 115.594 114.634 116.139 114.174 118.839 125.787 113.349 116.722 117.969 113.082 112.804 113.344 115.124 113.129 112.297 111.467 111.344 111.997 112.054 111.089 110.842 110.769 110.217 110.079 110.112 109.964 109.567 109.257 109.077 108.832 108.699 108.507 108.074 107.932 109.709 109.694 106.912 106.549 106.452 105.834 105.462 104.987
122.852 118.452 118.314 123.849 118.307 117.952 117.734 118.517 117.577 117.444 117.174 118.459 121.142 116.554 116.609 116.627 117.847 117.839 116.972 116.142 115.962 115.927 115.637 118.094 116.322 115.219 115.032 116.449 114.912 115.337 114.449 114.694 113.962 117.272 121.417 113.202 112.922 112.909 112.667 112.452 112.829 112.742 111.869 112.442 112.584 111.172 111.057 110.739 110.582 110.512 110.382 110.074 110.117 110.144 111.687 113.124 115.777 109.479 109.142 108.862 108.537 107.914 107.862 112.349 107.814 106.634 106.367 106.007 105.637 105.212 104.729
118.494 118.154 117.934 121.982 117.614 117.464 122.367 130.034 117.767 117.057 117.069 116.819 123.817 117.739 116.597 119.759 120.562 122.942 117.007 124.099 115.892 115.877 117.239 115.312 115.737 118.262 115.019 115.512 114.464 114.212 114.137 115.347 113.489 113.492 117.392 112.849 112.972 112.789 112.644 112.242 113.974 118.867 111.709 111.367 111.299 110.797 110.692 110.572 110.202 110.197 109.859 109.962 109.994 110.642 113.174 113.889 114.327 108.894 110.127 112.734 108.834 107.559 107.719 107.074 106.552 106.324 105.867 105.524 105.127 104.784 104.272
118.209 120.802 117.772 117.954 118.847 118.569 117.212 117.689 117.339 116.927 117.492 126.177 119.094 119.392 117.174 120.972 117.009 115.884 116.604 122.002 117.569 120.679 117.267 115.149 115.214 123.812 114.477 114.324 114.122 113.827 113.499 113.417 117.564 114.054 117.364 113.534 112.612 112.437 112.162 111.922 113.457 114.789 112.822 111.139 110.969 110.517 110.364 110.339 109.967 110.064 109.974 109.889 109.667 109.382 109.594 114.809 119.799 109.457 108.814 116.249 111.682 106.954 106.734 106.274 106.014 105.757 105.324 105.217 104.292 103.834 103.519
118.902 117.734 117.434 118.724 119.199 117.237 116.952 116.924 116.919 117.864 116.667 118.387 116.167 116.639 116.114 115.997 118.602 115.694 119.469 121.392 117.794 121.939 115.074 114.804 114.467 114.459 114.307 114.327 114.007 113.657 113.774 113.499 113.192 115.044 114.842 112.927 112.049 112.222 112.277 111.702 111.674 111.352 111.612 120.134 116.557 110.602 109.974 109.852 109.872 109.759 109.912 111.159 109.064 108.717 108.497 109.934 115.042 108.167 107.992 108.824 106.842 106.709 106.469 105.922 105.237 104.972 104.642 104.664 103.537 103.382 102.787
119.382 117.779 119.989 118.879 117.472 117.039 117.227 116.692 116.514 116.407 116.397 116.149 115.907 115.822 115.909 118.512 118.899 115.374 115.359 119.707 116.284 115.129 114.837 114.549 114.307 114.269 114.347 114.177 113.717 113.962 124.062 116.014 114.062 115.979 114.219 112.564 111.812 111.682 111.752 111.452 111.152 110.779 110.674 118.812 119.747 109.944 110.864 109.817 109.619 109.424 109.217 108.954 108.742 108.467 108.217 109.424 111.217 109.392 107.467 108.459 106.214 106.137 105.512 105.119 105.379 106.534 104.362 103.302 102.524 102.122 101.857
117.299 117.279 121.902 125.819 121.974 117.069 116.687 116.747 117.929 116.362 115.917 116.032 115.897 115.757 115.817 116.537 119.572 120.404 115.204 118.067 116.522 114.559 114.209 114.207 114.297 116.304 113.757 113.692 113.412 114.134 126.124 117.044 113.477 113.149 112.189 111.792 111.319 111.154 110.949 110.644 110.447 110.537 110.509 110.284 111.492 111.744 121.762 113.249 109.397 109.077 108.917 108.854 108.422 107.934 107.619 111.282 118.464 113.729 106.527 105.854 105.819 105.377 104.832 104.242 104.029 103.732 103.239 102.324 101.887 101.499 100.757
117.214 117.262 117.232 117.144 116.714 116.952 118.039 116.389 116.594 115.832 115.889 115.947 115.692 115.544 115.497 115.227 118.767 120.992 116.167 115.884 114.657 114.464 114.092 114.044 114.527 128.144 113.689 113.344 112.994 112.764 113.807 112.272 111.937 111.912 111.624 111.474 111.282 111.137 110.882 110.654 110.562 110.847 111.522 110.072 110.062 110.449 119.547 109.714 108.939 108.747 108.407 108.097 107.762 107.442 107.089 106.889 106.934 110.729 105.697 105.359 104.997 104.702 103.874 103.482 103.144 102.637 102.727 101.387 100.982 100.587 100.037
118.344 117.082 116.964 116.837 116.607 117.922 128.899 125.399 115.784 115.542 115.627 115.712 115.589 115.234 116.769 117.024 114.784 118.787 126.439 116.549 118.034 115.574 113.957 113.977 117.057 116.024 113.119 112.934 112.777 113.669 112.339 111.979 111.867 111.864 111.634 111.324 111.212 110.837 110.577 111.727 110.174 110.404 110.619 109.759 109.857 109.639 114.432 109.497 108.787 108.097 108.067 110.012 110.012 106.944 106.469 106.197 105.854 109.172 104.917 104.892 104.297 103.729 103.314 102.739 102.504 101.842 102.952 101.664 100.334 99.674 99.612
117.049 117.037 116.984 116.714 116.364 116.354 119.059 122.804 117.169 115.499 115.329 115.294 115.252 115.084 115.362 114.639 114.502 114.862 116.289 114.419 117.584 114.517 115.319 113.704 117.817 115.472 113.104 112.627 116.089 114.697 112.339 117.309 111.879 111.577 111.262 111.129 111.039 110.727 110.232 115.054 112.764 109.724 118.742 113.792 109.414 109.222 108.959 108.847 108.139 108.209 110.494 112.677 111.224 106.694 106.009 105.509 107.429 104.994 104.754 104.767 103.682 103.092 102.512 102.472 101.664 101.137 100.619 100.074 99.492 99.237 98.547
116.872 116.662 116.584 116.477 116.054 116.127 115.774 115.744 115.342 115.464 115.289 115.194 115.022 114.824 114.632 114.414 114.457 114.209 114.262 114.217 113.949 113.529 113.467 113.414 115.269 113.859 114.089 114.242 122.429 120.769 117.652 125.077 111.557 111.162 110.927 110.839 110.797 110.389 109.984 109.669 112.314 109.692 112.699 109.112 111.527 108.639 108.462 108.144 107.582 107.874 110.819 110.637 108.389 106.997 105.664 105.007 104.444 104.084 103.892 103.357 102.854 102.262 101.869 101.264 100.854 100.339 99.982 99.487 98.732 98.482 97.922
116.459 116.534 116.299 116.157 115.812 115.792 115.584 115.222 115.207 115.327 115.199 114.974 115.247 114.802 114.662 117.137 114.007 113.929 114.059 114.644 113.512 113.377 113.144 112.972 112.674 114.029 112.362 112.107 118.567 115.617 113.537 115.849 111.137 110.939 110.719 110.837 110.479 110.069 109.619 110.439 118.337 119.564 109.947 108.559 108.432 108.729 108.162 107.629 107.089 107.722 110.134 106.437 106.467 105.332 104.727 104.154 103.834 103.494 103.174 102.484 101.972 101.472 100.984 100.844 100.637 99.519 99.202 98.652 98.249 97.782 97.477
116.234 116.254 116.712 117.504 115.804 115.457 115.222 115.022 115.227 115.214 115.024 114.759 114.557 114.422 114.184 114.897 117.714 114.264 113.747 115.609 113.322 113.227 112.952 112.589 112.319 112.144 112.209 112.229 111.797 111.519 111.387 111.099 110.907 110.649 111.769 116.567 110.094 109.587 109.324 109.177 109.717 113.232 110.422 108.289 107.977 111.032 108.144 107.812 106.654 106.252 106.817 105.242 104.799 104.667 104.037 103.472 103.114 102.432 101.992 101.584 101.044 100.612 100.287 99.702 101.802 100.027 98.309 97.684 97.237 96.914 96.484
116.074 116.017 116.164 115.797 115.879 115.219 114.892 114.999 115.042 114.932 114.869 114.449 115.149 114.152 117.749 124.987 114.544 113.579 113.479 113.352 113.139 113.007 112.687 112.252 112.174 111.942 111.709 111.834 111.652 111.309 111.077 111.107 110.889 110.557 110.134 115.604 110.452 111.529 111.999 108.699 108.492 108.107 107.692 107.502 107.479 107.642 108.014 107.649 105.934 105.482 105.557 104.807 104.242 103.689 104.119 102.734 102.317 102.954 102.282 101.557 100.977 100.269 99.469 98.704 100.082 100.139 98.082 97.064 96.447 96.177 95.824
116.362 116.637 115.667 115.594 115.167 114.829 114.697 114.887 115.029 114.737 114.432 114.202 114.692 113.904 117.347 122.209 114.114 114.752 113.469 113.032 112.857 112.692 112.494 112.077 112.307 112.177 111.657 111.579 111.467 111.044 111.042 110.634 110.437 110.059 109.932 109.634 109.167 119.862 116.409 108.257 108.202 107.804 107.314 107.014 107.297 107.664 110.937 108.304 105.437 105.854 105.959 104.152 105.062 102.794 102.174 101.967 102.642 102.904 101.674 99.912 99.494 99.169 98.612 98.004 97.454 97.454 96.949 96.149 95.814 95.387 95.054
115.637 115.404 116.239 116.512 114.854 114.519 114.554 114.554 114.402 114.507 114.392 114.174 114.074 113.842 113.782 114.152 117.997 116.442 113.184 112.834 112.732 112.357 112.099 112.082 112.089 111.987 111.432 111.247 111.167 110.719 110.579 110.579 110.094 109.872 109.597 109.269 108.939 108.527 108.042 107.954 107.904 108.362 107.669 109.474 108.869 108.152 107.182 105.427 105.284 104.412 103.862 103.259 102.734 102.194 101.419 101.219 102.689 102.819 101.372 99.282 98.522 97.989 97.472 97.024 96.807 96.302 95.782 95.474 95.934 94.899 94.369
115.397 115.337 115.047 114.917 114.602 114.364 114.422 114.269 114.267 114.267 114.132 113.754 113.839 113.674 113.409 113.894 114.219 113.104 112.934 112.574 112.464 112.212 112.087 111.942 111.629 111.602 111.309 111.092 110.764 110.434 110.277 111.462 109.737 109.522 109.212 109.012 108.639 108.317 107.819 107.569 107.589 109.639 106.552 107.772 108.257 106.037 104.799 104.774 104.399 103.757 102.964 102.517 103.294 101.129 100.787 100.252 102.952 101.759 99.322 98.069 97.572 97.222 97.419 98.147 97.044 95.674 95.137 94.609 94.304 93.937 93.262
115.012 114.762 114.752 114.609 114.222 114.217 114.249 114.187 116.127 113.844 113.692 113.679 113.489 113.499 113.244 113.259 112.892 112.772 112.612 112.232 112.194 112.242 112.044 111.654 111.229 111.109 110.962 110.704 110.482 110.397 110.012 109.822 109.439 109.152 108.887 108.672 108.167 107.899 107.457 107.182 106.739 106.992 106.042 107.927 106.907 104.899 104.622 104.092 103.329 103.759 102.202 101.844 101.222 100.372 100.337 99.669 98.737 98.324 97.884 97.477 97.094 97.534 98.669 99.429 98.672 96.617 94.559 93.657 93.292 92.934 92.477
118.719 114.477 114.544 113.997 114.184 116.349 114.529 113.922 113.742 113.702 116.559 115.402 115.887 114.574 113.092 112.787 112.559 112.619 112.247 115.152 114.987 112.044 111.627 111.202 111.164 110.952 110.652 110.332 110.237 109.954 109.832 109.442 109.077 108.979 108.624 108.409 107.884 107.644 107.274 106.714 106.649 106.987 106.654 108.697 108.274 106.774 104.192 103.224 102.559 102.059 101.497 101.237 100.404 99.697 99.227 98.734 98.209 97.562 97.112 97.342 98.382 97.009 98.369 98.259 96.549 97.319 93.747 93.959 92.452 92.362 91.962
124.662 114.492 114.002 113.722 113.909 114.314 113.687 113.552 115.469 114.527 115.379 116.192 113.602 113.234 112.639 112.467 112.144 112.142 111.737 117.729 116.772 111.359 111.147 111.067 111.912 111.652 110.212 109.889 109.944 109.757 109.307 109.219 108.907 108.437 108.412 107.859 107.392 107.092 106.809 106.312 107.234 106.674 109.452 109.944 106.437 104.057 103.134 102.392 101.857 101.419 100.747 100.222 99.644 99.007 98.597 97.874 97.292 96.982 96.382 98.854 100.637 98.414 95.692 99.064 97.912 102.542 100.579 102.362 92.509 93.724 93.464
120.139 114.024 113.814 113.477 113.499 114.572 114.954 113.239 113.169 114.282 115.474 115.629 115.097 112.564 112.407 112.059 111.787 111.872 111.772 113.792 112.707 111.604 110.727 111.014 112.374 110.067 109.649 109.699 109.507 109.297 109.272 109.082 108.529 108.004 107.779 107.579 107.204 106.729 106.202 105.912 106.002 106.499 105.414 106.259 103.802 103.304 102.499 101.749 101.214 100.579 99.862 99.337 99.314 99.912 98.924 97.069 97.944 96.264 95.939 97.919 98.352 95.489 95.069 98.194 96.697 101.257 103.894 92.104 93.049 92.917 92.917
115.352 113.634 113.342 113.284 113.319 113.397 113.884 113.019 114.194 112.479 113.339 113.032 112.157 112.119 111.709 111.599 112.207 111.892 111.449 111.322 110.817 110.802 114.942 112.644 118.087 109.899 109.314 109.294 109.287 108.984 109.152 109.289 108.244 107.769 107.392 107.227 106.722 106.377 105.867 105.327 104.932 104.364 103.949 103.847 103.334 102.654 101.829 101.094 100.764 99.929 99.147 98.907 99.637 101.312 97.979 96.242 97.542 95.409 95.254 95.967 94.537 95.077 93.972 93.737 92.599 92.692 94.884 93.037 91.472 91.112 91.669
113.832 115.582 113.097 113.982 114.529 112.799 112.744 114.539 113.729 112.284 112.444 112.639 111.592 111.432 111.614 111.739 111.717 111.417 111.057 110.854 110.649 110.227 111.574 109.789 110.184 109.134 109.019 108.992 108.717 108.437 108.234 108.019 107.667 107.422 107.047 106.944 106.359 105.929 105.332 104.959 104.297 103.847 103.782 106.117 106.034 101.874 101.172 100.434 99.917 99.179 98.682 98.124 97.752 98.282 96.544 95.797 95.014 94.619 95.419 95.422 93.209 92.682 92.422 92.474 93.407 93.507 91.872 93.752 91.612 89.754 88.944
113.312 112.857 112.834 112.762 112.812 112.712 112.332 112.169 111.827 111.739 111.632 111.569 111.374 111.549 111.842 111.672 111.202 111.007 110.829 110.284 110.154 109.952 109.612 109.369 109.114 108.812 108.429 108.424 108.312 108.367 107.652 107.567 107.369 107.004 106.524 106.197 107.372 105.234 104.859 105.874 104.882 103.349 103.062 103.334 103.009 101.662 100.522 99.962 99.047 98.802 98.019 97.847 99.877 96.319 95.589 95.224 94.952 96.479 93.777 93.274 92.512 91.897 91.517 91.562 90.787 90.659 90.252 90.492 90.644 89.164 88.129
112.944 112.592 112.459 112.327 112.117 112.002 111.959 111.734 111.609 111.854 111.729 111.727 111.699 111.492 111.412 111.232 110.849 110.277 110.129 109.909 109.414 109.317 109.289 108.902 108.514 108.544 108.052 107.929 108.122 107.829 107.352 106.997 106.799 106.367 105.947 105.487 105.292 104.567 104.574 106.899 104.402 103.352 102.969 101.644 103.492 102.919 100.092 99.147 98.719 98.159 99.164 100.914 111.659 102.347 94.892 94.617 93.909 93.234 92.912 92.407 91.739 91.364 91.099 90.672 90.127 89.754 89.472 89.464 88.612 87.837 88.444
112.782 112.352 112.187 112.107 112.389 113.184 111.752 111.794 113.587 111.822 111.522 111.417 110.989 110.952 110.607 111.084 110.539 110.159 109.804 109.472 109.097 109.114 108.752 108.509 108.384 107.897 107.669 107.837 107.692 107.117 107.094 106.537 106.167 105.759 105.454 105.137 104.584 104.184 106.382 106.367 103.192 102.067 101.547 101.764 103.889 103.437 100.679 98.977 98.662 97.274 98.464 95.897 104.252 99.609 94.177 93.552 93.152 92.522 92.182 91.632 91.072 90.544 90.314 89.939 89.662 89.119 89.002 88.622 87.662 87.737 90.589
112.384 112.157 112.279 113.687 112.452 113.564 111.517 111.329 111.479 111.289 111.032 110.909 110.717 110.489 110.374 110.754 109.917 109.622 109.164 109.012 108.654 108.607 108.322 108.142 107.904 107.457 107.264 107.244 106.872 106.647 106.557 105.959 105.682 105.237 104.959 104.367 103.959 103.647 105.544 105.332 102.402 101.884 110.162 100.172 100.364 100.107 99.007 98.014 97.099 96.759 96.029 95.412 96.042 94.102 93.552 92.974 92.659 92.022 91.524 91.049 90.559 90.054 89.827 89.764 89.097 88.767 88.344 87.469 87.412 88.457 88.457
114.289 113.672 112.162 111.924 111.657 111.397 111.099 110.792 110.687 110.829 110.672 110.749 110.464 110.377 110.097 110.342 109.909 109.364 108.739 108.524 108.364 108.189 107.834 107.734 108.332 107.192 106.862 106.727 106.324 106.167 105.812 105.487 104.989 104.732 104.119 103.804 103.384 102.889 102.319 101.852 101.347 100.817 106.752 99.687 99.134 98.807 97.889 97.402 97.017 95.999 95.644 95.147 95.682 93.537 92.714 92.244 92.302 91.254 90.859 90.517 90.167 89.804 89.382 90.694 89.379 88.417 87.207 86.989 88.592 88.957 86.979
115.204 118.104 118.937 115.994 111.357 111.069 113.197 111.989 110.624 110.582 110.639 110.364 110.027 110.022 109.627 109.557 109.139 108.882 108.627 108.364 109.684 107.782 107.624 107.407 107.274 106.812 106.602 106.452 106.122 105.834 105.414 105.024 104.509 104.087 103.799 103.262 102.817 102.214 101.644 101.077 101.997 105.654 101.404 99.119 98.612 97.974 97.299 96.669 96.427 95.577 96.632 96.764 94.899 93.129 92.152 91.737 91.422 90.767 90.377 89.917 89.617 89.359 88.799 89.222 88.079 87.239 86.584 87.477 87.694 88.324 86.582
115.167 113.917 114.817 112.304 110.882 115.074 120.647 111.319 110.329 110.114 110.279 109.862 109.669 109.629 109.704 108.982 108.669 108.474 108.334 108.179 108.012 107.532 107.257 106.887 106.584 106.447 106.212 105.927 105.777 105.402 105.087 104.747 104.252 103.714 103.297 102.754 102.172 101.762 101.097 100.612 100.039 101.279 99.037 98.407 97.799 97.309 96.337 95.942 96.584 95.474 96.109 95.542 93.794 92.692 91.629 91.042 90.739 90.192 89.924 89.427 89.307 88.707 88.349 88.854 88.719 86.562 86.619 87.639 86.639 86.229 86.119
111.292 114.727 111.549 117.282 112.722 111.164 113.762 110.077 109.962 109.892 109.372 109.444 109.069 109.289 118.899 113.857 108.402 108.314 108.152 107.592 107.282 107.084 106.794 106.404 106.207 105.897 105.684 105.469 105.089 104.944 104.874 105.007 103.819 103.267 103.559 102.562 101.689 101.254 100.644 100.197 99.377 98.667 98.182 97.574 97.127 96.502 95.807 96.182 96.987 96.579 94.924 93.292 91.984 91.709 90.807 90.562 90.914 89.887 89.502 89.279 89.669 88.132 87.822 88.017 87.359 86.309 87.602 86.689 85.894 85.797 85.572
