Matlab/Roost_data/braunton/dsm/ss5038_DSM_2M.asc
ncols 500
nrows 500
xllcorner    250000
yllcorner    138000
cellsize     2
NODATA_value -9999
[rows 0 to 29 of 500, columns 335 to 401 of 500]
114.373 114.451 114.506 114.546 114.618 114.676 114.751 114.801 114.848 115.506 115.936 115.066 115.148 115.278 115.351 115.438 115.511 115.586 115.631 115.706 115.783 115.868 115.926 115.941 115.978 116.051 116.098 116.118 116.168 116.216 116.258 116.326 116.368 117.236 116.861 116.461 116.561 116.636 116.688 116.768 116.848 116.913 117.006 117.088 117.158 117.231 117.303 117.353 117.418 117.471 117.513 117.573 117.648 117.696 117.741 117.788 117.851 117.893 117.928 117.988 118.023 118.081 118.116 118.173 118.211 118.278 118.328
114.498 114.551 114.613 114.666 114.726 114.793 114.878 114.906 114.943 115.551 115.936 115.181 115.236 115.358 115.466 115.536 115.611 115.676 115.756 115.801 115.861 116.006 116.043 116.068 116.093 116.136 116.196 116.201 116.266 116.303 116.356 116.411 116.446 117.216 117.006 116.543 116.641 116.731 116.803 116.878 116.926 117.023 117.106 117.178 117.233 117.318 117.381 117.436 117.496 117.556 117.598 117.676 117.711 117.753 117.811 117.881 117.933 117.978 117.988 118.061 118.111 118.151 118.223 118.258 118.301 118.346 118.396
114.621 114.706 114.726 114.788 114.851 114.951 114.998 115.033 115.083 115.628 116.016 115.278 115.321 115.453 115.571 115.631 115.733 115.791 115.836 115.933 115.978 116.096 116.143 116.156 116.196 116.256 116.296 116.333 116.368 116.408 116.436 116.511 116.583 117.178 117.151 116.641 116.733 116.826 116.896 116.966 117.018 117.111 117.211 117.296 117.343 117.423 117.506 117.528 117.618 117.663 117.723 117.761 117.833 117.876 117.908 117.976 118.013 118.066 118.111 118.163 118.201 118.261 118.293 118.341 118.388 118.441 118.476
114.733 114.821 114.861 114.918 114.986 115.053 115.093 115.161 115.196 115.628 116.286 115.478 115.433 115.568 115.671 115.743 115.821 115.856 115.958 116.026 116.093 116.176 116.243 116.276 116.303 116.363 116.393 116.443 116.491 116.511 116.558 116.611 116.683 117.173 117.206 116.748 116.808 116.911 116.973 117.056 117.123 117.213 117.291 117.368 117.443 117.516 117.588 117.616 117.696 117.751 117.813 117.863 117.911 117.958 118.018 118.058 118.116 118.156 118.191 118.231 118.298 118.346 118.378 118.431 118.473 118.516 118.563
114.901 114.951 115.003 115.041 115.101 115.181 115.216 115.266 115.336 115.748 116.543 115.678 115.536 115.663 115.756 115.846 115.908 115.978 116.063 116.131 116.186 116.303 116.348 116.423 116.418 116.463 116.523 116.533 116.608 116.638 116.676 116.736 116.766 117.221 117.388 116.833 116.921 117.011 117.081 117.151 117.236 117.318 117.383 117.456 117.543 117.613 117.668 117.743 117.788 117.863 117.903 117.966 117.996 118.051 118.093 118.158 118.203 118.256 118.286 118.348 118.401 118.426 118.483 118.531 118.548 118.626 118.656
115.033 115.078 115.128 115.171 115.233 115.293 115.363 115.378 115.466 115.651 116.606 115.846 115.623 115.746 115.888 115.938 116.013 116.098 116.181 116.253 116.316 116.403 116.453 116.498 116.521 116.591 116.628 116.668 116.706 116.746 116.781 116.831 116.893 117.241 117.661 116.948 117.016 117.103 117.178 117.271 117.346 117.428 117.501 117.573 117.663 117.733 117.801 117.846 117.918 117.976 118.028 118.078 118.123 118.181 118.208 118.271 118.303 118.361 118.403 118.433 118.486 118.518 118.553 118.598 118.658 118.691 118.733
115.176 115.196 115.271 115.298 115.356 115.416 115.476 115.506 115.561 115.706 116.831 115.993 115.746 115.876 115.978 116.056 116.111 116.193 116.293 116.343 116.381 116.506 116.571 116.586 116.623 116.723 116.723 116.773 116.818 116.848 116.891 116.956 116.996 117.266 117.941 117.048 117.126 117.206 117.283 117.373 117.451 117.508 117.583 117.686 117.768 117.831 117.891 117.956 118.028 118.068 118.116 118.163 118.223 118.273 118.331 118.376 118.431 118.468 118.501 118.526 118.591 118.626 118.676 118.711 118.753 118.778 118.841
115.303 115.328 115.388 115.431 115.463 115.536 115.593 115.633 115.703 115.883 117.146 116.058 115.843 115.986 116.081 116.141 116.253 116.331 116.378 116.441 116.521 116.618 116.681 116.721 116.753 116.818 116.831 116.866 116.943 116.978 117.018 117.071 117.093 117.288 118.146 117.216 117.231 117.316 117.423 117.468 117.563 117.621 117.701 117.773 117.863 117.948 117.998 118.078 118.116 118.158 118.211 118.261 118.318 118.388 118.443 118.463 118.488 118.548 118.591 118.633 118.681 118.718 118.756 118.786 118.838 118.858 118.933
115.428 115.478 115.501 115.553 115.593 115.636 115.731 115.731 115.811 115.886 117.223 116.248 115.961 116.098 116.198 116.278 116.331 116.418 116.503 116.576 116.621 116.748 116.818 116.823 116.856 116.928 116.938 117.008 117.031 117.073 117.133 117.191 117.238 117.321 118.318 117.443 117.336 117.426 117.501 117.576 117.646 117.716 117.791 117.881 117.978 118.033 118.111 118.158 118.248 118.258 118.331 118.368 118.418 118.458 118.526 118.561 118.618 118.656 118.676 118.716 118.783 118.806 118.838 118.873 118.903 118.946 119.008
115.551 115.606 115.636 115.676 115.711 115.798 115.848 115.883 115.916 115.946 117.203 116.408 116.078 116.206 116.308 116.361 116.451 116.536 116.616 116.683 116.733 116.846 116.883 116.971 116.983 117.036 117.081 117.108 117.133 117.188 117.263 117.296 117.361 117.418 118.363 117.716 117.433 117.531 117.613 117.673 117.756 117.826 117.906 117.998 118.086 118.153 118.223 118.301 118.331 118.383 118.428 118.471 118.508 118.591 118.628 118.656 118.708 118.741 118.773 118.823 118.863 118.891 118.946 118.958 119.008 119.068 119.106
115.683 115.726 115.763 115.806 115.826 115.886 115.941 115.981 116.038 116.048 117.181 116.723 116.193 116.316 116.411 116.471 116.571 116.641 116.713 116.818 116.868 116.938 117.041 117.058 117.076 117.136 117.206 117.241 117.251 117.331 117.353 117.416 117.448 117.508 118.391 117.936 117.546 117.618 117.726 117.783 117.858 117.941 118.001 118.096 118.168 118.258 118.308 118.373 118.426 118.471 118.528 118.578 118.626 118.671 118.711 118.761 118.793 118.823 118.853 118.901 118.926 118.968 118.991 119.033 119.091 119.126 119.168
115.808 115.861 115.898 115.931 115.958 116.028 116.063 116.098 116.153 116.151 117.123 117.043 116.308 116.441 116.506 116.613 116.678 116.761 116.831 116.936 116.963 117.048 117.141 117.176 117.178 117.231 117.298 117.346 117.386 117.428 117.476 117.506 117.566 117.608 118.306 118.238 117.656 117.731 117.818 117.876 117.978 118.041 118.108 118.191 118.263 118.343 118.393 118.461 118.526 118.586 118.631 118.698 118.751 118.766 118.803 118.853 118.891 118.921 118.956 118.983 118.998 119.051 119.088 119.128 119.156 119.211 119.261
115.938 115.991 116.006 116.066 116.088 116.166 116.171 116.203 116.243 116.233 117.133 117.143 116.436 116.553 116.656 116.726 116.783 116.883 116.966 117.043 117.101 117.168 117.236 117.271 117.288 117.361 117.411 117.451 117.473 117.533 117.578 117.611 117.666 117.731 118.178 118.523 117.773 117.861 117.956 117.998 118.076 118.123 118.218 118.293 118.376 118.456 118.511 118.553 118.643 118.696 118.733 118.771 118.823 118.891 118.916 118.946 118.991 119.018 119.076 119.078 119.106 119.163 119.193 119.206 119.258 119.308 119.351
116.076 116.116 116.161 116.191 116.228 116.283 116.288 116.328 116.366 116.356 117.223 117.403 116.566 116.661 116.771 116.838 116.918 116.998 117.078 117.161 117.188 117.296 117.366 117.398 117.438 117.483 117.541 117.558 117.608 117.666 117.721 117.733 117.801 117.861 118.131 118.713 117.901 117.953 118.041 118.103 118.178 118.233 118.311 118.401 118.468 118.548 118.596 118.658 118.711 118.761 118.828 118.861 118.918 118.978 118.981 119.033 119.061 119.096 119.128 119.161 119.186 119.211 119.243 119.301 119.323 119.393 119.421
116.213 116.248 116.298 116.326 116.358 116.411 116.411 116.423 116.458 116.458 117.238 117.641 116.713 116.788 116.883 116.973 117.063 117.103 117.196 117.281 117.323 117.396 117.463 117.543 117.523 117.591 117.626 117.696 117.716 117.753 117.828 117.843 117.908 117.958 118.131 119.016 117.996 118.066 118.131 118.201 118.258 118.353 118.423 118.513 118.576 118.628 118.703 118.771 118.841 118.891 118.908 118.958 119.011 119.051 119.088 119.116 119.151 119.186 119.213 119.246 119.248 119.278 119.331 119.366 119.403 119.448 119.501
116.368 116.403 116.428 116.481 116.503 116.553 116.561 116.576 116.553 116.558 117.128 117.921 116.858 116.941 117.021 117.098 117.168 117.236 117.311 117.376 117.453 117.488 117.611 117.641 117.653 117.688 117.741 117.793 117.821 117.863 117.923 117.971 118.011 118.123 118.191 119.118 118.223 118.178 118.258 118.316 118.381 118.461 118.516 118.578 118.643 118.716 118.771 118.856 118.911 118.951 118.973 119.053 119.088 119.138 119.163 119.191 119.223 119.256 119.286 119.308 119.311 119.351 119.411 119.421 119.478 119.518 119.553
116.478 116.538 116.586 116.611 116.638 116.671 116.703 116.713 116.641 116.663 117.148 117.808 116.988 117.036 117.143 117.211 117.283 117.343 117.411 117.491 117.521 117.606 117.688 117.743 117.793 117.811 117.838 117.898 117.926 117.963 118.018 118.088 118.121 118.213 118.236 119.056 118.393 118.271 118.351 118.438 118.483 118.571 118.638 118.676 118.751 118.821 118.881 118.963 118.998 119.046 119.108 119.138 119.178 119.236 119.246 119.291 119.316 119.348 119.381 119.376 119.413 119.423 119.473 119.518 119.561 119.593 119.646
116.653 116.681 116.731 116.766 116.791 116.803 116.831 116.843 116.763 116.886 117.616 118.038 117.093 117.171 117.256 117.321 117.371 117.433 117.511 117.593 117.653 117.693 117.793 117.851 117.873 117.903 117.961 117.981 118.038 118.088 118.141 118.176 118.231 118.318 118.311 119.101 118.571 118.348 118.446 118.521 118.578 118.668 118.731 118.783 118.863 118.928 119.003 119.051 119.101 119.156 119.206 119.251 119.278 119.306 119.346 119.376 119.401 119.416 119.441 119.486 119.486 119.516 119.533 119.593 119.628 119.668 119.726
116.783 116.831 116.876 116.888 116.923 116.931 116.978 116.971 116.996 117.696 118.276 117.833 117.201 117.291 117.396 117.443 117.486 117.543 117.598 117.673 117.751 117.793 117.896 117.961 117.981 118.018 118.066 118.101 118.143 118.168 118.263 118.296 118.306 118.398 118.418 119.063 118.931 118.453 118.548 118.638 118.711 118.778 118.816 118.868 118.956 119.003 119.061 119.123 119.178 119.223 119.278 119.333 119.376 119.413 119.403 119.463 119.498 119.493 119.536 119.543 119.568 119.598 119.648 119.673 119.723 119.766 119.791
116.938 116.956 117.016 117.031 117.066 117.096 117.106 117.133 117.408 118.123 117.936 117.668 117.303 117.411 117.491 117.526 117.591 117.646 117.691 117.771 117.828 117.873 117.993 118.056 118.086 118.108 118.166 118.188 118.246 118.283 118.351 118.416 118.406 118.498 118.536 119.051 119.008 118.561 118.648 118.731 118.783 118.858 118.918 118.983 119.053 119.116 119.166 119.238 119.311 119.328 119.378 119.411 119.458 119.481 119.521 119.523 119.538 119.573 119.596 119.618 119.636 119.671 119.703 119.738 119.773 119.818 119.838
117.086 117.131 117.146 117.171 117.203 117.241 117.243 117.278 117.663 118.411 117.828 117.583 117.401 117.518 117.581 117.626 117.673 117.723 117.801 117.858 117.936 117.971 118.083 118.126 118.176 118.201 118.256 118.298 118.353 118.388 118.451 118.516 118.501 118.628 118.621 119.058 119.263 118.676 118.758 118.846 118.871 118.933 119.011 119.083 119.141 119.203 119.253 119.331 119.368 119.428 119.458 119.496 119.526 119.561 119.571 119.618 119.626 119.643 119.666 119.708 119.706 119.743 119.776 119.788 119.848 119.871 119.948
117.226 117.251 117.291 117.308 117.336 117.371 117.393 117.423 117.676 118.623 117.801 117.511 117.483 117.573 117.653 117.703 117.783 117.801 117.911 117.936 118.018 118.058 118.153 118.231 118.243 118.293 118.366 118.396 118.438 118.488 118.546 118.603 118.606 118.708 118.726 119.041 119.413 118.766 118.843 118.918 118.978 119.028 119.113 119.158 119.208 119.291 119.333 119.386 119.431 119.498 119.541 119.583 119.608 119.628 119.671 119.693 119.693 119.716 119.748 119.781 119.791 119.798 119.848 119.873 119.918 119.946 119.986
117.381 117.411 117.411 117.438 117.458 117.503 117.546 117.556 117.631 118.743 118.103 117.598 117.571 117.708 117.743 117.816 117.841 117.918 117.973 118.048 118.086 118.151 118.241 118.288 118.333 118.393 118.423 118.483 118.531 118.568 118.608 118.678 118.696 118.778 118.816 119.118 119.593 118.866 118.926 119.018 119.068 119.121 119.193 119.266 119.316 119.386 119.448 119.491 119.528 119.573 119.611 119.668 119.676 119.718 119.736 119.743 119.766 119.798 119.806 119.841 119.856 119.873 119.921 119.938 119.961 120.011 120.056
117.508 117.536 117.523 117.571 117.591 117.616 117.656 117.693 117.683 118.716 118.261 117.653 117.646 117.751 117.853 117.878 117.921 118.011 118.066 118.131 118.181 118.231 118.321 118.391 118.431 118.478 118.528 118.588 118.601 118.666 118.708 118.751 118.788 118.851 118.906 119.101 119.836 118.998 119.028 119.098 119.183 119.236 119.323 119.361 119.426 119.486 119.528 119.591 119.636 119.686 119.713 119.751 119.773 119.811 119.806 119.836 119.858 119.873 119.868 119.921 119.941 119.956 119.996 120.023 120.043 120.098 120.158
117.623 117.646 117.638 117.691 117.706 117.721 117.748 117.781 117.781 118.681 118.376 117.713 117.721 117.853 117.926 117.951 118.041 118.088 118.131 118.206 118.266 118.318 118.391 118.478 118.513 118.536 118.611 118.653 118.696 118.738 118.798 118.851 118.888 118.928 118.983 119.098 119.946 119.061 119.106 119.186 119.266 119.333 119.406 119.461 119.508 119.581 119.628 119.668 119.728 119.758 119.786 119.831 119.861 119.886 119.893 119.941 119.946 119.956 119.986 120.003 120.018 120.023 120.063 120.096 120.136 120.186 120.238
117.728 117.768 117.758 117.788 117.818 117.841 117.861 117.906 117.888 118.503 118.596 117.836 117.803 117.928 118.006 118.056 118.143 118.178 118.216 118.291 118.341 118.401 118.443 118.563 118.591 118.631 118.671 118.771 118.776 118.833 118.913 118.931 118.978 119.031 119.078 119.181 119.978 119.338 119.193 119.268 119.368 119.426 119.511 119.548 119.628 119.656 119.701 119.743 119.808 119.833 119.851 119.931 119.941 119.951 119.976 119.983 119.998 120.018 120.051 120.068 120.068 120.103 120.128 120.158 120.203 120.273 120.303
117.843 117.873 117.878 117.906 117.933 117.948 117.941 117.993 118.011 118.313 118.843 117.981 117.873 118.003 118.071 118.133 118.183 118.258 118.321 118.363 118.438 118.466 118.553 118.643 118.701 118.726 118.776 118.838 118.861 118.921 118.971 119.021 119.081 119.101 119.206 119.271 120.038 119.523 119.286 119.361 119.471 119.551 119.608 119.623 119.696 119.753 119.783 119.838 119.868 119.898 119.956 119.991 120.026 120.023 120.046 120.046 120.073 120.101 120.108 120.133 120.151 120.158 120.211 120.218 120.271 120.308 120.356
117.953 117.976 117.993 118.013 118.018 118.051 118.058 118.086 118.106 118.213 119.033 118.103 117.956 118.073 118.178 118.196 118.268 118.333 118.381 118.413 118.506 118.578 118.636 118.716 118.778 118.811 118.846 118.888 118.963 118.998 119.053 119.096 119.173 119.166 119.331 119.368 120.026 119.883 119.361 119.446 119.568 119.643 119.688 119.748 119.781 119.836 119.886 119.903 119.946 119.991 120.048 120.043 120.076 120.106 120.116 120.131 120.168 120.173 120.203 120.223 120.256 120.241 120.306 120.328 120.363 120.411 120.466
118.041 118.076 118.078 118.111 118.128 118.163 118.158 118.181 118.203 118.298 119.186 118.263 118.043 118.146 118.271 118.281 118.376 118.423 118.433 118.523 118.578 118.651 118.728 118.813 118.868 118.891 118.916 118.981 119.036 119.083 119.143 119.208 119.271 119.246 119.406 119.446 119.958 120.143 119.476 119.546 119.631 119.743 119.808 119.846 119.886 119.941 119.961 120.001 120.056 120.088 120.116 120.143 120.183 120.178 120.203 120.218 120.243 120.271 120.271 120.298 120.326 120.343 120.388 120.408 120.451 120.491 120.541
118.156 118.178 118.193 118.218 118.226 118.248 118.268 118.276 118.298 118.303 119.248 118.561 118.128 118.231 118.348 118.378 118.436 118.501 118.543 118.621 118.676 118.723 118.813 118.883 118.946 118.986 119.001 119.078 119.126 119.168 119.246 119.306 119.361 119.363 119.476 119.556 119.963 120.373 119.641 119.651 119.748 119.853 119.916 119.938 119.993 120.018 120.043 120.091 120.113 120.151 120.193 120.221 120.253 120.276 120.291 120.311 120.341 120.351 120.378 120.388 120.403 120.441 120.466 120.496 120.556 120.583 120.628
