Matlab/Roost_data/braunton/dsm/ss5039_DSM_2M.asc
ncols 500
nrows 500
xllcorner    250000
yllcorner    139000
cellsize     2
NODATA_value -9999
[rows 58 to 86 of 500, columns 0 to 66 of 500]
90.579 90.499 90.442 90.299 90.194 90.049 89.914 89.764 89.622 89.467 89.327 89.192 89.069 88.939 88.814 88.687 88.527 88.359 88.177 87.964 87.774 87.562 87.342 87.119 86.924 86.752 86.572 86.377 86.132 85.934 85.712 85.444 85.199 84.972 84.762 84.534 84.317 84.044 83.819 83.727 83.797 83.244 83.852 83.664 82.709 82.737 83.074 81.699 81.489 81.174 80.972 82.544 80.632 80.417 80.202 80.002 79.784 79.582 79.399 79.202 79.049 78.904 78.754 78.619 78.487 78.384 78.299
91.034 90.987 90.894 90.799 90.702 90.579 90.439 90.319 90.157 90.042 89.889 89.782 89.657 89.539 89.409 89.257 89.107 88.957 88.769 88.554 88.369 88.144 87.929 87.722 87.529 87.352 87.154 86.927 86.717 86.457 86.232 85.999 85.742 85.502 85.274 85.039 84.834 84.632 84.427 84.239 83.942 83.707 83.647 83.529 83.992 83.004 82.744 82.302 81.632 81.697 81.607 83.879 81.279 80.779 80.572 80.384 80.157 79.974 79.772 79.604 79.432 79.277 79.102 78.987 78.852 78.729 78.629
91.442 91.397 91.329 91.264 91.169 91.057 90.957 90.829 90.677 90.557 90.424 90.327 90.222 90.079 89.982 89.834 89.689 89.522 89.342 89.154 88.967 88.732 88.544 88.342 88.102 87.912 87.699 87.492 87.284 87.069 86.814 86.557 86.319 86.094 85.854 85.654 85.397 85.212 85.014 84.784 84.567 84.312 84.092 83.912 84.554 83.567 83.679 83.859 82.352 81.932 81.804 81.674 81.354 81.084 81.012 80.784 80.539 80.379 80.139 79.957 79.799 79.649 79.479 79.342 79.219 79.097 79.032
91.857 91.797 91.759 91.667 91.627 91.509 91.407 91.289 91.164 91.044 90.959 90.869 90.757 90.614 90.489 90.357 90.237 90.074 89.897 89.732 89.539 89.322 89.124 88.919 88.697 88.487 88.284 88.087 87.857 87.649 87.432 87.169 86.952 86.722 86.497 86.254 86.024 85.794 85.579 85.369 85.147 84.884 84.622 84.364 84.097 83.897 83.687 83.469 83.454 82.997 82.549 82.247 81.947 81.537 81.319 82.649 81.939 80.712 80.479 80.299 80.149 80.007 79.859 79.722 79.569 79.484 79.387
92.257 92.219 92.184 92.129 92.049 91.972 91.874 91.767 91.672 91.567 91.467 91.357 91.237 91.139 91.007 90.899 90.779 90.612 90.482 90.299 90.112 89.922 89.714 89.504 89.299 89.082 88.884 88.662 88.447 88.227 88.042 87.839 87.622 87.404 87.164 86.904 86.709 86.467 86.227 85.982 85.722 85.492 85.229 84.927 84.662 84.384 84.107 83.814 84.332 83.857 83.337 83.152 82.572 83.504 81.847 85.877 82.262 81.119 80.907 80.642 80.479 80.329 80.217 80.097 80.004 79.867 79.764
92.649 92.622 92.577 92.554 92.472 92.409 92.337 92.237 92.142 92.017 91.937 91.832 91.752 91.632 91.509 91.394 91.247 91.112 90.994 90.857 90.682 90.499 90.282 90.074 89.842 89.654 89.477 89.239 89.037 88.872 88.667 88.467 88.292 88.082 87.859 87.634 87.392 87.137 86.902 86.614 86.384 86.124 85.832 85.519 85.199 84.912 84.642 84.307 83.979 85.069 83.804 83.407 83.284 83.429 83.474 82.659 81.734 81.449 81.142 80.959 80.784 80.652 80.534 80.454 80.329 80.229 80.142
93.044 93.029 92.992 92.974 92.909 92.852 92.777 92.677 92.572 92.492 92.367 92.289 92.197 92.047 91.984 91.877 91.752 91.647 91.517 91.359 91.204 91.034 90.877 90.672 90.457 90.242 90.057 89.872 89.654 89.479 89.302 89.099 88.934 88.709 88.519 88.294 88.082 87.834 87.594 87.302 87.062 86.777 86.489 86.152 85.807 85.474 85.169 84.852 84.547 84.472 84.812 83.824 83.607 83.364 83.072 83.057 84.067 82.622 81.964 81.627 81.377 80.887 80.802 80.709 80.654 80.592 80.544
93.464 93.432 93.402 93.372 93.334 93.284 93.232 93.122 93.042 92.929 92.827 92.717 92.617 92.502 92.417 92.289 92.202 92.087 91.974 91.837 91.692 91.582 91.442 91.219 91.034 90.854 90.649 90.484 90.294 90.122 89.914 89.757 89.557 89.364 89.182 88.982 88.759 88.527 88.247 88.009 87.749 87.434 87.144 86.767 86.429 86.109 85.769 85.449 85.142 84.832 84.534 84.322 84.094 83.802 83.584 83.402 83.157 83.189 82.917 82.522 82.429 82.574 81.479 81.194 81.177 80.989 81.324
93.852 93.842 93.822 93.782 93.744 93.697 93.649 93.549 93.467 93.344 93.254 93.139 93.034 92.922 92.777 92.684 92.592 92.479 92.402 92.267 92.152 92.032 91.907 91.759 91.627 91.417 91.257 91.052 90.874 90.707 90.542 90.379 90.192 90.012 89.849 89.624 89.424 89.197 88.949 88.697 88.407 88.109 87.779 87.419 87.077 86.757 86.444 86.107 85.784 85.447 85.152 84.869 84.592 84.332 84.057 83.814 83.577 83.367 83.547 83.039 82.969 83.242 82.637 82.277 82.614 82.684 84.064
94.249 94.219 94.222 94.192 94.154 94.089 94.044 93.964 93.839 93.742 93.627 93.522 93.414 93.279 93.149 93.044 92.929 92.837 92.737 92.649 92.564 92.464 92.362 92.242 92.104 91.982 91.804 91.634 91.462 91.294 91.117 90.944 90.799 90.614 90.457 90.279 90.059 89.837 89.602 89.334 89.042 88.774 88.459 88.097 87.767 87.412 87.079 86.764 86.417 86.079 85.769 85.444 85.139 84.857 84.554 84.322 84.042 83.817 83.659 83.357 83.409 84.669 83.412 82.744 82.672 83.379 84.867
94.629 94.614 94.589 94.572 94.547 94.492 94.419 94.364 94.264 94.119 94.007 93.897 93.767 93.609 93.472 93.354 93.242 93.162 93.092 93.007 92.937 92.842 92.747 92.664 92.582 92.489 92.344 92.169 92.004 91.842 91.672 91.529 91.387 91.232 91.057 90.894 90.674 90.477 90.244 89.984 89.744 89.434 89.124 88.782 88.457 88.134 87.749 87.439 87.084 86.767 86.397 86.057 85.727 85.427 85.149 84.844 84.584 84.329 84.109 83.859 83.674 83.432 83.357 83.189 82.982 82.994 83.679
95.007 94.997 94.982 94.944 94.909 94.872 94.812 94.739 94.642 94.544 94.397 94.257 94.087 93.972 93.824 93.684 93.552 93.494 93.417 93.342 93.269 93.207 93.139 93.082 93.002 92.897 92.777 92.634 92.512 92.357 92.197 92.067 91.944 91.774 91.652 91.494 91.287 91.074 90.809 90.594 90.344 90.067 89.752 89.447 89.162 88.779 88.454 88.084 87.759 87.414 87.062 86.699 86.372 86.007 85.719 85.427 85.137 84.872 84.637 84.404 84.189 84.022 83.839 83.687 83.574 83.477 83.329
95.359 95.367 95.352 95.327 95.289 95.274 95.202 95.129 95.032 94.912 94.779 94.617 94.477 94.294 94.147 93.994 93.882 93.787 93.737 93.677 93.604 93.542 93.492 93.449 93.349 93.289 93.189 93.077 92.957 92.807 92.694 92.569 92.459 92.342 92.202 92.024 91.849 91.639 91.409 91.189 90.942 90.664 90.374 90.094 89.782 89.449 89.112 88.777 88.432 88.067 87.682 87.354 86.992 86.667 86.352 86.029 85.744 85.459 85.189 84.954 84.759 84.557 84.379 84.234 84.042 83.944 83.792
95.734 95.734 95.732 95.712 95.657 95.649 95.564 95.497 95.374 95.302 95.147 95.009 94.857 94.659 94.479 94.337 94.209 94.117 94.062 93.982 93.924 93.892 93.837 93.782 93.704 93.652 93.554 93.464 93.364 93.279 93.172 93.052 92.939 92.809 92.684 92.537 92.377 92.199 91.972 91.727 91.524 91.269 91.027 90.737 90.427 90.097 89.764 89.409 89.059 88.717 88.337 88.014 87.649 87.319 86.967 86.649 86.329 86.064 85.804 85.577 85.332 85.144 84.952 84.797 84.624 84.459 84.284
96.132 96.114 96.102 96.062 96.027 95.992 95.942 95.872 95.767 95.637 95.537 95.394 95.217 95.017 94.872 94.682 94.549 94.444 94.352 94.309 94.247 94.194 94.142 94.114 94.049 93.987 93.932 93.867 93.782 93.697 93.589 93.477 93.384 93.284 93.159 93.029 92.879 92.704 92.534 92.302 92.082 91.872 91.602 91.342 91.054 90.722 90.389 90.044 89.679 89.334 88.977 88.612 88.269 87.909 87.574 87.289 86.969 86.684 86.409 86.207 85.954 85.764 85.587 85.387 85.192 84.994 84.824
96.479 96.472 96.457 96.444 96.409 96.367 96.304 96.222 96.132 96.032 95.884 95.759 95.612 95.399 95.204 95.047 94.917 94.804 94.739 94.652 94.569 94.519 94.472 94.427 94.379 94.327 94.272 94.252 94.164 94.119 94.029 93.954 93.842 93.712 93.607 93.479 93.339 93.197 93.007 92.827 92.624 92.414 92.177 91.927 91.644 91.322 90.994 90.634 90.277 89.937 89.567 89.227 88.902 88.549 88.214 87.887 87.607 87.337 87.107 86.827 86.609 86.394 86.192 85.994 85.784 85.589 85.399
96.892 96.859 96.827 96.819 96.784 96.734 96.647 96.582 96.519 96.404 96.292 96.144 96.004 95.822 95.649 95.484 95.317 95.187 95.087 94.992 94.942 94.864 94.804 94.754 94.709 94.669 94.649 94.614 94.572 94.532 94.472 94.382 94.269 94.182 94.047 93.924 93.777 93.639 93.459 93.309 93.107 92.937 92.717 92.447 92.172 91.877 91.549 91.199 90.867 90.527 90.172 89.844 89.504 89.162 88.849 88.532 88.289 87.997 87.722 87.459 87.242 87.027 86.809 86.609 86.402 86.222 86.012
97.242 97.237 97.209 97.184 97.142 97.099 97.062 96.964 96.869 96.814 96.707 96.579 96.437 96.244 96.072 95.899 95.752 95.589 95.467 95.359 95.272 95.214 95.172 95.109 95.079 95.029 95.012 94.999 94.987 94.967 94.899 94.817 94.722 94.609 94.469 94.362 94.227 94.087 93.927 93.747 93.564 93.362 93.152 92.914 92.659 92.397 92.094 91.747 91.397 91.064 90.707 90.389 90.047 89.747 89.462 89.164 88.909 88.634 88.379 88.127 87.884 87.647 87.437 87.219 87.029 86.824 86.594
97.619 97.619 97.579 97.554 97.522 97.457 97.409 97.357 97.294 97.217 97.124 96.972 96.839 96.679 96.517 96.334 96.159 95.989 95.874 95.782 95.682 95.592 95.524 95.482 95.444 95.417 95.422 95.419 95.417 95.407 95.352 95.242 95.149 95.034 94.924 94.804 94.639 94.494 94.314 94.167 93.994 93.804 93.604 93.389 93.137 92.867 92.567 92.247 91.887 91.577 91.264 90.917 90.614 90.344 90.069 89.807 89.562 89.292 89.012 88.747 88.497 88.272 88.032 87.854 87.644 87.412 87.187
97.967 97.944 97.949 97.924 97.869 97.837 97.779 97.737 97.677 97.629 97.559 97.442 97.292 97.134 96.954 96.799 96.624 96.444 96.322 96.187 96.089 95.984 95.909 95.862 95.854 95.837 95.847 95.847 95.849 95.799 95.744 95.672 95.559 95.447 95.317 95.182 95.039 94.887 94.737 94.569 94.404 94.187 94.007 93.809 93.577 93.314 93.029 92.729 92.404 92.062 91.742 91.434 91.152 90.912 90.664 90.404 90.137 89.894 89.652 89.377 89.107 88.877 88.657 88.432 88.234 87.964 87.769
98.299 98.304 98.284 98.267 98.229 98.184 98.159 98.129 98.084 98.052 97.969 97.899 97.752 97.604 97.434 97.262 97.082 96.909 96.742 96.592 96.499 96.409 96.372 96.309 96.284 96.284 96.294 96.299 96.267 96.222 96.164 96.094 95.987 95.857 95.722 95.584 95.427 95.274 95.089 94.939 94.787 94.597 94.397 94.214 93.999 93.759 93.479 93.157 92.854 92.554 92.252 91.947 91.694 91.442 91.199 90.962 90.724 90.484 90.262 89.937 89.704 89.484 89.244 89.014 88.769 88.544 88.324
98.664 98.647 98.629 98.617 98.594 98.564 98.547 98.489 98.479 98.452 98.412 98.317 98.204 98.059 97.887 97.697 97.519 97.369 97.209 97.067 96.952 96.879 96.817 96.782 96.764 96.759 96.749 96.759 96.707 96.659 96.587 96.474 96.387 96.269 96.129 95.962 95.789 95.629 95.469 95.329 95.162 94.979 94.822 94.624 94.419 94.172 93.922 93.619 93.294 93.022 92.712 92.472 92.179 91.972 91.762 91.514 91.262 91.052 90.784 90.532 90.254 90.052 89.812 89.574 89.317 89.097 88.877
99.007 98.994 98.994 98.967 98.969 98.924 98.932 98.899 98.889 98.864 98.809 98.739 98.612 98.462 98.322 98.142 97.984 97.819 97.677 97.552 97.462 97.357 97.302 97.277 97.239 97.262 97.234 97.224 97.139 97.072 96.999 96.902 96.784 96.639 96.482 96.334 96.187 96.022 95.872 95.739 95.569 95.389 95.234 95.037 94.829 94.617 94.357 94.089 93.769 93.524 93.224 92.954 92.712 92.459 92.269 92.017 91.792 91.572 91.309 91.052 90.794 90.579 90.317 90.089 89.844 89.622 89.369
99.317 99.317 99.329 99.324 99.312 99.342 99.314 99.289 99.262 99.232 99.212 99.152 99.052 98.897 98.742 98.584 98.407 98.264 98.132 98.034 97.942 97.867 97.779 97.777 97.742 97.734 97.702 97.639 97.569 97.497 97.387 97.292 97.167 97.012 96.864 96.702 96.532 96.392 96.264 96.124 95.942 95.819 95.667 95.474 95.254 95.042 94.794 94.522 94.302 94.002 93.739 93.464 93.217 92.982 92.767 92.544 92.307 92.034 91.792 91.542 91.297 91.062 90.819 90.564 90.324 90.074 89.862
99.667 99.679 99.672 99.677 99.669 99.687 99.677 99.667 99.657 99.647 99.607 99.529 99.442 99.317 99.167 99.017 98.847 98.727 98.602 98.504 98.427 98.359 98.294 98.272 98.227 98.194 98.144 98.044 97.997 97.914 97.794 97.654 97.499 97.367 97.212 97.054 96.924 96.769 96.637 96.509 96.362 96.202 96.037 95.867 95.677 95.507 95.299 95.012 94.774 94.489 94.247 93.982 93.712 93.479 93.267 93.014 92.764 92.534 92.252 92.007 91.762 91.524 91.274 91.044 90.789 90.557 90.327
100.009 100.032 100.014 100.027 100.032 100.019 100.029 100.054 100.019 99.999 99.962 99.894 99.842 99.734 99.599 99.447 99.327 99.162 99.047 98.967 98.882 98.834 98.782 98.757 98.687 98.627 98.569 98.499 98.399 98.292 98.177 98.012 97.872 97.734 97.579 97.409 97.269 97.162 97.017 96.882 96.747 96.607 96.449 96.294 96.119 95.927 95.719 95.489 95.252 94.992 94.727 94.477 94.244 93.982 93.754 93.517 93.242 92.994 92.724 92.477 92.192 91.957 91.719 91.479 91.247 90.994 90.774
100.314 100.357 100.344 100.359 100.357 100.372 100.379 100.397 100.382 100.372 100.327 100.284 100.209 100.147 100.024 99.872 99.737 99.627 99.512 99.424 99.352 99.302 99.244 99.187 99.122 99.044 98.964 98.902 98.772 98.657 98.509 98.357 98.209 98.072 97.927 97.764 97.654 97.524 97.394 97.259 97.149 97.029 96.844 96.707 96.534 96.387 96.187 95.977 95.739 95.499 95.242 94.987 94.742 94.504 94.239 93.954 93.697 93.417 93.159 92.887 92.619 92.374 92.129 91.894 91.674 91.454 91.214
100.659 100.679 100.709 100.692 100.717 100.712 100.747 100.747 100.762 100.724 100.687 100.654 100.609 100.542 100.434 100.312 100.182 100.072 99.934 99.872 99.787 99.742 99.684 99.602 99.544 99.444 99.359 99.259 99.142 98.992 98.827 98.689 98.547 98.389 98.279 98.127 98.007 97.887 97.782 97.652 97.524 97.417 97.259 97.099 96.952 96.822 96.624 96.424 96.209 95.967 95.752 95.494 95.237 95.007 94.714 94.437 94.154 93.887 93.582 93.302 93.027 92.767 92.549 92.317 92.074 91.872 91.642
100.984 101.017 101.022 101.007 101.037 101.064 101.062 101.079 101.052 101.064 101.047 101.017 100.977 100.939 100.857 100.737 100.609 100.527 100.394 100.327 100.222 100.179 100.077 100.009 99.902 99.827 99.712 99.592 99.467 99.309 99.152 99.019 98.869 98.747 98.614 98.497 98.354 98.259 98.147 98.027 97.927 97.809 97.669 97.534 97.369 97.234 97.049 96.874 96.667 96.459 96.234 96.004 95.764 95.497 95.202 94.939 94.617 94.322 94.009 93.717 93.449 93.192 92.949 92.719 92.494 92.299 92.084
