Matlab/Roost_data/braunton/dsm/ss5035_DSM_2M.asc
ncols 500
nrows 500
xllcorner    250000
yllcorner    135000
cellsize     2
NODATA_value -9999
[rows 320 to 351 of 500, columns 142 to 212 of 500]
43.968 44.101 44.271 44.401 44.558 44.691 44.856 44.983 45.138 45.246 45.413 45.536 45.683 45.803 45.921 46.078 46.198 46.316 46.451 46.608 46.711 46.856 46.991 47.106 47.216 47.346 47.458 47.543 47.653 47.761 47.871 47.998 48.096 48.196 48.323 48.466 48.573 48.691 48.796 48.911 48.983 49.103 49.216 49.336 49.451 49.588 49.736 49.853 50.028 50.153 50.278 50.421 50.531 50.663 50.763 50.891 51.018 51.158 51.281 51.411 51.523 51.621 51.713 51.813 51.946 52.051 52.153 52.261 52.366 52.451 52.546
43.793 43.921 44.051 44.206 44.346 44.491 44.633 44.818 44.933 45.093 45.218 45.341 45.481 45.591 45.746 45.871 45.986 46.148 46.288 46.423 46.546 46.676 46.771 46.901 47.003 47.128 47.223 47.353 47.436 47.541 47.651 47.776 47.911 48.018 48.131 48.243 48.366 48.476 48.591 48.688 48.786 48.908 49.026 49.146 49.283 49.411 49.551 49.706 49.841 49.958 50.101 50.226 50.348 50.483 50.603 50.721 50.856 50.978 51.103 51.226 51.348 51.446 51.558 51.646 51.751 51.878 51.961 52.061 52.163 52.273 52.353
43.568 43.701 43.858 44.003 44.121 44.301 44.448 44.588 44.721 44.863 44.996 45.143 45.286 45.433 45.558 45.683 45.828 45.971 46.098 46.208 46.336 46.471 46.598 46.711 46.826 46.913 47.038 47.126 47.256 47.351 47.441 47.558 47.678 47.811 47.941 48.028 48.151 48.263 48.383 48.496 48.596 48.698 48.826 48.968 49.103 49.221 49.361 49.501 49.638 49.771 49.931 50.026 50.166 50.286 50.411 50.531 50.671 50.788 50.911 51.041 51.161 51.251 51.361 51.466 51.571 51.683 51.783 51.891 51.991 52.078 52.173
43.346 43.491 43.633 43.788 43.926 44.098 44.251 44.391 44.521 44.651 44.811 44.961 45.081 45.201 45.338 45.468 45.608 45.738 45.888 46.013 46.163 46.278 46.393 46.493 46.591 46.693 46.808 46.888 47.013 47.146 47.256 47.393 47.508 47.618 47.723 47.858 47.951 48.053 48.166 48.283 48.371 48.511 48.628 48.768 48.928 49.048 49.193 49.348 49.468 49.593 49.733 49.846 49.976 50.091 50.231 50.348 50.486 50.613 50.746 50.858 50.971 51.063 51.161 51.283 51.376 51.478 51.591 51.701 51.798 51.903 51.991
43.131 43.278 43.453 43.596 43.726 43.856 44.043 44.181 44.288 44.431 44.563 44.733 44.866 45.016 45.136 45.278 45.411 45.553 45.673 45.801 45.916 46.033 46.158 46.261 46.368 46.486 46.586 46.713 46.816 46.923 47.056 47.146 47.271 47.378 47.513 47.628 47.761 47.858 47.968 48.066 48.193 48.308 48.426 48.606 48.743 48.873 49.028 49.151 49.258 49.413 49.548 49.651 49.768 49.908 50.018 50.153 50.311 50.431 50.566 50.656 50.763 50.861 50.963 51.078 51.191 51.286 51.388 51.493 51.598 51.691 51.781
42.926 43.068 43.196 43.351 43.508 43.653 43.793 43.966 44.093 44.221 44.361 44.493 44.641 44.783 44.933 45.073 45.176 45.316 45.456 45.588 45.686 45.796 45.951 46.038 46.128 46.243 46.356 46.466 46.578 46.713 46.833 46.946 47.078 47.188 47.283 47.421 47.513 47.628 47.738 47.848 47.963 48.118 48.233 48.391 48.518 48.683 48.831 48.936 49.118 49.228 49.353 49.451 49.593 49.706 49.813 49.961 50.091 50.208 50.348 50.451 50.548 50.671 50.761 50.876 50.973 51.081 51.183 51.286 51.411 51.503 51.591
42.671 42.821 42.966 43.118 43.291 43.436 43.561 43.708 43.851 44.013 44.141 44.291 44.438 44.551 44.678 44.826 44.978 45.111 45.226 45.348 45.476 45.581 45.703 45.813 45.916 46.023 46.126 46.248 46.353 46.471 46.588 46.726 46.843 46.963 47.076 47.181 47.283 47.393 47.506 47.638 47.743 47.898 48.031 48.193 48.338 48.503 48.616 48.766 48.891 49.003 49.146 49.263 49.376 49.518 49.648 49.791 49.888 50.008 50.151 50.263 50.348 50.461 50.561 50.676 50.748 50.866 50.981 51.098 51.193 51.268 51.381
42.453 42.598 42.738 42.906 43.048 43.196 43.343 43.488 43.631 43.776 43.918 44.056 44.206 44.318 44.468 44.601 44.736 44.871 45.013 45.116 45.241 45.361 45.491 45.603 45.706 45.791 45.921 46.026 46.156 46.256 46.373 46.498 46.636 46.723 46.843 46.946 47.063 47.158 47.278 47.416 47.551 47.683 47.841 47.988 48.128 48.293 48.433 48.543 48.681 48.803 48.936 49.061 49.171 49.308 49.446 49.566 49.696 49.821 49.933 50.053 50.133 50.238 50.346 50.451 50.548 50.653 50.768 50.876 50.971 51.068 51.158
42.228 42.361 42.516 42.661 42.816 42.968 43.111 43.253 43.388 43.521 43.688 43.818 43.948 44.093 44.228 44.363 44.528 44.646 44.771 44.896 45.006 45.101 45.223 45.296 45.451 45.556 45.696 45.821 45.921 46.046 46.138 46.268 46.391 46.493 46.618 46.713 46.836 46.938 47.043 47.183 47.326 47.468 47.623 47.768 47.921 48.056 48.196 48.343 48.476 48.588 48.721 48.851 48.968 49.121 49.246 49.366 49.503 49.601 49.716 49.846 49.921 50.023 50.143 50.246 50.326 50.436 50.561 50.643 50.738 50.858 50.941
41.988 42.131 42.288 42.451 42.566 42.731 42.856 43.003 43.143 43.266 43.431 43.591 43.696 43.848 44.001 44.141 44.278 44.388 44.513 44.628 44.753 44.878 44.976 45.083 45.226 45.321 45.451 45.548 45.673 45.788 45.928 46.056 46.166 46.298 46.396 46.511 46.596 46.733 46.846 46.951 47.111 47.241 47.396 47.571 47.716 47.841 47.981 48.103 48.253 48.348 48.483 48.618 48.766 48.876 49.018 49.156 49.278 49.388 49.501 49.608 49.733 49.826 49.931 50.028 50.108 50.228 50.316 50.426 50.518 50.606 50.708
41.741 41.878 42.031 42.171 42.321 42.491 42.616 42.753 42.908 43.041 43.181 43.338 43.453 43.606 43.753 43.898 44.036 44.161 44.286 44.423 44.538 44.611 44.736 44.851 44.943 45.068 45.183 45.306 45.431 45.576 45.723 45.821 45.911 46.031 46.133 46.268 46.363 46.483 46.621 46.743 46.888 47.038 47.173 47.338 47.486 47.633 47.768 47.901 48.028 48.158 48.286 48.411 48.546 48.656 48.813 48.918 49.043 49.181 49.268 49.386 49.476 49.596 49.691 49.798 49.898 49.983 50.088 50.181 50.276 50.363 50.476
41.466 41.633 41.771 41.933 42.076 42.223 42.383 42.533 42.653 42.791 42.958 43.081 43.231 43.381 43.521 43.663 43.791 43.918 44.036 44.158 44.268 44.363 44.481 44.603 44.716 44.826 44.958 45.083 45.196 45.326 45.446 45.553 45.666 45.803 45.896 45.998 46.123 46.256 46.401 46.503 46.668 46.811 46.956 47.106 47.266 47.406 47.543 47.678 47.811 47.938 48.056 48.193 48.341 48.463 48.573 48.731 48.831 48.956 49.058 49.166 49.271 49.368 49.453 49.548 49.658 49.756 49.858 49.943 50.061 50.148 50.238
41.231 41.378 41.516 41.681 41.831 41.986 42.116 42.266 42.418 42.558 42.693 42.831 43.006 43.141 43.278 43.426 43.566 43.681 43.786 43.928 44.013 44.143 44.253 44.356 44.476 44.581 44.706 44.806 44.933 45.086 45.193 45.328 45.441 45.551 45.648 45.768 45.901 46.018 46.163 46.291 46.416 46.588 46.728 46.881 47.028 47.196 47.316 47.453 47.558 47.706 47.836 47.976 48.101 48.233 48.356 48.478 48.603 48.723 48.803 48.928 49.023 49.126 49.226 49.331 49.446 49.543 49.613 49.718 49.788 49.886 49.976
40.996 41.143 41.303 41.431 41.583 41.736 41.866 42.031 42.158 42.291 42.451 42.593 42.756 42.903 43.028 43.153 43.311 43.428 43.546 43.656 43.793 43.886 44.006 44.118 44.228 44.356 44.468 44.603 44.721 44.843 44.958 45.071 45.198 45.293 45.388 45.506 45.656 45.778 45.906 46.051 46.203 46.373 46.508 46.668 46.783 46.943 47.103 47.228 47.353 47.481 47.611 47.756 47.868 48.018 48.146 48.238 48.356 48.481 48.568 48.703 48.788 48.906 48.978 49.078 49.191 49.271 49.378 49.491 49.566 49.668 49.763
40.753 40.901 41.033 41.198 41.338 41.476 41.631 41.771 41.916 42.086 42.211 42.368 42.486 42.618 42.773 42.898 43.036 43.158 43.308 43.418 43.518 43.638 43.743 43.851 43.976 44.103 44.246 44.378 44.496 44.596 44.721 44.831 44.958 45.066 45.148 45.278 45.401 45.528 45.651 45.838 45.996 46.148 46.266 46.436 46.586 46.733 46.871 46.996 47.138 47.266 47.396 47.521 47.656 47.778 47.916 48.043 48.131 48.233 48.336 48.446 48.576 48.673 48.748 48.838 48.943 49.036 49.166 49.236 49.326 49.428 49.513
40.476 40.638 40.798 40.926 41.081 41.228 41.373 41.516 41.653 41.811 41.953 42.111 42.256 42.383 42.511 42.693 42.808 42.896 43.033 43.141 43.276 43.368 43.498 43.618 43.726 43.868 43.991 44.133 44.253 44.368 44.471 44.598 44.733 44.823 44.948 45.038 45.161 45.318 45.446 45.601 45.763 45.908 46.043 46.193 46.341 46.516 46.643 46.758 46.903 47.018 47.176 47.301 47.453 47.556 47.676 47.798 47.883 48.013 48.096 48.221 48.318 48.406 48.506 48.638 48.701 48.786 48.888 48.993 49.076 49.191 49.276
40.228 40.408 40.538 40.676 40.836 40.978 41.146 41.281 41.421 41.553 41.733 41.858 42.001 42.153 42.268 42.406 42.516 42.653 42.776 42.886 43.003 43.138 43.288 43.381 43.503 43.616 43.743 43.888 44.016 44.131 44.231 44.348 44.458 44.581 44.688 44.808 44.951 45.091 45.233 45.376 45.528 45.683 45.831 45.986 46.116 46.263 46.406 46.546 46.676 46.816 46.936 47.058 47.203 47.331 47.441 47.538 47.653 47.768 47.876 47.966 48.066 48.173 48.263 48.366 48.451 48.558 48.633 48.728 48.821 48.928 49.016
39.973 40.116 40.266 40.443 40.583 40.718 40.883 41.036 41.183 41.341 41.466 41.616 41.736 41.881 42.028 42.161 42.288 42.411 42.518 42.623 42.758 42.871 43.021 43.126 43.261 43.378 43.511 43.633 43.766 43.888 44.021 44.121 44.243 44.358 44.473 44.598 44.726 44.881 45.011 45.178 45.326 45.466 45.611 45.768 45.906 46.043 46.191 46.316 46.451 46.578 46.741 46.868 46.988 47.111 47.221 47.333 47.438 47.506 47.626 47.708 47.831 47.926 48.043 48.128 48.216 48.298 48.386 48.456 48.573 48.686 48.788
39.708 39.866 40.001 40.186 40.311 40.466 40.633 40.756 40.911 41.068 41.216 41.353 41.523 41.656 41.788 41.928 42.046 42.143 42.263 42.391 42.508 42.646 42.776 42.908 43.053 43.163 43.291 43.408 43.526 43.661 43.771 43.878 44.003 44.116 44.241 44.373 44.511 44.643 44.791 44.963 45.106 45.261 45.383 45.546 45.668 45.813 45.978 46.096 46.226 46.373 46.511 46.636 46.761 46.873 46.988 47.101 47.201 47.278 47.391 47.503 47.601 47.676 47.796 47.891 47.981 48.073 48.143 48.248 48.311 48.421 48.523
39.448 39.628 39.761 39.901 40.053 40.203 40.356 40.521 40.653 40.811 40.976 41.103 41.248 41.396 41.521 41.651 41.778 41.923 42.058 42.148 42.298 42.421 42.543 42.678 42.803 42.926 43.043 43.156 43.291 43.418 43.556 43.661 43.781 43.918 44.038 44.183 44.313 44.453 44.611 44.741 44.878 45.036 45.191 45.321 45.438 45.576 45.718 45.853 46.006 46.141 46.266 46.386 46.528 46.646 46.748 46.856 46.946 47.056 47.178 47.268 47.366 47.446 47.538 47.631 47.726 47.813 47.893 47.993 48.086 48.186 48.281
39.176 39.338 39.511 39.646 39.808 39.971 40.116 40.241 40.411 40.566 40.726 40.881 40.993 41.146 41.286 41.401 41.528 41.668 41.806 41.906 42.023 42.163 42.291 42.433 42.566 42.681 42.811 42.938 43.066 43.193 43.308 43.418 43.543 43.693 43.838 43.963 44.111 44.246 44.393 44.546 44.706 44.843 44.956 45.076 45.253 45.336 45.511 45.643 45.783 45.928 46.038 46.151 46.278 46.391 46.513 46.638 46.726 46.833 46.936 47.046 47.131 47.218 47.311 47.413 47.481 47.576 47.651 47.748 47.851 47.936 48.053
38.951 39.101 39.238 39.401 39.546 39.691 39.843 40.011 40.181 40.338 40.498 40.623 40.748 40.881 41.026 41.166 41.283 41.416 41.541 41.658 41.796 41.933 42.058 42.208 42.313 42.441 42.583 42.711 42.816 42.946 43.066 43.208 43.343 43.463 43.611 43.753 43.908 44.031 44.161 44.333 44.468 44.603 44.748 44.868 45.033 45.168 45.318 45.443 45.563 45.703 45.833 45.943 46.056 46.178 46.281 46.378 46.483 46.578 46.688 46.798 46.906 46.981 47.066 47.171 47.236 47.348 47.438 47.543 47.613 47.708 47.791
38.688 38.833 38.981 39.118 39.296 39.421 39.596 39.753 39.898 40.058 40.206 40.381 40.531 40.668 40.778 40.926 41.051 41.178 41.303 41.438 41.558 41.708 41.833 41.968 42.091 42.226 42.351 42.478 42.588 42.721 42.851 42.963 43.113 43.253 43.406 43.543 43.688 43.843 43.976 44.121 44.261 44.376 44.508 44.653 44.818 44.936 45.073 45.221 45.348 45.486 45.583 45.721 45.831 45.941 46.038 46.171 46.253 46.361 46.468 46.563 46.643 46.723 46.821 46.901 46.993 47.093 47.188 47.288 47.373 47.466 47.566
38.411 38.568 38.718 38.878 39.043 39.173 39.346 39.498 39.676 39.831 39.993 40.123 40.266 40.408 40.541 40.678 40.806 40.936 41.073 41.188 41.348 41.463 41.606 41.763 41.881 42.008 42.123 42.251 42.343 42.498 42.621 42.756 42.898 43.063 43.188 43.318 43.473 43.631 43.773 43.916 44.053 44.176 44.321 44.451 44.586 44.731 44.866 44.996 45.133 45.248 45.396 45.491 45.613 45.716 45.816 45.921 46.021 46.128 46.228 46.323 46.423 46.496 46.583 46.673 46.783 46.863 46.951 47.038 47.151 47.236 47.316
38.173 38.331 38.466 38.603 38.751 38.911 39.083 39.266 39.413 39.573 39.716 39.866 40.011 40.146 40.286 40.451 40.556 40.716 40.858 40.963 41.111 41.241 41.391 41.506 41.646 41.783 41.881 42.016 42.173 42.283 42.408 42.556 42.696 42.848 42.986 43.126 43.286 43.436 43.551 43.681 43.798 43.971 44.106 44.233 44.383 44.503 44.653 44.783 44.921 45.038 45.143 45.278 45.378 45.488 45.598 45.713 45.791 45.901 46.008 46.091 46.173 46.276 46.361 46.451 46.526 46.611 46.696 46.813 46.878 46.988 47.071
37.903 38.056 38.206 38.363 38.516 38.696 38.851 39.006 39.138 39.306 39.476 39.613 39.746 39.906 40.056 40.178 40.323 40.463 40.598 40.728 40.876 41.026 41.166 41.303 41.453 41.576 41.683 41.783 41.928 42.071 42.198 42.348 42.476 42.621 42.778 42.931 43.096 43.238 43.356 43.481 43.598 43.728 43.886 44.018 44.166 44.298 44.433 44.558 44.686 44.811 44.921 45.036 45.153 45.236 45.353 45.473 45.568 45.676 45.788 45.878 45.973 46.071 46.118 46.233 46.316 46.383 46.481 46.573 46.663 46.766 46.858
37.658 37.813 37.941 38.128 38.281 38.446 38.621 38.783 38.961 39.101 39.226 39.383 39.526 39.666 39.798 39.926 40.061 40.223 40.371 40.513 40.656 40.788 40.938 41.078 41.171 41.318 41.433 41.596 41.721 41.838 41.986 42.151 42.318 42.428 42.581 42.733 42.881 43.036 43.166 43.276 43.403 43.538 43.676 43.818 43.936 44.081 44.218 44.343 44.473 44.623 44.723 44.816 44.918 45.038 45.133 45.233 45.348 45.448 45.553 45.643 45.716 45.821 45.926 46.001 46.071 46.148 46.258 46.358 46.443 46.521 46.626
37.373 37.558 37.693 37.851 38.028 38.183 38.348 38.526 38.666 38.828 38.963 39.123 39.246 39.418 39.558 39.708 39.853 39.993 40.148 40.288 40.436 40.568 40.701 40.846 40.983 41.128 41.226 41.353 41.493 41.626 41.768 41.911 42.076 42.226 42.386 42.526 42.683 42.826 42.941 43.081 43.201 43.321 43.453 43.596 43.728 43.848 44.006 44.138 44.263 44.371 44.473 44.611 44.713 44.816 44.946 45.028 45.143 45.248 45.331 45.413 45.503 45.598 45.678 45.761 45.848 45.941 46.051 46.118 46.208 46.313 46.406
37.126 37.266 37.436 37.601 37.768 37.933 38.083 38.236 38.413 38.563 38.723 38.868 39.001 39.166 39.296 39.476 39.606 39.733 39.891 40.046 40.178 40.323 40.466 40.616 40.758 40.891 41.016 41.138 41.283 41.426 41.583 41.741 41.891 42.031 42.206 42.343 42.486 42.621 42.768 42.871 42.998 43.118 43.268 43.401 43.498 43.653 43.788 43.913 44.043 44.153 44.253 44.368 44.493 44.598 44.716 44.823 44.898 44.991 45.073 45.173 45.268 45.353 45.458 45.538 45.618 45.723 45.793 45.883 46.001 46.088 46.208
36.868 37.038 37.191 37.353 37.531 37.718 37.838 38.008 38.173 38.336 38.488 38.626 38.773 38.911 39.061 39.228 39.351 39.491 39.651 39.803 39.956 40.108 40.246 40.373 40.523 40.673 40.793 40.918 41.076 41.236 41.386 41.526 41.691 41.858 42.016 42.148 42.276 42.411 42.538 42.673 42.798 42.926 43.076 43.176 43.291 43.456 43.556 43.691 43.808 43.926 44.036 44.158 44.261 44.381 44.481 44.573 44.676 44.776 44.868 44.956 45.046 45.128 45.238 45.323 45.393 45.471 45.563 45.681 45.771 45.861 45.963
36.601 36.793 36.981 37.103 37.301 37.441 37.608 37.763 37.926 38.068 38.236 38.381 38.528 38.668 38.803 38.963 39.101 39.273 39.406 39.578 39.708 39.848 40.008 40.131 40.281 40.421 40.588 40.708 40.878 41.033 41.188 41.341 41.501 41.653 41.803 41.943 42.076 42.216 42.331 42.471 42.583 42.706 42.848 42.953 43.088 43.213 43.348 43.466 43.568 43.696 43.808 43.911 44.033 44.148 44.256 44.366 44.446 44.551 44.656 44.738 44.833 44.916 45.008 45.093 45.188 45.268 45.371 45.458 45.541 45.641 45.741
36.361 36.511 36.691 36.843 37.028 37.196 37.356 37.508 37.666 37.813 37.976 38.108 38.271 38.418 38.548 38.713 38.871 39.043 39.188 39.336 39.476 39.606 39.731 39.866 40.023 40.171 40.351 40.493 40.638 40.816 40.966 41.161 41.298 41.476 41.613 41.748 41.873 42.026 42.146 42.263 42.358 42.503 42.613 42.756 42.888 42.978 43.116 43.223 43.338 43.473 43.578 43.686 43.813 43.928 44.053 44.126 44.236 44.313 44.391 44.506 44.596 44.678 44.773 44.863 44.963 45.048 45.143 45.231 45.343 45.448 45.524
