Matlab/Roost_data/braunton/dsm/ss5037_DSM_2M.asc
ncols 500
nrows 500
xllcorner    250000
yllcorner    137000
cellsize     2
NODATA_value -9999
[rows 310 to 340 of 500, columns 345 to 413 of 500]
113.714 113.714 113.694 113.717 113.722 113.744 113.767 113.799 113.824 113.852 113.894 113.982 114.049 114.109 114.212 114.299 114.389 114.477 114.582 114.689 114.797 114.922 115.032 115.137 115.237 115.384 115.484 115.622 115.767 115.902 116.024 116.122 116.244 116.354 116.454 116.547 116.657 116.767 116.849 116.954 117.072 117.177 117.257 117.362 117.469 117.544 117.624 117.702 117.802 117.882 117.979 118.047 118.147 118.209 118.252 118.339 118.409 118.479 118.569 118.607 118.689 118.797 118.849 118.949 119.062 119.129 119.187 119.262 119.322
113.909 113.917 113.904 113.932 113.954 113.964 113.967 114.007 114.039 114.069 114.102 114.167 114.244 114.294 114.377 114.479 114.547 114.644 114.737 114.862 114.982 115.107 115.209 115.332 115.432 115.547 115.642 115.752 115.887 115.994 116.107 116.232 116.322 116.447 116.539 116.649 116.754 116.864 116.932 117.039 117.157 117.244 117.349 117.442 117.532 117.607 117.672 117.769 117.852 117.947 118.014 118.119 118.214 118.277 118.324 118.407 118.482 118.537 118.614 118.667 118.769 118.824 118.887 119.019 119.102 119.159 119.232 119.302 119.337
114.154 114.154 114.157 114.147 114.167 114.182 114.179 114.237 114.242 114.259 114.302 114.357 114.389 114.474 114.554 114.617 114.714 114.817 114.914 115.019 115.134 115.237 115.337 115.447 115.584 115.677 115.777 115.897 116.004 116.122 116.237 116.352 116.447 116.572 116.684 116.754 116.859 116.944 117.024 117.124 117.229 117.329 117.414 117.519 117.599 117.684 117.757 117.832 117.914 117.992 118.072 118.159 118.232 118.284 118.349 118.427 118.512 118.562 118.644 118.722 118.777 118.867 118.957 119.042 119.127 119.194 119.257 119.349 119.362
114.362 114.349 114.354 114.364 114.367 114.369 114.394 114.414 114.444 114.477 114.504 114.547 114.599 114.662 114.732 114.822 114.919 114.987 115.057 115.197 115.282 115.392 115.489 115.587 115.702 115.797 115.909 116.034 116.134 116.259 116.387 116.477 116.587 116.692 116.797 116.892 116.977 117.052 117.139 117.229 117.319 117.394 117.514 117.604 117.664 117.742 117.829 117.932 117.969 118.047 118.102 118.202 118.267 118.322 118.417 118.489 118.552 118.632 118.707 118.767 118.824 118.894 119.009 119.079 119.152 119.227 119.287 119.357 119.389
114.567 114.559 114.564 114.557 114.559 114.577 114.584 114.612 114.624 114.672 114.699 114.739 114.784 114.817 114.872 114.979 115.062 115.134 115.234 115.332 115.422 115.529 115.634 115.757 115.862 115.937 116.099 116.174 116.289 116.394 116.499 116.614 116.702 116.802 116.889 116.987 117.064 117.137 117.219 117.317 117.412 117.509 117.592 117.667 117.757 117.832 117.932 118.009 118.069 118.152 118.184 118.217 118.289 118.362 118.442 118.499 118.574 118.644 118.724 118.762 118.829 118.924 119.024 119.107 119.182 119.259 119.327 119.382 119.417
114.769 114.759 114.754 114.752 114.764 114.784 114.787 114.792 114.814 114.839 114.879 114.932 114.969 115.022 115.094 115.152 115.234 115.317 115.412 115.487 115.559 115.649 115.777 115.877 115.987 116.089 116.192 116.289 116.379 116.484 116.592 116.724 116.812 116.912 116.987 117.089 117.177 117.247 117.322 117.377 117.472 117.539 117.617 117.697 117.787 117.894 117.952 118.047 118.112 118.187 118.249 118.297 118.349 118.409 118.474 118.519 118.612 118.692 118.759 118.782 118.857 118.952 119.009 119.124 119.207 119.274 119.344 119.404 119.447
114.939 114.954 114.947 114.947 114.962 114.984 114.994 115.002 115.019 115.044 115.074 115.104 115.137 115.209 115.262 115.314 115.379 115.479 115.542 115.664 115.749 115.834 115.899 116.007 116.109 116.202 116.307 116.397 116.492 116.594 116.694 116.794 116.889 116.984 117.102 117.182 117.267 117.339 117.407 117.464 117.549 117.624 117.702 117.779 117.839 117.954 118.022 118.072 118.147 118.232 118.257 118.304 118.369 118.429 118.479 118.534 118.612 118.704 118.784 118.847 118.894 118.972 119.057 119.134 119.217 119.297 119.364 119.427 119.489
115.159 115.157 115.144 115.152 115.179 115.177 115.184 115.204 115.222 115.234 115.254 115.279 115.329 115.387 115.447 115.507 115.574 115.664 115.737 115.797 115.889 115.987 116.047 116.147 116.224 116.329 116.417 116.539 116.632 116.737 116.807 116.917 116.992 117.097 117.172 117.274 117.347 117.404 117.464 117.532 117.602 117.664 117.747 117.834 117.927 117.989 118.074 118.144 118.197 118.264 118.284 118.369 118.404 118.454 118.519 118.584 118.654 118.742 118.802 118.859 118.939 118.997 119.072 119.129 119.224 119.317 119.387 119.464 119.502
115.359 115.344 115.344 115.339 115.354 115.349 115.364 115.384 115.412 115.422 115.464 115.467 115.492 115.552 115.612 115.657 115.739 115.807 115.882 115.949 116.037 116.114 116.199 116.277 116.369 116.449 116.537 116.647 116.742 116.844 116.902 116.994 117.092 117.177 117.279 117.354 117.434 117.484 117.564 117.617 117.687 117.774 117.834 117.919 117.969 118.054 118.107 118.187 118.247 118.292 118.337 118.409 118.459 118.517 118.597 118.639 118.694 118.772 118.849 118.907 118.959 119.059 119.124 119.184 119.262 119.334 119.392 119.482 119.539
115.547 115.537 115.544 115.529 115.519 115.544 115.522 115.564 115.562 115.584 115.642 115.647 115.687 115.719 115.762 115.817 115.892 115.937 116.022 116.094 116.169 116.252 116.342 116.412 116.474 116.574 116.677 116.769 116.874 116.974 117.047 117.124 117.179 117.262 117.339 117.409 117.489 117.567 117.657 117.704 117.757 117.844 117.927 117.974 118.042 118.122 118.184 118.264 118.312 118.357 118.419 118.489 118.532 118.582 118.659 118.697 118.754 118.799 118.907 118.947 118.982 119.074 119.174 119.232 119.312 119.359 119.427 119.504 119.569
115.722 115.722 115.719 115.729 115.729 115.717 115.737 115.747 115.759 115.792 115.802 115.832 115.859 115.887 115.927 115.979 116.069 116.147 116.207 116.274 116.324 116.382 116.479 116.562 116.632 116.704 116.782 116.857 116.944 117.054 117.154 117.227 117.267 117.342 117.422 117.479 117.564 117.642 117.719 117.772 117.842 117.907 117.952 118.032 118.089 118.154 118.247 118.329 118.379 118.397 118.469 118.522 118.569 118.649 118.709 118.752 118.794 118.857 118.929 118.979 119.022 119.094 119.192 119.252 119.334 119.394 119.462 119.524 119.592
115.914 115.904 115.887 115.894 115.907 115.904 115.907 115.909 115.949 115.974 115.962 116.017 116.052 116.089 116.149 116.159 116.192 116.242 116.332 116.409 116.472 116.569 116.634 116.694 116.764 116.864 116.919 116.982 117.062 117.164 117.249 117.304 117.354 117.439 117.524 117.587 117.647 117.734 117.807 117.832 117.889 117.964 118.014 118.089 118.147 118.222 118.294 118.369 118.414 118.469 118.509 118.569 118.627 118.677 118.744 118.767 118.814 118.872 118.947 118.994 119.022 119.132 119.232 119.282 119.337 119.429 119.494 119.564 119.607
116.119 116.087 116.079 116.097 116.077 116.104 116.097 116.097 116.094 116.099 116.124 116.137 116.179 116.257 116.282 116.344 116.397 116.422 116.487 116.557 116.607 116.697 116.752 116.814 116.889 116.979 117.057 117.122 117.192 117.274 117.377 117.427 117.487 117.534 117.584 117.659 117.719 117.779 117.837 117.907 117.967 118.032 118.057 118.117 118.197 118.282 118.317 118.379 118.437 118.509 118.577 118.627 118.667 118.759 118.774 118.829 118.872 118.932 118.989 118.992 119.027 119.154 119.247 119.299 119.389 119.442 119.512 119.589 119.614
116.252 116.239 116.237 116.254 116.237 116.234 116.234 116.237 116.249 116.274 116.292 116.299 116.334 116.382 116.392 116.444 116.507 116.582 116.619 116.679 116.729 116.784 116.822 116.897 116.974 117.054 117.147 117.227 117.267 117.372 117.447 117.487 117.549 117.622 117.667 117.719 117.764 117.832 117.894 117.947 118.017 118.097 118.157 118.192 118.252 118.327 118.379 118.422 118.497 118.554 118.602 118.639 118.677 118.749 118.777 118.819 118.897 118.927 118.979 119.027 119.074 119.159 119.237 119.319 119.402 119.457 119.514 119.589 119.659
116.407 116.392 116.374 116.364 116.372 116.347 116.364 116.367 116.354 116.382 116.432 116.479 116.507 116.512 116.549 116.622 116.652 116.702 116.749 116.797 116.859 116.924 116.962 117.029 117.102 117.167 117.234 117.312 117.374 117.437 117.502 117.574 117.629 117.662 117.742 117.799 117.854 117.934 117.974 118.024 118.067 118.144 118.207 118.274 118.347 118.392 118.457 118.514 118.557 118.634 118.679 118.724 118.752 118.817 118.857 118.879 118.964 119.009 119.049 119.079 119.112 119.174 119.279 119.367 119.407 119.464 119.529 119.612 119.664
116.539 116.564 116.544 116.537 116.569 116.587 116.607 116.622 116.614 116.629 116.639 116.659 116.689 116.729 116.767 116.822 116.864 116.912 116.944 116.979 117.019 117.087 117.137 117.234 117.324 117.379 117.422 117.447 117.532 117.584 117.652 117.712 117.782 117.829 117.879 117.939 118.012 118.072 118.124 118.174 118.244 118.267 118.334 118.394 118.472 118.539 118.599 118.624 118.687 118.739 118.784 118.837 118.877 118.927 118.984 119.039 119.109 119.142 119.187 119.229 119.239 119.277 119.354 119.432 119.479 119.517 119.597 119.657 119.674
116.772 116.762 116.747 116.782 116.772 116.799 116.822 116.802 116.802 116.852 116.857 116.879 116.897 116.927 116.977 117.014 117.037 117.067 117.122 117.184 117.242 117.282 117.312 117.357 117.424 117.484 117.544 117.614 117.694 117.739 117.797 117.844 117.909 118.002 118.067 118.077 118.134 118.162 118.224 118.289 118.347 118.402 118.444 118.502 118.534 118.602 118.637 118.694 118.772 118.812 118.887 118.944 118.972 119.004 119.052 119.092 119.139 119.184 119.239 119.284 119.312 119.369 119.419 119.467 119.514 119.554 119.619 119.682 119.697
116.982 116.954 116.964 116.957 116.987 116.999 116.982 116.974 116.964 117.019 117.022 117.014 117.022 117.049 117.094 117.132 117.179 117.212 117.257 117.314 117.369 117.397 117.434 117.492 117.539 117.587 117.614 117.684 117.719 117.772 117.867 117.937 117.979 118.047 118.119 118.157 118.189 118.249 118.282 118.359 118.402 118.459 118.489 118.557 118.599 118.634 118.689 118.727 118.812 118.857 118.912 118.994 119.034 119.064 119.107 119.147 119.182 119.219 119.272 119.332 119.374 119.419 119.467 119.519 119.544 119.579 119.637 119.707 119.744
117.154 117.122 117.094 117.097 117.122 117.124 117.107 117.124 117.134 117.134 117.142 117.162 117.162 117.209 117.237 117.234 117.304 117.329 117.359 117.387 117.444 117.474 117.507 117.549 117.622 117.687 117.702 117.742 117.777 117.834 117.907 117.982 118.039 118.087 118.127 118.182 118.242 118.302 118.357 118.402 118.462 118.512 118.542 118.584 118.649 118.689 118.747 118.782 118.847 118.917 118.972 119.019 119.062 119.114 119.149 119.194 119.237 119.282 119.312 119.354 119.422 119.434 119.497 119.574 119.617 119.639 119.697 119.767 119.787
117.264 117.247 117.227 117.209 117.219 117.209 117.232 117.229 117.252 117.252 117.272 117.294 117.327 117.319 117.344 117.384 117.402 117.442 117.467 117.497 117.539 117.572 117.607 117.642 117.684 117.739 117.797 117.859 117.879 117.937 117.989 118.044 118.099 118.174 118.234 118.259 118.297 118.342 118.404 118.454 118.507 118.559 118.609 118.639 118.677 118.759 118.829 118.869 118.949 119.007 119.042 119.112 119.149 119.187 119.232 119.274 119.329 119.357 119.387 119.424 119.477 119.517 119.527 119.614 119.662 119.692 119.749 119.802 119.824
117.422 117.409 117.384 117.379 117.397 117.369 117.379 117.384 117.374 117.387 117.409 117.452 117.479 117.487 117.487 117.557 117.554 117.572 117.592 117.627 117.664 117.707 117.742 117.784 117.834 117.877 117.907 117.972 118.019 118.062 118.132 118.177 118.204 118.242 118.334 118.412 118.457 118.502 118.512 118.572 118.604 118.657 118.699 118.732 118.789 118.844 118.899 118.954 119.024 119.084 119.117 119.194 119.244 119.307 119.334 119.362 119.407 119.457 119.497 119.519 119.562 119.567 119.622 119.677 119.719 119.752 119.784 119.842 119.854
117.534 117.529 117.517 117.512 117.517 117.524 117.527 117.542 117.527 117.509 117.522 117.562 117.557 117.599 117.627 117.627 117.667 117.679 117.689 117.717 117.749 117.799 117.839 117.884 117.927 117.962 117.994 118.049 118.092 118.144 118.209 118.269 118.299 118.324 118.369 118.442 118.499 118.544 118.587 118.629 118.667 118.717 118.782 118.822 118.849 118.899 118.967 119.019 119.069 119.119 119.174 119.237 119.282 119.322 119.384 119.412 119.447 119.507 119.544 119.569 119.592 119.642 119.682 119.717 119.779 119.807 119.857 119.879 119.884
117.624 117.647 117.634 117.632 117.627 117.609 117.622 117.647 117.652 117.629 117.669 117.652 117.667 117.692 117.699 117.704 117.759 117.784 117.799 117.832 117.852 117.862 117.917 117.937 117.972 118.042 118.087 118.142 118.162 118.204 118.277 118.339 118.387 118.409 118.467 118.482 118.547 118.582 118.652 118.687 118.742 118.769 118.819 118.879 118.907 118.944 118.992 119.027 119.077 119.134 119.197 119.234 119.289 119.344 119.384 119.419 119.452 119.519 119.564 119.607 119.644 119.652 119.709 119.759 119.802 119.829 119.882 119.914 119.902
117.774 117.747 117.737 117.739 117.727 117.727 117.724 117.724 117.724 117.759 117.749 117.752 117.782 117.789 117.809 117.809 117.819 117.854 117.892 117.917 117.959 117.962 117.974 118.012 118.062 118.107 118.159 118.172 118.222 118.269 118.307 118.359 118.422 118.464 118.512 118.547 118.602 118.644 118.697 118.734 118.772 118.802 118.829 118.894 118.942 118.999 119.034 119.087 119.139 119.174 119.224 119.277 119.327 119.372 119.422 119.454 119.492 119.552 119.597 119.637 119.659 119.709 119.752 119.809 119.832 119.857 119.899 119.944 119.934
117.869 117.852 117.862 117.829 117.822 117.819 117.822 117.824 117.834 117.839 117.849 117.854 117.884 117.877 117.912 117.912 117.929 117.949 117.964 117.999 118.037 118.049 118.052 118.089 118.134 118.184 118.214 118.244 118.297 118.349 118.384 118.437 118.514 118.534 118.587 118.642 118.682 118.749 118.797 118.834 118.857 118.874 118.919 118.982 119.044 119.092 119.132 119.174 119.227 119.267 119.324 119.362 119.397 119.464 119.502 119.562 119.584 119.647 119.689 119.739 119.749 119.789 119.847 119.859 119.894 119.912 119.944 119.964 119.947
117.962 117.959 117.949 117.947 117.932 117.927 117.942 117.949 117.954 117.964 117.967 117.974 117.994 118.004 118.017 118.042 118.042 118.062 118.089 118.109 118.122 118.147 118.184 118.207 118.239 118.267 118.319 118.374 118.424 118.484 118.527 118.592 118.634 118.682 118.709 118.769 118.804 118.859 118.904 118.944 118.972 119.007 119.054 119.097 119.154 119.219 119.244 119.312 119.347 119.364 119.437 119.492 119.507 119.534 119.572 119.607 119.649 119.722 119.769 119.812 119.847 119.889 119.919 119.939 119.959 120.009 120.002 119.982 119.957
118.094 118.084 118.047 118.037 118.062 118.087 118.084 118.092 118.119 118.127 118.157 118.174 118.164 118.169 118.189 118.172 118.197 118.207 118.224 118.247 118.289 118.292 118.319 118.357 118.384 118.444 118.494 118.532 118.602 118.647 118.662 118.712 118.777 118.819 118.844 118.879 118.942 118.997 119.062 119.107 119.119 119.182 119.232 119.317 119.384 119.479 119.404 119.524 119.544 119.619 119.689 119.727 119.819 119.827 119.929 119.854 119.999 119.979 119.994 119.959 119.942 119.974 120.037 120.059 120.064 120.079 120.062 120.017 119.997
118.232 118.192 118.197 118.227 118.277 118.289 118.259 118.282 118.392 118.397 118.427 118.409 118.452 118.444 118.607 118.377 118.469 118.482 118.489 118.592 118.679 118.829 118.772 118.852 119.082 119.052 118.929 119.154 119.187 119.314 119.549 119.664 119.592 119.612 120.022 119.782 119.887 120.007 120.194 120.239 120.179 120.419 120.467 120.614 120.552 120.589 120.609 120.557 120.599 120.619 120.702 120.862 120.752 120.852 120.779 120.959 121.147 121.189 121.272 121.352 121.399 121.112 121.304 121.727 121.567 121.467 121.007 120.357 120.352
119.214 119.267 119.427 119.577 119.742 119.794 119.822 119.684 119.872 120.192 120.252 120.039 119.654 120.344 119.904 120.409 120.037 119.787 119.727 119.739 119.652 119.912 119.757 119.674 119.839 119.747 119.777 119.832 119.929 119.994 119.922 119.924 120.047 119.887 119.997 119.882 119.804 119.749 119.804 119.774 119.604 119.672 119.757 119.807 119.754 119.627 119.697 119.717 119.719 119.707 119.679 119.752 119.764 119.844 119.822 119.992 120.172 120.117 120.312 120.409 120.457 120.372 120.629 121.037 121.052 121.344 121.382 121.159 121.712
119.724 119.862 119.927 119.994 119.882 119.784 120.147 120.044 119.959 119.749 119.469 119.354 119.567 119.442 119.304 119.264 119.222 119.239 119.199 119.209 119.212 119.189 119.197 119.179 119.177 119.172 119.162 119.167 119.159 119.157 119.174 119.177 119.194 119.194 119.217 119.232 119.242 119.257 119.254 119.279 119.299 119.302 119.334 119.359 119.394 119.434 119.457 119.462 119.502 119.524 119.564 119.589 119.609 119.624 119.672 119.702 119.727 119.762 119.797 119.814 119.852 119.894 119.904 119.927 119.959 119.997 120.019 120.044 120.174
119.177 119.209 119.192 119.167 119.202 119.179 119.167 119.162 119.147 119.142 119.112 119.109 119.104 119.094 119.079 119.097 119.107 119.102 119.102 119.102 119.127 119.119 119.112 119.117 119.117 119.142 119.129 119.137 119.129 119.159 119.177 119.199 119.229 119.239 119.247 119.259 119.237 119.267 119.302 119.334 119.364 119.367 119.397 119.407 119.472 119.514 119.519 119.609 119.607 119.629 119.632 119.654 119.667 119.759 119.762 119.782 119.824 119.817 119.844 119.844 119.887 119.887 119.914 119.947 119.977 119.964 119.987 119.989 119.984
