Matlab/Roost_data/braunton/dsm/ss5034_DSM_2M.asc
ncols 500
nrows 500
xllcorner    250000
yllcorner    134000
cellsize     2
NODATA_value -9999
[rows 204 to 237 of 500, columns 228 to 303 of 500]
8.739 9.734 11.789 13.281 13.989 13.126 10.389 6.994 7.046 7.161 7.256 7.321 7.351 7.346 7.249 7.281 7.369 7.904 7.666 7.461 7.371 7.331 7.591 7.671 7.951 7.716 7.806 7.579 7.406 7.461 7.454 7.376 7.426 7.476 7.456 10.981 13.861 14.314 12.324 7.751 7.491 9.371 11.169 7.579 7.486 7.446 9.734 10.696 7.501 7.574 9.236 13.439 14.429 13.359 8.181 7.604 7.551 7.554 7.556 7.561 7.479 7.536 7.491 7.484 9.424 13.236 14.099 12.421 11.094 11.396 11.174 10.419 10.754 8.231 7.661 7.584
6.926 7.959 12.436 13.646 13.816 12.766 9.961 7.586 7.444 7.131 7.281 7.391 7.406 7.296 7.289 7.346 8.401 9.661 7.511 7.479 7.336 7.321 7.321 7.304 8.026 8.881 8.704 7.706 7.496 7.546 7.914 7.386 7.391 7.419 7.426 9.989 13.736 14.196 12.264 7.556 7.519 8.671 7.576 7.439 7.459 7.501 8.459 7.566 7.551 7.556 8.626 12.626 14.099 13.361 8.111 7.571 7.554 7.509 8.334 7.594 7.491 7.514 7.471 7.449 7.554 11.406 12.644 10.029 9.716 11.116 10.841 10.659 10.539 8.249 7.736 7.601
6.919 9.321 12.939 13.941 13.491 12.359 8.324 7.639 8.014 7.799 7.664 7.521 7.311 7.241 7.289 8.394 10.211 9.301 7.644 8.441 11.356 11.116 9.511 8.759 8.181 8.071 8.529 9.004 8.999 9.919 9.466 7.626 7.639 7.554 7.469 7.811 9.546 10.051 9.166 7.536 7.516 7.424 7.411 7.454 7.474 7.486 7.604 7.544 7.619 7.564 7.619 7.981 8.241 7.594 7.519 7.519 7.561 7.519 7.571 8.189 7.489 7.481 7.544 7.499 7.481 9.131 9.584 8.566 8.954 10.799 10.539 10.429 10.864 7.776 7.666 7.574
8.541 11.874 13.296 14.016 13.109 9.631 7.139 7.619 7.929 7.154 7.589 7.666 7.261 7.259 7.464 9.474 8.611 7.514 7.494 10.419 13.176 14.166 13.609 11.919 8.404 7.264 7.301 7.821 10.536 10.566 9.201 12.219 7.809 7.724 7.696 7.796 8.004 8.249 7.784 7.551 7.551 7.419 7.419 7.414 7.466 7.454 7.621 7.904 8.034 7.559 7.566 7.556 7.586 7.956 7.546 7.576 7.914 7.564 7.581 7.796 7.554 7.804 7.564 7.844 7.529 7.869 7.799 7.436 8.009 9.756 9.871 10.396 9.886 9.239 8.026 7.584
8.099 12.571 13.679 13.779 12.751 8.061 6.971 7.104 7.374 7.171 7.274 7.279 7.251 7.249 7.301 7.396 7.519 7.506 7.424 10.964 13.619 14.376 13.009 8.679 7.804 7.281 7.294 7.861 9.451 9.439 12.431 9.569 7.616 7.581 8.094 7.436 7.424 7.834 8.359 8.304 7.751 7.456 7.421 7.424 7.434 7.889 7.579 7.544 7.509 7.801 7.854 7.631 7.954 7.536 7.736 7.971 7.544 8.069 7.591 8.626 8.524 7.401 7.809 7.641 9.101 12.414 12.926 11.704 7.544 7.484 7.606 8.491 12.089 14.016 10.544 7.606
8.769 12.844 13.906 13.474 12.341 8.179 7.079 7.151 7.176 7.284 7.326 7.286 7.246 7.276 8.071 7.719 7.504 7.424 7.584 12.069 14.024 14.054 12.811 9.846 7.909 7.254 7.244 7.299 7.861 11.014 12.854 10.759 7.371 7.594 7.251 7.269 7.286 8.606 10.669 11.196 8.474 7.479 7.524 7.486 7.474 8.201 7.554 7.439 7.401 9.616 9.951 10.091 7.431 7.371 7.404 7.404 7.424 7.529 7.459 8.184 8.159 7.386 7.374 7.341 10.691 13.241 13.644 12.411 7.849 7.699 13.436 10.846 10.504 11.376 11.169 7.596
11.691 13.354 13.954 13.129 10.056 7.201 7.579 8.174 7.374 7.246 7.346 7.276 7.266 7.296 8.294 8.781 7.524 7.424 9.026 13.194 14.354 13.679 11.896 9.099 7.501 7.276 7.219 8.124 8.796 8.276 11.694 7.389 7.296 7.519 7.289 7.299 7.504 10.836 13.571 13.349 10.836 7.441 7.501 7.454 7.476 7.909 7.566 7.424 7.731 11.756 13.701 12.981 8.156 7.394 7.421 7.384 7.344 7.849 7.426 7.329 7.316 7.309 7.326 7.341 10.224 13.231 13.561 12.514 9.314 8.366 10.956 8.119 12.096 11.774 9.336 7.576
13.724 13.806 13.539 12.379 8.364 7.014 7.089 7.104 7.184 7.241 7.291 7.256 7.261 7.634 7.619 7.576 7.484 7.976 11.951 13.566 14.229 13.259 9.994 8.526 9.074 8.344 7.666 8.384 9.374 10.931 13.391 7.409 7.261 7.231 7.336 7.366 7.404 11.746 13.561 13.454 9.666 7.441 7.439 7.439 7.421 7.804 7.639 7.394 7.409 12.049 13.714 12.601 8.384 7.394 7.406 7.381 7.336 7.851 7.431 7.371 7.389 7.264 7.264 7.324 10.179 13.271 13.529 12.124 8.209 7.826 7.829 7.414 11.939 10.361 8.181 7.586
13.964 13.441 11.124 6.896 6.984 7.109 7.194 7.271 7.319 7.371 7.264 7.264 7.301 7.941 7.644 7.821 7.381 7.799 12.306 13.969 14.071 12.766 8.249 7.734 7.431 7.881 9.346 11.966 10.201 14.349 11.324 7.884 7.626 7.299 7.291 7.364 7.339 11.339 13.531 13.401 9.846 7.421 7.394 7.419 7.411 8.176 7.524 7.404 7.441 11.826 13.826 12.971 8.764 7.369 7.359 7.386 7.371 7.446 7.429 7.644 7.239 7.216 7.219 7.374 10.529 13.279 13.579 12.431 8.459 7.444 7.461 7.491 7.509 7.591 7.791 7.626
14.016 13.104 10.581 6.921 7.041 7.194 7.249 7.319 7.391 7.356 7.264 7.264 7.284 7.514 7.424 7.481 7.311 8.234 12.561 14.441 13.726 11.081 8.099 9.276 7.374 7.166 7.769 11.396 9.551 11.549 7.326 7.389 7.449 7.246 7.226 7.349 7.534 10.756 13.636 13.331 10.661 7.401 7.396 7.434 7.374 7.779 7.549 7.386 8.194 12.546 13.774 13.024 8.856 7.301 7.326 7.364 7.439 7.574 7.386 7.481 7.291 7.279 7.254 7.259 11.066 13.274 13.646 12.314 8.276 7.411 7.441 7.484 7.534 7.644 8.059 7.461
13.794 12.566 9.586 7.256 7.826 7.329 7.301 7.321 7.371 7.326 7.279 7.319 7.316 7.419 7.519 7.409 7.291 7.864 8.066 10.199 9.864 9.911 7.434 7.489 7.204 7.149 7.154 8.144 12.146 10.356 7.331 7.434 7.256 7.246 7.239 7.239 7.661 11.701 13.619 13.366 9.426 7.344 7.384 7.436 7.396 7.584 7.461 7.371 7.626 12.151 13.764 12.996 8.904 7.319 7.314 7.351 7.369 8.109 7.371 7.281 7.271 7.274 7.294 7.226 10.391 13.274 13.529 11.706 8.374 7.386 7.424 7.474 7.476 7.539 7.644 7.439
13.451 12.161 8.606 7.199 7.371 7.566 7.961 7.546 7.231 7.221 7.274 7.346 7.391 7.476 7.451 7.306 8.144 12.144 12.989 11.291 9.896 7.341 7.229 7.184 7.104 7.126 7.691 8.426 10.876 8.539 7.299 7.771 7.509 7.441 7.254 7.209 7.194 11.544 13.634 13.441 9.636 7.349 7.374 7.379 7.364 8.119 7.526 7.386 7.554 11.884 13.814 13.014 8.284 7.316 7.301 7.316 7.304 7.556 7.371 8.009 7.864 7.421 7.239 7.319 9.219 13.299 13.584 12.139 7.289 7.401 7.394 7.464 7.566 8.126 7.869 7.436
13.084 9.906 6.981 7.281 7.409 7.141 7.321 7.354 7.184 7.191 7.251 7.309 7.426 7.466 7.321 7.266 10.131 12.741 13.561 12.256 8.684 7.544 7.199 7.301 7.196 7.326 10.719 10.646 8.421 7.176 7.271 7.339 7.489 7.914 7.226 7.259 7.736 11.034 13.669 13.336 10.276 7.326 7.346 7.341 7.366 7.674 7.479 7.384 8.209 12.466 13.736 13.001 7.646 7.306 7.361 7.326 7.314 7.424 7.339 7.384 7.519 7.276 7.216 7.206 10.784 13.279 13.781 11.374 8.634 7.331 7.389 7.419 7.491 7.474 8.644 7.891
10.126 7.919 7.076 7.276 7.211 7.474 7.226 7.186 7.169 7.226 7.286 7.319 7.479 7.436 7.221 7.889 11.586 13.074 13.476 12.034 7.169 7.189 7.169 7.334 8.279 8.851 13.159 12.691 12.014 7.144 7.204 7.259 7.266 7.239 7.241 7.254 7.516 10.394 13.599 13.344 9.649 7.291 7.319 7.379 7.339 7.359 7.419 7.371 7.739 12.426 13.719 12.984 8.676 7.319 7.316 7.296 7.321 8.014 7.346 7.286 7.194 7.171 7.219 7.199 10.524 13.319 13.534 11.891 7.946 7.331 7.374 7.426 7.491 7.624 7.626 7.649
6.906 6.946 7.074 7.169 7.259 8.254 7.276 7.164 7.206 7.229 7.284 7.414 7.459 7.344 7.169 8.964 12.191 13.421 13.181 9.966 7.131 7.141 7.104 7.351 8.416 8.506 8.531 12.519 11.241 7.149 7.174 7.204 7.239 7.236 7.216 7.196 7.199 10.739 13.549 13.304 9.479 7.336 7.321 7.341 7.336 7.374 7.449 7.359 7.416 11.859 13.809 12.964 9.106 7.291 7.271 7.274 7.264 7.344 7.354 7.649 7.241 7.366 7.229 7.254 10.436 13.319 13.551 12.321 8.214 7.329 7.376 7.396 7.476 7.524 7.684 7.894
6.929 7.024 7.104 7.229 7.264 7.294 7.241 7.194 7.234 7.861 7.526 7.471 7.411 7.264 7.281 10.119 12.761 13.674 12.871 9.476 7.159 7.131 7.061 7.044 7.186 7.229 7.076 8.199 7.109 7.149 7.149 7.466 7.439 7.221 7.194 7.176 7.181 11.221 13.626 13.311 9.949 7.349 7.334 7.336 7.331 7.504 7.471 7.354 8.249 12.329 13.816 12.984 8.676 7.341 7.529 7.351 7.316 7.309 7.284 7.659 7.184 7.139 7.161 7.194 11.101 13.289 13.579 12.414 8.816 7.329 7.369 7.369 7.451 7.511 7.481 7.581
7.106 7.059 7.204 7.569 7.891 7.246 7.161 7.189 7.534 7.981 7.446 7.421 7.281 7.179 7.656 11.521 13.129 13.476 11.901 7.479 7.176 7.109 7.071 7.034 7.501 7.306 7.101 7.096 7.089 7.126 7.126 7.179 7.219 7.176 7.171 7.149 7.171 10.571 13.641 13.309 10.609 7.571 7.329 7.336 7.304 8.234 7.549 7.331 7.879 12.549 13.749 12.954 8.769 7.371 7.476 7.356 7.331 7.769 7.266 7.214 7.179 7.129 7.119 7.166 10.696 13.324 13.781 11.356 7.951 7.299 7.349 7.361 7.439 7.449 7.559 8.104
7.426 7.034 7.139 7.244 7.239 7.161 7.164 7.414 7.321 7.476 7.434 7.291 7.149 7.106 7.379 12.131 13.381 13.209 8.999 7.146 7.119 7.084 7.041 7.021 7.014 7.071 7.804 7.246 7.096 7.091 7.129 7.156 7.101 7.166 7.181 7.194 7.189 9.389 13.576 13.306 9.594 7.346 7.326 7.326 7.284 7.884 7.494 7.391 7.366 12.059 13.811 12.891 8.834 7.276 7.401 7.306 7.264 7.674 7.279 7.536 7.186 7.156 7.151 7.441 10.941 13.351 13.536 11.489 7.324 7.311 7.359 7.344 7.341 7.406 7.434 7.844
7.441 7.054 7.144 7.176 7.139 7.149 7.246 8.169 7.611 7.506 7.391 7.179 7.211 7.034 7.864 11.514 13.579 12.844 8.616 7.106 7.081 7.081 7.014 6.979 7.041 8.611 11.394 8.496 7.086 7.091 7.114 7.486 7.301 7.161 7.186 7.214 7.174 11.449 13.619 13.281 8.374 7.289 7.306 7.261 7.241 7.284 7.344 7.376 7.946 12.129 14.076 12.976 8.816 7.276 7.266 7.266 7.219 7.286 7.226 7.699 7.166 7.179 7.169 7.176 11.139 13.314 13.556 11.231 7.404 7.289 7.361 7.356 7.339 7.389 9.481 12.699
7.101 7.151 7.171 7.146 7.124 7.184 7.536 7.619 7.434 7.374 7.211 8.886 10.764 8.406 7.076 7.776 8.614 10.184 7.346 7.414 7.044 7.006 6.961 6.964 8.076 9.184 11.521 7.601 7.141 7.096 7.061 7.216 7.064 7.126 7.154 7.204 7.536 11.221 13.706 13.266 10.389 7.264 7.284 7.284 7.221 7.264 7.289 7.311 8.111 12.641 13.781 12.934 8.229 7.246 7.259 7.241 7.211 7.546 7.221 7.186 7.149 7.191 7.201 7.186 10.934 13.326 13.646 12.091 7.799 7.284 7.306 7.349 7.344 7.991 11.406 14.261
7.294 7.264 7.154 7.139 7.194 7.891 7.451 7.434 7.411 7.201 7.099 12.139 12.926 12.426 10.274 8.974 9.041 9.046 9.884 8.476 7.256 7.416 7.256 7.016 7.029 8.486 7.076 7.059 7.096 7.074 7.051 7.084 7.049 7.504 7.116 7.119 7.134 8.786 12.446 12.671 8.874 7.244 7.256 7.254 7.231 7.266 7.279 7.334 7.484 12.249 13.806 12.714 8.751 7.266 7.271 7.241 7.219 7.799 7.219 7.204 7.114 7.126 7.196 7.264 10.504 13.321 13.476 12.064 8.006 7.271 7.344 7.386 7.384 9.339 13.556 17.538
7.314 7.199 7.129 7.139 7.374 7.776 7.396 7.389 7.224 7.054 9.011 13.046 13.439 13.394 12.934 9.731 9.054 8.291 8.676 7.944 7.701 7.004 7.106 7.004 6.994 7.051 7.031 7.009 7.014 7.034 7.071 7.584 7.201 7.036 7.056 7.039 7.054 7.861 8.919 8.951 7.466 7.286 7.286 7.641 7.464 7.226 7.261 7.311 7.284 7.636 7.456 7.244 7.216 7.221 7.204 7.224 7.179 7.231 7.221 7.599 7.161 7.214 7.304 7.451 10.349 13.324 13.531 12.331 8.514 7.291 7.356 9.076 10.231 9.521 14.071 16.708
7.281 7.139 7.136 7.181 7.254 7.789 8.496 7.321 7.139 6.989 9.666 12.651 13.476 13.156 12.769 7.996 7.636 7.571 7.501 7.179 7.019 6.994 6.984 6.979 6.971 6.974 6.954 6.969 6.959 6.979 7.001 7.301 7.241 7.051 7.096 7.386 7.114 7.156 7.546 7.424 7.254 7.271 7.301 7.649 7.441 7.266 7.281 7.299 7.299 10.074 13.171 7.191 8.624 7.234 7.596 7.231 7.516 7.291 7.214 7.144 7.094 7.116 7.159 7.179 11.041 13.341 13.544 11.716 8.699 7.364 7.326 8.591 11.056 7.414 11.866 14.231
7.131 7.114 7.146 7.219 7.326 7.471 7.354 7.166 7.014 8.316 11.974 13.136 13.316 12.439 10.174 7.186 7.069 7.109 7.104 7.586 6.979 6.996 7.054 6.966 6.949 6.961 6.976 6.979 7.004 7.044 6.909 6.889 6.926 6.941 7.004 7.011 7.044 7.084 7.101 7.121 7.179 7.211 7.234 7.279 7.276 7.296 7.286 7.306 8.699 7.241 11.489 10.629 12.176 8.021 7.206 7.176 7.184 7.156 7.194 7.816 7.654 7.146 7.166 7.156 10.236 13.344 13.699 11.391 7.364 8.451 8.244 8.774 8.389 8.521 7.766 8.669
7.104 7.116 7.146 7.254 7.391 7.381 7.209 7.076 8.129 10.111 12.486 13.546 12.876 9.616 8.126 7.244 7.596 7.279 7.406 7.464 6.984 6.954 7.851 7.404 7.314 6.989 6.991 6.976 7.056 6.994 6.896 6.849 6.891 6.949 6.974 6.974 6.969 7.026 6.984 7.804 7.401 7.264 7.191 7.076 7.296 7.499 7.481 7.579 7.076 7.151 8.016 11.286 10.156 7.161 7.119 7.106 7.121 7.159 7.154 8.311 7.894 7.234 7.541 7.224 8.621 12.356 12.356 9.299 7.236 8.746 11.521 9.969 9.964 10.646 7.879 7.796
7.091 7.119 7.169 7.309 7.724 7.276 7.289 7.321 8.229 11.756 13.116 13.404 12.386 7.586 6.929 7.139 7.256 7.144 7.371 7.464 8.036 7.594 7.654 7.096 7.256 6.964 6.996 6.981 6.961 6.934 6.881 6.851 6.849 6.889 6.984 7.421 7.006 6.956 7.434 10.746 11.894 13.469 12.406 9.961 10.749 10.776 10.349 10.489 10.074 9.591 7.019 7.026 7.066 7.071 7.071 7.079 7.096 7.139 7.131 7.134 7.146 7.184 7.249 7.264 7.214 7.269 7.241 7.224 7.224 8.361 8.999 7.616 8.026 7.394 7.276 7.514
7.074 7.116 7.239 7.306 7.246 7.124 7.059 7.236 9.806 12.571 13.506 12.894 10.239 7.196 7.151 7.171 7.031 7.144 7.464 8.051 9.174 9.111 8.046 6.971 6.971 6.989 6.971 6.964 6.924 6.896 6.884 6.824 6.824 6.856 7.289 7.331 6.894 6.884 7.869 10.426 12.871 13.639 12.991 12.986 12.994 12.974 13.024 12.941 12.964 9.949 7.009 6.991 7.021 7.034 7.224 10.021 7.544 7.089 7.096 7.094 7.079 7.099 7.141 7.156 7.146 7.231 7.191 7.179 7.184 7.196 7.239 7.424 7.281 7.266 7.266 7.306
7.069 7.169 7.281 7.221 7.121 7.066 7.014 7.649 11.804 13.121 13.326 11.651 7.381 7.096 7.194 7.629 7.261 7.316 7.206 7.721 8.916 9.031 9.196 8.709 7.446 6.971 6.974 6.939 6.919 6.924 6.871 6.786 6.776 6.826 7.366 7.189 6.884 6.874 7.819 10.736 12.889 13.579 13.491 13.501 13.516 13.414 13.436 13.539 13.454 11.046 6.984 6.946 6.956 6.956 8.309 10.156 12.949 7.219 7.089 8.131 7.354 7.159 7.191 7.206 7.186 7.199 7.521 8.174 7.161 7.216 7.199 7.254 7.281 7.239 7.221 7.149
7.099 7.224 7.261 7.186 7.094 6.999 6.986 8.739 12.576 13.466 12.874 9.959 6.974 6.959 6.976 7.431 7.279 7.579 7.274 7.839 7.499 7.539 8.356 9.009 8.801 8.249 8.706 8.089 7.156 6.846 6.839 6.761 6.744 6.791 6.954 6.906 6.864 6.886 7.179 10.714 12.904 13.481 12.491 12.124 11.889 11.749 12.424 12.389 12.234 9.846 6.969 6.914 6.879 6.899 9.539 10.901 14.171 9.311 11.334 12.759 9.539 7.151 7.146 7.171 7.146 7.601 7.866 12.721 7.954 7.399 7.241 7.571 7.391 7.209 7.209 7.169
7.174 7.239 7.209 7.166 7.096 6.974 8.429 10.871 13.119 13.356 12.281 8.519 7.856 7.054 7.066 7.839 9.029 7.691 6.816 6.789 6.959 6.721 6.659 6.766 6.716 7.996 8.704 9.431 7.769 6.806 6.764 6.731 6.706 6.726 6.796 6.826 6.849 6.951 7.404 8.444 8.976 10.224 9.434 7.016 6.984 7.199 7.991 7.294 7.129 6.946 6.924 6.896 7.484 8.644 8.259 11.336 12.761 8.756 12.296 14.106 10.951 7.161 7.151 7.131 7.096 7.141 7.126 7.834 9.659 10.336 9.964 9.679 9.819 8.921 7.504 9.046
7.159 7.231 7.166 7.126 7.021 7.129 10.304 12.584 13.489 12.889 9.934 8.474 8.841 7.636 8.004 8.306 8.739 6.969 7.239 7.481 6.844 6.651 6.586 6.611 6.686 6.729 7.256 9.264 7.209 6.776 6.746 6.699 6.669 6.711 6.754 6.759 6.821 7.691 8.039 6.919 6.964 7.071 7.091 6.929 6.946 6.964 6.924 6.934 6.894 6.901 6.896 7.506 8.224 6.826 8.679 13.789 8.809 9.814 13.214 15.234 14.241 8.719 7.071 7.026 7.129 7.104 7.851 12.856 12.859 12.866 12.806 12.846 12.789 12.629 12.809 12.766
7.101 7.171 7.119 7.021 7.004 7.869 11.594 13.094 13.399 12.186 8.116 7.004 6.944 7.971 8.984 8.714 7.319 7.139 7.926 7.426 6.814 6.619 6.569 6.599 6.644 6.696 7.366 7.811 6.776 6.729 6.741 6.704 6.639 6.699 6.729 6.721 7.119 7.041 6.776 6.801 6.996 7.181 7.599 7.076 6.901 6.886 6.881 6.891 6.861 6.936 6.881 7.024 7.651 8.836 14.234 13.104 9.266 9.044 10.999 12.871 11.374 8.731 6.989 7.069 7.094 7.084 7.856 13.534 13.706 13.659 13.691 13.694 13.784 13.684 13.646 13.631
7.026 7.099 7.139 7.069 7.321 10.454 12.594 13.499 12.904 9.286 7.319 6.964 6.936 7.799 7.494 8.106 6.989 6.996 7.851 7.444 6.661 6.631 6.599 6.611 6.639 6.731 7.224 7.539 9.944 6.776 7.099 6.704 6.589 6.684 6.651 7.004 9.824 8.661 8.849 8.621 6.959 6.946 7.619 7.074 6.806 6.866 6.869 6.854 6.846 7.136 6.814 6.861 7.111 6.749 9.396 9.384 9.271 7.549 7.764 9.826 9.286 7.039 7.576 7.379 7.069 7.104 7.151 12.071 12.781 12.754 12.821 12.816 12.799 12.809 12.811 12.826
7.016 7.016 7.071 7.119 7.421 11.589 13.356 13.439 11.994 7.614 7.086 6.996 7.409 7.259 7.141 7.494 6.896 7.144 7.544 7.029 6.654 6.621 6.616 6.624 6.639 7.356 8.919 9.556 11.426 8.081 7.149 6.851 6.581 6.594 9.289 12.121 13.914 9.546 8.714 8.784 8.194 7.259 9.311 7.476 6.761 6.891 6.886 6.821 6.821 6.884 6.786 6.819 8.934 6.749 9.431 10.156 7.196 6.939 6.921 6.914 7.094 7.289 7.589 7.311 7.036 7.066 7.061 8.314 9.339 9.551 8.546 8.436 8.231 9.369 8.499 8.531
