Matlab/Roost_data/braunton/dsm/ss5038_DSM_2M.asc
ncols 500
nrows 500
xllcorner    250000
yllcorner    138000
cellsize     2
NODATA_value -9999
[rows 420 to 449 of 500, columns 268 to 334 of 500]
128.499 128.466 128.436 128.431 128.416 128.386 128.376 128.359 128.329 128.326 128.284 128.276 128.254 128.244 128.231 128.214 128.191 128.181 128.179 128.169 128.114 128.129 128.106 128.081 128.064 128.046 128.014 128.016 128.004 127.979 127.936 127.936 127.854 127.817 127.792 127.744 127.714 127.697 127.687 127.669 127.659 127.654 127.644 127.629 127.617 127.597 127.589 127.582 127.567 127.577 127.549 127.514 127.512 127.462 127.437 127.422 127.394 127.329 127.302 127.234 127.232 127.249 127.164 127.059 126.942 127.249 128.102
128.469 128.469 128.444 128.421 128.404 128.386 128.366 128.334 128.319 128.301 128.271 128.274 128.256 128.224 128.214 128.221 128.189 128.156 128.151 128.159 128.141 128.134 128.109 128.084 128.066 128.071 128.046 128.031 128.019 128.006 127.984 127.921 127.879 127.819 127.779 127.737 127.734 127.704 127.687 127.677 127.637 127.649 127.647 127.632 127.614 127.604 127.577 127.564 127.549 127.529 127.524 127.514 127.482 127.477 127.432 127.424 127.394 127.334 127.289 127.252 127.197 127.199 127.184 127.054 126.932 127.202 128.149
128.469 128.464 128.424 128.404 128.386 128.386 128.344 128.336 128.294 128.284 128.266 128.264 128.226 128.214 128.191 128.196 128.186 128.166 128.161 128.139 128.144 128.134 128.111 128.084 128.079 128.059 128.061 128.041 128.021 127.981 127.979 127.936 127.887 127.839 127.807 127.767 127.747 127.709 127.689 127.687 127.669 127.677 127.644 127.629 127.604 127.599 127.579 127.564 127.552 127.552 127.519 127.507 127.492 127.472 127.457 127.399 127.367 127.317 127.282 127.234 127.174 127.209 127.189 127.077 126.944 126.967 128.029
128.456 128.424 128.424 128.381 128.384 128.349 128.331 128.321 128.286 128.294 128.274 128.249 128.226 128.204 128.206 128.184 128.171 128.161 128.161 128.146 128.134 128.129 128.106 128.066 128.059 128.044 128.049 128.041 128.019 128.019 127.986 127.939 127.907 127.879 127.812 127.767 127.727 127.729 127.692 127.702 127.672 127.667 127.652 127.612 127.612 127.609 127.582 127.569 127.549 127.547 127.494 127.494 127.492 127.472 127.442 127.417 127.389 127.352 127.277 127.252 127.167 127.182 127.174 127.099 126.957 126.942 128.017
128.414 128.434 128.399 128.369 128.376 128.346 128.334 128.321 128.301 128.279 128.266 128.261 128.231 128.201 128.194 128.196 128.164 128.149 128.146 128.131 128.121 128.119 128.091 128.094 128.056 128.059 128.036 128.049 128.024 128.024 127.974 127.941 127.909 127.869 127.809 127.772 127.742 127.719 127.704 127.682 127.677 127.672 127.647 127.617 127.627 127.619 127.597 127.579 127.542 127.522 127.519 127.502 127.494 127.444 127.424 127.397 127.367 127.329 127.277 127.217 127.194 127.197 127.169 127.064 126.979 126.867 127.767
128.421 128.419 128.384 128.379 128.354 128.349 128.331 128.301 128.274 128.271 128.244 128.219 128.219 128.196 128.201 128.179 128.154 128.164 128.154 128.126 128.124 128.126 128.099 128.099 128.071 128.044 128.039 128.034 128.034 128.001 127.984 127.946 127.919 127.872 127.839 127.802 127.774 127.722 127.717 127.722 127.697 127.687 127.674 127.649 127.637 127.607 127.584 127.567 127.549 127.529 127.517 127.499 127.477 127.454 127.427 127.377 127.347 127.319 127.244 127.204 127.164 127.129 127.127 127.087 126.989 126.844 127.567
128.384 128.391 128.374 128.361 128.359 128.314 128.291 128.301 128.246 128.241 128.224 128.231 128.194 128.189 128.174 128.151 128.149 128.159 128.141 128.126 128.116 128.089 128.096 128.079 128.069 128.049 128.051 128.046 128.056 128.009 127.976 127.954 127.922 127.894 127.837 127.812 127.769 127.742 127.714 127.717 127.674 127.674 127.647 127.639 127.642 127.622 127.574 127.567 127.534 127.519 127.492 127.479 127.472 127.432 127.404 127.372 127.344 127.322 127.247 127.182 127.142 127.107 127.132 127.074 126.959 126.844 127.162
128.364 128.341 128.339 128.341 128.321 128.321 128.296 128.266 128.254 128.246 128.214 128.216 128.184 128.184 128.166 128.141 128.124 128.131 128.131 128.131 128.114 128.084 128.079 128.061 128.044 128.041 128.031 128.041 128.029 127.999 127.986 127.964 127.927 127.889 127.862 127.799 127.772 127.764 127.724 127.729 127.694 127.679 127.654 127.652 127.607 127.564 127.582 127.519 127.522 127.494 127.467 127.432 127.442 127.419 127.397 127.369 127.314 127.269 127.234 127.169 127.104 127.052 127.059 127.059 126.949 126.819 126.819
128.326 128.341 128.334 128.339 128.304 128.301 128.284 128.261 128.254 128.226 128.191 128.194 128.179 128.166 128.141 128.144 128.146 128.144 128.109 128.116 128.111 128.104 128.099 128.079 128.056 128.041 128.031 127.999 128.004 127.996 127.994 127.966 127.942 127.894 127.847 127.807 127.759 127.759 127.732 127.697 127.682 127.649 127.644 127.627 127.599 127.564 127.544 127.517 127.512 127.487 127.457 127.432 127.409 127.379 127.357 127.334 127.302 127.244 127.207 127.144 127.097 127.039 127.052 127.019 126.919 126.784 126.709
128.311 128.299 128.279 128.301 128.291 128.264 128.261 128.236 128.229 128.201 128.189 128.184 128.171 128.166 128.151 128.156 128.131 128.109 128.104 128.109 128.101 128.081 128.084 128.064 128.054 128.044 128.034 128.011 127.996 127.991 127.989 127.969 127.932 127.899 127.844 127.812 127.794 127.724 127.707 127.707 127.669 127.657 127.627 127.607 127.589 127.547 127.534 127.502 127.467 127.467 127.449 127.412 127.389 127.354 127.334 127.309 127.264 127.222 127.187 127.117 127.062 127.004 126.952 126.972 126.889 126.732 126.594
128.266 128.259 128.279 128.279 128.269 128.264 128.264 128.251 128.209 128.199 128.194 128.174 128.159 128.144 128.154 128.119 128.124 128.126 128.106 128.079 128.084 128.066 128.081 128.069 128.049 128.036 128.029 128.009 127.994 127.966 127.976 127.966 127.917 127.874 127.842 127.819 127.779 127.744 127.729 127.694 127.664 127.637 127.597 127.587 127.594 127.544 127.504 127.474 127.434 127.432 127.409 127.379 127.347 127.312 127.277 127.257 127.214 127.169 127.117 127.062 126.997 126.949 126.897 126.907 126.849 126.722 126.604
128.244 128.274 128.254 128.246 128.234 128.249 128.236 128.199 128.169 128.164 128.159 128.154 128.154 128.134 128.134 128.121 128.114 128.116 128.104 128.076 128.099 128.071 128.056 128.034 128.044 128.006 128.024 127.986 127.976 127.954 127.964 127.954 127.927 127.899 127.859 127.804 127.772 127.714 127.704 127.664 127.637 127.614 127.587 127.579 127.524 127.522 127.474 127.444 127.417 127.364 127.364 127.324 127.297 127.267 127.219 127.229 127.169 127.112 127.077 127.014 126.957 126.909 126.837 126.847 126.832 126.714 126.547
128.231 128.216 128.229 128.214 128.211 128.201 128.194 128.191 128.169 128.161 128.151 128.119 128.119 128.114 128.121 128.109 128.111 128.104 128.074 128.079 128.076 128.059 128.036 128.046 128.036 128.004 127.999 127.996 127.959 127.949 127.944 127.941 127.919 127.889 127.859 127.812 127.767 127.719 127.687 127.649 127.632 127.612 127.564 127.544 127.517 127.472 127.442 127.404 127.372 127.349 127.314 127.277 127.247 127.224 127.194 127.154 127.124 127.079 127.019 126.972 126.904 126.869 126.829 126.814 126.767 126.674 126.519
128.196 128.201 128.199 128.184 128.176 128.174 128.174 128.161 128.164 128.144 128.101 128.124 128.121 128.124 128.096 128.064 128.096 128.094 128.061 128.074 128.069 128.054 128.021 128.021 128.016 127.996 127.984 127.956 127.959 127.936 127.946 127.906 127.874 127.854 127.834 127.804 127.752 127.704 127.664 127.614 127.567 127.539 127.532 127.497 127.459 127.439 127.409 127.344 127.319 127.289 127.277 127.229 127.202 127.174 127.152 127.109 127.089 127.037 126.982 126.902 126.849 126.789 126.752 126.734 126.704 126.624 126.507
128.159 128.164 128.164 128.174 128.151 128.141 128.134 128.116 128.119 128.104 128.104 128.076 128.084 128.084 128.084 128.086 128.096 128.064 128.054 128.076 128.061 128.054 128.031 128.004 128.001 127.994 127.964 127.956 127.931 127.906 127.899 127.871 127.879 127.817 127.792 127.762 127.722 127.684 127.634 127.572 127.537 127.494 127.482 127.447 127.434 127.399 127.359 127.329 127.279 127.239 127.214 127.174 127.144 127.127 127.097 127.072 127.024 126.962 126.929 126.879 126.792 126.762 126.704 126.667 126.652 126.589 126.442
128.114 128.141 128.124 128.119 128.124 128.121 128.106 128.124 128.111 128.101 128.086 128.086 128.069 128.089 128.069 128.084 128.074 128.046 128.039 128.026 128.014 128.004 128.014 127.984 127.974 127.966 127.944 127.914 127.911 127.884 127.859 127.864 127.834 127.792 127.769 127.729 127.677 127.617 127.597 127.562 127.509 127.477 127.444 127.412 127.387 127.322 127.304 127.274 127.249 127.184 127.134 127.127 127.102 127.057 127.037 127.004 126.959 126.892 126.857 126.809 126.752 126.684 126.644 126.589 126.602 126.529 126.417
128.089 128.104 128.096 128.111 128.091 128.101 128.091 128.089 128.089 128.071 128.074 128.076 128.054 128.056 128.056 128.056 128.029 128.044 128.049 128.026 128.001 127.989 127.999 127.976 127.936 127.946 127.929 127.914 127.886 127.849 127.831 127.819 127.792 127.762 127.737 127.689 127.647 127.589 127.554 127.507 127.442 127.412 127.374 127.357 127.339 127.314 127.244 127.219 127.152 127.132 127.097 127.077 127.037 127.002 126.989 126.947 126.907 126.834 126.814 126.764 126.697 126.637 126.589 126.559 126.554 126.482 126.364
128.064 128.066 128.076 128.091 128.059 128.059 128.064 128.076 128.076 128.044 128.044 128.021 128.044 128.036 128.026 128.024 128.031 128.044 127.996 128.011 127.966 127.969 127.976 127.951 127.924 127.919 127.894 127.886 127.849 127.831 127.794 127.791 127.757 127.719 127.702 127.664 127.604 127.562 127.499 127.459 127.412 127.377 127.334 127.292 127.269 127.264 127.207 127.157 127.109 127.057 127.029 127.007 126.967 126.937 126.912 126.884 126.842 126.799 126.762 126.707 126.642 126.584 126.559 126.512 126.497 126.417 126.319
128.029 128.029 128.041 128.061 128.046 128.031 128.051 128.049 128.036 128.036 128.019 128.001 128.004 128.004 128.014 128.001 128.021 127.989 127.984 127.979 127.951 127.929 127.946 127.921 127.904 127.879 127.846 127.839 127.811 127.789 127.776 127.736 127.712 127.672 127.652 127.607 127.567 127.499 127.439 127.389 127.327 127.302 127.279 127.232 127.222 127.177 127.147 127.114 127.059 127.037 126.974 126.959 126.912 126.882 126.852 126.827 126.797 126.739 126.679 126.634 126.564 126.502 126.449 126.407 126.409 126.382 126.277
127.991 127.989 128.009 128.011 128.006 127.991 128.011 128.026 128.004 128.001 127.976 127.964 127.974 127.964 127.964 127.981 127.989 127.974 127.954 127.959 127.944 127.931 127.906 127.891 127.869 127.841 127.806 127.781 127.749 127.731 127.706 127.694 127.647 127.619 127.594 127.552 127.514 127.444 127.374 127.312 127.287 127.224 127.217 127.172 127.164 127.132 127.097 127.027 127.024 126.967 126.922 126.912 126.847 126.824 126.787 126.777 126.722 126.689 126.632 126.604 126.532 126.479 126.397 126.352 126.314 126.327 126.262
127.941 127.956 127.974 127.991 127.969 127.951 127.966 127.984 127.984 127.956 127.986 127.959 127.961 127.949 127.966 127.961 127.941 127.934 127.914 127.909 127.914 127.879 127.874 127.866 127.844 127.806 127.776 127.739 127.691 127.679 127.644 127.649 127.612 127.564 127.532 127.487 127.444 127.389 127.309 127.264 127.212 127.194 127.167 127.099 127.099 127.087 127.032 127.007 126.969 126.924 126.864 126.802 126.792 126.757 126.727 126.707 126.664 126.614 126.589 126.537 126.482 126.417 126.362 126.314 126.294 126.274 126.214
127.891 127.916 127.936 127.946 127.959 127.964 127.954 127.959 127.959 127.949 127.941 127.936 127.921 127.921 127.929 127.931 127.921 127.911 127.899 127.889 127.869 127.831 127.809 127.806 127.776 127.739 127.706 127.674 127.619 127.619 127.586 127.581 127.542 127.524 127.472 127.439 127.387 127.354 127.309 127.252 127.187 127.124 127.079 127.074 127.039 127.034 126.984 126.932 126.882 126.852 126.807 126.767 126.734 126.704 126.669 126.642 126.589 126.562 126.512 126.467 126.427 126.339 126.279 126.262 126.222 126.194 126.119
127.884 127.879 127.899 127.911 127.904 127.924 127.946 127.956 127.911 127.929 127.909 127.916 127.911 127.901 127.884 127.884 127.864 127.874 127.854 127.836 127.804 127.791 127.774 127.751 127.696 127.699 127.649 127.619 127.589 127.551 127.521 127.514 127.482 127.449 127.417 127.394 127.342 127.272 127.222 127.174 127.114 127.059 127.037 127.009 126.979 126.942 126.897 126.872 126.832 126.804 126.737 126.694 126.654 126.627 126.572 126.547 126.534 126.487 126.447 126.407 126.364 126.292 126.222 126.182 126.159 126.129 126.052
127.849 127.851 127.879 127.899 127.909 127.899 127.881 127.884 127.881 127.896 127.881 127.884 127.864 127.856 127.864 127.836 127.829 127.834 127.806 127.791 127.764 127.736 127.716 127.686 127.671 127.626 127.591 127.566 127.524 127.494 127.471 127.424 127.394 127.382 127.372 127.322 127.292 127.224 127.159 127.127 127.072 127.014 126.969 126.934 126.902 126.874 126.852 126.812 126.769 126.707 126.679 126.632 126.584 126.562 126.519 126.489 126.452 126.429 126.382 126.337 126.267 126.222 126.169 126.104 126.102 126.107 126.024
127.824 127.826 127.826 127.846 127.849 127.874 127.879 127.856 127.866 127.841 127.856 127.834 127.824 127.819 127.794 127.796 127.796 127.776 127.764 127.724 127.699 127.684 127.684 127.619 127.619 127.576 127.519 127.479 127.461 127.439 127.414 127.354 127.347 127.314 127.292 127.257 127.197 127.169 127.102 127.037 126.982 126.924 126.889 126.867 126.824 126.804 126.774 126.734 126.694 126.674 126.612 126.562 126.532 126.514 126.474 126.434 126.387 126.349 126.307 126.264 126.239 126.159 126.089 126.039 126.007 126.019 125.964
127.804 127.809 127.814 127.809 127.796 127.826 127.836 127.844 127.811 127.799 127.784 127.776 127.771 127.754 127.756 127.756 127.741 127.716 127.719 127.681 127.669 127.631 127.606 127.564 127.556 127.504 127.459 127.434 127.384 127.346 127.316 127.281 127.274 127.257 127.224 127.187 127.157 127.094 127.047 126.992 126.934 126.877 126.827 126.784 126.732 126.739 126.709 126.677 126.637 126.592 126.554 126.512 126.474 126.429 126.399 126.374 126.327 126.294 126.249 126.222 126.179 126.099 126.034 125.992 125.947 125.957 125.902
127.746 127.766 127.749 127.761 127.794 127.779 127.799 127.799 127.801 127.791 127.746 127.741 127.721 127.716 127.691 127.689 127.679 127.661 127.666 127.624 127.591 127.556 127.524 127.511 127.456 127.431 127.394 127.354 127.286 127.271 127.234 127.206 127.197 127.184 127.139 127.117 127.059 127.032 126.964 126.927 126.857 126.819 126.772 126.734 126.707 126.644 126.642 126.594 126.559 126.522 126.477 126.457 126.412 126.362 126.344 126.297 126.259 126.232 126.202 126.137 126.067 126.039 125.982 125.929 125.877 125.864 125.837
127.724 127.739 127.724 127.736 127.759 127.756 127.756 127.756 127.746 127.729 127.719 127.696 127.699 127.686 127.634 127.629 127.626 127.599 127.604 127.561 127.541 127.494 127.446 127.414 127.384 127.336 127.286 127.259 127.244 127.204 127.156 127.139 127.124 127.099 127.052 127.029 127.002 126.979 126.917 126.849 126.809 126.747 126.712 126.657 126.614 126.584 126.559 126.524 126.482 126.437 126.404 126.377 126.339 126.327 126.267 126.229 126.192 126.137 126.094 126.047 125.977 125.957 125.919 125.857 125.804 125.784 125.769
127.701 127.694 127.694 127.701 127.704 127.694 127.709 127.709 127.701 127.686 127.661 127.649 127.629 127.606 127.591 127.569 127.546 127.521 127.504 127.479 127.426 127.429 127.379 127.336 127.309 127.266 127.241 127.196 127.149 127.111 127.086 127.076 127.049 127.029 127.022 126.962 126.932 126.882 126.854 126.774 126.724 126.682 126.639 126.579 126.547 126.527 126.464 126.449 126.434 126.384 126.364 126.292 126.247 126.242 126.212 126.157 126.102 126.077 126.032 126.004 125.977 125.942 125.864 125.802 125.737 125.714 125.679
127.646 127.649 127.649 127.636 127.666 127.666 127.659 127.664 127.644 127.636 127.611 127.601 127.574 127.526 127.526 127.516 127.474 127.446 127.441 127.386 127.369 127.344 127.299 127.249 127.234 127.214 127.146 127.134 127.084 127.041 127.029 126.999 126.972 126.937 126.917 126.899 126.874 126.832 126.782 126.719 126.677 126.592 126.549 126.517 126.464 126.439 126.387 126.362 126.339 126.284 126.277 126.234 126.197 126.182 126.117 126.084 126.044 126.024 126.004 125.947 125.912 125.884 125.829 125.774 125.712 125.624 125.564
