Matlab/Roost_data/braunton/dsm/ss5037_DSM_2M.asc
ncols 500
nrows 500
xllcorner    250000
yllcorner    137000
cellsize     2
NODATA_value -9999
[rows 434 to 464 of 500, columns 0 to 68 of 500]
101.751 101.861 101.968 102.078 102.218 102.351 102.466 102.596 102.703 102.801 102.888 102.996 103.101 103.181 103.286 103.366 103.478 103.583 103.648 103.716 103.803 103.853 103.931 104.033 104.086 104.146 104.203 104.268 104.348 104.413 104.463 104.518 104.581 104.656 104.741 104.826 104.888 104.953 105.033 105.108 105.163 105.203 105.238 105.306 105.363 105.423 105.491 105.536 105.561 105.606 105.654 105.684 105.711 105.711 105.696 105.679 105.699 105.706 105.734 105.756 105.766 105.796 105.789 105.794 105.791 105.801 105.806 105.816 105.824
101.986 102.113 102.228 102.363 102.523 102.661 102.758 102.888 102.993 103.106 103.191 103.298 103.396 103.503 103.598 103.693 103.798 103.878 103.968 104.066 104.143 104.231 104.301 104.378 104.456 104.531 104.591 104.663 104.746 104.841 104.896 104.953 105.031 105.113 105.191 105.278 105.341 105.428 105.471 105.546 105.606 105.656 105.731 105.786 105.856 105.931 105.981 106.023 106.066 106.103 106.159 106.199 106.211 106.246 106.229 106.239 106.244 106.274 106.304 106.296 106.329 106.316 106.341 106.366 106.346 106.364 106.376 106.406 106.404
102.191 102.316 102.471 102.596 102.731 102.841 102.973 103.106 103.211 103.338 103.418 103.538 103.661 103.748 103.846 103.966 104.061 104.138 104.218 104.328 104.408 104.511 104.578 104.668 104.766 104.853 104.931 105.036 105.133 105.173 105.253 105.311 105.378 105.493 105.561 105.636 105.711 105.803 105.868 105.933 106.001 106.088 106.126 106.206 106.278 106.343 106.396 106.463 106.488 106.541 106.606 106.646 106.691 106.714 106.711 106.721 106.739 106.774 106.801 106.814 106.821 106.844 106.849 106.859 106.886 106.914 106.916 106.929 106.959
102.353 102.508 102.678 102.818 102.921 103.046 103.176 103.296 103.401 103.526 103.651 103.773 103.878 103.958 104.051 104.151 104.248 104.351 104.448 104.556 104.643 104.743 104.836 104.911 105.016 105.118 105.193 105.301 105.388 105.463 105.533 105.618 105.701 105.798 105.871 105.976 106.048 106.128 106.193 106.251 106.308 106.416 106.483 106.541 106.606 106.673 106.748 106.818 106.873 106.943 106.974 107.039 107.064 107.091 107.116 107.126 107.194 107.224 107.256 107.276 107.296 107.316 107.336 107.341 107.346 107.391 107.399 107.416 107.451
102.568 102.686 102.861 103.003 103.143 103.251 103.373 103.483 103.603 103.728 103.828 103.956 104.048 104.138 104.243 104.336 104.426 104.553 104.658 104.763 104.841 104.938 105.051 105.131 105.231 105.306 105.428 105.531 105.593 105.706 105.786 105.883 105.963 106.058 106.131 106.231 106.306 106.391 106.481 106.546 106.616 106.698 106.771 106.831 106.901 106.976 107.046 107.128 107.178 107.248 107.289 107.371 107.406 107.446 107.481 107.491 107.561 107.614 107.649 107.679 107.689 107.711 107.736 107.764 107.796 107.826 107.844 107.879 107.906
102.843 102.923 103.043 103.198 103.331 103.433 103.566 103.703 103.801 103.906 104.026 104.138 104.238 104.323 104.426 104.528 104.621 104.761 104.833 104.928 105.043 105.126 105.228 105.318 105.436 105.528 105.636 105.723 105.798 105.903 106.001 106.106 106.181 106.288 106.381 106.468 106.546 106.641 106.713 106.788 106.871 106.963 107.033 107.103 107.171 107.228 107.308 107.386 107.446 107.511 107.596 107.661 107.716 107.771 107.801 107.834 107.881 107.949 107.984 108.031 108.049 108.086 108.106 108.131 108.179 108.204 108.239 108.281 108.301
103.128 103.193 103.273 103.376 103.516 103.666 103.778 103.893 104.006 104.116 104.256 104.328 104.453 104.541 104.643 104.738 104.846 104.928 105.023 105.143 105.241 105.316 105.431 105.526 105.628 105.721 105.851 105.943 106.038 106.123 106.223 106.321 106.406 106.501 106.608 106.678 106.783 106.861 106.956 107.023 107.101 107.183 107.251 107.321 107.383 107.453 107.548 107.618 107.696 107.766 107.854 107.926 108.029 108.059 108.084 108.126 108.204 108.236 108.294 108.321 108.364 108.384 108.426 108.471 108.486 108.534 108.584 108.629 108.639
103.343 103.473 103.546 103.633 103.763 103.896 104.023 104.156 104.271 104.361 104.471 104.561 104.673 104.788 104.886 104.981 105.076 105.168 105.271 105.383 105.458 105.563 105.663 105.763 105.888 105.968 106.071 106.171 106.248 106.353 106.463 106.573 106.648 106.758 106.838 106.916 107.006 107.103 107.173 107.246 107.358 107.413 107.481 107.558 107.631 107.696 107.776 107.873 107.931 108.003 108.084 108.186 108.254 108.309 108.351 108.389 108.454 108.506 108.559 108.599 108.641 108.686 108.714 108.741 108.786 108.854 108.896 108.939 108.959
103.588 103.746 103.861 103.926 104.006 104.166 104.276 104.391 104.541 104.613 104.718 104.831 104.943 105.028 105.133 105.241 105.356 105.451 105.543 105.648 105.721 105.836 105.923 106.038 106.126 106.218 106.318 106.426 106.531 106.636 106.738 106.838 106.908 106.996 107.091 107.173 107.256 107.356 107.421 107.511 107.593 107.663 107.738 107.808 107.866 107.916 108.008 108.103 108.198 108.276 108.351 108.456 108.519 108.559 108.584 108.644 108.704 108.801 108.831 108.889 108.921 108.971 108.996 109.036 109.066 109.116 109.174 109.204 109.236
103.878 103.998 104.126 104.243 104.326 104.431 104.556 104.681 104.823 104.921 105.016 105.126 105.228 105.321 105.438 105.531 105.628 105.736 105.831 105.931 106.031 106.111 106.213 106.328 106.436 106.518 106.628 106.711 106.818 106.931 107.023 107.128 107.206 107.288 107.368 107.443 107.526 107.613 107.686 107.786 107.843 107.926 107.978 108.048 108.111 108.196 108.283 108.343 108.416 108.506 108.616 108.736 108.781 108.804 108.854 108.931 108.974 109.049 109.109 109.151 109.201 109.241 109.286 109.299 109.341 109.379 109.449 109.489 109.526
104.193 104.313 104.416 104.543 104.656 104.771 104.868 104.983 105.126 105.228 105.323 105.443 105.533 105.661 105.758 105.866 105.963 106.066 106.151 106.253 106.348 106.441 106.551 106.653 106.766 106.848 106.958 107.066 107.171 107.261 107.351 107.451 107.523 107.601 107.651 107.741 107.813 107.891 107.986 108.048 108.123 108.191 108.253 108.321 108.393 108.471 108.533 108.621 108.706 108.796 108.899 109.004 109.076 109.096 109.151 109.206 109.269 109.331 109.399 109.439 109.499 109.549 109.549 109.601 109.644 109.691 109.736 109.774 109.791
104.453 104.593 104.733 104.866 104.991 105.106 105.198 105.313 105.441 105.561 105.653 105.756 105.866 105.986 106.083 106.188 106.298 106.398 106.483 106.588 106.688 106.786 106.881 106.986 107.101 107.191 107.293 107.383 107.496 107.623 107.706 107.763 107.861 107.933 107.988 108.078 108.138 108.213 108.276 108.353 108.426 108.501 108.553 108.616 108.691 108.758 108.846 108.928 109.008 109.098 109.196 109.314 109.359 109.399 109.459 109.516 109.579 109.631 109.689 109.756 109.814 109.844 109.866 109.911 109.944 109.994 110.026 110.069 110.109
104.743 104.908 105.056 105.181 105.321 105.456 105.561 105.646 105.731 105.883 106.001 106.111 106.181 106.298 106.416 106.526 106.633 106.733 106.853 106.941 107.036 107.118 107.261 107.351 107.458 107.566 107.638 107.753 107.866 107.968 108.066 108.138 108.223 108.283 108.366 108.423 108.511 108.538 108.596 108.668 108.728 108.811 108.903 108.953 109.031 109.083 109.183 109.268 109.363 109.433 109.524 109.644 109.696 109.729 109.766 109.829 109.921 109.956 110.036 110.104 110.126 110.189 110.214 110.249 110.269 110.326 110.356 110.379 110.446
105.033 105.213 105.386 105.493 105.626 105.763 105.866 105.976 106.061 106.178 106.301 106.423 106.518 106.661 106.756 106.853 106.953 107.093 107.196 107.308 107.398 107.491 107.591 107.701 107.801 107.906 108.003 108.093 108.216 108.308 108.421 108.513 108.578 108.646 108.703 108.786 108.858 108.886 108.943 109.008 109.071 109.146 109.243 109.316 109.361 109.443 109.521 109.608 109.691 109.773 109.871 109.986 110.061 110.086 110.129 110.184 110.254 110.304 110.376 110.441 110.501 110.526 110.576 110.601 110.641 110.674 110.726 110.754 110.794
105.411 105.486 105.673 105.828 105.953 106.076 106.196 106.313 106.413 106.511 106.621 106.743 106.878 106.988 107.098 107.216 107.331 107.421 107.533 107.628 107.721 107.873 107.961 108.061 108.151 108.268 108.368 108.471 108.571 108.688 108.771 108.866 108.921 108.996 109.073 109.143 109.191 109.238 109.278 109.351 109.403 109.486 109.568 109.641 109.716 109.811 109.891 109.983 110.066 110.151 110.254 110.341 110.419 110.461 110.484 110.551 110.616 110.679 110.764 110.809 110.839 110.894 110.924 110.961 111.011 111.051 111.074 111.126 111.151
105.766 105.811 105.958 106.123 106.268 106.401 106.536 106.651 106.761 106.836 106.953 107.076 107.203 107.298 107.416 107.531 107.646 107.748 107.853 107.978 108.093 108.206 108.311 108.411 108.501 108.606 108.708 108.811 108.898 108.998 109.101 109.188 109.251 109.298 109.386 109.446 109.516 109.573 109.621 109.693 109.771 109.848 109.926 110.021 110.096 110.158 110.268 110.336 110.441 110.551 110.641 110.711 110.789 110.814 110.856 110.919 110.976 111.076 111.136 111.194 111.236 111.289 111.329 111.349 111.381 111.431 111.474 111.506 111.534
106.356 106.251 106.301 106.436 106.591 106.716 106.861 106.976 107.086 107.198 107.273 107.366 107.508 107.633 107.746 107.863 107.988 108.088 108.201 108.318 108.446 108.566 108.648 108.741 108.843 108.896 109.013 109.108 109.208 109.306 109.411 109.486 109.551 109.633 109.713 109.771 109.836 109.921 109.963 110.028 110.106 110.178 110.261 110.338 110.428 110.523 110.616 110.693 110.806 110.896 111.014 111.119 111.159 111.191 111.231 111.294 111.364 111.424 111.509 111.539 111.599 111.666 111.696 111.746 111.761 111.799 111.854 111.906 111.909
108.038 106.863 106.756 106.696 106.891 107.036 107.193 107.293 107.411 107.536 107.626 107.706 107.821 107.958 108.073 108.203 108.303 108.401 108.526 108.646 108.753 108.881 108.971 109.073 109.163 109.243 109.328 109.413 109.511 109.628 109.723 109.796 109.866 109.938 110.003 110.076 110.166 110.223 110.281 110.353 110.428 110.528 110.618 110.693 110.801 110.876 110.948 111.051 111.146 111.251 111.376 111.471 111.514 111.541 111.596 111.641 111.719 111.789 111.846 111.904 111.944 111.989 112.034 112.096 112.131 112.174 112.219 112.256 112.301
108.471 107.663 107.276 107.136 107.153 107.341 107.513 107.613 107.726 107.868 107.978 108.073 108.138 108.268 108.398 108.536 108.618 108.718 108.826 108.973 109.086 109.188 109.293 109.386 109.486 109.568 109.651 109.733 109.828 109.928 110.011 110.076 110.148 110.248 110.313 110.381 110.461 110.536 110.608 110.671 110.763 110.858 110.921 111.033 111.106 111.213 111.288 111.383 111.483 111.588 111.719 111.809 111.854 111.874 111.929 111.984 112.054 112.109 112.159 112.231 112.284 112.346 112.399 112.444 112.469 112.526 112.579 112.606 112.661
109.283 109.448 108.098 107.593 107.543 107.641 107.791 107.916 108.063 108.168 108.291 108.383 108.473 108.568 108.703 108.836 108.943 109.056 109.148 109.276 109.393 109.518 109.601 109.706 109.798 109.878 109.948 110.031 110.141 110.201 110.286 110.386 110.471 110.518 110.598 110.673 110.748 110.833 110.916 110.981 111.063 111.146 111.256 111.346 111.443 111.518 111.611 111.686 111.781 111.893 112.019 112.121 112.171 112.171 112.241 112.311 112.356 112.419 112.499 112.536 112.599 112.639 112.691 112.751 112.799 112.856 112.914 112.954 112.996
108.576 109.403 109.338 108.333 107.966 107.933 108.073 108.198 108.333 108.463 108.583 108.681 108.788 108.876 108.991 109.126 109.238 109.353 109.456 109.601 109.688 109.793 109.891 109.988 110.081 110.163 110.243 110.351 110.413 110.488 110.591 110.676 110.738 110.798 110.873 110.961 111.038 111.123 111.201 111.293 111.386 111.468 111.548 111.638 111.728 111.813 111.921 111.996 112.083 112.176 112.276 112.379 112.441 112.479 112.506 112.554 112.621 112.684 112.771 112.834 112.904 112.944 112.996 113.051 113.106 113.161 113.184 113.251 113.289
107.856 109.048 109.411 109.296 108.336 108.281 108.313 108.436 108.588 108.718 108.863 108.993 109.106 109.196 109.291 109.411 109.528 109.638 109.753 109.853 109.968 110.061 110.196 110.276 110.368 110.436 110.536 110.623 110.678 110.776 110.841 110.938 111.016 111.063 111.146 111.236 111.321 111.408 111.501 111.566 111.653 111.741 111.811 111.898 111.991 112.063 112.153 112.256 112.328 112.441 112.534 112.644 112.686 112.739 112.784 112.824 112.899 112.981 113.049 113.129 113.159 113.236 113.294 113.346 113.399 113.449 113.494 113.544 113.606
107.913 108.226 109.268 109.628 109.156 108.571 108.613 108.673 108.818 108.948 109.088 109.241 109.363 109.443 109.546 109.641 109.783 109.913 110.011 110.138 110.231 110.338 110.413 110.516 110.616 110.698 110.776 110.858 110.943 111.041 111.116 111.178 111.278 111.333 111.411 111.486 111.581 111.663 111.756 111.838 111.921 112.006 112.076 112.143 112.238 112.306 112.408 112.493 112.568 112.658 112.776 112.859 112.914 112.961 113.016 113.076 113.131 113.216 113.289 113.359 113.419 113.486 113.549 113.606 113.641 113.714 113.774 113.816 113.884
108.146 108.248 108.703 109.728 109.958 109.241 108.861 108.896 109.006 109.168 109.308 109.476 109.598 109.713 109.801 109.876 110.016 110.138 110.248 110.346 110.438 110.568 110.666 110.743 110.826 110.928 111.023 111.083 111.186 111.263 111.341 111.431 111.508 111.581 111.643 111.751 111.813 111.921 111.988 112.088 112.163 112.253 112.333 112.383 112.461 112.533 112.613 112.696 112.786 112.868 112.979 113.061 113.119 113.161 113.204 113.279 113.349 113.441 113.496 113.599 113.676 113.739 113.784 113.861 113.899 113.966 114.004 114.071 114.131
108.408 108.483 108.603 109.338 110.191 110.118 109.211 109.188 109.218 109.361 109.501 109.668 109.828 109.953 110.026 110.116 110.226 110.346 110.466 110.561 110.666 110.771 110.863 110.973 111.046 111.128 111.233 111.306 111.413 111.501 111.568 111.688 111.751 111.816 111.883 111.963 112.033 112.158 112.218 112.286 112.383 112.456 112.528 112.603 112.678 112.753 112.808 112.886 112.988 113.053 113.169 113.279 113.314 113.361 113.406 113.484 113.556 113.644 113.714 113.779 113.874 113.924 113.989 114.044 114.106 114.184 114.266 114.324 114.406
108.681 108.751 108.846 108.961 109.803 110.398 110.116 109.468 109.483 109.536 109.678 109.866 110.021 110.176 110.261 110.343 110.428 110.546 110.678 110.773 110.868 110.963 111.086 111.148 111.263 111.343 111.458 111.543 111.626 111.716 111.803 111.863 111.956 112.008 112.076 112.148 112.243 112.321 112.391 112.506 112.581 112.646 112.726 112.811 112.868 112.923 113.008 113.088 113.191 113.273 113.359 113.454 113.504 113.549 113.594 113.659 113.741 113.831 113.886 113.974 114.054 114.136 114.204 114.251 114.319 114.381 114.471 114.559 114.624
108.961 109.038 109.086 109.221 109.388 110.336 110.676 110.173 109.768 109.776 109.868 110.036 110.221 110.366 110.478 110.593 110.698 110.771 110.848 110.971 111.096 111.191 111.286 111.378 111.488 111.558 111.653 111.743 111.841 111.938 112.013 112.081 112.146 112.208 112.276 112.368 112.461 112.541 112.628 112.696 112.766 112.831 112.916 112.978 113.063 113.113 113.206 113.261 113.341 113.423 113.554 113.651 113.691 113.721 113.786 113.834 113.906 114.001 114.066 114.139 114.224 114.314 114.369 114.429 114.526 114.594 114.666 114.759 114.829
109.276 109.348 109.408 109.458 109.576 110.046 110.753 110.988 110.351 110.091 110.146 110.256 110.413 110.553 110.711 110.826 110.958 110.991 111.056 111.168 111.301 111.391 111.503 111.601 111.693 111.783 111.856 111.958 112.061 112.158 112.213 112.301 112.351 112.423 112.491 112.581 112.641 112.731 112.818 112.886 112.991 113.058 113.118 113.181 113.268 113.321 113.391 113.448 113.511 113.603 113.726 113.796 113.851 113.891 113.949 113.994 114.079 114.151 114.229 114.296 114.369 114.451 114.554 114.611 114.681 114.754 114.834 114.914 114.999
109.591 109.653 109.711 109.756 109.828 109.996 110.386 111.291 111.503 110.556 110.453 110.516 110.653 110.791 110.966 111.066 111.191 111.256 111.323 111.411 111.528 111.633 111.741 111.833 111.938 112.016 112.108 112.211 112.298 112.373 112.453 112.516 112.573 112.626 112.716 112.806 112.891 112.966 113.031 113.111 113.188 113.268 113.341 113.401 113.433 113.511 113.588 113.641 113.706 113.803 113.899 113.981 114.034 114.066 114.106 114.156 114.236 114.314 114.386 114.451 114.534 114.614 114.689 114.746 114.839 114.919 114.989 115.091 115.164
109.886 109.983 110.038 110.116 110.168 110.221 110.396 111.048 111.921 111.503 110.786 110.828 110.918 111.046 111.216 111.331 111.438 111.556 111.628 111.668 111.766 111.893 111.993 112.088 112.183 112.281 112.356 112.438 112.536 112.626 112.726 112.793 112.841 112.908 112.971 113.043 113.128 113.178 113.253 113.346 113.436 113.491 113.551 113.616 113.673 113.748 113.798 113.868 113.931 114.016 114.096 114.194 114.244 114.259 114.304 114.351 114.429 114.491 114.564 114.604 114.701 114.779 114.869 114.934 114.996 115.091 115.159 115.261 115.326
110.181 110.271 110.336 110.426 110.528 110.568 110.636 110.911 111.763 112.256 111.598 111.173 111.216 111.318 111.471 111.608 111.711 111.823 111.918 111.988 112.043 112.143 112.258 112.351 112.446 112.553 112.616 112.708 112.813 112.911 112.976 113.061 113.111 113.163 113.216 113.303 113.376 113.456 113.523 113.606 113.676 113.733 113.788 113.856 113.916 114.001 114.046 114.106 114.158 114.241 114.334 114.409 114.456 114.474 114.506 114.541 114.581 114.679 114.744 114.791 114.876 114.969 115.049 115.116 115.199 115.271 115.336 115.429 115.511
