Matlab/Roost_data/braunton/dsm/ss5037_DSM_2M.asc
ncols 500
nrows 500
xllcorner    250000
yllcorner    137000
cellsize     2
NODATA_value -9999
[rows 341 to 371 of 500, columns 345 to 413 of 500]
119.124 119.129 119.124 119.114 119.082 119.119 119.109 119.107 119.152 119.124 119.107 119.137 119.124 119.097 119.087 119.132 119.122 119.122 119.152 119.139 119.197 119.119 119.124 119.162 119.157 119.159 119.164 119.224 119.197 119.219 119.217 119.234 119.242 119.259 119.217 119.227 119.257 119.272 119.294 119.324 119.324 119.354 119.367 119.372 119.377 119.437 119.449 119.454 119.497 119.514 119.567 119.597 119.574 119.647 119.709 119.729 119.727 119.742 119.792 119.799 119.799 119.814 119.882 119.914 119.937 119.959 119.962 120.062 120.037
119.169 119.187 119.169 119.189 119.192 119.159 119.147 119.189 119.154 119.134 119.174 119.117 119.117 119.114 119.074 119.079 119.074 119.077 119.034 119.022 118.984 118.987 118.962 119.012 119.014 119.057 119.042 119.069 119.074 119.089 119.104 119.119 119.147 119.172 119.204 119.212 119.244 119.267 119.287 119.292 119.304 119.352 119.377 119.414 119.429 119.477 119.492 119.519 119.527 119.559 119.589 119.659 119.682 119.687 119.734 119.734 119.767 119.784 119.797 119.812 119.829 119.844 119.884 119.884 119.889 119.879 119.904 119.917 119.947
119.079 119.097 119.094 119.079 119.062 119.032 119.039 119.037 119.049 119.037 119.034 119.052 119.024 119.049 119.064 119.059 119.064 119.047 119.042 119.082 119.074 119.079 119.107 119.142 119.149 119.167 119.174 119.157 119.182 119.224 119.244 119.259 119.259 119.277 119.277 119.292 119.317 119.347 119.379 119.422 119.424 119.479 119.469 119.489 119.537 119.554 119.604 119.602 119.622 119.642 119.647 119.689 119.719 119.754 119.769 119.769 119.807 119.852 119.842 119.849 119.889 119.907 119.924 119.904 119.969 119.957 119.972 119.984 119.969
119.194 119.207 119.204 119.207 119.197 119.182 119.217 119.197 119.184 119.207 119.199 119.204 119.192 119.187 119.182 119.197 119.192 119.164 119.197 119.184 119.172 119.192 119.227 119.224 119.219 119.267 119.247 119.274 119.332 119.312 119.352 119.349 119.364 119.392 119.382 119.399 119.437 119.467 119.504 119.497 119.532 119.564 119.562 119.589 119.624 119.659 119.664 119.704 119.719 119.747 119.764 119.797 119.812 119.854 119.859 119.882 119.894 119.919 119.927 119.932 119.967 119.972 119.979 120.004 119.999 119.994 120.017 120.022 120.027
119.307 119.314 119.287 119.297 119.279 119.277 119.297 119.299 119.294 119.327 119.304 119.307 119.292 119.279 119.312 119.299 119.314 119.302 119.297 119.307 119.299 119.322 119.362 119.357 119.379 119.399 119.414 119.419 119.429 119.447 119.459 119.484 119.504 119.527 119.512 119.504 119.547 119.559 119.604 119.612 119.627 119.674 119.684 119.724 119.727 119.737 119.744 119.794 119.834 119.852 119.882 119.902 119.939 119.952 119.957 120.007 120.034 120.017 120.007 120.032 120.072 120.074 120.054 120.107 120.079 120.092 120.089 120.089 120.074
119.414 119.427 119.412 119.417 119.404 119.412 119.417 119.437 119.419 119.422 119.422 119.432 119.404 119.397 119.382 119.387 119.382 119.392 119.397 119.424 119.402 119.452 119.474 119.457 119.472 119.492 119.502 119.502 119.519 119.527 119.544 119.572 119.559 119.567 119.574 119.594 119.632 119.637 119.657 119.687 119.694 119.704 119.757 119.787 119.807 119.812 119.839 119.859 119.889 119.904 119.919 119.942 119.954 120.004 120.027 120.022 120.027 120.062 120.062 120.074 120.104 120.114 120.122 120.112 120.117 120.137 120.109 120.122 120.089
119.544 119.534 119.562 119.557 119.524 119.539 119.522 119.529 119.527 119.542 119.522 119.527 119.522 119.527 119.494 119.489 119.492 119.474 119.479 119.509 119.519 119.509 119.549 119.567 119.562 119.592 119.577 119.572 119.607 119.599 119.612 119.629 119.624 119.632 119.634 119.647 119.647 119.699 119.719 119.737 119.732 119.759 119.787 119.812 119.824 119.839 119.864 119.872 119.897 119.907 119.919 119.947 119.972 120.004 120.037 120.037 120.032 120.062 120.072 120.094 120.127 120.147 120.144 120.154 120.142 120.154 120.139 120.139 120.117
119.637 119.669 119.639 119.649 119.642 119.614 119.612 119.639 119.634 119.644 119.652 119.627 119.632 119.622 119.607 119.592 119.592 119.579 119.562 119.589 119.582 119.597 119.612 119.634 119.609 119.637 119.632 119.634 119.647 119.649 119.657 119.639 119.657 119.669 119.672 119.664 119.687 119.684 119.709 119.737 119.742 119.789 119.797 119.822 119.814 119.859 119.889 119.882 119.894 119.897 119.922 119.937 119.987 119.999 120.009 120.047 120.039 120.044 120.037 120.087 120.117 120.122 120.164 120.139 120.134 120.187 120.147 120.122 120.112
119.752 119.744 119.702 119.734 119.699 119.684 119.697 119.699 119.697 119.699 119.692 119.694 119.702 119.667 119.647 119.649 119.627 119.612 119.617 119.637 119.607 119.637 119.677 119.672 119.637 119.649 119.677 119.662 119.704 119.704 119.709 119.707 119.692 119.724 119.719 119.717 119.714 119.742 119.744 119.774 119.794 119.804 119.827 119.854 119.884 119.902 119.902 119.932 119.937 119.957 119.969 120.004 120.034 120.049 120.054 120.054 120.072 120.074 120.079 120.092 120.099 120.114 120.114 120.129 120.139 120.179 120.179 120.132 120.124
119.837 119.794 119.784 119.792 119.782 119.759 119.772 119.752 119.757 119.744 119.734 119.749 119.754 119.719 119.724 119.702 119.694 119.677 119.704 119.689 119.694 119.712 119.717 119.699 119.704 119.719 119.734 119.747 119.772 119.794 119.767 119.777 119.769 119.767 119.762 119.769 119.787 119.809 119.807 119.819 119.844 119.862 119.869 119.907 119.929 119.952 119.957 119.984 119.989 119.997 120.019 120.037 120.034 120.057 120.114 120.114 120.142 120.139 120.137 120.119 120.147 120.142 120.137 120.169 120.159 120.169 120.174 120.159 120.094
119.867 119.864 119.839 119.827 119.822 119.824 119.842 119.827 119.819 119.829 119.802 119.827 119.799 119.777 119.784 119.769 119.767 119.777 119.759 119.752 119.769 119.762 119.774 119.792 119.784 119.792 119.799 119.809 119.822 119.814 119.832 119.839 119.822 119.822 119.834 119.839 119.844 119.847 119.862 119.874 119.892 119.919 119.937 119.942 119.967 119.964 119.989 120.002 120.032 120.059 120.037 120.062 120.079 120.102 120.127 120.124 120.157 120.174 120.139 120.127 120.162 120.159 120.184 120.199 120.197 120.234 120.202 120.172 120.132
119.922 119.927 119.904 119.894 119.884 119.887 119.897 119.894 119.897 119.882 119.892 119.864 119.859 119.862 119.852 119.832 119.827 119.847 119.817 119.829 119.837 119.832 119.842 119.852 119.844 119.847 119.879 119.889 119.897 119.892 119.882 119.904 119.854 119.889 119.859 119.879 119.894 119.899 119.899 119.922 119.949 119.964 119.974 120.009 120.027 120.052 120.034 120.049 120.057 120.069 120.092 120.119 120.119 120.132 120.149 120.157 120.167 120.179 120.159 120.154 120.197 120.177 120.207 120.209 120.197 120.274 120.247 120.187 120.159
119.987 119.989 119.952 119.967 119.959 119.949 119.952 119.967 119.964 119.967 119.952 119.967 119.969 119.949 119.934 119.914 119.914 119.897 119.882 119.877 119.892 119.914 119.934 119.907 119.952 119.937 119.959 119.994 119.989 119.972 119.962 119.964 119.972 119.962 119.947 119.952 119.957 119.979 119.974 120.007 120.052 120.054 120.087 120.109 120.117 120.139 120.099 120.122 120.127 120.139 120.159 120.152 120.174 120.209 120.192 120.242 120.212 120.227 120.229 120.219 120.222 120.212 120.227 120.224 120.247 120.289 120.252 120.227 120.187
120.049 120.027 120.037 120.034 120.029 120.032 120.029 120.052 120.049 120.062 120.034 120.027 120.047 120.049 120.017 120.042 120.017 120.002 120.014 119.997 120.027 120.029 120.012 120.022 120.062 120.064 120.092 120.084 120.082 120.094 120.077 120.067 120.082 120.062 120.069 120.067 120.062 120.094 120.079 120.109 120.132 120.162 120.192 120.197 120.179 120.204 120.207 120.217 120.204 120.207 120.262 120.279 120.269 120.282 120.279 120.317 120.319 120.317 120.322 120.274 120.262 120.279 120.279 120.297 120.339 120.337 120.327 120.274 120.232
120.124 120.097 120.109 120.102 120.102 120.122 120.124 120.139 120.144 120.134 120.132 120.134 120.137 120.137 120.117 120.114 120.094 120.089 120.092 120.114 120.117 120.107 120.129 120.137 120.159 120.154 120.167 120.159 120.179 120.192 120.167 120.169 120.142 120.159 120.164 120.147 120.147 120.182 120.204 120.212 120.237 120.237 120.257 120.259 120.259 120.292 120.294 120.287 120.292 120.307 120.312 120.299 120.324 120.354 120.379 120.374 120.372 120.384 120.382 120.352 120.304 120.342 120.364 120.364 120.394 120.409 120.354 120.342 120.292
120.197 120.167 120.199 120.169 120.194 120.197 120.204 120.217 120.222 120.197 120.214 120.209 120.224 120.219 120.214 120.187 120.169 120.202 120.182 120.172 120.202 120.177 120.217 120.214 120.212 120.209 120.222 120.237 120.254 120.242 120.247 120.242 120.232 120.232 120.252 120.214 120.239 120.232 120.249 120.287 120.289 120.304 120.334 120.327 120.332 120.352 120.339 120.349 120.352 120.359 120.404 120.372 120.379 120.402 120.429 120.424 120.419 120.439 120.442 120.392 120.357 120.397 120.397 120.412 120.442 120.479 120.402 120.372 120.324
120.239 120.249 120.229 120.232 120.242 120.252 120.259 120.262 120.269 120.269 120.269 120.272 120.264 120.249 120.277 120.239 120.237 120.247 120.244 120.222 120.242 120.237 120.269 120.279 120.294 120.284 120.292 120.304 120.307 120.312 120.294 120.297 120.302 120.302 120.307 120.302 120.312 120.329 120.309 120.327 120.347 120.374 120.404 120.399 120.409 120.414 120.402 120.412 120.429 120.429 120.442 120.439 120.442 120.462 120.457 120.489 120.497 120.499 120.482 120.434 120.437 120.434 120.457 120.474 120.492 120.517 120.454 120.409 120.349
120.284 120.282 120.269 120.279 120.289 120.284 120.314 120.307 120.309 120.332 120.322 120.317 120.297 120.314 120.312 120.307 120.274 120.297 120.307 120.299 120.307 120.319 120.327 120.342 120.367 120.359 120.359 120.357 120.362 120.377 120.372 120.362 120.382 120.349 120.369 120.352 120.387 120.404 120.399 120.417 120.427 120.437 120.447 120.464 120.497 120.487 120.477 120.484 120.502 120.479 120.494 120.504 120.497 120.507 120.517 120.544 120.537 120.542 120.524 120.494 120.484 120.474 120.519 120.502 120.534 120.569 120.507 120.459 120.384
120.324 120.319 120.314 120.304 120.319 120.314 120.347 120.339 120.329 120.362 120.369 120.389 120.379 120.359 120.359 120.352 120.354 120.347 120.332 120.339 120.364 120.374 120.389 120.399 120.419 120.389 120.422 120.424 120.449 120.429 120.424 120.432 120.434 120.437 120.444 120.442 120.472 120.472 120.484 120.484 120.489 120.507 120.524 120.559 120.567 120.552 120.547 120.564 120.549 120.549 120.557 120.569 120.564 120.582 120.582 120.597 120.609 120.599 120.582 120.527 120.542 120.517 120.549 120.562 120.562 120.632 120.569 120.487 120.434
120.329 120.332 120.342 120.334 120.367 120.372 120.347 120.364 120.367 120.402 120.389 120.402 120.419 120.399 120.399 120.397 120.399 120.389 120.394 120.399 120.422 120.412 120.457 120.472 120.464 120.462 120.462 120.479 120.507 120.484 120.507 120.514 120.509 120.502 120.512 120.517 120.502 120.522 120.542 120.552 120.572 120.584 120.592 120.619 120.612 120.627 120.612 120.619 120.607 120.612 120.629 120.627 120.627 120.649 120.669 120.654 120.672 120.657 120.629 120.569 120.602 120.587 120.607 120.624 120.622 120.682 120.599 120.544 120.484
120.349 120.352 120.359 120.369 120.374 120.387 120.387 120.399 120.392 120.412 120.417 120.429 120.434 120.427 120.444 120.432 120.429 120.439 120.442 120.447 120.452 120.472 120.492 120.502 120.507 120.527 120.534 120.534 120.557 120.564 120.562 120.574 120.549 120.552 120.577 120.549 120.577 120.602 120.589 120.597 120.622 120.642 120.674 120.662 120.689 120.692 120.689 120.682 120.677 120.689 120.707 120.699 120.674 120.709 120.717 120.709 120.724 120.714 120.679 120.617 120.647 120.644 120.667 120.657 120.694 120.717 120.634 120.564 120.534
120.389 120.377 120.397 120.397 120.382 120.402 120.394 120.437 120.432 120.429 120.437 120.472 120.469 120.459 120.472 120.462 120.447 120.469 120.462 120.459 120.497 120.512 120.534 120.552 120.544 120.549 120.587 120.562 120.587 120.604 120.597 120.619 120.599 120.624 120.624 120.614 120.649 120.649 120.649 120.667 120.679 120.719 120.752 120.737 120.757 120.749 120.737 120.734 120.727 120.747 120.757 120.744 120.767 120.769 120.762 120.787 120.782 120.764 120.727 120.677 120.709 120.714 120.684 120.709 120.747 120.752 120.667 120.612 120.574
120.402 120.404 120.404 120.404 120.437 120.434 120.417 120.429 120.474 120.459 120.469 120.472 120.487 120.489 120.502 120.507 120.474 120.479 120.477 120.474 120.504 120.539 120.562 120.577 120.579 120.592 120.604 120.614 120.647 120.652 120.647 120.677 120.669 120.687 120.669 120.679 120.704 120.707 120.702 120.719 120.727 120.784 120.799 120.797 120.814 120.779 120.777 120.782 120.769 120.789 120.814 120.817 120.812 120.812 120.809 120.814 120.832 120.799 120.772 120.737 120.759 120.749 120.764 120.777 120.804 120.807 120.714 120.652 120.597
120.402 120.424 120.427 120.419 120.427 120.429 120.444 120.479 120.472 120.479 120.499 120.499 120.499 120.502 120.524 120.514 120.514 120.524 120.517 120.519 120.574 120.579 120.592 120.617 120.604 120.637 120.634 120.637 120.689 120.712 120.677 120.694 120.722 120.732 120.719 120.707 120.742 120.754 120.777 120.764 120.804 120.822 120.844 120.854 120.852 120.844 120.827 120.842 120.849 120.864 120.859 120.862 120.862 120.862 120.859 120.857 120.874 120.847 120.839 120.784 120.802 120.787 120.812 120.817 120.824 120.819 120.762 120.674 120.637
120.434 120.452 120.459 120.474 120.472 120.447 120.477 120.499 120.484 120.512 120.507 120.517 120.539 120.552 120.519 120.537 120.529 120.554 120.527 120.559 120.607 120.622 120.632 120.652 120.644 120.649 120.667 120.687 120.722 120.729 120.719 120.749 120.759 120.767 120.759 120.762 120.779 120.789 120.804 120.827 120.857 120.884 120.894 120.894 120.887 120.909 120.899 120.882 120.879 120.912 120.904 120.892 120.894 120.909 120.917 120.929 120.919 120.887 120.889 120.852 120.847 120.842 120.857 120.859 120.899 120.867 120.817 120.717 120.672
120.474 120.492 120.482 120.474 120.494 120.472 120.512 120.519 120.517 120.539 120.514 120.532 120.554 120.554 120.572 120.557 120.564 120.592 120.594 120.602 120.624 120.647 120.652 120.682 120.682 120.689 120.682 120.702 120.739 120.752 120.749 120.784 120.784 120.792 120.804 120.797 120.802 120.827 120.834 120.887 120.872 120.907 120.947 120.949 120.934 120.939 120.944 120.932 120.957 120.934 120.934 120.934 120.909 120.949 120.972 120.964 120.967 120.929 120.884 120.877 120.892 120.867 120.912 120.894 120.922 120.937 120.849 120.764 120.724
120.502 120.504 120.502 120.514 120.492 120.517 120.534 120.557 120.549 120.544 120.562 120.557 120.567 120.567 120.587 120.602 120.597 120.602 120.607 120.629 120.639 120.689 120.694 120.702 120.707 120.702 120.737 120.739 120.759 120.792 120.802 120.824 120.807 120.824 120.832 120.839 120.842 120.882 120.889 120.912 120.902 120.959 120.974 120.969 120.974 120.982 120.964 120.982 120.977 120.987 120.989 120.982 120.972 120.987 121.009 121.002 121.012 120.994 120.959 120.902 120.912 120.914 120.939 120.932 120.947 120.947 120.877 120.812 120.767
120.554 120.549 120.542 120.534 120.534 120.549 120.579 120.584 120.592 120.597 120.589 120.599 120.619 120.624 120.622 120.614 120.642 120.649 120.627 120.642 120.654 120.697 120.717 120.717 120.722 120.744 120.777 120.774 120.804 120.824 120.824 120.844 120.842 120.884 120.874 120.869 120.899 120.897 120.917 120.939 120.974 120.974 120.992 120.984 121.014 121.014 121.009 121.009 121.017 121.029 121.027 121.007 121.014 120.997 121.014 121.042 121.037 121.017 120.994 120.974 120.959 120.964 120.984 120.989 121.007 120.994 120.914 120.882 120.839
120.607 120.594 120.594 120.569 120.574 120.554 120.584 120.614 120.607 120.629 120.627 120.629 120.654 120.639 120.652 120.664 120.667 120.679 120.664 120.669 120.694 120.724 120.732 120.749 120.734 120.772 120.782 120.822 120.842 120.857 120.864 120.882 120.904 120.892 120.897 120.909 120.919 120.932 120.942 120.987 121.007 121.034 121.014 121.042 121.067 121.062 121.034 121.042 121.044 121.047 121.049 121.049 121.059 121.059 121.059 121.077 121.082 121.054 121.049 121.009 121.017 121.029 121.039 121.054 121.072 121.034 120.964 120.909 120.902
120.617 120.644 120.617 120.617 120.612 120.619 120.644 120.659 120.659 120.667 120.692 120.682 120.679 120.702 120.717 120.714 120.724 120.714 120.707 120.709 120.744 120.759 120.777 120.804 120.772 120.822 120.842 120.854 120.869 120.869 120.887 120.912 120.907 120.917 120.927 120.947 120.977 120.969 120.994 121.019 121.029 121.042 121.052 121.072 121.087 121.087 121.074 121.079 121.087 121.099 121.099 121.069 121.084 121.109 121.104 121.119 121.124 121.099 121.069 121.077 121.044 121.049 121.092 121.089 121.109 121.097 121.019 120.957 120.954
120.689 120.664 120.674 120.677 120.664 120.657 120.689 120.697 120.702 120.702 120.727 120.709 120.717 120.734 120.759 120.774 120.759 120.777 120.762 120.774 120.809 120.809 120.834 120.857 120.847 120.852 120.859 120.882 120.919 120.929 120.924 120.929 120.939 120.954 120.954 120.987 121.007 120.999 121.022 121.052 121.067 121.067 121.087 121.097 121.114 121.132 121.109 121.134 121.117 121.137 121.142 121.117 121.139 121.139 121.157 121.159 121.172 121.159 121.132 121.109 121.099 121.114 121.124 121.147 121.177 121.154 121.072 121.007 121.022
