Matlab/Roost_data/braunton/dsm/ss5039_DSM_2M.asc
ncols 500
nrows 500
xllcorner    250000
yllcorner    139000
cellsize     2
NODATA_value -9999
[rows 0 to 28 of 500, columns 67 to 133 of 500]
61.914 68.074 64.572 61.504 60.507 61.169 62.132 62.137 60.614 60.317 60.982 60.294 60.357 60.394 60.454 60.467 60.539 60.582 60.699 60.654 60.642 60.647 60.659 60.652 60.677 60.662 60.702 60.727 60.777 60.802 60.842 60.859 60.807 60.849 60.934 61.004 61.079 61.142 61.219 61.329 61.452 61.594 61.744 61.899 62.029 62.137 62.159 62.257 62.322 62.367 62.437 62.524 62.632 62.737 62.819 62.889 62.972 62.994 63.022 63.082 63.144 63.187 63.277 63.339 63.422 63.554 63.699
60.479 65.132 61.967 62.659 63.992 61.847 61.662 60.764 62.512 62.419 62.704 62.729 60.184 60.392 60.447 60.562 60.577 60.749 60.779 60.762 60.669 60.707 60.679 60.682 60.682 60.664 60.677 60.709 60.759 60.809 60.862 60.869 60.907 60.919 60.939 60.959 60.967 60.997 61.047 61.122 61.267 61.367 61.472 61.567 61.672 61.729 61.809 61.897 61.969 62.017 62.069 62.114 62.207 62.282 62.399 62.494 62.554 62.619 62.684 62.729 62.792 62.837 62.899 62.949 63.022 63.167 63.289
60.799 62.554 63.797 60.584 60.577 61.194 60.219 61.607 63.497 61.972 60.849 61.572 62.647 60.854 62.547 60.717 60.467 61.617 60.669 60.804 60.837 60.767 60.729 60.717 60.672 60.632 60.614 60.682 60.742 60.797 60.807 60.832 60.882 60.917 60.939 60.969 60.987 60.989 60.989 61.002 61.054 61.144 61.249 61.329 61.407 61.492 61.547 61.622 61.672 61.737 61.777 61.849 61.889 61.964 62.007 62.099 62.187 62.252 62.369 62.419 62.494 62.597 62.647 62.682 62.757 62.874 62.987
60.817 60.849 61.017 61.059 60.932 60.767 60.324 62.069 64.319 62.952 60.672 61.102 60.794 60.817 62.877 61.382 62.469 62.547 60.404 60.652 61.132 61.209 60.757 60.717 60.684 60.654 60.649 60.649 60.744 60.732 60.784 60.824 60.842 60.857 60.884 60.919 60.957 60.969 61.012 61.009 61.004 61.044 61.099 61.162 61.247 61.307 61.362 61.434 61.467 61.537 61.584 61.619 61.669 61.712 61.762 61.847 61.904 61.987 62.092 62.149 62.222 62.297 62.372 62.447 62.547 62.644 62.729
61.089 61.114 61.127 61.122 61.279 61.407 61.929 63.337 68.434 63.509 60.389 61.314 63.367 62.219 61.262 61.442 63.209 62.132 63.209 61.462 60.847 60.782 61.274 61.184 60.539 60.707 60.719 60.692 60.709 60.777 60.954 60.842 60.819 60.809 60.837 60.884 60.914 60.919 60.934 60.964 60.994 61.039 61.084 61.094 61.152 61.174 61.214 61.284 61.359 61.434 61.477 61.509 61.517 61.562 61.589 61.609 61.662 61.769 61.884 61.984 62.012 62.074 62.159 62.242 62.352 62.432 62.529
61.344 61.374 61.349 61.384 61.454 61.402 61.974 65.279 63.299 61.064 62.284 60.669 60.482 60.602 60.847 61.684 61.519 61.299 61.074 60.807 61.154 61.044 61.882 61.732 60.412 60.839 60.807 60.737 60.882 60.834 62.372 61.244 60.817 60.809 60.902 60.879 60.887 60.912 60.872 60.907 60.977 61.027 61.079 61.114 61.154 61.177 61.192 61.214 61.252 61.309 61.372 61.412 61.432 61.479 61.489 61.487 61.527 61.602 61.714 61.764 61.849 61.944 62.034 62.079 62.197 62.252 62.322
61.654 61.639 61.637 61.657 61.759 62.222 61.737 61.752 61.864 61.264 60.664 60.907 60.494 62.367 60.962 60.802 60.997 60.864 61.152 61.552 61.439 61.777 60.999 60.867 60.592 60.719 60.842 60.927 60.904 61.142 61.414 61.037 60.922 60.907 60.912 60.929 60.947 60.857 60.874 60.944 60.982 60.999 61.064 61.049 61.104 61.139 61.204 61.232 61.269 61.289 61.324 61.314 61.359 61.379 61.419 61.439 61.489 61.522 61.574 61.639 61.707 61.804 61.892 61.954 62.047 62.132 62.202
61.934 61.959 61.914 61.897 62.089 62.634 61.644 61.812 61.702 61.342 61.379 60.987 60.514 62.012 61.529 60.754 60.752 61.102 61.047 63.239 61.467 61.789 61.389 60.667 62.117 62.789 60.802 60.734 61.654 61.902 60.822 60.822 60.947 60.899 60.957 60.987 60.967 60.949 60.917 60.947 60.994 61.059 61.054 61.072 61.054 61.084 61.137 61.199 61.277 61.317 61.367 61.347 61.352 61.349 61.367 61.374 61.414 61.492 61.494 61.559 61.614 61.682 61.777 61.839 61.929 62.002 62.079
62.329 62.234 62.189 62.169 62.157 62.084 61.854 61.749 61.734 61.484 61.282 61.159 60.892 60.417 61.609 61.209 60.957 61.252 61.592 60.592 60.874 61.759 61.182 60.757 63.582 61.919 61.444 61.372 61.412 62.052 62.797 62.407 60.684 60.784 60.887 60.877 60.932 61.089 61.032 61.029 61.147 61.109 61.094 61.057 61.089 61.094 61.139 61.207 61.252 61.302 61.327 61.352 61.392 61.402 61.427 61.442 61.434 61.442 61.454 61.487 61.509 61.587 61.654 61.732 61.817 61.907 62.004
62.772 62.587 62.504 62.479 62.424 62.239 62.072 61.967 61.862 61.694 61.539 61.382 61.429 61.032 61.897 62.699 60.739 60.797 62.419 60.809 60.697 61.574 60.659 62.564 62.787 62.824 62.369 62.267 61.309 62.302 63.212 62.232 61.539 61.752 61.332 61.302 60.997 61.077 61.002 60.924 61.062 61.564 61.114 61.102 61.137 61.207 61.224 61.239 61.262 61.249 61.287 61.319 61.352 61.422 61.442 61.499 61.532 61.522 61.532 61.534 61.517 61.509 61.547 61.619 61.699 61.779 61.844
63.232 63.112 62.897 62.962 62.777 62.539 62.454 62.319 62.117 61.967 61.787 61.659 61.652 61.339 62.114 61.409 60.807 61.082 61.257 61.217 61.029 61.317 60.847 60.517 62.209 65.014 64.464 63.324 61.734 62.729 61.404 61.169 61.227 62.077 61.702 61.912 61.429 62.059 62.442 61.097 60.904 61.079 61.307 61.157 61.132 61.329 61.332 61.447 61.357 61.369 61.309 61.332 61.329 61.372 61.422 61.509 61.532 61.527 61.579 61.569 61.584 61.537 61.592 61.602 61.617 61.662 61.699
63.712 63.637 63.367 63.434 63.234 62.962 62.857 62.614 62.519 62.302 62.119 61.937 61.779 61.622 61.942 61.492 61.437 61.459 61.512 61.352 61.457 61.817 61.449 61.129 63.994 65.297 65.654 61.937 61.117 62.599 60.869 62.024 60.912 62.189 62.162 62.877 62.374 61.907 61.664 61.692 61.482 62.934 62.124 61.242 61.759 61.312 61.769 64.642 61.999 61.532 61.394 61.384 61.374 61.374 61.449 61.452 61.472 61.512 61.529 61.569 61.569 61.534 61.619 61.647 61.674 61.707 61.694
63.887 64.679 64.864 64.402 63.477 63.594 63.557 63.369 63.124 63.064 62.487 62.342 62.222 62.054 61.854 61.712 61.677 61.654 61.619 61.562 61.527 61.502 61.384 61.369 61.904 63.717 62.454 61.014 61.032 61.774 62.452 62.572 60.722 61.727 61.699 61.329 61.957 62.139 64.332 64.962 66.622 62.104 63.522 61.809 62.202 61.289 64.847 64.572 61.389 61.342 61.514 61.572 61.409 61.734 61.594 61.549 61.524 61.499 61.519 61.559 61.544 61.534 61.629 61.662 61.714 61.744 61.814
64.269 64.212 65.394 66.159 65.172 64.677 65.139 65.064 64.364 63.479 63.274 62.984 62.827 62.547 62.659 62.422 62.064 61.934 61.844 61.804 61.774 61.694 61.639 61.617 61.797 63.742 62.002 61.139 61.212 61.459 61.834 61.419 61.197 61.332 61.522 61.337 61.644 62.812 63.737 63.687 63.309 63.864 61.454 62.697 64.347 61.614 63.227 65.094 61.699 61.652 62.204 62.624 61.359 61.544 61.619 61.559 61.642 61.844 61.617 61.562 61.519 61.587 61.667 61.687 61.734 61.787 61.849
66.232 66.397 65.477 65.429 64.447 63.882 63.854 64.019 64.389 63.804 63.742 63.524 63.442 63.009 62.877 63.109 63.182 62.349 62.227 62.109 62.024 61.974 61.969 61.929 62.077 62.719 62.424 61.794 61.974 61.757 61.997 61.802 61.649 61.702 61.752 61.544 61.592 61.627 63.492 61.417 61.309 61.642 60.844 61.579 61.982 62.124 63.324 61.889 61.817 62.089 62.002 62.019 61.974 61.604 61.487 61.259 61.392 61.572 61.587 61.684 61.697 61.644 61.677 61.719 61.777 61.802 61.839
66.972 67.114 67.154 67.192 66.709 64.132 64.042 63.974 64.284 64.299 64.022 63.917 64.004 63.789 63.364 63.069 63.022 62.782 62.642 62.539 62.419 62.347 62.307 62.254 62.162 62.132 62.099 61.982 62.037 62.077 62.162 62.474 62.234 61.952 62.147 62.004 61.917 61.904 62.029 61.807 61.567 63.814 62.004 63.032 61.357 61.582 61.747 65.604 64.424 63.077 61.697 61.877 61.892 61.847 62.984 61.599 61.729 61.282 61.404 61.539 62.542 61.809 61.792 61.769 61.804 61.849 61.894
65.212 65.824 66.087 66.617 66.257 64.567 64.522 64.452 64.389 64.412 64.259 64.214 64.264 64.429 64.344 63.959 63.399 63.234 63.119 62.907 62.794 62.687 62.702 62.704 62.527 62.467 62.699 62.099 62.057 62.169 62.174 62.194 62.199 62.207 62.182 62.217 62.192 62.152 62.117 62.029 62.127 62.007 61.859 61.974 61.739 62.874 63.534 64.034 68.924 64.654 61.494 61.439 61.854 61.612 61.752 61.772 62.059 61.807 61.689 62.157 61.464 61.647 61.799 61.862 61.824 61.867 61.912
65.194 65.309 65.299 65.282 65.259 65.087 65.032 64.927 64.784 64.649 64.647 64.647 64.619 64.589 64.542 64.384 64.024 63.824 63.634 63.687 63.719 63.279 63.099 63.022 62.909 63.284 63.452 62.587 62.537 62.514 62.514 62.512 62.489 62.454 62.462 62.457 62.424 62.379 62.327 62.267 62.222 62.174 62.149 62.127 62.002 62.207 64.782 62.582 62.894 70.039 62.507 62.134 63.052 61.349 61.749 64.539 61.629 62.089 63.294 62.257 62.042 62.509 64.207 61.959 61.887 61.837 61.879
65.464 65.524 65.557 65.532 65.494 65.427 65.362 65.242 65.159 65.027 65.007 64.937 64.834 64.742 64.709 64.587 64.404 64.194 64.264 64.377 64.804 63.837 64.177 63.909 63.242 63.637 63.909 63.049 62.984 62.932 62.907 62.859 62.827 62.784 62.737 62.709 62.677 62.634 62.584 62.514 62.452 62.404 62.337 62.289 62.197 62.184 62.352 62.122 62.339 63.499 61.952 64.249 61.727 61.497 61.409 61.422 64.732 62.899 62.554 63.859 61.944 62.192 62.284 62.172 63.484 62.747 61.627
65.692 65.712 65.739 65.727 65.692 65.614 65.559 65.492 65.382 65.344 65.227 65.064 64.964 64.874 64.732 64.672 64.857 64.464 64.389 64.399 64.724 64.382 64.447 64.074 64.162 64.019 64.967 63.392 63.347 63.304 63.274 63.222 63.169 63.162 63.109 63.119 63.024 62.989 62.959 62.827 62.729 62.667 62.597 62.547 62.447 62.362 62.289 62.259 62.332 62.224 62.407 62.277 62.262 62.082 61.909 61.369 62.439 62.584 61.982 64.567 61.942 61.877 62.289 62.584 62.239 63.047 62.379
66.594 67.052 67.187 66.412 66.014 65.789 65.739 65.677 65.564 65.534 66.089 66.094 65.154 65.317 64.964 65.064 66.179 65.162 64.534 64.477 64.387 64.222 64.332 64.199 65.017 64.299 64.737 65.237 63.619 63.654 63.604 63.579 63.519 63.474 63.494 63.512 63.352 63.299 63.647 64.737 63.162 62.974 62.944 62.847 62.712 62.614 62.507 62.447 62.379 62.287 62.302 62.269 62.367 62.117 62.062 61.632 62.039 62.167 61.927 61.737 62.067 62.004 62.492 62.029 62.399 62.114 62.424
65.952 66.152 66.222 66.284 65.987 65.939 65.914 65.902 66.299 66.167 65.789 65.552 65.192 64.999 64.999 65.392 67.262 67.214 65.897 66.002 66.042 65.242 64.569 64.424 64.487 64.529 64.897 65.497 66.762 64.609 63.912 63.854 63.842 63.794 63.777 63.809 63.659 63.552 63.882 64.572 63.524 63.304 63.352 63.242 63.069 62.924 62.797 62.689 62.564 62.489 62.387 62.347 62.259 62.207 62.057 61.787 61.507 61.957 62.722 65.562 61.959 63.202 61.959 63.457 64.574 62.109 62.809
66.039 66.017 66.067 66.107 66.107 66.087 66.064 66.114 66.512 66.767 67.107 67.262 66.512 65.869 65.697 65.622 66.207 66.544 66.229 66.907 67.314 67.387 67.124 66.489 64.942 64.952 65.379 64.512 64.852 65.217 64.239 64.169 64.174 64.267 64.037 64.022 63.864 63.854 63.789 63.869 63.807 63.607 63.582 63.534 63.377 63.269 63.124 62.997 62.879 62.739 62.609 62.477 62.329 62.214 62.124 61.949 61.647 61.697 61.737 62.004 61.544 62.569 64.307 61.754 61.722 61.914 62.339
67.429 66.979 66.534 66.122 66.147 66.162 66.172 66.202 66.234 66.284 66.414 66.729 67.134 67.394 67.287 66.972 66.437 65.727 65.519 65.319 65.804 66.042 66.974 67.059 65.114 65.659 65.952 65.222 66.309 64.684 64.574 64.514 64.439 64.444 64.352 64.277 64.117 64.102 64.079 64.024 63.952 63.884 63.852 63.772 63.699 63.584 63.424 63.302 63.177 63.044 62.884 62.734 62.567 62.404 62.237 62.092 61.964 61.894 62.014 61.924 61.852 61.852 61.619 61.909 62.557 62.607 62.742
67.547 67.712 67.829 68.279 67.679 67.222 66.257 66.182 66.232 66.277 66.279 66.312 66.377 66.547 67.002 67.289 67.642 67.702 67.407 66.822 65.982 65.654 65.567 65.919 65.399 65.977 66.159 65.354 65.442 65.077 64.939 64.827 64.779 64.829 64.649 64.457 64.347 64.344 64.287 64.237 64.192 64.162 64.119 64.022 63.992 63.849 63.719 63.587 63.462 63.344 63.207 63.077 62.929 62.704 62.534 62.362 62.229 62.142 62.097 62.097 62.244 62.364 62.359 62.274 62.724 63.207 63.452
67.552 67.502 67.494 67.852 67.897 68.739 68.812 68.202 67.909 67.164 67.079 66.337 66.389 66.432 66.437 66.469 66.607 66.939 67.304 67.502 67.624 67.254 66.722 66.514 66.017 66.834 67.257 65.902 66.609 65.959 65.309 65.184 65.099 65.012 64.867 64.722 64.634 64.569 64.542 64.474 64.422 64.434 64.432 64.282 64.269 64.202 64.049 63.939 63.782 63.622 63.514 63.407 63.292 63.172 62.917 62.759 62.614 62.487 62.429 62.424 62.432 62.492 62.527 62.567 62.677 62.672 62.877
67.797 67.772 67.724 67.709 67.714 67.784 67.889 68.304 68.454 68.822 69.174 68.627 67.969 67.639 66.649 66.487 66.522 66.577 66.592 66.634 66.847 67.227 67.547 67.899 67.369 68.272 69.667 66.152 65.867 66.064 65.667 65.539 65.417 65.292 65.134 65.054 64.964 64.832 64.774 64.739 64.692 64.744 64.674 64.579 64.497 64.414 64.327 64.229 64.104 63.984 63.834 63.687 63.607 63.464 63.282 63.154 63.039 62.922 62.874 62.832 62.862 62.834 62.877 62.904 62.937 62.977 62.977
68.069 68.034 68.007 68.019 68.009 68.037 68.079 68.104 68.084 68.107 68.234 68.169 68.564 68.902 68.952 68.932 68.004 67.077 66.852 66.619 66.662 66.669 66.719 66.857 67.277 67.792 67.837 67.507 67.067 66.227 66.077 65.974 65.837 65.674 65.472 65.359 65.252 65.159 65.077 65.019 65.014 64.957 64.874 64.864 64.807 64.732 64.567 64.482 64.334 64.244 64.079 63.942 63.944 63.754 63.639 63.564 63.449 63.399 63.349 63.287 63.322 63.297 63.329 63.294 63.299 63.322 63.304
68.372 68.327 68.324 68.332 68.349 68.377 68.382 68.392 68.392 68.399 68.392 68.384 68.327 68.352 68.297 68.587 68.852 69.009 68.777 68.252 67.669 67.087 66.704 66.669 66.714 66.694 66.717 67.097 67.709 67.922 67.202 66.724 66.344 66.094 65.907 65.749 65.582 65.502 65.399 65.312 65.319 65.267 65.234 65.137 65.092 65.057 64.909 64.727 64.662 64.567 64.382 64.272 64.179 64.097 64.014 63.924 63.864 63.859 63.804 63.784 63.857 63.832 63.719 63.729 63.732 63.714 63.644
