Matlab/Roost_data/braunton/dsm/ss5040_DSM_2M.asc
ncols 500
nrows 500
xllcorner    250000
yllcorner    140000
cellsize     2
NODATA_value -9999
[rows 290 to 318 of 500, columns 402 to 468 of 500]
140.244 140.182 140.082 140.007 139.912 139.812 139.734 139.619 139.524 139.449 139.372 139.304 139.232 139.177 139.134 139.069 139.052 139.057 139.029 138.989 138.877 138.797 138.772 138.767 138.757 138.747 138.749 138.764 138.769 138.772 138.777 138.759 138.749 138.727 138.659 138.644 138.657 138.757 139.777 139.487 138.169 138.069 138.269 139.144 139.652 138.864 138.632 138.617 138.597 138.564 138.524 138.434 138.364 138.312 138.257 138.214 138.154 138.127 138.077 138.059 138.007 137.927 137.877 137.804 137.744 137.692 137.632
140.044 139.982 139.904 139.807 139.704 139.612 139.517 139.414 139.317 139.239 139.159 139.084 139.037 138.967 138.914 138.859 138.827 138.832 138.829 138.734 138.642 138.592 138.564 138.547 138.532 138.529 138.529 138.522 138.534 138.534 138.539 138.529 138.522 138.469 138.449 138.427 138.424 138.557 139.589 139.462 137.979 137.812 138.007 139.309 138.804 138.392 138.414 138.389 138.379 138.332 138.269 138.199 138.134 138.064 138.032 137.984 137.957 137.904 137.862 137.819 137.792 137.717 137.674 137.604 137.544 137.472 137.407
139.862 139.797 139.717 139.617 139.504 139.412 139.314 139.229 139.114 139.019 138.944 138.879 138.802 138.757 138.699 138.664 138.622 138.609 138.574 138.529 138.434 138.359 138.319 138.332 138.314 138.312 138.312 138.314 138.312 138.324 138.317 138.324 138.284 138.264 138.242 138.209 138.212 138.157 139.257 139.289 137.922 137.547 137.737 138.557 138.869 138.267 138.174 138.169 138.142 138.104 138.047 137.982 137.922 137.834 137.794 137.744 137.707 137.667 137.632 137.599 137.554 137.507 137.452 137.387 137.314 137.259 137.172
139.657 139.592 139.512 139.422 139.324 139.242 139.122 139.009 138.899 138.822 138.749 138.662 138.607 138.534 138.492 138.467 138.414 138.404 138.374 138.319 138.204 138.152 138.089 138.097 138.099 138.094 138.079 138.094 138.094 138.099 138.117 138.114 138.074 138.049 138.032 137.984 137.977 137.967 138.674 139.114 137.924 137.299 137.499 138.317 138.552 137.932 137.909 137.932 137.919 137.879 137.829 137.782 137.684 137.622 137.589 137.519 137.474 137.444 137.399 137.389 137.332 137.274 137.229 137.187 137.117 137.044 136.962
139.487 139.404 139.304 139.222 139.124 139.024 138.917 138.814 138.707 138.619 138.527 138.477 138.412 138.352 138.284 138.254 138.197 138.184 138.154 138.104 138.004 137.937 137.874 137.867 137.869 137.862 137.864 137.874 137.894 137.907 137.909 137.879 137.842 137.832 137.799 137.762 137.769 137.747 138.334 138.962 137.894 137.054 137.282 137.749 138.417 137.837 137.737 137.712 137.702 137.667 137.619 137.559 137.474 137.417 137.344 137.304 137.277 137.214 137.177 137.149 137.119 137.057 137.037 136.989 136.899 136.834 136.757
139.267 139.202 139.119 139.039 138.929 138.844 138.722 138.614 138.512 138.417 138.332 138.254 138.194 138.139 138.097 138.049 138.009 137.974 137.947 137.894 137.797 137.709 137.677 137.654 137.644 137.652 137.649 137.667 137.664 137.677 137.684 137.662 137.632 137.599 137.569 137.549 137.524 137.544 137.992 138.637 138.057 136.829 136.927 137.462 138.219 137.919 137.532 137.499 137.492 137.452 137.412 137.364 137.269 137.212 137.159 137.097 137.049 137.002 136.962 136.954 136.897 136.874 136.847 136.804 136.724 136.664 136.574
139.054 138.999 138.922 138.849 138.754 138.654 138.539 138.424 138.309 138.212 138.139 138.059 138.012 137.942 137.889 137.849 137.802 137.757 137.759 137.694 137.589 137.504 137.452 137.447 137.427 137.437 137.437 137.432 137.454 137.439 137.449 137.452 137.432 137.402 137.379 137.362 137.304 137.309 137.472 138.347 138.074 136.647 136.704 137.367 138.409 139.924 137.312 137.262 137.282 137.244 137.217 137.134 137.072 137.002 136.947 136.924 136.867 136.809 136.774 136.749 136.724 136.692 136.652 136.619 136.562 136.469 136.399
138.874 138.812 138.744 138.667 138.554 138.452 138.362 138.237 138.137 138.047 137.934 137.857 137.804 137.744 137.694 137.642 137.619 137.569 137.562 137.487 137.357 137.299 137.252 137.212 137.209 137.192 137.202 137.194 137.214 137.229 137.222 137.232 137.209 137.184 137.169 137.157 137.104 137.072 137.147 138.012 138.189 136.634 136.449 136.787 138.397 137.539 137.092 137.054 137.062 137.042 136.982 136.917 136.859 136.797 136.764 136.709 136.659 136.612 136.587 136.549 136.524 136.509 136.472 136.434 136.374 136.297 136.222
138.699 138.612 138.539 138.479 138.354 138.259 138.172 138.032 137.934 137.832 137.754 137.667 137.604 137.554 137.522 137.464 137.414 137.382 137.334 137.277 137.199 137.087 137.044 137.029 136.987 136.982 136.969 136.979 136.997 137.007 137.002 137.012 136.984 136.964 136.949 136.922 136.877 136.814 136.844 137.477 138.064 136.574 136.209 136.534 137.302 137.499 136.964 136.834 136.832 136.824 136.764 136.694 136.622 136.554 136.532 136.472 136.424 136.392 136.379 136.354 136.324 136.297 136.294 136.242 136.197 136.112 136.047
138.499 138.417 138.337 138.252 138.152 138.059 137.957 137.839 137.737 137.662 137.547 137.489 137.422 137.357 137.312 137.274 137.224 137.167 137.134 137.087 136.989 136.892 136.822 136.809 136.769 136.734 136.734 136.742 136.757 136.782 136.789 136.809 136.759 136.734 136.732 136.717 136.659 136.619 136.622 137.017 137.677 136.677 135.992 136.517 137.404 140.354 138.207 136.642 136.619 136.599 136.569 136.494 136.399 136.349 136.314 136.252 136.204 136.174 136.159 136.144 136.109 136.094 136.077 136.049 136.004 135.924 135.862
138.272 138.194 138.114 138.022 137.954 137.847 137.729 137.639 137.522 137.437 137.354 137.287 137.224 137.164 137.107 137.062 137.022 136.959 136.922 136.892 136.799 136.679 136.639 136.594 136.532 136.512 136.514 136.509 136.549 136.549 136.562 136.552 136.547 136.519 136.489 136.477 136.419 136.367 136.347 136.632 137.344 136.902 135.832 136.034 136.679 138.852 138.764 136.407 136.409 136.399 136.342 136.277 136.187 136.139 136.074 136.037 135.984 135.969 135.937 135.919 135.902 135.897 135.872 135.857 135.779 135.727 135.654
138.049 137.987 137.894 137.804 137.709 137.627 137.514 137.409 137.304 137.222 137.142 137.067 136.999 136.964 136.912 136.859 136.799 136.749 136.717 136.679 136.587 136.492 136.417 136.377 136.317 136.287 136.284 136.302 136.317 136.329 136.332 136.332 136.307 136.297 136.274 136.254 136.214 136.129 136.127 136.339 136.964 137.062 135.629 135.842 137.437 139.007 138.299 136.187 136.184 136.177 136.129 136.064 135.987 135.934 135.854 135.834 135.784 135.752 135.744 135.717 135.697 135.682 135.684 135.632 135.597 135.542 135.439
137.824 137.752 137.662 137.559 137.477 137.382 137.299 137.189 137.077 137.014 136.932 136.859 136.802 136.749 136.699 136.659 136.612 136.549 136.524 136.487 136.399 136.279 136.212 136.152 136.112 136.069 136.059 136.054 136.077 136.094 136.102 136.092 136.079 136.052 136.047 136.029 135.979 135.917 135.904 135.929 136.569 136.802 135.449 135.544 138.277 138.707 136.624 135.964 135.987 135.977 135.949 135.874 135.794 135.727 135.677 135.629 135.579 135.559 135.559 135.519 135.512 135.499 135.479 135.442 135.392 135.322 135.257
137.592 137.499 137.419 137.337 137.229 137.142 137.042 136.929 136.859 136.799 136.712 136.632 136.572 136.529 136.487 136.429 136.384 136.334 136.317 136.284 136.184 136.074 136.002 135.947 135.894 135.844 135.812 135.819 135.837 135.839 135.852 135.864 135.852 135.827 135.832 135.792 135.757 135.702 135.662 135.649 136.244 136.762 135.299 135.202 138.544 139.462 138.224 135.747 135.797 135.779 135.747 135.677 135.582 135.532 135.487 135.422 135.382 135.367 135.339 135.319 135.319 135.282 135.269 135.257 135.197 135.127 135.062
137.327 137.254 137.189 137.084 136.984 136.889 136.782 136.702 136.642 136.552 136.497 136.419 136.362 136.304 136.254 136.209 136.164 136.117 136.084 136.064 135.969 135.854 135.759 135.707 135.639 135.594 135.592 135.572 135.602 135.624 135.609 135.639 135.604 135.597 135.562 135.549 135.527 135.459 135.447 135.442 136.262 136.589 135.397 134.919 135.399 136.234 136.347 136.004 135.577 135.569 135.549 135.472 135.364 135.347 135.292 135.229 135.207 135.164 135.144 135.117 135.104 135.084 135.067 135.037 134.979 134.934 134.869
137.057 136.989 136.889 136.822 136.737 136.652 136.549 136.472 136.392 136.317 136.264 136.192 136.137 136.077 136.029 135.992 135.937 135.884 135.852 135.812 135.729 135.619 135.544 135.499 135.439 135.377 135.329 135.337 135.364 135.364 135.389 135.364 135.369 135.357 135.339 135.302 135.284 135.237 135.239 135.234 135.637 136.472 135.384 134.617 135.252 137.257 137.722 136.009 135.359 135.362 135.354 135.264 135.179 135.122 135.069 135.024 134.982 134.967 134.932 134.929 134.909 134.882 134.869 134.839 134.792 134.722 134.664
136.797 136.717 136.647 136.557 136.489 136.402 136.302 136.234 136.144 136.094 136.042 135.967 135.914 135.857 135.799 135.774 135.709 135.657 135.609 135.562 135.502 135.399 135.324 135.264 135.197 135.122 135.102 135.097 135.122 135.137 135.139 135.132 135.122 135.112 135.079 135.072 135.029 134.992 134.999 135.007 135.239 136.154 135.297 134.354 134.759 136.737 137.914 137.624 135.132 135.184 135.152 135.084 134.997 134.947 134.877 134.844 134.802 134.782 134.757 134.704 134.704 134.694 134.664 134.622 134.572 134.529 134.452
136.562 136.457 136.372 136.309 136.219 136.134 136.047 135.974 135.907 135.849 135.784 135.739 135.679 135.619 135.577 135.509 135.477 135.404 135.367 135.342 135.267 135.172 135.067 135.022 134.969 134.904 134.874 134.862 134.862 134.884 134.877 134.892 134.887 134.877 134.842 134.814 134.794 134.762 134.759 134.772 134.904 135.754 135.479 134.102 134.439 134.949 135.844 135.219 134.947 134.957 134.952 134.929 134.824 134.757 134.699 134.652 134.614 134.597 134.562 134.512 134.484 134.469 134.464 134.424 134.379 134.302 134.252
136.319 136.197 136.119 136.047 135.949 135.864 135.787 135.712 135.652 135.597 135.547 135.484 135.449 135.379 135.322 135.272 135.222 135.172 135.119 135.132 135.049 134.932 134.839 134.794 134.734 134.667 134.622 134.617 134.617 134.627 134.659 134.634 134.634 134.617 134.597 134.577 134.557 134.529 134.517 134.552 134.644 135.699 135.317 133.879 134.089 135.084 136.627 135.694 134.754 134.742 134.754 134.704 134.622 134.574 134.494 134.442 134.417 134.387 134.357 134.317 134.282 134.254 134.257 134.207 134.167 134.099 134.039
136.102 135.977 135.882 135.779 135.687 135.604 135.519 135.449 135.389 135.329 135.302 135.244 135.189 135.137 135.082 135.027 134.979 134.927 134.892 134.862 134.812 134.692 134.604 134.549 134.479 134.444 134.404 134.379 134.394 134.404 134.412 134.397 134.384 134.389 134.359 134.322 134.314 134.309 134.284 134.309 134.384 135.027 135.312 133.639 133.827 134.604 135.712 135.149 134.544 134.539 134.554 134.509 134.422 134.369 134.314 134.257 134.222 134.184 134.139 134.102 134.094 134.054 134.039 134.009 133.949 133.887 133.824
135.889 135.772 135.669 135.537 135.437 135.357 135.259 135.172 135.127 135.059 135.019 134.969 134.919 134.854 134.829 134.774 134.714 134.687 134.652 134.597 134.549 134.449 134.357 134.302 134.249 134.199 134.174 134.152 134.159 134.184 134.159 134.147 134.139 134.142 134.119 134.099 134.077 134.072 134.062 134.062 134.157 134.707 135.272 133.499 133.534 134.149 134.947 134.682 134.319 134.332 134.344 134.307 134.239 134.184 134.117 134.074 134.042 134.007 133.949 133.909 133.869 133.842 133.817 133.787 133.752 133.704 133.644
135.674 135.539 135.449 135.337 135.209 135.124 135.014 134.929 134.874 134.807 134.762 134.709 134.642 134.609 134.567 134.527 134.457 134.399 134.382 134.339 134.302 134.212 134.102 134.057 134.004 133.959 133.912 133.899 133.902 133.937 133.927 133.894 133.884 133.899 133.867 133.862 133.842 133.822 133.827 133.824 133.944 134.567 135.034 133.397 133.282 133.874 134.632 134.569 134.137 134.129 134.137 134.104 134.029 133.977 133.929 133.887 133.844 133.817 133.757 133.712 133.674 133.647 133.627 133.569 133.554 133.519 133.449
135.402 135.314 135.227 135.127 135.007 134.904 134.799 134.697 134.617 134.562 134.489 134.447 134.407 134.344 134.292 134.244 134.192 134.149 134.107 134.102 134.054 133.967 133.864 133.822 133.759 133.694 133.654 133.649 133.667 133.672 133.679 133.669 133.647 133.647 133.642 133.617 133.617 133.582 133.569 133.587 133.717 134.274 134.854 133.059 133.012 133.549 134.542 135.324 133.937 133.917 133.934 133.909 133.809 133.772 133.729 133.694 133.669 133.622 133.594 133.539 133.474 133.464 133.437 133.417 133.372 133.324 133.262
135.364 135.577 135.014 134.877 134.777 134.672 134.589 134.487 134.377 134.299 134.229 134.164 134.124 134.069 134.027 133.974 133.937 133.899 133.844 133.829 133.797 133.712 133.622 133.584 133.512 133.482 133.437 133.414 133.417 133.417 133.422 133.422 133.407 133.429 133.397 133.369 133.382 133.347 133.317 133.324 133.489 134.209 134.614 132.857 132.759 133.667 134.677 135.082 133.757 133.684 133.729 133.697 133.622 133.577 133.519 133.492 133.472 133.437 133.392 133.344 133.307 133.267 133.237 133.207 133.177 133.144 133.089
136.159 140.332 136.884 134.734 134.542 134.442 134.347 134.259 134.147 134.062 133.999 133.917 133.854 133.807 133.749 133.722 133.689 133.629 133.594 133.582 133.529 133.442 133.384 133.327 133.264 133.219 133.189 133.172 133.152 133.144 133.144 133.147 133.147 133.172 133.154 133.134 133.132 133.112 133.087 133.094 133.222 133.957 134.432 132.724 132.504 132.987 134.157 135.667 134.477 133.484 133.502 133.489 133.417 133.382 133.337 133.299 133.262 133.219 133.194 133.157 133.109 133.072 133.042 133.004 132.982 132.954 132.899
137.399 139.144 139.294 135.207 134.319 134.254 134.087 134.022 133.932 133.839 133.752 133.684 133.609 133.552 133.494 133.452 133.414 133.354 133.307 133.289 133.244 133.182 133.097 133.059 133.019 132.979 132.952 132.919 132.884 132.882 132.874 132.879 132.887 132.889 132.884 132.877 132.867 132.867 132.849 132.829 133.009 133.827 134.037 132.387 132.274 132.824 133.807 135.317 133.709 133.269 133.279 133.279 133.207 133.159 133.107 133.092 133.057 133.042 132.987 132.947 132.897 132.884 132.824 132.807 132.799 132.752 132.712
139.724 139.374 137.384 136.189 135.487 134.514 133.882 133.879 133.672 133.579 133.512 133.447 133.387 133.322 133.257 133.194 133.127 133.102 133.044 133.017 132.979 132.904 132.824 132.797 132.749 132.704 132.679 132.672 132.619 132.604 132.612 132.627 132.619 132.617 132.607 132.614 132.624 132.614 132.597 132.579 132.702 133.634 133.879 132.164 132.044 132.634 133.722 135.997 133.744 133.047 133.059 133.054 132.967 132.949 132.899 132.867 132.827 132.827 132.767 132.744 132.699 132.662 132.624 132.619 132.579 132.554 132.532
135.714 136.672 134.017 134.924 135.564 135.102 136.152 134.559 133.872 133.369 133.289 133.204 133.119 133.097 133.017 132.904 132.872 132.824 132.767 132.722 132.699 132.642 132.557 132.539 132.477 132.434 132.434 132.397 132.344 132.337 132.337 132.319 132.324 132.337 132.337 132.329 132.352 132.342 132.324 132.332 132.504 133.394 133.489 131.899 131.829 132.454 134.554 134.309 133.582 132.842 132.849 132.819 132.759 132.722 132.704 132.649 132.612 132.594 132.567 132.539 132.494 132.467 132.414 132.399 132.367 132.354 132.324
133.909 133.774 133.399 134.317 134.289 135.912 135.919 136.947 135.809 133.182 133.029 132.964 132.889 132.819 132.754 132.707 132.629 132.534 132.467 132.459 132.414 132.342 132.257 132.237 132.179 132.147 132.144 132.104 132.047 132.054 132.034 132.044 132.044 132.062 132.052 132.057 132.079 132.069 132.049 132.077 132.309 133.467 133.127 131.629 131.639 132.307 133.299 133.614 132.642 132.592 132.622 132.602 132.542 132.482 132.437 132.414 132.377 132.379 132.327 132.312 132.279 132.239 132.187 132.179 132.164 132.154 132.122
