Matlab/Roost_data/braunton/dsm/ss5134_DSM_2M.asc
ncols 500
nrows 500
xllcorner    251000
yllcorner    134000
cellsize     2
NODATA_value -9999
[rows 204 to 237 of 500, columns 300 to 374 of 500]
0.452 0.414 0.332 0.239 0.184 0.059 -0.016 -0.156 -0.201 -0.303 -0.383 -0.478 -0.561 -0.601 -0.646 -0.731 -0.738 -0.803 -0.773 -0.717 -0.688 -0.718 -0.68 -0.598 -0.536 -0.521 -0.502 -0.465 -0.475 -0.494 -0.374 -0.389 -0.399 -0.421 -0.357 -0.31 -0.32 -0.381 -0.422 -0.455 -0.495 -0.477 -0.499 -0.567 -0.636 -0.645 -0.643 -0.675 -0.669 -0.674 -0.671 -0.661 -0.633 -0.601 -0.586 -0.626 -0.616 -0.618 -0.608 -0.623 -0.631 -0.65 -0.653 -0.667 -0.646 -0.619 -0.587 -0.596 -0.535 -0.511 -0.496 -0.496 -0.482 -0.445 -0.441
0.374 0.299 0.272 0.207 0.104 0.004 -0.103 -0.176 -0.268 -0.391 -0.473 -0.533 -0.631 -0.671 -0.691 -0.733 -0.788 -0.819 -0.785 -0.736 -0.67 -0.631 -0.579 -0.557 -0.515 -0.467 -0.457 -0.45 -0.449 -0.44 -0.374 -0.365 -0.392 -0.368 -0.335 -0.31 -0.333 -0.386 -0.426 -0.439 -0.503 -0.491 -0.514 -0.563 -0.628 -0.635 -0.662 -0.655 -0.66 -0.644 -0.678 -0.641 -0.608 -0.631 -0.603 -0.608 -0.631 -0.618 -0.613 -0.631 -0.63 -0.645 -0.684 -0.669 -0.649 -0.618 -0.604 -0.586 -0.572 -0.54 -0.515 -0.479 -0.427 -0.448 -0.46
0.309 0.272 0.199 0.112 0.034 -0.053 -0.156 -0.266 -0.366 -0.418 -0.503 -0.561 -0.676 -0.673 -0.733 -0.771 -0.813 -0.785 -0.768 -0.695 -0.654 -0.581 -0.565 -0.541 -0.498 -0.472 -0.445 -0.417 -0.393 -0.398 -0.382 -0.345 -0.35 -0.38 -0.36 -0.326 -0.321 -0.38 -0.437 -0.442 -0.503 -0.536 -0.532 -0.586 -0.623 -0.653 -0.656 -0.668 -0.669 -0.648 -0.638 -0.648 -0.603 -0.603 -0.591 -0.593 -0.593 -0.641 -0.605 -0.662 -0.642 -0.642 -0.671 -0.727 -0.646 -0.618 -0.575 -0.56 -0.515 -0.477 -0.495 -0.438 -0.451 -0.445 -0.419
0.277 0.234 0.114 0.069 -0.021 -0.146 -0.266 -0.341 -0.423 -0.498 -0.566 -0.648 -0.723 -0.748 -0.766 -0.821 -0.828 -0.786 -0.73 -0.677 -0.632 -0.553 -0.514 -0.503 -0.489 -0.439 -0.404 -0.405 -0.384 -0.353 -0.363 -0.306 -0.349 -0.329 -0.4 -0.38 -0.345 -0.402 -0.44 -0.459 -0.504 -0.529 -0.544 -0.575 -0.594 -0.652 -0.659 -0.636 -0.644 -0.63 -0.627 -0.603 -0.601 -0.628 -0.611 -0.606 -0.598 -0.653 -0.6 -0.646 -0.677 -0.693 -0.688 -0.741 -0.685 -0.631 -0.576 -0.564 -0.532 -0.539 -0.509 -0.49 -0.456 -0.478 -0.491
0.254 0.154 0.077 -0.008 -0.096 -0.201 -0.323 -0.398 -0.486 -0.586 -0.618 -0.671 -0.766 -0.761 -0.781 -0.783 -0.789 -0.764 -0.733 -0.662 -0.616 -0.559 -0.514 -0.462 -0.468 -0.423 -0.391 -0.358 -0.342 -0.329 -0.364 -0.324 -0.29 -0.362 -0.375 -0.392 -0.32 -0.393 -0.425 -0.437 -0.5 -0.544 -0.571 -0.55 -0.601 -0.66 -0.656 -0.646 -0.655 -0.632 -0.621 -0.613 -0.633 -0.608 -0.631 -0.653 -0.626 -0.676 -0.649 -0.625 -0.679 -0.686 -0.675 -0.672 -0.647 -0.614 -0.579 -0.573 -0.57 -0.582 -0.533 -0.486 -0.466 -0.509 -0.554
0.194 0.069 0.007 -0.063 -0.193 -0.273 -0.338 -0.461 -0.548 -0.596 -0.658 -0.693 -0.748 -0.801 -0.811 -0.818 -0.785 -0.715 -0.722 -0.647 -0.594 -0.564 -0.497 -0.469 -0.453 -0.412 -0.38 -0.37 -0.33 -0.327 -0.333 -0.342 -0.295 -0.355 -0.385 -0.38 -0.399 -0.393 -0.444 -0.477 -0.514 -0.57 -0.643 -0.565 -0.598 -0.654 -0.684 -0.657 -0.627 -0.621 -0.637 -0.646 -0.636 -0.628 -0.646 -0.633 -0.626 -0.628 -0.627 -0.668 -0.672 -0.679 -0.695 -0.652 -0.636 -0.601 -0.549 -0.571 -0.568 -0.545 -0.495 -0.526 -0.526 -0.5 -0.502
0.097 0.019 -0.051 -0.173 -0.276 -0.356 -0.421 -0.528 -0.566 -0.633 -0.668 -0.731 -0.763 -0.768 -0.808 -0.784 -0.709 -0.689 -0.656 -0.6 -0.577 -0.527 -0.482 -0.45 -0.432 -0.412 -0.386 -0.361 -0.306 -0.306 -0.31 -0.31 -0.307 -0.36 -0.36 -0.411 -0.434 -0.437 -0.454 -0.49 -0.539 -0.58 -0.615 -0.613 -0.607 -0.674 -0.658 -0.65 -0.649 -0.65 -0.626 -0.636 -0.616 -0.601 -0.598 -0.613 -0.656 -0.645 -0.664 -0.668 -0.691 -0.684 -0.705 -0.659 -0.611 -0.651 -0.537 -0.546 -0.547 -0.462 -0.527 -0.478 -0.487 -0.49 -0.505
0.079 -0.028 -0.143 -0.218 -0.306 -0.378 -0.493 -0.561 -0.601 -0.641 -0.706 -0.741 -0.761 -0.816 -0.818 -0.792 -0.695 -0.645 -0.64 -0.569 -0.548 -0.491 -0.462 -0.426 -0.409 -0.397 -0.381 -0.349 -0.334 -0.338 -0.304 -0.322 -0.32 -0.372 -0.384 -0.38 -0.438 -0.499 -0.47 -0.496 -0.548 -0.575 -0.626 -0.64 -0.622 -0.658 -0.631 -0.615 -0.634 -0.646 -0.628 -0.616 -0.618 -0.636 -0.638 -0.633 -0.673 -0.675 -0.689 -0.673 -0.677 -0.725 -0.648 -0.635 -0.591 -0.602 -0.578 -0.555 -0.526 -0.507 -0.48 -0.521 -0.486 -0.465 -0.489
0.017 -0.106 -0.208 -0.306 -0.346 -0.438 -0.541 -0.606 -0.651 -0.681 -0.736 -0.721 -0.771 -0.786 -0.823 -0.728 -0.683 -0.601 -0.589 -0.505 -0.508 -0.468 -0.44 -0.399 -0.383 -0.386 -0.348 -0.33 -0.35 -0.343 -0.328 -0.315 -0.34 -0.355 -0.416 -0.401 -0.46 -0.494 -0.489 -0.502 -0.566 -0.634 -0.634 -0.638 -0.656 -0.68 -0.682 -0.647 -0.638 -0.619 -0.64 -0.621 -0.633 -0.653 -0.666 -0.653 -0.698 -0.693 -0.689 -0.675 -0.697 -0.697 -0.611 -0.614 -0.584 -0.593 -0.552 -0.547 -0.502 -0.485 -0.475 -0.465 -0.465 -0.476 -0.469
-0.073 -0.173 -0.271 -0.341 -0.428 -0.538 -0.581 -0.638 -0.693 -0.681 -0.748 -0.723 -0.758 -0.788 -0.714 -0.652 -0.634 -0.576 -0.519 -0.491 -0.468 -0.449 -0.419 -0.378 -0.377 -0.352 -0.338 -0.338 -0.332 -0.358 -0.311 -0.392 -0.41 -0.391 -0.458 -0.447 -0.435 -0.48 -0.549 -0.584 -0.581 -0.619 -0.652 -0.649 -0.649 -0.639 -0.653 -0.627 -0.644 -0.634 -0.622 -0.606 -0.613 -0.636 -0.651 -0.646 -0.665 -0.66 -0.688 -0.729 -0.715 -0.679 -0.663 -0.599 -0.569 -0.562 -0.558 -0.513 -0.491 -0.479 -0.458 -0.432 -0.462 -0.451 -0.471
-0.148 -0.228 -0.323 -0.458 -0.528 -0.566 -0.601 -0.656 -0.663 -0.698 -0.721 -0.771 -0.741 -0.745 -0.694 -0.634 -0.606 -0.536 -0.535 -0.491 -0.459 -0.42 -0.41 -0.377 -0.401 -0.374 -0.391 -0.371 -0.396 -0.488 -0.465 -0.475 -0.515 -0.454 -0.439 -0.5 -0.476 -0.564 -0.566 -0.575 -0.604 -0.632 -0.645 -0.664 -0.643 -0.655 -0.657 -0.623 -0.609 -0.614 -0.651 -0.648 -0.661 -0.643 -0.721 -0.69 -0.68 -0.706 -0.701 -0.72 -0.711 -0.687 -0.647 -0.591 -0.6 -0.549 -0.523 -0.535 -0.483 -0.482 -0.499 -0.47 -0.44 -0.532 -0.528
-0.176 -0.273 -0.346 -0.491 -0.528 -0.578 -0.626 -0.653 -0.648 -0.658 -0.716 -0.728 -0.721 -0.701 -0.661 -0.689 -0.631 -0.609 -0.555 -0.489 -0.481 -0.511 -0.494 -0.466 -0.476 -0.5 -0.541 -0.561 -0.515 -0.522 -0.487 -0.541 -0.51 -0.487 -0.463 -0.513 -0.54 -0.548 -0.588 -0.56 -0.618 -0.594 -0.644 -0.664 -0.629 -0.671 -0.642 -0.627 -0.626 -0.655 -0.643 -0.618 -0.643 -0.656 -0.706 -0.68 -0.684 -0.698 -0.684 -0.68 -0.661 -0.633 -0.624 -0.596 -0.599 -0.595 -0.587 -0.546 -0.498 -0.483 -0.51 -0.451 -0.443 -0.487 -0.529
-0.233 -0.341 -0.401 -0.516 -0.513 -0.588 -0.606 -0.631 -0.691 -0.688 -0.713 -0.756 -0.726 -0.721 -0.673 -0.65 -0.65 -0.599 -0.585 -0.561 -0.538 -0.521 -0.528 -0.545 -0.525 -0.504 -0.516 -0.489 -0.509 -0.52 -0.513 -0.48 -0.46 -0.502 -0.489 -0.458 -0.479 -0.538 -0.56 -0.577 -0.574 -0.594 -0.628 -0.618 -0.654 -0.641 -0.641 -0.626 -0.597 -0.656 -0.633 -0.654 -0.64 -0.623 -0.653 -0.701 -0.699 -0.733 -0.691 -0.681 -0.7 -0.707 -0.619 -0.586 -0.6 -0.578 -0.543 -0.524 -0.514 -0.518 -0.489 -0.455 -0.474 -0.468 -0.501
-0.301 -0.361 -0.456 -0.493 -0.561 -0.598 -0.641 -0.628 -0.683 -0.701 -0.738 -0.736 -0.699 -0.682 -0.648 -0.643 -0.637 -0.626 -0.602 -0.594 -0.591 -0.572 -0.569 -0.568 -0.541 -0.537 -0.533 -0.531 -0.5 -0.495 -0.535 -0.488 -0.52 -0.441 -0.529 -0.462 -0.468 -0.583 -0.561 -0.556 -0.593 -0.641 -0.644 -0.653 -0.659 -0.655 -0.638 -0.607 -0.643 -0.634 -0.64 -0.648 -0.652 -0.641 -0.693 -0.688 -0.716 -0.724 -0.736 -0.69 -0.696 -0.688 -0.61 -0.6 -0.573 -0.549 -0.553 -0.536 -0.497 -0.507 -0.508 -0.51 -0.515 -0.498 -0.48
-0.356 -0.391 -0.478 -0.538 -0.593 -0.681 -0.631 -0.656 -0.686 -0.688 -0.673 -0.696 -0.691 -0.646 -0.669 -0.658 -0.669 -0.622 -0.608 -0.618 -0.619 -0.582 -0.588 -0.629 -0.551 -0.528 -0.554 -0.518 -0.488 -0.484 -0.479 -0.459 -0.43 -0.414 -0.462 -0.487 -0.514 -0.515 -0.505 -0.551 -0.589 -0.634 -0.658 -0.637 -0.652 -0.641 -0.646 -0.644 -0.624 -0.633 -0.668 -0.647 -0.645 -0.668 -0.682 -0.699 -0.731 -0.745 -0.689 -0.669 -0.648 -0.633 -0.594 -0.589 -0.559 -0.522 -0.53 -0.534 -0.514 -0.531 -0.505 -0.497 -0.522 -0.479 -0.48
-0.393 -0.441 -0.541 -0.578 -0.601 -0.631 -0.678 -0.673 -0.648 -0.668 -0.698 -0.671 -0.708 -0.653 -0.664 -0.672 -0.669 -0.645 -0.652 -0.629 -0.612 -0.627 -0.612 -0.61 -0.546 -0.539 -0.512 -0.447 -0.517 -0.432 -0.47 -0.482 -0.447 -0.46 -0.478 -0.524 -0.539 -0.554 -0.591 -0.584 -0.597 -0.643 -0.651 -0.656 -0.66 -0.664 -0.655 -0.626 -0.638 -0.609 -0.628 -0.661 -0.654 -0.626 -0.663 -0.69 -0.687 -0.731 -0.703 -0.671 -0.619 -0.589 -0.586 -0.58 -0.544 -0.519 -0.508 -0.523 -0.499 -0.493 -0.519 -0.459 -0.514 -0.532 -0.472
-0.448 -0.491 -0.556 -0.571 -0.596 -0.673 -0.636 -0.631 -0.676 -0.651 -0.681 -0.683 -0.668 -0.666 -0.677 -0.679 -0.65 -0.667 -0.635 -0.614 -0.618 -0.625 -0.54 -0.585 -0.532 -0.493 -0.478 -0.447 -0.467 -0.432 -0.507 -0.483 -0.491 -0.455 -0.49 -0.505 -0.562 -0.571 -0.594 -0.612 -0.655 -0.647 -0.658 -0.657 -0.668 -0.643 -0.612 -0.626 -0.602 -0.606 -0.613 -0.613 -0.647 -0.645 -0.649 -0.692 -0.698 -0.722 -0.701 -0.673 -0.635 -0.591 -0.575 -0.552 -0.54 -0.514 -0.514 -0.499 -0.518 -0.507 -0.482 -0.464 -0.466 -0.455 -0.447
-0.451 -0.508 -0.536 -0.543 -0.586 -0.563 -0.596 -0.651 -0.653 -0.668 -0.678 -0.666 -0.691 -0.695 -0.679 -0.68 -0.676 -0.664 -0.638 -0.632 -0.591 -0.581 -0.576 -0.551 -0.547 -0.484 -0.477 -0.48 -0.432 -0.397 -0.445 -0.474 -0.462 -0.46 -0.483 -0.537 -0.577 -0.626 -0.589 -0.636 -0.611 -0.64 -0.66 -0.645 -0.661 -0.633 -0.649 -0.621 -0.619 -0.632 -0.635 -0.674 -0.646 -0.66 -0.672 -0.701 -0.73 -0.711 -0.705 -0.679 -0.619 -0.618 -0.612 -0.524 -0.519 -0.523 -0.519 -0.491 -0.48 -0.503 -0.483 -0.488 -0.502 -0.453 -0.435
-0.451 -0.476 -0.561 -0.546 -0.601 -0.603 -0.613 -0.648 -0.626 -0.651 -0.686 -0.677 -0.664 -0.697 -0.65 -0.65 -0.629 -0.645 -0.639 -0.589 -0.587 -0.592 -0.536 -0.555 -0.538 -0.497 -0.477 -0.499 -0.475 -0.462 -0.497 -0.445 -0.493 -0.444 -0.517 -0.544 -0.554 -0.581 -0.603 -0.627 -0.614 -0.656 -0.68 -0.649 -0.672 -0.672 -0.636 -0.636 -0.623 -0.626 -0.612 -0.624 -0.631 -0.618 -0.617 -0.664 -0.695 -0.696 -0.675 -0.686 -0.606 -0.643 -0.565 -0.587 -0.577 -0.546 -0.567 -0.505 -0.55 -0.48 -0.512 -0.499 -0.463 -0.509 -0.46
-0.446 -0.486 -0.521 -0.536 -0.576 -0.581 -0.608 -0.648 -0.636 -0.663 -0.666 -0.652 -0.654 -0.647 -0.64 -0.633 -0.618 -0.595 -0.63 -0.579 -0.557 -0.568 -0.535 -0.55 -0.544 -0.486 -0.536 -0.489 -0.453 -0.467 -0.457 -0.39 -0.512 -0.474 -0.486 -0.557 -0.567 -0.584 -0.606 -0.664 -0.654 -0.655 -0.675 -0.678 -0.668 -0.662 -0.634 -0.626 -0.607 -0.62 -0.611 -0.621 -0.629 -0.618 -0.623 -0.636 -0.677 -0.656 -0.629 -0.593 -0.64 -0.612 -0.597 -0.606 -0.563 -0.563 -0.552 -0.463 -0.512 -0.489 -0.481 -0.508 -0.475 -0.484 -0.497
-0.446 -0.496 -0.491 -0.551 -0.548 -0.593 -0.618 -0.643 -0.628 -0.643 -0.644 -0.626 -0.65 -0.621 -0.63 -0.611 -0.628 -0.618 -0.602 -0.619 -0.587 -0.604 -0.554 -0.535 -0.523 -0.5 -0.482 -0.474 -0.512 -0.437 -0.441 -0.45 -0.47 -0.509 -0.53 -0.555 -0.572 -0.594 -0.611 -0.648 -0.621 -0.676 -0.663 -0.676 -0.668 -0.657 -0.644 -0.614 -0.598 -0.639 -0.633 -0.594 -0.6 -0.642 -0.644 -0.579 -0.625 -0.613 -0.648 -0.619 -0.575 -0.683 -0.599 -0.59 -0.583 -0.553 -0.525 -0.52 -0.53 -0.505 -0.513 -0.495 -0.472 -0.475 -0.467
-0.461 -0.491 -0.546 -0.508 -0.531 -0.561 -0.626 -0.643 -0.681 -0.657 -0.66 -0.644 -0.629 -0.625 -0.619 -0.607 -0.617 -0.595 -0.615 -0.593 -0.566 -0.543 -0.522 -0.526 -0.534 -0.452 -0.476 -0.457 -0.461 -0.455 -0.432 -0.507 -0.532 -0.534 -0.535 -0.575 -0.563 -0.601 -0.626 -0.644 -0.66 -0.685 -0.677 -0.676 -0.663 -0.657 -0.645 -0.623 -0.631 -0.623 -0.637 -0.608 -0.597 -0.605 -0.597 -0.607 -0.614 -0.579 -0.611 -0.63 -0.602 -0.606 -0.631 -0.569 -0.558 -0.55 -0.528 -0.535 -0.509 -0.49 -0.482 -0.465 -0.457 -0.487 -0.473
-0.473 -0.506 -0.528 -0.543 -0.556 -0.591 -0.623 -0.626 -0.651 -0.679 -0.632 -0.63 -0.638 -0.611 -0.626 -0.625 -0.591 -0.574 -0.568 -0.592 -0.559 -0.568 -0.508 -0.487 -0.467 -0.457 -0.47 -0.456 -0.455 -0.432 -0.487 -0.46 -0.514 -0.495 -0.543 -0.581 -0.611 -0.599 -0.621 -0.636 -0.665 -0.681 -0.681 -0.667 -0.661 -0.639 -0.635 -0.642 -0.622 -0.624 -0.611 -0.644 -0.608 -0.608 -0.576 -0.571 -0.57 -0.563 -0.577 -0.542 -0.627 -0.605 -0.617 -0.617 -0.585 -0.546 -0.562 -0.592 -0.558 -0.449 -0.469 -0.5 -0.485 -0.517 -0.447
-0.501 -0.503 -0.551 -0.533 -0.566 -0.573 -0.608 -0.661 -0.647 -0.635 -0.621 -0.615 -0.603 -0.635 -0.616 -0.614 -0.589 -0.599 -0.584 -0.57 -0.537 -0.528 -0.526 -0.492 -0.523 -0.497 -0.49 -0.436 -0.472 -0.402 -0.525 -0.486 -0.545 -0.548 -0.579 -0.577 -0.598 -0.603 -0.629 -0.659 -0.668 -0.679 -0.694 -0.674 -0.687 -0.646 -0.643 -0.635 -0.633 -0.611 -0.61 -0.592 -0.594 -0.544 -0.608 -0.546 -0.586 -0.592 -0.525 -0.558 -0.558 -0.577 -0.574 -0.603 -0.564 -0.571 -0.545 -0.547 -0.534 -0.513 -0.477 -0.455 -0.473 -0.483 -0.466
-0.446 -0.471 -0.523 -0.548 -0.551 -0.576 -0.626 -0.609 -0.611 -0.624 -0.642 -0.634 -0.648 -0.622 -0.617 -0.62 -0.584 -0.602 -0.593 -0.569 -0.574 -0.504 -0.503 -0.517 -0.495 -0.49 -0.494 -0.447 -0.462 -0.443 -0.489 -0.494 -0.499 -0.541 -0.594 -0.573 -0.591 -0.633 -0.634 -0.67 -0.662 -0.678 -0.689 -0.688 -0.677 -0.652 -0.619 -0.633 -0.609 -0.609 -0.626 -0.591 -0.597 -0.556 -0.548 -0.532 -0.525 -0.563 -0.584 -0.539 -0.55 -0.544 -0.586 -0.593 -0.589 -0.58 -0.588 -0.599 -0.58 -0.524 -0.495 -0.498 -0.484 -0.499 -0.48
-0.493 -0.496 -0.516 -0.548 -0.568 -0.611 -0.616 -0.631 -0.626 -0.634 -0.61 -0.62 -0.635 -0.6 -0.6 -0.6 -0.599 -0.579 -0.549 -0.58 -0.56 -0.513 -0.501 -0.484 -0.46 -0.441 -0.472 -0.475 -0.445 -0.452 -0.454 -0.541 -0.526 -0.587 -0.568 -0.572 -0.599 -0.632 -0.627 -0.665 -0.683 -0.667 -0.701 -0.696 -0.674 -0.649 -0.64 -0.638 -0.625 -0.626 -0.581 -0.592 -0.589 -0.545 -0.51 -0.506 -0.468 -0.511 -0.551 -0.493 -0.568 -0.555 -0.571 -0.611 -0.618 -0.589 -0.59 -0.56 -0.571 -0.554 -0.529 -0.487 -0.537 -0.48 -0.475
-0.518 -0.538 -0.536 -0.578 -0.601 -0.581 -0.626 -0.615 -0.624 -0.608 -0.618 -0.616 -0.602 -0.586 -0.592 -0.606 -0.579 -0.587 -0.567 -0.526 -0.548 -0.49 -0.497 -0.5 -0.502 -0.509 -0.467 -0.442 -0.479 -0.512 -0.453 -0.527 -0.504 -0.547 -0.559 -0.573 -0.597 -0.619 -0.625 -0.636 -0.696 -0.685 -0.73 -0.718 -0.664 -0.652 -0.651 -0.599 -0.65 -0.627 -0.619 -0.571 -0.609 -0.541 -0.504 -0.523 -0.467 -0.532 -0.501 -0.592 -0.573 -0.575 -0.568 -0.593 -0.634 -0.586 -0.597 -0.585 -0.548 -0.489 -0.495 -0.519 -0.46 -0.477 -0.472
-0.501 -0.506 -0.523 -0.558 -0.586 -0.582 -0.593 -0.6 -0.607 -0.591 -0.603 -0.593 -0.6 -0.596 -0.6 -0.578 -0.597 -0.537 -0.558 -0.558 -0.515 -0.485 -0.507 -0.475 -0.45 -0.475 -0.467 -0.46 -0.456 -0.507 -0.441 -0.443 -0.498 -0.558 -0.551 -0.585 -0.597 -0.625 -0.627 -0.636 -0.68 -0.682 -0.696 -0.655 -0.65 -0.65 -0.643 -0.608 -0.641 -0.625 -0.617 -0.6 -0.605 -0.523 -0.531 -0.52 -0.471 -0.507 -0.515 -0.575 -0.563 -0.576 -0.57 -0.617 -0.619 -0.585 -0.603 -0.58 -0.561 -0.508 -0.509 -0.477 -0.468 -0.457 -0.475
-0.478 -0.526 -0.521 -0.553 -0.558 -0.6 -0.593 -0.606 -0.611 -0.612 -0.593 -0.611 -0.612 -0.615 -0.595 -0.574 -0.565 -0.543 -0.519 -0.509 -0.51 -0.488 -0.449 -0.452 -0.452 -0.494 -0.445 -0.497 -0.483 -0.487 -0.441 -0.49 -0.518 -0.545 -0.56 -0.574 -0.607 -0.654 -0.633 -0.65 -0.669 -0.675 -0.686 -0.671 -0.651 -0.63 -0.627 -0.669 -0.639 -0.624 -0.666 -0.6 -0.639 -0.578 -0.549 -0.511 -0.481 -0.503 -0.559 -0.519 -0.559 -0.551 -0.59 -0.635 -0.604 -0.578 -0.562 -0.585 -0.544 -0.525 -0.471 -0.487 -0.475 -0.465 -0.492
-0.491 -0.513 -0.531 -0.571 -0.577 -0.578 -0.608 -0.599 -0.652 -0.619 -0.61 -0.593 -0.612 -0.572 -0.543 -0.562 -0.558 -0.543 -0.532 -0.532 -0.488 -0.46 -0.487 -0.437 -0.462 -0.47 -0.475 -0.485 -0.45 -0.478 -0.453 -0.51 -0.524 -0.549 -0.563 -0.619 -0.627 -0.626 -0.628 -0.659 -0.684 -0.685 -0.694 -0.662 -0.665 -0.626 -0.635 -0.645 -0.637 -0.626 -0.63 -0.602 -0.618 -0.598 -0.553 -0.584 -0.521 -0.514 -0.509 -0.528 -0.566 -0.556 -0.599 -0.583 -0.589 -0.62 -0.583 -0.53 -0.519 -0.49 -0.506 -0.486 -0.471 -0.502 -0.467
-0.496 -0.531 -0.523 -0.561 -0.602 -0.596 -0.582 -0.614 -0.613 -0.6 -0.62 -0.61 -0.614 -0.562 -0.554 -0.561 -0.552 -0.501 -0.543 -0.52 -0.492 -0.477 -0.47 -0.456 -0.48 -0.467 -0.472 -0.455 -0.487 -0.517 -0.544 -0.512 -0.544 -0.584 -0.589 -0.634 -0.601 -0.646 -0.675 -0.659 -0.684 -0.709 -0.69 -0.666 -0.645 -0.623 -0.643 -0.625 -0.65 -0.618 -0.6 -0.611 -0.572 -0.543 -0.596 -0.557 -0.572 -0.532 -0.515 -0.556 -0.537 -0.585 -0.584 -0.611 -0.535 -0.576 -0.517 -0.517 -0.506 -0.478 -0.475 -0.47 -0.487 -0.482 -0.455
-0.516 -0.508 -0.516 -0.544 -0.579 -0.586 -0.57 -0.607 -0.606 -0.603 -0.586 -0.596 -0.59 -0.562 -0.55 -0.548 -0.537 -0.519 -0.513 -0.516 -0.497 -0.475 -0.462 -0.501 -0.458 -0.472 -0.467 -0.455 -0.456 -0.482 -0.506 -0.539 -0.566 -0.577 -0.584 -0.656 -0.646 -0.661 -0.669 -0.675 -0.683 -0.707 -0.7 -0.679 -0.656 -0.624 -0.626 -0.611 -0.594 -0.591 -0.556 -0.576 -0.574 -0.604 -0.592 -0.571 -0.584 -0.556 -0.586 -0.521 -0.585 -0.609 -0.63 -0.614 -0.57 -0.568 -0.516 -0.518 -0.482 -0.45 -0.477 -0.502 -0.499 -0.447 -0.435
-0.506 -0.496 -0.552 -0.539 -0.559 -0.593 -0.613 -0.604 -0.606 -0.61 -0.602 -0.602 -0.591 -0.577 -0.566 -0.535 -0.518 -0.528 -0.507 -0.473 -0.462 -0.427 -0.454 -0.49 -0.512 -0.452 -0.489 -0.484 -0.499 -0.474 -0.523 -0.545 -0.595 -0.59 -0.605 -0.663 -0.617 -0.644 -0.668 -0.667 -0.677 -0.689 -0.684 -0.644 -0.605 -0.617 -0.619 -0.635 -0.585 -0.575 -0.546 -0.536 -0.523 -0.519 -0.549 -0.555 -0.547 -0.575 -0.567 -0.596 -0.616 -0.612 -0.574 -0.588 -0.573 -0.506 -0.51 -0.492 -0.49 -0.48 -0.505 -0.48 -0.485 -0.41 -0.388
-0.533 -0.543 -0.533 -0.555 -0.558 -0.556 -0.567 -0.601 -0.582 -0.59 -0.582 -0.583 -0.587 -0.563 -0.552 -0.573 -0.539 -0.531 -0.503 -0.468 -0.525 -0.466 -0.471 -0.461 -0.47 -0.45 -0.437 -0.492 -0.472 -0.515 -0.494 -0.533 -0.572 -0.6 -0.585 -0.616 -0.626 -0.639 -0.656 -0.63 -0.647 -0.629 -0.673 -0.636 -0.63 -0.583 -0.596 -0.61 -0.613 -0.587 -0.55 -0.521 -0.535 -0.534 -0.531 -0.5 -0.531 -0.575 -0.6 -0.596 -0.618 -0.559 -0.575 -0.585 -0.536 -0.506 -0.499 -0.501 -0.464 -0.496 -0.477 -0.472 -0.437 -0.407 -0.355
