Matlab/Roost_data/braunton/dsm/ss5140_DSM_2M.asc
ncols 500
nrows 500
xllcorner    251000
yllcorner    140000
cellsize     2
NODATA_value -9999
[rows 270 to 299 of 500, columns 335 to 401 of 500]
105.511 105.666 105.816 105.996 106.169 106.344 106.511 106.656 106.784 106.899 107.074 107.206 107.329 107.496 107.631 107.726 107.894 108.046 108.184 108.339 108.419 108.551 108.706 108.814 108.981 109.101 109.224 109.384 109.531 109.689 109.826 109.936 110.099 110.231 110.396 110.566 110.721 110.871 111.011 111.194 111.346 111.491 111.654 111.799 111.954 112.116 112.259 112.401 112.554 112.696 112.816 112.941 113.079 113.189 113.294 113.414 113.551 113.661 113.776 113.889 114.004 114.149 114.244 114.381 114.514 114.639 114.784
105.639 105.794 105.944 106.119 106.274 106.431 106.629 106.764 106.876 107.014 107.164 107.301 107.429 107.581 107.754 107.871 108.004 108.139 108.299 108.414 108.534 108.669 108.781 108.949 109.081 109.209 109.351 109.484 109.629 109.784 109.944 110.079 110.209 110.374 110.526 110.684 110.854 110.994 111.139 111.304 111.489 111.646 111.779 111.929 112.079 112.214 112.374 112.516 112.659 112.804 112.926 113.054 113.196 113.301 113.434 113.539 113.649 113.799 113.911 114.024 114.166 114.286 114.416 114.541 114.666 114.769 114.929
105.766 105.939 106.094 106.231 106.386 106.549 106.701 106.851 106.996 107.114 107.259 107.409 107.534 107.729 107.874 108.004 108.131 108.239 108.364 108.504 108.641 108.784 108.909 109.046 109.176 109.326 109.466 109.599 109.741 109.879 110.009 110.189 110.311 110.486 110.641 110.799 110.966 111.089 111.254 111.431 111.584 111.754 111.891 112.069 112.189 112.314 112.474 112.629 112.764 112.899 113.049 113.174 113.274 113.441 113.551 113.689 113.789 113.924 114.039 114.169 114.301 114.416 114.551 114.671 114.819 114.926 115.064
105.869 106.089 106.234 106.359 106.476 106.619 106.771 106.939 107.084 107.239 107.354 107.529 107.694 107.824 108.004 108.134 108.246 108.364 108.494 108.626 108.769 108.884 109.031 109.161 109.294 109.429 109.559 109.684 109.836 109.984 110.139 110.289 110.434 110.604 110.731 110.921 111.061 111.221 111.371 111.524 111.686 111.859 112.016 112.171 112.291 112.439 112.596 112.726 112.871 113.029 113.144 113.266 113.409 113.516 113.649 113.786 113.909 114.044 114.171 114.286 114.416 114.551 114.691 114.811 114.931 115.084 115.194
105.961 106.159 106.371 106.511 106.636 106.734 106.876 107.056 107.201 107.351 107.536 107.689 107.829 107.986 108.116 108.229 108.351 108.464 108.591 108.719 108.871 108.986 109.114 109.254 109.374 109.521 109.686 109.809 109.944 110.109 110.244 110.381 110.551 110.704 110.854 111.009 111.184 111.341 111.481 111.649 111.819 111.966 112.139 112.276 112.411 112.546 112.681 112.826 112.974 113.114 113.254 113.379 113.499 113.656 113.779 113.901 114.034 114.154 114.291 114.424 114.541 114.664 114.821 114.954 115.071 115.226 115.356
106.044 106.269 106.471 106.646 106.786 106.916 107.019 107.171 107.351 107.514 107.694 107.829 107.971 108.081 108.221 108.319 108.436 108.561 108.691 108.819 108.956 109.084 109.196 109.346 109.484 109.629 109.806 109.934 110.074 110.219 110.364 110.471 110.644 110.819 110.956 111.109 111.271 111.459 111.591 111.736 111.896 112.051 112.229 112.361 112.516 112.651 112.786 112.946 113.079 113.209 113.346 113.491 113.639 113.771 113.911 114.031 114.161 114.289 114.416 114.551 114.671 114.819 114.951 115.114 115.216 115.361 115.494
106.096 106.334 106.581 106.754 106.926 107.071 107.174 107.349 107.506 107.656 107.814 107.974 108.091 108.199 108.301 108.389 108.519 108.631 108.769 108.919 109.054 109.191 109.331 109.469 109.606 109.769 109.901 110.039 110.181 110.314 110.459 110.599 110.761 110.894 111.051 111.224 111.379 111.541 111.679 111.846 112.009 112.146 112.296 112.484 112.621 112.759 112.914 113.046 113.181 113.326 113.476 113.599 113.731 113.879 114.001 114.154 114.279 114.399 114.534 114.674 114.809 114.951 115.069 115.204 115.364 115.501 115.639
107.324 106.489 106.639 106.866 107.051 107.239 107.356 107.496 107.661 107.829 107.971 108.101 108.206 108.269 108.391 108.486 108.626 108.771 108.856 109.024 109.174 109.294 109.456 109.594 109.729 109.876 110.006 110.179 110.291 110.436 110.551 110.691 110.836 111.011 111.164 111.339 111.471 111.644 111.786 111.946 112.099 112.264 112.414 112.556 112.719 112.879 113.014 113.164 113.284 113.441 113.579 113.721 113.851 113.979 114.116 114.254 114.394 114.519 114.659 114.796 114.936 115.059 115.204 115.339 115.501 115.619 115.781
108.094 107.991 106.729 106.924 107.144 107.356 107.526 107.676 107.826 107.954 108.071 108.189 108.279 108.391 108.486 108.606 108.714 108.859 108.976 109.146 109.281 109.429 109.566 109.701 109.846 110.001 110.136 110.279 110.404 110.529 110.661 110.801 110.971 111.121 111.284 111.434 111.579 111.761 111.899 112.049 112.229 112.381 112.516 112.676 112.839 112.986 113.134 113.274 113.411 113.556 113.694 113.821 113.961 114.091 114.234 114.391 114.526 114.646 114.776 114.906 115.064 115.181 115.341 115.471 115.594 115.766 115.914
108.999 108.529 106.896 106.984 107.154 107.399 107.661 107.851 107.976 108.081 108.196 108.306 108.396 108.486 108.596 108.731 108.844 108.976 109.101 109.271 109.426 109.556 109.686 109.811 109.966 110.091 110.259 110.396 110.536 110.629 110.796 110.941 111.066 111.231 111.386 111.531 111.686 111.844 112.014 112.171 112.321 112.481 112.621 112.791 112.954 113.116 113.261 113.376 113.526 113.666 113.804 113.941 114.089 114.211 114.356 114.496 114.651 114.774 114.909 115.039 115.181 115.331 115.459 115.614 115.759 115.901 116.044
106.784 107.016 107.319 107.099 107.156 107.429 107.764 107.951 108.124 108.191 108.306 108.409 108.489 108.589 108.714 108.859 108.969 109.109 109.249 109.399 109.536 109.691 109.826 109.939 110.076 110.229 110.361 110.501 110.626 110.774 110.904 111.039 111.181 111.344 111.504 111.666 111.781 111.961 112.126 112.279 112.434 112.579 112.734 112.916 113.074 113.229 113.386 113.519 113.656 113.786 113.926 114.059 114.204 114.354 114.494 114.616 114.749 114.906 115.031 115.161 115.309 115.431 115.596 115.726 115.894 116.016 116.191
106.836 106.989 108.626 109.421 108.064 107.494 107.829 108.049 108.221 108.354 108.434 108.531 108.601 108.729 108.861 108.969 109.124 109.261 109.376 109.526 109.669 109.804 109.919 110.054 110.176 110.311 110.481 110.611 110.741 110.876 111.031 111.166 111.309 111.471 111.639 111.784 111.939 112.071 112.246 112.386 112.564 112.694 112.879 113.049 113.199 113.354 113.531 113.656 113.786 113.924 114.041 114.176 114.331 114.484 114.621 114.751 114.889 115.029 115.164 115.301 115.416 115.566 115.704 115.861 116.009 116.161 116.304
107.011 107.109 107.391 109.401 109.961 108.691 107.814 108.084 108.286 108.429 108.584 108.669 108.766 108.881 109.006 109.139 109.249 109.391 109.509 109.651 109.766 109.916 110.036 110.169 110.309 110.436 110.586 110.719 110.854 110.989 111.154 111.291 111.439 111.594 111.754 111.904 112.064 112.214 112.356 112.514 112.674 112.846 113.006 113.179 113.316 113.476 113.641 113.789 113.934 114.041 114.171 114.321 114.441 114.576 114.726 114.881 115.004 115.146 115.314 115.446 115.581 115.711 115.854 115.999 116.164 116.301 116.454
107.221 107.361 107.511 107.926 109.186 109.974 109.571 108.071 108.356 108.544 108.689 108.821 108.904 109.019 109.146 109.264 109.384 109.519 109.651 109.776 109.894 110.014 110.159 110.279 110.414 110.551 110.696 110.834 110.986 111.129 111.276 111.411 111.561 111.721 111.874 112.026 112.166 112.329 112.489 112.641 112.809 112.976 113.119 113.289 113.436 113.596 113.764 113.906 114.036 114.191 114.296 114.426 114.554 114.704 114.834 114.954 115.111 115.281 115.441 115.569 115.719 115.851 115.979 116.144 116.309 116.446 116.584
107.409 107.539 107.671 107.829 108.019 109.184 110.356 109.139 108.354 108.644 108.791 108.939 109.051 109.159 109.284 109.406 109.549 109.651 109.779 109.901 110.019 110.121 110.249 110.371 110.531 110.656 110.794 110.936 111.104 111.241 111.404 111.536 111.701 111.861 112.014 112.159 112.304 112.454 112.619 112.769 112.926 113.114 113.251 113.429 113.551 113.719 113.879 114.041 114.196 114.314 114.434 114.554 114.679 114.826 114.964 115.116 115.259 115.406 115.576 115.699 115.854 115.986 116.124 116.291 116.421 116.571 116.711
107.594 107.751 107.866 107.981 108.109 108.296 110.196 110.774 109.346 108.639 108.879 109.036 109.159 109.291 109.421 109.529 109.656 109.779 109.891 110.016 110.129 110.236 110.349 110.494 110.609 110.751 110.896 111.041 111.189 111.346 111.496 111.679 111.814 111.984 112.151 112.271 112.421 112.564 112.749 112.881 113.059 113.219 113.361 113.534 113.674 113.839 114.021 114.159 114.299 114.434 114.559 114.684 114.801 114.949 115.081 115.236 115.406 115.554 115.699 115.849 115.994 116.129 116.261 116.409 116.554 116.694 116.866
107.764 107.906 108.031 108.154 108.256 108.379 109.034 110.116 111.126 109.834 108.849 109.099 109.269 109.399 109.539 109.674 109.776 109.914 110.001 110.109 110.226 110.351 110.469 110.584 110.726 110.896 111.004 111.151 111.316 111.464 111.629 111.779 111.946 112.119 112.264 112.394 112.539 112.691 112.861 113.014 113.204 113.341 113.501 113.649 113.799 113.966 114.124 114.276 114.414 114.549 114.656 114.769 114.936 115.046 115.204 115.359 115.541 115.679 115.829 116.004 116.131 116.261 116.411 116.549 116.676 116.821 116.991
107.911 108.081 108.204 108.321 108.414 108.509 108.626 108.989 110.259 110.984 109.726 109.046 109.306 109.481 109.649 109.779 109.886 110.001 110.126 110.219 110.351 110.449 110.554 110.691 110.834 110.989 111.114 111.256 111.409 111.576 111.751 111.904 112.094 112.234 112.406 112.539 112.659 112.814 112.984 113.139 113.291 113.464 113.619 113.789 113.951 114.081 114.239 114.374 114.529 114.654 114.776 114.896 115.029 115.169 115.324 115.496 115.651 115.816 115.979 116.121 116.271 116.396 116.516 116.674 116.824 116.949 117.094
108.056 108.201 108.359 108.454 108.564 108.671 108.774 108.899 109.166 110.566 111.716 109.779 109.239 109.514 109.699 109.841 109.991 110.099 110.206 110.326 110.436 110.541 110.666 110.784 110.936 111.066 111.224 111.376 111.509 111.694 111.866 112.024 112.174 112.324 112.504 112.656 112.796 112.944 113.116 113.269 113.426 113.611 113.754 113.909 114.069 114.204 114.366 114.496 114.626 114.759 114.894 115.029 115.174 115.299 115.446 115.609 115.789 115.949 116.121 116.261 116.399 116.549 116.664 116.834 116.966 117.096 117.256
108.186 108.349 108.486 108.589 108.714 108.811 108.946 109.034 109.164 109.624 111.786 111.496 110.656 109.459 109.734 109.904 110.056 110.211 110.314 110.421 110.541 110.659 110.754 110.884 111.004 111.164 111.324 111.486 111.636 111.806 111.964 112.146 112.306 112.469 112.619 112.769 112.926 113.064 113.219 113.396 113.574 113.729 113.866 114.024 114.181 114.329 114.481 114.621 114.759 114.891 115.029 115.169 115.279 115.421 115.599 115.759 115.931 116.079 116.229 116.374 116.531 116.696 116.834 116.989 117.111 117.251 117.404
108.331 108.466 108.561 108.694 108.826 108.994 109.116 109.214 109.309 109.389 109.764 110.866 111.704 110.084 109.689 109.954 110.129 110.279 110.406 110.539 110.636 110.769 110.866 110.986 111.131 111.281 111.434 111.601 111.746 111.909 112.084 112.259 112.429 112.574 112.734 112.904 113.066 113.189 113.364 113.506 113.676 113.859 113.991 114.159 114.304 114.451 114.589 114.739 114.894 115.016 115.186 115.294 115.449 115.586 115.749 115.904 116.079 116.189 116.351 116.526 116.684 116.846 116.981 117.106 117.254 117.431 117.571
108.461 108.551 108.671 108.824 108.979 109.121 109.274 109.381 109.444 109.519 109.576 109.831 110.934 112.431 110.994 109.869 110.179 110.326 110.479 110.631 110.744 110.881 110.981 111.134 111.246 111.394 111.534 111.709 111.884 112.039 112.199 112.381 112.534 112.691 112.871 113.024 113.199 113.336 113.469 113.641 113.801 113.954 114.106 114.271 114.431 114.581 114.724 114.886 115.036 115.164 115.294 115.444 115.591 115.751 115.894 116.049 116.199 116.351 116.531 116.659 116.834 116.971 117.114 117.294 117.456 117.621 118.159
108.589 108.664 108.829 108.959 109.099 109.259 109.389 109.516 109.566 109.616 109.699 109.779 110.879 111.679 111.994 110.469 110.161 110.414 110.556 110.726 110.864 110.996 111.101 111.246 111.396 111.509 111.656 111.844 112.001 112.194 112.334 112.484 112.654 112.814 112.979 113.144 113.306 113.476 113.601 113.764 113.924 114.089 114.229 114.384 114.534 114.699 114.856 115.011 115.154 115.294 115.459 115.579 115.734 115.899 116.066 116.186 116.346 116.509 116.676 116.826 116.974 117.129 117.311 117.484 117.774 118.726 118.506
108.729 108.834 108.969 109.099 109.246 109.381 109.474 109.584 109.681 109.759 109.819 109.906 110.016 110.499 111.311 112.584 111.269 110.361 110.621 110.809 110.959 111.116 111.271 111.401 111.496 111.651 111.784 111.969 112.129 112.296 112.449 112.614 112.761 112.931 113.101 113.274 113.451 113.601 113.749 113.909 114.059 114.201 114.346 114.526 114.649 114.826 114.976 115.116 115.299 115.449 115.561 115.726 115.889 116.064 116.189 116.331 116.481 116.636 116.786 116.951 117.109 117.299 117.511 118.331 119.034 118.666 118.094
108.876 108.996 109.134 109.256 109.374 109.501 109.589 109.671 109.759 109.846 109.956 110.014 110.114 110.209 110.579 111.559 112.126 111.116 110.611 110.859 111.041 111.206 111.376 111.524 111.661 111.781 111.926 112.096 112.229 112.431 112.559 112.731 112.911 113.059 113.204 113.381 113.541 113.724 113.876 114.031 114.179 114.301 114.459 114.629 114.796 114.941 115.116 115.251 115.406 115.566 115.714 115.861 115.999 116.151 116.319 116.469 116.614 116.744 116.899 117.094 117.289 117.944 118.551 118.694 118.146 118.101 118.301
109.024 109.154 109.281 109.379 109.496 109.599 109.686 109.736 109.851 109.946 110.046 110.139 110.199 110.329 110.434 110.969 112.056 112.509 111.421 110.864 111.144 111.291 111.479 111.651 111.776 111.919 112.046 112.216 112.344 112.526 112.684 112.859 113.029 113.189 113.356 113.481 113.669 113.846 114.026 114.159 114.301 114.456 114.611 114.749 114.914 115.069 115.221 115.369 115.524 115.676 115.824 115.989 116.136 116.291 116.434 116.586 116.736 116.886 117.066 117.454 117.851 119.291 118.336 117.934 118.151 118.329 118.544
109.169 109.299 109.406 109.521 109.614 109.689 109.781 109.869 109.929 110.049 110.166 110.264 110.336 110.439 110.541 110.686 111.169 112.859 113.031 111.131 111.106 111.421 111.566 111.746 111.934 112.041 112.196 112.331 112.496 112.664 112.796 112.976 113.141 113.301 113.459 113.609 113.794 113.969 114.149 114.294 114.446 114.574 114.739 114.871 115.021 115.181 115.341 115.514 115.636 115.781 115.946 116.104 116.256 116.411 116.556 116.719 116.879 117.059 117.816 119.189 117.979 117.729 117.926 118.151 118.359 118.581 118.776
109.319 109.429 109.521 109.614 109.691 109.776 109.846 109.961 110.054 110.154 110.264 110.336 110.459 110.556 110.649 110.756 110.909 111.596 113.379 113.124 111.584 111.391 111.674 111.841 112.021 112.189 112.326 112.471 112.619 112.776 112.931 113.111 113.256 113.426 113.599 113.746 113.901 114.081 114.251 114.436 114.566 114.719 114.871 114.999 115.154 115.301 115.466 115.599 115.751 115.911 116.051 116.231 116.379 116.519 116.711 116.864 117.539 117.539 118.611 117.711 117.696 117.951 118.171 118.379 118.601 118.836 119.064
109.444 109.546 109.611 109.694 109.761 109.844 109.941 110.044 110.156 110.244 110.311 110.456 110.539 110.656 110.761 110.846 110.991 111.139 111.806 113.746 113.471 111.814 111.656 111.941 112.116 112.304 112.496 112.629 112.779 112.934 113.049 113.226 113.404 113.544 113.714 113.879 114.036 114.211 114.379 114.536 114.691 114.846 114.989 115.131 115.296 115.436 115.589 115.734 115.866 116.036 116.204 116.346 116.521 116.681 116.861 117.809 119.131 117.869 117.459 117.664 117.904 118.129 118.356 118.589 118.861 119.119 119.349
109.539 109.639 109.704 109.754 109.836 109.921 110.024 110.124 110.221 110.326 110.414 110.544 110.606 110.754 110.869 110.969 111.096 111.191 111.339 112.156 113.646 113.874 112.069 111.939 112.209 112.381 112.576 112.746 112.919 113.029 113.181 113.346 113.506 113.651 113.826 113.994 114.166 114.329 114.504 114.641 114.799 114.949 115.101 115.286 115.439 115.586 115.704 115.861 116.024 116.196 116.321 116.489 116.684 117.096 117.676 117.919 117.679 117.406 117.636 117.874 118.066 118.319 118.579 118.841 119.121 119.406 119.676
