Matlab/Roost_data/braunton/dsm/ss5137_DSM_2M.asc
ncols 500
nrows 500
xllcorner    251000
yllcorner    137000
cellsize     2
NODATA_value -9999
[rows 450 to 479 of 500, columns 402 to 468 of 500]
119.959 119.841 119.699 119.591 119.431 119.299 119.169 119.026 118.896 118.781 118.614 118.459 118.309 118.161 118.024 117.881 117.744 117.629 117.491 117.376 117.256 117.106 117.006 116.871 116.746 116.621 116.509 116.374 116.256 116.121 116.004 115.896 115.766 115.646 115.494 115.354 115.194 115.061 114.894 114.769 114.596 114.414 114.241 114.069 113.866 113.684 113.464 113.271 113.053 112.843 112.626 112.403 112.193 111.976 111.736 111.491 111.231 110.988 110.731 110.478 110.196 109.931 109.651 109.401 109.121 108.858 108.601
120.076 119.904 119.794 119.669 119.514 119.361 119.229 119.109 118.984 118.881 118.716 118.534 118.391 118.259 118.129 117.959 117.859 117.749 117.611 117.499 117.354 117.229 117.124 116.984 116.831 116.734 116.606 116.494 116.381 116.264 116.146 116.049 115.916 115.786 115.641 115.479 115.336 115.196 115.051 114.909 114.751 114.589 114.419 114.224 114.041 113.856 113.636 113.434 113.238 113.008 112.788 112.596 112.351 112.153 111.916 111.666 111.426 111.193 110.948 110.691 110.441 110.191 109.918 109.663 109.403 109.143 108.888
120.241 120.019 119.869 119.719 119.594 119.436 119.309 119.179 119.044 118.921 118.779 118.624 118.484 118.346 118.214 118.066 117.969 117.826 117.731 117.594 117.459 117.341 117.211 117.099 116.976 116.836 116.714 116.616 116.516 116.381 116.269 116.154 116.024 115.891 115.756 115.609 115.479 115.324 115.176 115.026 114.879 114.726 114.569 114.384 114.206 114.001 113.829 113.611 113.393 113.161 112.951 112.723 112.493 112.276 112.048 111.821 111.581 111.363 111.138 110.896 110.643 110.393 110.178 109.911 109.663 109.381 109.153
120.354 120.146 119.931 119.764 119.644 119.474 119.331 119.234 119.091 118.976 118.834 118.694 118.539 118.419 118.286 118.179 118.046 117.926 117.801 117.664 117.561 117.441 117.294 117.194 117.074 116.934 116.836 116.734 116.626 116.514 116.396 116.259 116.126 115.994 115.854 115.721 115.589 115.441 115.289 115.141 114.986 114.841 114.679 114.519 114.336 114.154 113.961 113.754 113.513 113.303 113.098 112.856 112.628 112.413 112.193 111.956 111.731 111.501 111.288 111.056 110.828 110.593 110.366 110.126 109.886 109.633 109.363
120.469 120.286 120.031 119.821 119.664 119.539 119.404 119.271 119.151 119.021 118.886 118.751 118.624 118.484 118.351 118.234 118.134 118.004 117.879 117.754 117.664 117.526 117.406 117.284 117.176 117.054 116.941 116.819 116.709 116.589 116.481 116.341 116.231 116.079 115.931 115.819 115.659 115.519 115.384 115.226 115.094 114.936 114.791 114.621 114.466 114.264 114.071 113.864 113.643 113.443 113.201 112.973 112.751 112.518 112.293 112.071 111.858 111.643 111.408 111.183 110.973 110.751 110.513 110.303 110.073 109.808 109.556
120.559 120.344 120.174 119.946 119.729 119.571 119.454 119.331 119.216 119.069 118.939 118.814 118.669 118.536 118.461 118.331 118.219 118.076 117.949 117.844 117.724 117.611 117.489 117.384 117.234 117.124 117.026 116.909 116.784 116.674 116.541 116.431 116.286 116.151 116.024 115.881 115.744 115.594 115.459 115.321 115.186 115.036 114.881 114.736 114.546 114.374 114.191 113.986 113.768 113.561 113.338 113.096 112.871 112.633 112.393 112.178 111.968 111.746 111.523 111.306 111.098 110.871 110.646 110.436 110.208 109.956 109.708
120.611 120.449 120.279 120.091 119.834 119.644 119.491 119.381 119.256 119.126 118.996 118.871 118.724 118.606 118.486 118.379 118.271 118.141 118.026 117.916 117.809 117.679 117.571 117.446 117.319 117.221 117.091 116.976 116.849 116.734 116.604 116.491 116.371 116.229 116.089 115.959 115.834 115.706 115.561 115.416 115.274 115.124 114.976 114.811 114.656 114.469 114.289 114.091 113.893 113.681 113.441 113.228 112.996 112.748 112.521 112.298 112.078 111.836 111.636 111.421 111.231 111.003 110.778 110.571 110.336 110.091 109.863
120.614 120.506 120.334 120.154 120.004 119.771 119.571 119.429 119.296 119.174 119.034 118.901 118.779 118.674 118.549 118.454 118.341 118.214 118.106 117.961 117.859 117.764 117.646 117.539 117.399 117.274 117.156 117.066 116.914 116.809 116.671 116.546 116.416 116.311 116.174 116.041 115.921 115.794 115.646 115.506 115.349 115.194 115.056 114.899 114.726 114.579 114.374 114.184 114.003 113.786 113.563 113.328 113.106 112.861 112.633 112.418 112.196 111.976 111.763 111.543 111.333 111.126 110.906 110.681 110.458 110.231 110.008
120.604 120.529 120.386 120.234 120.086 119.889 119.666 119.509 119.356 119.236 119.101 118.954 118.844 118.714 118.614 118.511 118.379 118.276 118.161 118.036 117.924 117.814 117.709 117.586 117.471 117.344 117.224 117.096 116.989 116.861 116.751 116.619 116.501 116.386 116.266 116.121 115.991 115.856 115.721 115.584 115.439 115.294 115.149 114.989 114.821 114.641 114.466 114.296 114.108 113.906 113.686 113.456 113.221 112.973 112.751 112.551 112.321 112.081 111.876 111.663 111.463 111.271 111.061 110.803 110.536 110.293 110.136
120.631 120.544 120.444 120.306 120.156 119.986 119.801 119.606 119.476 119.296 119.151 119.009 118.909 118.789 118.671 118.564 118.454 118.339 118.236 118.099 117.994 117.889 117.766 117.674 117.536 117.411 117.299 117.176 117.054 116.944 116.811 116.686 116.579 116.449 116.336 116.201 116.064 115.936 115.816 115.664 115.529 115.381 115.229 115.064 114.916 114.739 114.571 114.394 114.216 114.001 113.773 113.541 113.313 113.091 112.858 112.653 112.458 112.243 112.048 111.786 111.586 111.373 111.266 111.223 111.488 111.621 111.738
120.586 120.549 120.471 120.344 120.239 120.101 119.926 119.749 119.596 119.391 119.221 119.101 118.979 118.854 118.749 118.639 118.541 118.414 118.299 118.181 118.084 117.954 117.856 117.726 117.604 117.491 117.359 117.249 117.141 117.006 116.896 116.769 116.641 116.521 116.419 116.291 116.141 116.019 115.896 115.749 115.601 115.476 115.291 115.149 114.981 114.816 114.639 114.461 114.253 114.063 113.851 113.613 113.421 113.226 113.011 112.796 112.528 112.303 112.146 111.916 112.196 112.438 112.656 112.616 112.286 111.758 111.181
120.579 120.504 120.471 120.421 120.314 120.204 120.051 119.906 119.709 119.514 119.334 119.186 119.049 118.931 118.814 118.731 118.621 118.499 118.361 118.271 118.159 118.011 117.916 117.786 117.666 117.541 117.414 117.319 117.191 117.074 116.951 116.836 116.724 116.616 116.486 116.346 116.236 116.104 115.976 115.839 115.706 115.544 115.391 115.231 115.051 114.866 114.706 114.526 114.336 114.158 113.956 113.733 113.511 113.288 113.066 112.923 113.063 113.298 113.413 113.351 112.993 112.568 111.896 111.586 111.218 110.951 110.731
120.621 120.509 120.429 120.391 120.326 120.259 120.156 120.036 119.861 119.641 119.476 119.294 119.156 119.014 118.901 118.801 118.686 118.566 118.439 118.326 118.204 118.086 117.964 117.836 117.719 117.589 117.469 117.374 117.256 117.146 117.034 116.914 116.819 116.719 116.584 116.429 116.309 116.171 116.051 115.921 115.776 115.609 115.466 115.334 115.129 114.956 114.806 114.654 114.443 114.216 113.991 113.828 113.738 113.873 114.091 114.198 114.053 113.623 112.901 112.438 112.106 111.876 111.688 111.481 111.271 111.063 110.833
120.654 120.564 120.449 120.361 120.344 120.301 120.216 120.104 119.981 119.819 119.624 119.456 119.259 119.099 118.984 118.866 118.759 118.631 118.524 118.391 118.266 118.156 118.021 117.904 117.796 117.654 117.546 117.449 117.326 117.211 117.116 117.009 116.914 116.789 116.656 116.529 116.389 116.241 116.106 115.964 115.836 115.684 115.574 115.416 115.271 115.104 114.906 114.679 114.513 114.461 114.786 114.976 115.071 114.688 114.211 113.663 113.111 112.778 112.566 112.381 112.193 112.018 111.796 111.591 111.368 111.186 110.978
120.716 120.581 120.506 120.414 120.314 120.289 120.241 120.129 120.064 119.939 119.786 119.629 119.416 119.204 119.066 118.951 118.821 118.716 118.591 118.446 118.339 118.214 118.104 117.991 117.859 117.744 117.646 117.546 117.424 117.319 117.201 117.089 116.986 116.869 116.751 116.619 116.476 116.331 116.199 116.084 115.949 115.819 115.674 115.539 115.316 115.216 115.344 115.616 115.698 115.636 114.993 114.713 113.956 113.643 113.436 113.258 113.066 112.868 112.686 112.481 112.283 112.088 111.906 111.728 111.528 111.338 111.138
120.774 120.669 120.551 120.439 120.344 120.254 120.236 120.171 120.114 120.036 119.906 119.764 119.589 119.384 119.164 119.024 118.899 118.794 118.674 118.549 118.424 118.304 118.184 118.066 117.954 117.851 117.729 117.629 117.524 117.409 117.269 117.164 117.054 116.936 116.814 116.681 116.559 116.434 116.321 116.179 116.044 115.891 115.839 116.009 116.376 116.436 116.129 115.529 115.081 114.543 114.268 114.106 113.898 113.736 113.573 113.361 113.171 112.976 112.788 112.631 112.453 112.268 112.071 111.873 111.681 111.458 111.276
120.841 120.724 120.629 120.501 120.411 120.296 120.186 120.196 120.149 120.069 119.991 119.884 119.764 119.594 119.356 119.134 118.994 118.894 118.746 118.616 118.501 118.384 118.269 118.161 118.051 117.946 117.811 117.704 117.604 117.484 117.359 117.276 117.141 117.009 116.906 116.791 116.679 116.531 116.409 116.244 116.416 116.831 117.089 116.789 116.054 115.391 115.096 114.876 114.703 114.556 114.383 114.206 114.023 113.813 113.641 113.478 113.313 113.133 112.968 112.781 112.596 112.426 112.226 112.026 111.823 111.641 111.443
120.884 120.774 120.674 120.556 120.469 120.349 120.254 120.176 120.141 120.111 120.051 119.981 119.879 119.739 119.556 119.346 119.101 118.946 118.829 118.731 118.606 118.486 118.366 118.256 118.154 118.041 117.924 117.816 117.701 117.574 117.456 117.351 117.239 117.126 117.026 116.884 116.696 116.674 117.064 117.456 117.544 117.039 116.081 115.676 115.441 115.284 115.141 114.989 114.831 114.636 114.461 114.301 114.138 113.961 113.788 113.646 113.461 113.286 113.101 112.928 112.746 112.556 112.371 112.176 111.993 111.816 111.606
120.961 120.861 120.721 120.609 120.489 120.399 120.321 120.219 120.144 120.104 120.056 120.024 119.949 119.856 119.716 119.511 119.306 119.049 118.901 118.816 118.696 118.586 118.484 118.374 118.249 118.136 118.031 117.914 117.776 117.676 117.571 117.466 117.364 117.236 117.086 117.019 117.619 118.036 117.769 117.126 116.356 115.959 115.821 115.666 115.521 115.381 115.216 115.051 114.898 114.746 114.578 114.443 114.266 114.103 113.943 113.766 113.601 113.421 113.258 113.066 112.891 112.703 112.513 112.306 112.121 111.938 111.741
121.016 120.909 120.776 120.669 120.539 120.461 120.384 120.289 120.201 120.119 120.071 120.029 119.976 119.896 119.811 119.664 119.459 119.229 119.009 118.864 118.789 118.661 118.576 118.471 118.344 118.214 118.099 117.986 117.874 117.781 117.674 117.574 117.411 117.624 118.004 118.306 118.079 117.351 116.654 116.309 116.149 116.041 115.886 115.764 115.621 115.459 115.316 115.161 115.006 114.858 114.728 114.568 114.386 114.228 114.066 113.918 113.743 113.558 113.368 113.188 113.016 112.826 112.633 112.451 112.258 112.073 111.878
121.054 120.954 120.859 120.736 120.616 120.516 120.449 120.356 120.284 120.196 120.114 120.024 119.981 119.964 119.904 119.794 119.604 119.404 119.176 118.969 118.871 118.754 118.646 118.529 118.421 118.291 118.179 118.106 117.976 117.839 117.691 118.064 118.439 118.644 118.406 117.571 117.026 116.689 116.546 116.401 116.259 116.126 115.989 115.849 115.706 115.561 115.404 115.271 115.133 114.986 114.826 114.668 114.511 114.368 114.213 114.021 113.851 113.671 113.473 113.303 113.136 112.941 112.771 112.581 112.373 112.193 111.993
121.136 121.014 120.909 120.816 120.694 120.589 120.496 120.426 120.369 120.286 120.176 120.069 119.994 119.976 119.971 119.864 119.739 119.556 119.341 119.151 118.994 118.834 118.724 118.606 118.469 118.364 118.271 118.164 118.109 118.319 118.761 118.956 118.551 117.856 117.291 117.019 116.904 116.746 116.624 116.491 116.354 116.214 116.109 115.949 115.811 115.654 115.521 115.374 115.216 115.096 114.943 114.778 114.603 114.446 114.296 114.113 113.956 113.793 113.608 113.421 113.256 113.058 112.876 112.671 112.468 112.276 112.086
121.184 121.086 120.989 120.871 120.759 120.654 120.539 120.471 120.424 120.341 120.244 120.166 120.056 120.016 119.994 119.956 119.834 119.649 119.449 119.289 119.149 118.979 118.804 118.676 118.546 118.406 118.454 118.834 119.291 119.199 118.646 117.991 117.546 117.376 117.259 117.109 116.979 116.856 116.724 116.564 116.454 116.304 116.194 116.041 115.904 115.749 115.624 115.466 115.308 115.161 115.008 114.833 114.693 114.553 114.388 114.223 114.068 113.878 113.713 113.526 113.336 113.131 112.938 112.738 112.556 112.348 112.168
121.254 121.151 121.039 120.934 120.839 120.734 120.616 120.511 120.439 120.366 120.306 120.231 120.096 120.061 120.006 119.994 119.909 119.754 119.539 119.384 119.274 119.124 118.921 118.761 118.891 119.154 119.586 119.549 118.816 118.221 117.826 117.701 117.591 117.456 117.324 117.189 117.076 116.926 116.801 116.674 116.546 116.409 116.264 116.149 115.996 115.854 115.694 115.541 115.396 115.241 115.071 114.958 114.813 114.648 114.481 114.323 114.146 113.973 113.781 113.598 113.411 113.218 113.003 112.821 112.636 112.411 112.243
121.286 121.189 121.086 121.014 120.934 120.816 120.704 120.606 120.496 120.399 120.324 120.226 120.136 120.084 120.059 119.964 119.901 119.796 119.631 119.494 119.344 119.189 119.356 119.731 119.884 119.459 118.881 118.431 118.174 118.031 117.891 117.764 117.644 117.514 117.394 117.286 117.166 117.016 116.884 116.749 116.616 116.489 116.364 116.201 116.054 115.896 115.751 115.614 115.473 115.336 115.186 115.023 114.886 114.716 114.541 114.386 114.203 114.028 113.843 113.656 113.471 113.281 113.073 112.888 112.688 112.496 112.316
121.349 121.246 121.151 121.054 120.966 120.851 120.746 120.659 120.544 120.441 120.354 120.271 120.121 120.141 120.071 119.981 119.874 119.789 119.676 119.551 119.819 120.076 120.181 119.676 118.984 118.619 118.509 118.369 118.236 118.109 117.949 117.839 117.729 117.604 117.494 117.379 117.264 117.109 116.971 116.834 116.701 116.549 116.399 116.254 116.116 115.961 115.844 115.696 115.561 115.406 115.251 115.096 114.926 114.763 114.596 114.436 114.273 114.083 113.888 113.718 113.528 113.341 113.158 112.948 112.756 112.563 112.346
121.391 121.279 121.201 121.109 121.019 120.914 120.819 120.729 120.619 120.544 120.449 120.326 120.224 120.156 120.096 119.981 119.864 119.781 119.739 119.691 120.429 119.871 119.216 119.001 118.839 118.691 118.574 118.436 118.299 118.186 118.051 117.934 117.829 117.724 117.591 117.461 117.326 117.189 117.031 116.899 116.744 116.594 116.441 116.314 116.184 116.041 115.894 115.739 115.603 115.441 115.283 115.133 114.963 114.803 114.641 114.483 114.301 114.123 113.946 113.783 113.583 113.393 113.211 113.001 112.816 112.608 112.416
121.421 121.341 121.246 121.196 121.101 121.004 120.916 120.804 120.709 120.599 120.464 120.331 120.206 120.121 120.061 119.931 119.849 119.744 119.699 119.609 119.444 119.276 119.164 119.061 118.914 118.776 118.674 118.529 118.411 118.286 118.161 118.039 117.899 117.771 117.649 117.519 117.389 117.241 117.089 116.926 116.794 116.666 116.511 116.361 116.224 116.094 115.941 115.771 115.638 115.476 115.323 115.161 115.031 114.853 114.676 114.541 114.366 114.191 114.006 113.828 113.646 113.466 113.276 113.066 112.876 112.673 112.483
121.506 121.416 121.314 121.239 121.156 121.066 120.939 120.914 120.871 120.994 120.936 121.026 120.456 120.154 120.494 120.769 119.841 119.711 119.629 119.604 119.489 119.334 119.186 119.116 119.024 118.894 118.766 118.646 118.506 118.366 118.254 118.134 117.989 117.851 117.696 117.539 117.424 117.266 117.131 116.986 116.856 116.706 116.571 116.409 116.266 116.101 115.969 115.816 115.676 115.501 115.351 115.218 115.056 114.893 114.756 114.568 114.393 114.226 114.061 113.878 113.706 113.518 113.316 113.116 112.943 112.731 112.526
121.541 121.531 121.566 121.666 121.829 121.901 122.061 122.009 121.926 121.879 121.646 121.424 120.671 120.261 120.484 121.326 119.964 119.671 119.599 119.549 119.516 119.404 119.279 119.179 119.091 118.994 118.854 118.749 118.604 118.471 118.326 118.211 118.056 117.881 117.741 117.601 117.479 117.329 117.191 117.039 116.881 116.731 116.584 116.424 116.271 116.141 115.994 115.831 115.696 115.556 115.396 115.263 115.088 114.946 114.781 114.626 114.466 114.298 114.118 113.928 113.756 113.571 113.368 113.178 112.961 112.766 112.566
