Matlab/Roost_data/braunton/dsm/ss5138_DSM_2M.asc
ncols 500
nrows 500
xllcorner    251000
yllcorner    138000
cellsize     2
NODATA_value -9999
[rows 435 to 463 of 500, columns 201 to 267 of 500]
132.634 132.639 132.634 132.609 132.619 132.656 132.691 132.736 132.776 132.824 132.886 132.939 132.901 132.919 132.966 133.059 133.111 133.191 133.239 133.329 133.574 134.136 134.586 134.779 134.444 134.014 133.641 133.779 133.964 134.086 134.214 134.346 134.466 134.569 134.654 134.724 134.841 134.926 134.994 135.086 135.171 135.289 135.369 135.451 135.531 135.596 135.721 135.806 135.889 135.971 136.079 136.149 136.241 136.324 136.421 136.526 136.636 136.744 136.854 136.956 137.089 137.194 137.314 137.406 137.519 137.619 137.711
132.571 132.546 132.509 132.569 132.576 132.631 132.649 132.676 132.694 132.696 132.751 132.671 132.471 132.354 132.424 132.569 132.724 132.876 132.981 133.224 134.451 134.469 133.976 133.494 133.411 133.564 133.721 133.839 134.006 134.116 134.216 134.306 134.409 134.484 134.596 134.669 134.741 134.841 134.939 135.034 135.104 135.221 135.319 135.396 135.499 135.591 135.696 135.786 135.849 135.946 136.019 136.089 136.194 136.276 136.364 136.489 136.584 136.696 136.784 136.899 137.056 137.169 137.279 137.379 137.481 137.566 137.659
132.424 132.426 132.459 132.521 132.541 132.536 132.529 132.496 132.526 132.424 132.344 132.361 132.109 131.914 132.086 132.419 133.131 133.824 133.799 133.736 133.929 133.256 133.161 133.304 133.479 133.606 133.749 133.861 133.946 134.064 134.151 134.246 134.339 134.416 134.509 134.589 134.679 134.776 134.906 134.979 135.074 135.189 135.274 135.366 135.466 135.544 135.629 135.701 135.794 135.859 135.949 136.021 136.149 136.256 136.364 136.441 136.544 136.661 136.761 136.871 136.989 137.129 137.206 137.304 137.416 137.491 137.614
132.344 132.384 132.409 132.449 132.414 132.376 132.349 132.281 132.139 132.001 131.881 131.881 131.861 132.004 132.581 133.096 134.331 134.864 133.441 132.909 132.879 133.044 133.204 133.346 133.471 133.644 133.784 133.861 133.944 134.026 134.104 134.169 134.234 134.351 134.449 134.529 134.626 134.736 134.834 134.931 135.031 135.116 135.221 135.309 135.414 135.504 135.601 135.676 135.759 135.841 135.919 136.019 136.116 136.201 136.289 136.391 136.479 136.581 136.714 136.831 136.921 137.034 137.144 137.251 137.341 137.476 137.596
132.284 132.336 132.344 132.304 132.259 132.201 132.061 131.554 132.701 133.119 132.336 131.899 131.976 132.854 133.929 135.039 133.739 132.686 132.616 132.769 132.961 133.109 133.229 133.361 133.484 133.616 133.656 133.761 133.839 133.916 134.001 134.111 134.184 134.279 134.394 134.484 134.601 134.679 134.786 134.899 134.996 135.089 135.224 135.301 135.366 135.456 135.536 135.604 135.691 135.789 135.859 135.974 136.041 136.141 136.256 136.351 136.436 136.566 136.684 136.799 136.871 136.994 137.121 137.204 137.334 137.459 137.539
132.254 132.246 132.219 132.169 132.114 131.681 131.471 131.436 132.721 132.404 132.604 132.216 132.669 132.691 132.694 132.859 132.314 132.504 132.656 132.819 132.971 133.106 133.234 133.319 133.391 133.504 133.611 133.671 133.729 133.831 133.911 134.039 134.141 134.244 134.334 134.436 134.529 134.651 134.739 134.831 134.936 135.026 135.119 135.179 135.299 135.384 135.484 135.566 135.649 135.731 135.821 135.926 135.996 136.099 136.226 136.291 136.391 136.516 136.626 136.719 136.809 136.929 137.051 137.166 137.274 137.386 137.484
132.161 132.131 132.056 131.806 131.469 131.411 131.899 132.004 132.006 133.599 133.584 132.841 132.899 132.159 132.079 132.216 132.389 132.554 132.691 132.844 132.971 133.064 133.186 133.251 133.341 133.436 133.499 133.614 133.691 133.769 133.861 133.966 134.059 134.151 134.266 134.361 134.479 134.574 134.671 134.776 134.846 134.954 135.056 135.154 135.266 135.336 135.421 135.516 135.594 135.676 135.766 135.856 135.964 136.064 136.151 136.254 136.381 136.479 136.574 136.676 136.794 136.891 136.994 137.131 137.226 137.306 137.439
132.069 132.006 131.984 131.509 131.356 131.639 132.476 132.694 133.081 132.799 133.274 131.996 131.936 131.984 132.129 132.284 132.444 132.581 132.691 132.791 132.894 132.996 133.074 133.134 133.236 133.354 133.434 133.541 133.611 133.711 133.804 133.896 134.009 134.139 134.219 134.306 134.416 134.509 134.599 134.691 134.809 134.901 135.001 135.116 135.181 135.284 135.366 135.459 135.546 135.636 135.706 135.816 135.906 136.031 136.114 136.211 136.319 136.436 136.526 136.631 136.741 136.829 136.959 137.064 137.169 137.271 137.394
131.921 131.954 132.021 132.041 131.761 131.754 132.469 133.564 133.299 132.181 132.781 131.829 131.919 132.061 132.184 132.326 132.456 132.561 132.644 132.729 132.844 132.916 132.979 133.066 133.189 133.269 133.361 133.451 133.559 133.644 133.734 133.831 133.949 134.056 134.144 134.221 134.329 134.424 134.529 134.641 134.766 134.849 134.934 135.016 135.151 135.231 135.331 135.406 135.491 135.586 135.666 135.776 135.876 135.966 136.084 136.186 136.281 136.389 136.491 136.609 136.706 136.811 136.921 137.026 137.124 137.221 137.299
131.779 131.951 132.126 132.399 133.414 131.744 132.476 132.616 131.849 131.674 131.771 131.864 131.984 132.121 132.231 132.346 132.449 132.551 132.626 132.681 132.736 132.854 132.944 133.034 133.121 133.194 133.291 133.361 133.474 133.581 133.664 133.759 133.874 133.964 134.066 134.144 134.286 134.369 134.496 134.579 134.661 134.774 134.874 134.971 135.059 135.171 135.241 135.334 135.439 135.536 135.626 135.764 135.826 135.944 136.066 136.159 136.234 136.344 136.449 136.554 136.654 136.746 136.839 136.949 137.071 137.156 137.291
131.824 132.196 132.261 131.829 131.531 131.749 132.114 131.609 131.589 131.704 131.829 131.936 132.044 132.134 132.206 132.271 132.381 132.471 132.521 132.601 132.691 132.774 132.869 132.971 133.036 133.106 133.204 133.306 133.426 133.521 133.599 133.711 133.796 133.889 133.991 134.111 134.221 134.301 134.414 134.506 134.611 134.729 134.824 134.906 134.981 135.081 135.199 135.309 135.406 135.504 135.606 135.711 135.799 135.916 136.014 136.104 136.204 136.294 136.411 136.496 136.604 136.704 136.811 136.926 137.066 137.176 137.246
132.491 132.644 131.669 131.386 131.579 131.514 131.474 131.539 131.681 131.764 131.886 131.979 132.056 132.096 132.186 132.264 132.309 132.391 132.471 132.526 132.624 132.706 132.816 132.891 132.984 133.074 133.169 133.261 133.331 133.419 133.504 133.624 133.714 133.809 133.944 134.034 134.126 134.269 134.349 134.464 134.576 134.664 134.744 134.849 134.936 135.049 135.169 135.261 135.376 135.451 135.576 135.669 135.774 135.889 135.971 136.101 136.204 136.284 136.349 136.456 136.556 136.676 136.774 136.894 136.999 137.074 137.174
132.214 132.004 131.466 131.386 131.326 131.349 131.481 131.591 131.689 131.786 131.886 131.944 132.016 132.079 132.151 132.201 132.259 132.326 132.411 132.476 132.591 132.691 132.776 132.854 132.914 132.991 133.086 133.176 133.241 133.341 133.476 133.569 133.659 133.769 133.876 133.979 134.074 134.179 134.266 134.386 134.484 134.579 134.709 134.794 134.934 135.041 135.154 135.241 135.341 135.456 135.569 135.649 135.749 135.859 135.934 136.019 136.116 136.206 136.321 136.421 136.546 136.619 136.774 136.859 136.966 137.059 137.169
131.584 131.449 131.299 131.231 131.319 131.419 131.516 131.619 131.694 131.781 131.824 131.904 131.976 132.009 132.089 132.161 132.229 132.279 132.336 132.434 132.541 132.626 132.716 132.796 132.876 132.934 133.016 133.119 133.221 133.296 133.406 133.486 133.589 133.684 133.796 133.896 134.011 134.091 134.219 134.351 134.454 134.561 134.669 134.781 134.899 135.004 135.086 135.186 135.301 135.406 135.516 135.601 135.711 135.829 135.891 135.984 136.096 136.186 136.321 136.406 136.496 136.589 136.726 136.819 136.914 137.009 137.124
131.206 131.154 131.171 131.274 131.376 131.471 131.561 131.619 131.664 131.726 131.791 131.851 131.891 131.979 132.051 132.084 132.159 132.236 132.331 132.409 132.511 132.604 132.681 132.729 132.779 132.876 132.939 133.041 133.134 133.246 133.324 133.404 133.514 133.631 133.751 133.841 133.954 134.066 134.186 134.289 134.399 134.524 134.644 134.744 134.859 134.944 135.069 135.146 135.274 135.386 135.489 135.574 135.666 135.781 135.881 135.989 136.091 136.159 136.276 136.369 136.461 136.581 136.686 136.786 136.894 137.011 137.129
131.126 131.141 131.194 131.294 131.391 131.449 131.534 131.599 131.639 131.689 131.761 131.806 131.869 131.934 131.996 132.074 132.151 132.231 132.314 132.389 132.459 132.516 132.606 132.681 132.761 132.821 132.904 132.981 133.091 133.169 133.259 133.369 133.461 133.536 133.649 133.776 133.894 134.019 134.139 134.264 134.361 134.496 134.604 134.694 134.809 134.924 135.046 135.151 135.269 135.376 135.456 135.566 135.661 135.776 135.856 135.969 136.061 136.181 136.279 136.374 136.484 136.574 136.694 136.759 136.879 137.006 137.099
131.086 131.136 131.241 131.314 131.324 131.369 131.454 131.514 131.554 131.646 131.684 131.731 131.799 131.909 131.959 132.051 132.126 132.191 132.249 132.324 132.416 132.476 132.549 132.629 132.669 132.769 132.814 132.889 133.004 133.094 133.164 133.286 133.374 133.499 133.636 133.739 133.864 133.999 134.091 134.191 134.316 134.431 134.551 134.671 134.771 134.869 135.001 135.121 135.256 135.336 135.454 135.559 135.624 135.729 135.849 135.954 136.039 136.151 136.236 136.336 136.444 136.549 136.654 136.769 136.889 136.986 137.119
131.104 131.219 131.276 131.261 131.291 131.366 131.384 131.439 131.476 131.539 131.601 131.714 131.779 131.879 131.961 132.036 132.101 132.151 132.209 132.261 132.331 132.419 132.466 132.524 132.579 132.681 132.769 132.844 132.936 133.044 133.141 133.239 133.344 133.446 133.574 133.681 133.794 133.896 134.006 134.144 134.291 134.389 134.534 134.649 134.764 134.849 134.966 135.111 135.214 135.329 135.409 135.511 135.619 135.736 135.836 135.941 136.036 136.119 136.221 136.349 136.431 136.549 136.661 136.759 136.856 136.969 137.086
131.206 131.186 131.201 131.216 131.264 131.291 131.341 131.384 131.456 131.516 131.591 131.676 131.756 131.814 131.871 131.946 132.006 132.069 132.146 132.201 132.286 132.364 132.416 132.481 132.554 132.619 132.691 132.759 132.856 132.946 133.051 133.159 133.264 133.409 133.509 133.621 133.744 133.856 133.976 134.116 134.249 134.341 134.476 134.604 134.714 134.851 134.956 135.074 135.186 135.289 135.401 135.526 135.624 135.751 135.859 135.966 136.049 136.121 136.209 136.301 136.386 136.486 136.596 136.704 136.831 136.946 137.076
131.069 131.081 131.119 131.151 131.161 131.211 131.269 131.331 131.401 131.461 131.564 131.609 131.701 131.749 131.814 131.906 131.966 132.029 132.106 132.176 132.229 132.279 132.336 132.421 132.491 132.554 132.614 132.704 132.784 132.899 132.994 133.131 133.231 133.334 133.459 133.561 133.686 133.781 133.909 134.031 134.171 134.316 134.469 134.586 134.716 134.826 134.946 135.074 135.191 135.299 135.399 135.499 135.616 135.724 135.824 135.904 135.964 136.056 136.156 136.286 136.376 136.496 136.604 136.721 136.859 136.961 137.084
131.054 131.039 131.036 131.049 131.071 131.121 131.204 131.291 131.361 131.441 131.524 131.594 131.634 131.696 131.761 131.824 131.891 131.949 132.026 132.084 132.156 132.219 132.314 132.354 132.431 132.494 132.556 132.656 132.744 132.841 132.934 133.054 133.161 133.269 133.419 133.511 133.649 133.774 133.909 134.016 134.151 134.286 134.416 134.536 134.666 134.811 134.934 135.066 135.166 135.256 135.371 135.476 135.594 135.706 135.796 135.879 135.964 136.066 136.159 136.254 136.371 136.481 136.611 136.736 136.854 136.946 137.054
130.969 130.959 130.994 131.014 131.031 131.086 131.164 131.256 131.334 131.394 131.444 131.511 131.589 131.641 131.716 131.766 131.844 131.909 131.989 132.064 132.129 132.186 132.221 132.279 132.341 132.416 132.499 132.581 132.681 132.761 132.869 132.999 133.139 133.236 133.376 133.484 133.606 133.714 133.844 133.984 134.106 134.264 134.369 134.524 134.656 134.804 134.899 135.026 135.109 135.229 135.329 135.456 135.574 135.661 135.744 135.819 135.914 136.014 136.139 136.244 136.371 136.486 136.604 136.724 136.824 136.951 137.066
130.894 130.884 130.909 130.936 130.991 131.054 131.126 131.201 131.266 131.311 131.389 131.449 131.506 131.589 131.651 131.709 131.784 131.854 131.921 131.986 132.034 132.079 132.141 132.221 132.294 132.349 132.444 132.536 132.631 132.709 132.824 132.941 133.081 133.189 133.286 133.426 133.564 133.699 133.824 133.964 134.099 134.236 134.366 134.479 134.604 134.754 134.866 134.971 135.069 135.204 135.309 135.416 135.526 135.621 135.701 135.801 135.879 136.019 136.111 136.251 136.371 136.456 136.571 136.671 136.791 136.919 137.061
130.806 130.854 130.886 130.904 130.964 131.041 131.074 131.144 131.209 131.264 131.341 131.394 131.464 131.516 131.559 131.646 131.714 131.784 131.839 131.924 131.961 132.026 132.096 132.166 132.221 132.296 132.371 132.436 132.554 132.671 132.809 132.914 133.031 133.156 133.284 133.411 133.521 133.624 133.784 133.911 134.044 134.171 134.276 134.419 134.556 134.711 134.831 134.934 135.069 135.176 135.279 135.396 135.486 135.586 135.686 135.776 135.866 135.981 136.094 136.204 136.311 136.441 136.559 136.696 136.829 136.949 137.099
130.774 130.791 130.851 130.864 130.919 130.974 131.041 131.086 131.146 131.199 131.274 131.341 131.409 131.466 131.521 131.576 131.621 131.701 131.774 131.831 131.896 131.964 132.039 132.091 132.181 132.251 132.344 132.419 132.524 132.649 132.736 132.859 132.979 133.091 133.216 133.316 133.439 133.574 133.709 133.844 133.986 134.124 134.251 134.396 134.504 134.619 134.746 134.896 135.021 135.101 135.219 135.331 135.429 135.521 135.609 135.739 135.874 135.966 136.089 136.219 136.319 136.441 136.566 136.709 136.844 136.954 137.066
130.709 130.766 130.796 130.849 130.894 130.951 131.011 131.054 131.096 131.144 131.219 131.274 131.316 131.381 131.456 131.514 131.576 131.654 131.699 131.764 131.839 131.919 131.966 132.031 132.099 132.199 132.281 132.386 132.469 132.551 132.661 132.769 132.909 133.031 133.151 133.276 133.394 133.529 133.641 133.784 133.914 134.044 134.176 134.309 134.441 134.581 134.719 134.851 134.969 135.076 135.184 135.289 135.409 135.501 135.621 135.724 135.849 135.949 136.056 136.176 136.299 136.401 136.556 136.689 136.851 136.956 137.091
130.644 130.719 130.749 130.786 130.824 130.861 130.951 130.966 131.036 131.086 131.136 131.191 131.269 131.319 131.419 131.479 131.541 131.606 131.659 131.706 131.784 131.844 131.886 131.979 132.079 132.169 132.239 132.314 132.424 132.501 132.601 132.709 132.841 132.974 133.079 133.189 133.316 133.436 133.594 133.729 133.861 134.001 134.124 134.284 134.399 134.531 134.669 134.806 134.926 135.021 135.106 135.239 135.371 135.461 135.566 135.689 135.801 135.921 136.026 136.154 136.259 136.411 136.576 136.709 136.811 136.966 137.079
130.586 130.651 130.701 130.726 130.776 130.824 130.886 130.934 130.986 131.039 131.084 131.131 131.201 131.284 131.329 131.421 131.464 131.534 131.594 131.669 131.744 131.789 131.879 131.939 132.009 132.081 132.159 132.244 132.321 132.414 132.516 132.656 132.789 132.901 133.011 133.134 133.279 133.419 133.539 133.669 133.799 133.924 134.079 134.201 134.326 134.471 134.621 134.734 134.846 134.951 135.049 135.189 135.324 135.436 135.561 135.661 135.771 135.886 135.996 136.124 136.294 136.414 136.551 136.679 136.826 136.979 137.121
130.554 130.614 130.646 130.699 130.744 130.794 130.829 130.846 130.896 130.969 131.014 131.089 131.179 131.216 131.276 131.346 131.414 131.504 131.551 131.629 131.679 131.726 131.804 131.849 131.906 132.001 132.074 132.164 132.249 132.364 132.459 132.594 132.719 132.829 132.956 133.089 133.211 133.331 133.489 133.596 133.709 133.879 134.031 134.159 134.291 134.424 134.561 134.649 134.764 134.884 135.019 135.149 135.289 135.404 135.519 135.631 135.746 135.874 136.014 136.169 136.301 136.449 136.584 136.714 136.866 136.996 137.146
