Matlab/Roost_data/braunton/dsm/ss5140_DSM_2M.asc
ncols 500
nrows 500
xllcorner    251000
yllcorner    140000
cellsize     2
NODATA_value -9999
[rows 120 to 149 of 500, columns 335 to 401 of 500]
120.549 120.381 120.189 119.916 119.816 119.761 119.636 119.614 119.576 119.426 119.291 119.309 122.106 119.061 118.804 118.691 118.531 118.339 118.059 117.879 117.724 117.566 117.376 117.266 117.321 117.051 116.821 116.679 116.511 116.364 116.201 115.984 115.764 115.534 115.319 115.141 114.939 114.754 114.531 114.299 114.069 113.851 113.611 113.341 113.081 112.884 112.674 112.511 112.264 112.044 111.831 111.574 111.389 111.254 111.181 111.071 111.089 111.054 111.041 111.026 110.994 110.994 111.156 110.979 111.296 110.596 110.316
120.046 119.809 119.711 119.444 119.339 119.286 119.049 118.986 118.966 118.874 119.181 119.179 118.674 118.499 118.211 118.316 117.921 117.789 117.534 117.391 117.271 117.066 116.876 116.744 116.644 116.566 116.331 116.156 116.026 115.881 115.674 115.506 115.274 115.021 114.806 114.624 114.416 114.191 114.009 113.779 113.561 113.301 113.081 112.851 112.589 112.344 112.136 111.926 111.731 111.534 111.329 111.104 110.914 110.771 110.684 110.591 110.556 110.571 110.526 110.541 110.526 110.411 110.549 111.076 111.321 110.059 109.871
119.701 119.249 119.281 118.929 118.741 118.639 118.506 118.466 118.331 118.281 118.236 118.084 119.276 117.906 117.694 117.646 117.444 117.264 117.046 116.886 116.769 116.571 116.396 116.201 116.054 115.986 115.891 115.651 115.516 115.374 115.174 114.976 114.776 114.534 114.284 114.071 113.876 113.669 113.456 113.249 113.039 112.811 112.591 112.341 112.094 111.841 111.619 111.396 111.194 110.994 110.806 110.599 110.414 110.266 110.204 110.109 110.049 110.071 110.014 109.991 109.956 109.889 109.756 110.006 110.584 109.624 109.381
118.846 118.646 118.704 118.349 118.171 118.109 117.991 117.914 117.764 117.791 117.774 117.744 117.461 117.479 117.269 116.976 116.824 116.689 116.559 116.409 116.171 116.011 115.824 115.646 115.546 115.444 115.386 115.204 114.991 114.839 114.639 114.464 114.261 114.006 113.751 113.521 113.339 113.114 112.874 112.674 112.481 112.251 112.041 111.829 111.609 111.359 111.119 110.889 110.659 110.461 110.271 110.114 109.949 109.799 109.694 109.651 109.564 109.559 109.501 109.419 109.389 109.311 109.234 109.191 109.366 109.041 108.869
118.076 118.126 117.876 117.736 117.664 117.579 117.469 117.356 117.171 117.111 117.031 117.041 116.909 116.944 116.736 116.384 116.261 116.251 116.044 115.854 115.691 115.499 115.314 115.189 115.051 114.899 114.856 114.749 114.506 114.346 114.144 113.944 113.741 113.494 113.214 112.981 112.784 112.576 112.331 112.134 111.889 111.681 111.461 111.271 111.069 110.849 110.579 110.351 110.151 109.939 109.734 109.584 109.456 109.356 109.246 109.159 109.071 109.034 108.986 108.906 108.794 108.761 108.666 108.564 109.084 108.599 108.271
117.569 117.521 117.211 117.154 117.111 117.036 116.929 116.769 116.644 116.564 116.521 116.394 116.261 116.129 116.031 115.836 115.716 115.616 115.516 115.546 115.424 115.176 114.936 114.721 114.531 114.369 114.246 114.211 114.071 113.841 113.621 113.404 113.176 112.959 112.699 112.441 112.221 112.034 111.786 111.561 111.314 111.106 110.896 110.706 110.499 110.296 110.046 109.806 109.614 109.411 109.214 109.084 108.956 108.856 108.784 108.669 108.561 108.469 108.384 108.309 108.226 108.154 108.051 107.919 107.989 107.914 107.671
117.064 117.001 116.666 116.551 116.494 116.416 116.301 116.191 116.116 115.984 115.884 115.799 115.679 115.539 115.449 115.334 115.279 115.234 115.209 115.004 114.996 114.801 114.519 114.206 114.006 113.841 113.704 113.689 113.554 113.281 113.061 112.844 112.636 112.409 112.189 111.919 111.674 111.461 111.219 110.984 110.749 110.519 110.299 110.071 109.881 109.691 109.469 109.249 109.071 108.874 108.711 108.564 108.451 108.381 108.296 108.171 108.041 107.944 107.836 107.749 107.651 107.561 107.456 107.359 107.239 107.364 107.356
116.421 116.316 116.089 116.006 115.874 115.764 115.716 115.576 115.466 115.354 115.186 115.041 114.944 114.896 114.831 114.791 114.714 114.754 114.904 114.616 114.396 114.269 113.901 113.656 113.521 113.284 113.106 112.984 113.146 112.861 112.506 112.296 112.066 111.846 111.634 111.424 111.154 110.924 110.676 110.419 110.176 109.954 109.691 109.464 109.264 109.064 108.841 108.669 108.506 108.354 108.226 108.069 107.944 107.849 107.741 107.636 107.521 107.399 107.281 107.166 107.086 106.981 106.856 106.751 106.736 106.439 106.449
115.944 115.794 115.554 115.384 115.249 115.164 115.074 114.949 114.844 114.706 114.586 114.471 114.386 114.354 114.304 114.249 114.211 114.319 114.671 114.591 113.924 113.746 113.409 113.276 113.031 112.859 112.684 112.491 112.444 112.409 112.054 111.756 111.531 111.329 111.089 110.851 110.601 110.331 110.101 109.849 109.604 109.351 109.096 108.871 108.644 108.461 108.256 108.074 107.946 107.811 107.691 107.564 107.446 107.346 107.254 107.149 106.991 106.851 106.716 106.601 106.486 106.386 106.311 106.356 106.006 105.474 105.566
115.519 115.314 115.154 114.946 114.716 114.564 114.449 114.336 114.224 114.054 113.919 113.881 113.799 113.754 113.724 113.716 113.769 113.826 113.731 113.486 113.254 112.999 112.866 112.614 112.511 112.416 112.211 112.094 111.991 111.721 111.639 111.239 110.991 110.719 110.489 110.274 110.029 109.744 109.486 109.254 109.024 108.786 108.539 108.319 108.091 107.876 107.676 107.496 107.361 107.249 107.169 107.069 106.929 106.826 106.739 106.584 106.449 106.304 106.134 105.989 105.891 105.809 105.726 105.321 105.024 104.849 104.794
115.216 114.894 114.614 114.514 114.219 113.991 113.801 113.669 113.576 113.419 113.296 113.256 113.214 113.181 113.179 113.141 113.221 113.134 113.131 113.081 112.689 112.611 112.454 112.141 112.244 111.776 111.666 111.456 111.389 111.176 111.201 110.866 110.391 110.099 109.879 109.634 109.394 109.126 108.854 108.641 108.439 108.231 107.991 107.756 107.499 107.284 107.066 106.919 106.804 106.674 106.594 106.491 106.346 106.241 106.166 106.009 105.866 105.686 105.524 105.449 105.354 105.186 105.104 104.544 104.401 104.224 104.054
115.229 114.274 114.146 113.991 113.516 113.344 113.144 113.079 113.001 112.821 112.746 112.699 112.601 112.556 112.494 112.539 112.599 112.511 112.461 113.294 112.491 114.531 111.856 111.684 112.166 111.499 111.096 110.911 110.751 110.599 110.464 110.576 109.904 109.481 109.216 108.949 108.701 108.481 108.229 108.019 107.831 107.606 107.349 107.156 106.929 106.701 106.509 106.344 106.241 106.129 106.016 105.914 105.774 105.659 105.526 105.404 105.264 105.074 105.006 104.871 104.781 104.619 104.201 103.996 103.736 103.509 103.291
113.791 113.664 113.594 113.204 112.914 112.729 112.569 112.674 112.626 112.301 112.331 112.216 112.099 112.074 112.124 112.041 111.961 111.969 111.954 112.476 114.559 116.616 111.371 111.224 111.074 110.631 110.544 110.424 110.161 109.911 109.861 109.669 109.566 108.909 108.584 108.281 108.051 107.836 107.616 107.399 107.169 106.981 106.741 106.529 106.286 106.131 105.936 105.791 105.646 105.544 105.421 105.321 105.231 105.109 104.956 104.821 104.644 104.546 104.411 104.304 104.024 103.744 103.566 103.316 103.086 102.859 102.614
113.156 112.996 112.989 112.591 112.326 112.116 111.999 112.174 112.019 111.866 111.751 111.581 111.576 111.441 111.564 111.609 111.576 111.401 111.396 114.299 116.859 115.276 111.969 110.424 110.224 110.249 109.839 109.769 109.574 109.399 109.199 108.896 108.744 108.541 107.931 107.594 107.371 107.164 106.949 106.729 106.486 106.306 106.119 105.916 105.706 105.574 105.414 105.211 105.059 104.961 104.866 104.734 104.636 104.511 104.394 104.151 104.061 103.971 103.871 103.626 103.271 103.099 102.956 102.684 102.394 102.186 101.951
112.536 112.291 112.266 112.066 111.819 111.516 111.426 111.401 111.249 111.181 111.194 111.074 110.746 110.791 110.774 110.804 110.769 110.751 110.659 113.099 111.656 115.344 110.126 109.936 109.576 109.419 109.356 109.759 109.359 108.904 108.506 108.134 107.979 107.844 107.474 106.961 106.676 106.471 106.264 106.106 105.856 105.689 105.524 105.326 105.161 105.009 104.871 104.664 104.504 104.396 104.294 104.156 104.036 103.921 103.774 103.614 103.559 103.444 103.131 103.024 102.719 102.504 102.286 102.046 101.751 101.449 101.289
111.779 111.596 111.581 111.224 111.099 110.914 110.706 110.681 110.671 110.544 110.556 110.624 110.309 110.256 110.276 110.176 110.019 110.091 109.971 110.106 110.034 110.871 109.769 109.719 109.096 108.854 109.109 110.164 108.149 107.974 107.689 107.526 107.264 107.326 106.924 106.319 106.006 105.794 105.604 105.441 105.229 105.046 104.924 104.764 104.614 104.419 104.304 104.124 103.934 103.814 103.691 103.574 103.419 103.251 103.144 103.111 102.896 102.736 103.131 102.226 102.086 101.954 101.719 101.434 101.181 100.889 100.676
111.229 110.859 110.566 110.491 110.266 110.201 110.049 109.859 110.011 109.966 112.489 112.424 111.409 110.161 109.829 109.519 110.511 109.661 109.254 109.359 111.939 109.859 109.746 109.736 110.136 108.281 111.099 107.866 107.379 107.471 107.051 106.806 106.911 106.384 106.244 105.756 105.364 105.136 104.954 104.749 104.614 104.414 104.299 104.184 103.999 103.849 103.704 103.501 103.339 103.204 103.074 102.976 102.764 102.676 102.569 102.434 102.134 101.804 101.729 101.599 101.456 101.926 101.116 100.864 100.589 100.336 100.306
110.221 110.081 109.879 109.869 109.569 109.316 109.261 109.124 110.234 111.214 111.449 111.894 111.684 109.254 108.899 108.841 109.719 109.491 108.701 108.571 108.596 108.491 108.766 108.826 108.476 107.894 107.249 107.006 106.674 106.604 106.206 106.049 105.886 105.601 105.464 105.229 105.029 104.501 104.289 104.104 103.969 103.826 103.676 103.571 103.409 103.289 103.091 102.896 102.784 102.644 102.454 102.346 102.206 102.034 102.049 101.681 101.341 101.149 101.091 100.986 100.894 100.766 100.554 100.334 100.086 99.904 99.791
109.524 109.456 109.184 109.066 108.784 108.729 108.419 108.479 108.334 108.316 109.556 108.251 108.419 108.194 108.171 108.119 108.086 108.046 107.806 108.101 107.999 107.694 107.841 108.351 107.579 106.766 106.371 106.061 105.816 105.804 105.489 105.206 104.961 104.769 104.811 104.529 104.559 103.879 103.641 103.454 103.364 103.209 103.049 102.921 102.806 102.681 102.511 102.369 102.206 102.056 101.926 101.726 101.566 101.499 101.259 100.956 100.679 100.509 100.456 100.511 100.516 100.256 100.069 99.929 99.876 99.749 99.539
108.831 108.706 108.201 108.226 108.009 107.706 107.591 107.639 107.639 107.589 107.494 107.359 107.519 107.406 107.549 108.436 107.596 107.169 106.946 107.131 106.749 107.329 110.034 109.451 108.121 106.096 105.631 105.361 105.029 104.999 104.779 104.604 104.249 104.349 103.849 103.569 103.651 103.241 102.979 102.806 102.661 102.541 102.379 102.254 102.129 102.036 101.896 101.806 101.631 101.496 101.374 101.159 100.969 100.739 100.574 100.411 100.094 100.096 100.304 100.411 99.949 100.121 99.806 99.691 99.326 99.056 98.584
108.099 107.981 107.831 107.429 107.139 107.019 107.019 106.796 107.374 106.951 107.149 106.824 106.684 108.434 106.834 108.439 106.639 106.904 106.259 106.149 105.969 106.731 107.474 108.591 108.254 105.131 104.981 104.869 104.434 104.196 104.031 103.954 103.819 104.424 103.244 103.094 103.114 102.694 102.314 102.106 101.981 101.844 101.689 101.546 101.471 101.426 101.356 101.276 101.136 100.931 100.801 100.616 100.496 100.071 100.009 99.856 99.556 99.729 100.116 99.451 99.344 99.256 99.354 100.216 99.481 98.779 96.964
107.521 107.264 107.896 106.811 106.611 106.469 106.306 106.216 106.094 106.979 107.579 105.889 106.394 109.341 108.369 105.499 105.891 105.809 105.586 105.294 104.979 106.531 110.089 108.524 108.126 104.956 104.249 103.881 103.579 103.396 103.349 103.119 102.994 102.879 102.739 102.459 102.404 102.176 101.666 101.541 101.279 101.114 100.996 100.889 100.794 100.749 100.671 100.629 100.536 100.439 100.151 99.919 99.781 99.424 99.421 99.309 99.084 98.991 99.191 98.954 98.604 98.314 97.999 97.286 98.891 95.631 96.851
106.839 106.519 106.344 106.324 106.036 105.851 109.226 105.656 105.389 106.011 106.606 105.096 108.319 113.656 106.001 104.759 107.309 105.634 105.941 105.944 104.289 106.016 106.769 104.464 104.361 104.674 103.351 103.234 102.976 102.811 102.611 102.481 102.336 101.949 101.924 101.774 101.574 101.624 101.269 100.806 100.651 100.731 100.539 100.219 100.159 100.204 100.089 100.044 100.096 99.811 99.449 99.374 99.009 99.059 98.879 98.806 98.754 98.684 98.626 98.021 98.411 96.821 96.526 95.206 95.661 97.249 95.829
106.266 106.086 105.916 105.654 105.469 105.371 109.356 105.069 104.904 104.781 104.706 104.594 106.586 108.881 104.341 103.869 104.229 103.696 105.294 105.771 103.171 103.254 105.556 105.106 106.696 105.126 102.634 102.339 102.141 101.911 101.804 101.734 101.651 101.454 101.409 101.099 100.986 101.114 100.734 100.196 99.966 100.019 99.871 99.726 99.539 99.631 99.599 99.771 99.431 99.119 99.009 98.854 98.596 98.676 99.569 98.384 98.324 97.611 97.524 95.731 95.751 95.351 95.176 96.624 99.184 96.994 97.366
105.716 105.739 106.904 105.341 104.939 104.674 104.426 104.411 104.171 103.749 103.854 103.719 103.651 103.706 103.314 103.034 102.921 102.866 103.136 102.874 102.434 102.371 102.066 102.026 104.724 104.969 101.804 101.371 101.179 101.231 100.991 101.066 100.921 100.729 100.604 100.291 100.116 100.514 99.806 99.556 99.506 99.404 99.211 99.124 98.989 99.089 99.114 98.856 98.789 98.604 98.691 98.361 98.131 98.054 98.084 97.931 97.049 98.434 95.104 94.849 94.914 95.151 95.306 95.806 95.601 97.714 103.056
105.104 105.081 105.421 104.464 104.266 103.921 103.776 103.616 103.404 103.171 102.996 102.894 103.184 102.859 102.576 102.239 102.036 101.849 101.761 101.669 101.529 101.249 101.141 101.426 101.166 101.544 100.754 100.584 100.439 100.491 100.524 100.161 99.846 99.919 99.901 99.599 99.314 99.069 98.796 98.809 99.339 99.396 98.719 98.351 98.469 98.436 98.311 98.109 98.116 98.149 98.739 101.809 99.281 97.394 97.011 96.254 95.586 95.454 95.146 95.199 95.541 94.956 94.596 94.949 94.829 101.401 107.754
104.584 104.486 104.211 105.456 103.694 103.516 103.049 102.794 102.649 102.444 102.179 102.059 102.059 101.734 101.666 101.381 101.224 101.049 100.751 100.811 100.499 100.579 100.356 100.161 100.199 100.094 99.914 99.644 99.604 99.611 99.396 99.306 99.269 99.146 99.139 98.871 98.501 98.271 98.199 98.219 98.379 98.216 98.064 97.939 97.751 97.744 97.444 97.476 97.534 97.186 96.784 97.171 96.864 96.241 95.966 95.646 97.181 96.964 95.204 94.984 94.896 94.319 93.661 93.181 95.196 101.161 105.836
104.271 103.929 103.704 103.504 104.791 102.816 102.446 103.964 102.004 101.574 102.141 101.279 101.146 100.961 101.266 101.619 100.346 100.046 99.919 99.761 99.801 99.574 99.434 99.316 99.214 99.321 99.036 98.889 98.939 98.604 98.614 98.311 98.306 98.271 98.204 98.194 97.879 97.546 97.571 97.889 98.666 99.724 97.314 97.044 96.769 96.939 96.786 96.494 96.924 96.081 95.681 95.664 96.291 95.484 95.574 95.489 96.641 96.021 94.459 94.229 93.551 92.819 92.776 92.786 94.486 96.399 101.294
103.891 103.481 103.046 103.661 102.954 102.079 101.894 101.521 101.306 101.084 100.774 100.644 100.336 100.021 99.836 99.739 99.579 99.164 99.459 98.914 98.601 98.551 98.811 98.659 98.474 98.221 98.189 97.991 97.991 98.021 97.671 97.631 97.476 97.424 97.476 97.264 97.126 96.769 96.461 96.476 96.626 96.306 96.281 96.239 96.241 95.976 96.484 95.406 95.349 95.289 95.376 95.346 95.131 94.876 94.744 95.326 94.479 93.486 93.034 92.636 92.229 92.121 92.346 92.374 92.339 92.939 93.296
102.989 102.849 102.284 102.266 101.849 101.454 101.061 100.801 100.429 100.154 99.996 99.749 99.641 99.359 99.251 101.051 99.431 98.579 98.246 98.076 97.839 98.026 97.881 97.981 97.569 97.494 97.356 97.199 96.936 96.926 97.069 96.654 96.631 96.941 96.571 98.114 96.216 95.769 95.621 96.831 95.939 95.911 95.986 96.089 95.879 95.494 95.096 94.751 94.709 94.689 94.416 94.241 93.544 93.831 93.484 93.119 92.796 92.434 92.301 92.086 92.006 91.911 92.076 93.459 91.949 92.166 92.396
