Matlab/Roost_data/braunton/dsm/ss5134_DSM_2M.asc
ncols 500
nrows 500
xllcorner    251000
yllcorner    134000
cellsize     2
NODATA_value -9999
[rows 272 to 305 of 500, columns 150 to 224 of 500]
2.749 2.729 2.731 2.719 2.709 2.731 2.746 2.719 2.719 2.736 2.746 2.744 2.709 2.721 2.739 2.704 2.706 2.719 2.736 2.706 2.699 2.709 2.679 2.709 2.649 2.661 2.676 2.639 2.659 2.646 2.631 2.609 2.619 2.634 2.619 2.576 2.601 2.599 2.599 2.579 2.546 2.554 2.574 2.529 2.531 2.519 2.504 2.509 2.446 2.469 2.466 2.409 2.376 2.374 2.389 2.369 2.344 2.349 2.291 2.244 2.244 2.209 2.169 2.141 2.096 2.094 2.024 1.969 1.921 1.841 1.764 1.656 1.551 1.446 1.369
2.724 2.744 2.741 2.709 2.724 2.759 2.771 2.739 2.739 2.751 2.741 2.741 2.736 2.749 2.741 2.706 2.726 2.736 2.741 2.686 2.656 2.656 2.649 2.676 2.664 2.649 2.641 2.636 2.669 2.649 2.626 2.646 2.644 2.646 2.661 2.611 2.606 2.621 2.574 2.571 2.584 2.551 2.554 2.521 2.541 2.506 2.464 2.484 2.444 2.439 2.429 2.419 2.391 2.389 2.384 2.389 2.346 2.334 2.314 2.264 2.251 2.201 2.204 2.146 2.126 2.094 2.054 1.964 1.901 1.841 1.769 1.661 1.569 1.454 1.344
2.771 2.739 2.756 2.741 2.731 2.721 2.734 2.754 2.754 2.749 2.729 2.729 2.756 2.729 2.694 2.706 2.741 2.734 2.724 2.681 2.641 2.669 2.679 2.671 2.674 2.674 2.646 2.649 2.646 2.641 2.594 2.624 2.624 2.629 2.634 2.601 2.641 2.596 2.584 2.579 2.541 2.531 2.501 2.516 2.511 2.479 2.451 2.486 2.459 2.471 2.456 2.421 2.394 2.386 2.374 2.356 2.371 2.349 2.331 2.271 2.244 2.204 2.121 2.109 2.139 2.099 2.051 1.989 1.931 1.866 1.799 1.719 1.641 1.481 1.349
2.746 2.726 2.709 2.749 2.749 2.746 2.739 2.746 2.761 2.761 2.726 2.769 2.741 2.726 2.719 2.709 2.739 2.741 2.704 2.679 2.661 2.651 2.674 2.659 2.666 2.671 2.639 2.664 2.654 2.656 2.649 2.626 2.631 2.584 2.601 2.581 2.574 2.559 2.586 2.536 2.544 2.519 2.519 2.524 2.519 2.501 2.466 2.461 2.471 2.471 2.421 2.429 2.446 2.391 2.374 2.396 2.386 2.341 2.291 2.266 2.216 2.171 2.144 2.106 2.091 2.081 2.034 1.969 1.896 1.849 1.791 1.711 1.589 1.486 1.396
2.749 2.734 2.754 2.754 2.746 2.744 2.724 2.729 2.749 2.749 2.754 2.761 2.724 2.716 2.739 2.706 2.746 2.706 2.706 2.681 2.646 2.674 2.679 2.686 2.651 2.684 2.649 2.639 2.666 2.609 2.621 2.636 2.619 2.596 2.586 2.581 2.601 2.589 2.579 2.564 2.551 2.539 2.521 2.534 2.516 2.489 2.504 2.496 2.476 2.429 2.421 2.449 2.406 2.399 2.369 2.341 2.339 2.309 2.264 2.259 2.214 2.194 2.134 2.111 2.084 2.039 2.016 1.994 1.911 1.839 1.764 1.699 1.544 1.471 1.354
2.716 2.749 2.741 2.744 2.731 2.731 2.761 2.739 2.756 2.759 2.749 2.756 2.739 2.756 2.736 2.736 2.699 2.709 2.706 2.699 2.691 2.681 2.701 2.684 2.664 2.634 2.644 2.641 2.641 2.634 2.621 2.621 2.611 2.621 2.639 2.616 2.579 2.566 2.561 2.531 2.514 2.554 2.536 2.551 2.534 2.526 2.499 2.514 2.459 2.426 2.394 2.386 2.376 2.359 2.349 2.334 2.326 2.319 2.309 2.254 2.211 2.151 2.129 2.134 2.111 2.061 2.011 1.956 1.864 1.804 1.761 1.661 1.544 1.449 1.339
2.724 2.751 2.741 2.776 2.759 2.751 2.746 2.779 2.746 2.751 2.739 2.744 2.721 2.719 2.706 2.699 2.681 2.691 2.684 2.684 2.719 2.679 2.686 2.671 2.684 2.634 2.646 2.671 2.651 2.641 2.624 2.634 2.616 2.609 2.619 2.616 2.589 2.581 2.571 2.571 2.544 2.556 2.556 2.501 2.479 2.461 2.476 2.469 2.429 2.431 2.396 2.396 2.369 2.386 2.371 2.336 2.294 2.329 2.271 2.249 2.226 2.164 2.146 2.154 2.106 2.034 2.029 1.961 1.889 1.811 1.756 1.644 1.536 1.434 1.359
2.741 2.741 2.749 2.746 2.754 2.719 2.729 2.726 2.771 2.751 2.746 2.714 2.706 2.714 2.694 2.716 2.686 2.679 2.694 2.661 2.679 2.696 2.694 2.681 2.666 2.644 2.646 2.644 2.644 2.674 2.611 2.629 2.636 2.649 2.641 2.631 2.604 2.574 2.556 2.551 2.541 2.521 2.526 2.514 2.471 2.479 2.439 2.501 2.441 2.444 2.414 2.391 2.379 2.401 2.364 2.369 2.331 2.326 2.279 2.244 2.201 2.154 2.126 2.106 2.054 2.041 2.014 1.944 1.876 1.839 1.784 1.649 1.524 1.449 1.351
2.754 2.766 2.749 2.749 2.744 2.726 2.721 2.721 2.756 2.744 2.721 2.716 2.704 2.731 2.696 2.676 2.671 2.704 2.684 2.681 2.651 2.691 2.681 2.661 2.659 2.659 2.656 2.644 2.654 2.624 2.626 2.631 2.636 2.671 2.624 2.594 2.551 2.566 2.546 2.546 2.551 2.566 2.541 2.521 2.536 2.514 2.461 2.449 2.441 2.419 2.414 2.399 2.361 2.374 2.344 2.339 2.321 2.306 2.256 2.241 2.209 2.161 2.131 2.126 2.094 2.041 1.999 1.916 1.859 1.821 1.766 1.666 1.559 1.476 1.399
2.784 2.736 2.734 2.741 2.746 2.756 2.734 2.761 2.786 2.741 2.711 2.726 2.709 2.714 2.671 2.666 2.676 2.651 2.689 2.696 2.676 2.659 2.676 2.684 2.676 2.641 2.644 2.621 2.614 2.631 2.634 2.644 2.634 2.651 2.621 2.574 2.601 2.554 2.529 2.521 2.536 2.524 2.531 2.511 2.539 2.491 2.479 2.471 2.469 2.444 2.436 2.396 2.334 2.334 2.366 2.369 2.316 2.316 2.256 2.199 2.151 2.136 2.111 2.089 2.056 2.044 1.979 1.924 1.879 1.824 1.774 1.669 1.584 1.489 1.404
2.724 2.726 2.749 2.734 2.746 2.756 2.719 2.739 2.731 2.729 2.751 2.704 2.701 2.696 2.706 2.684 2.671 2.689 2.681 2.689 2.679 2.659 2.639 2.669 2.666 2.644 2.651 2.646 2.629 2.616 2.591 2.629 2.646 2.621 2.609 2.571 2.554 2.541 2.514 2.526 2.526 2.539 2.514 2.514 2.511 2.499 2.504 2.441 2.451 2.409 2.409 2.399 2.339 2.326 2.296 2.299 2.294 2.291 2.261 2.209 2.164 2.126 2.121 2.086 2.044 1.991 2.006 1.986 1.879 1.811 1.766 1.704 1.581 1.454 1.374
2.764 2.749 2.766 2.731 2.781 2.731 2.716 2.734 2.754 2.709 2.714 2.694 2.684 2.684 2.694 2.696 2.701 2.694 2.681 2.684 2.664 2.671 2.651 2.644 2.636 2.639 2.646 2.639 2.646 2.631 2.584 2.591 2.591 2.651 2.614 2.616 2.561 2.574 2.541 2.561 2.534 2.521 2.539 2.524 2.516 2.509 2.479 2.431 2.401 2.389 2.384 2.364 2.346 2.314 2.289 2.306 2.294 2.279 2.281 2.221 2.174 2.204 2.149 2.121 2.056 2.044 2.024 1.989 1.889 1.841 1.746 1.696 1.581 1.476 1.394
2.694 2.749 2.731 2.741 2.761 2.714 2.724 2.751 2.714 2.719 2.709 2.684 2.666 2.701 2.709 2.721 2.711 2.676 2.691 2.676 2.684 2.691 2.659 2.649 2.656 2.639 2.639 2.634 2.606 2.634 2.631 2.626 2.619 2.619 2.621 2.599 2.569 2.556 2.524 2.541 2.514 2.531 2.534 2.524 2.564 2.504 2.454 2.436 2.421 2.399 2.366 2.354 2.369 2.374 2.349 2.356 2.294 2.264 2.259 2.286 2.244 2.204 2.161 2.134 2.091 2.069 2.026 1.954 1.926 1.854 1.769 1.679 1.601 1.481 1.406
2.721 2.741 2.749 2.729 2.726 2.699 2.716 2.704 2.711 2.689 2.686 2.691 2.696 2.719 2.751 2.721 2.714 2.709 2.694 2.689 2.681 2.679 2.676 2.639 2.644 2.656 2.656 2.644 2.631 2.624 2.636 2.611 2.626 2.589 2.589 2.579 2.536 2.539 2.506 2.534 2.494 2.514 2.569 2.514 2.486 2.471 2.436 2.464 2.424 2.434 2.386 2.346 2.359 2.359 2.359 2.344 2.279 2.266 2.264 2.274 2.239 2.199 2.181 2.134 2.111 2.074 1.969 1.931 1.894 1.869 1.771 1.674 1.529 1.509 1.376
2.756 2.741 2.731 2.689 2.716 2.736 2.746 2.711 2.726 2.709 2.721 2.701 2.706 2.741 2.754 2.746 2.724 2.714 2.739 2.709 2.696 2.686 2.684 2.674 2.674 2.654 2.629 2.634 2.611 2.626 2.659 2.639 2.639 2.624 2.574 2.539 2.564 2.539 2.531 2.526 2.529 2.541 2.559 2.494 2.479 2.471 2.494 2.431 2.409 2.444 2.414 2.391 2.354 2.344 2.354 2.336 2.334 2.319 2.291 2.259 2.206 2.189 2.151 2.136 2.084 2.036 2.001 1.924 1.886 1.796 1.754 1.649 1.584 1.476 1.396
2.734 2.764 2.774 2.716 2.739 2.726 2.744 2.766 2.734 2.726 2.741 2.704 2.719 2.746 2.751 2.724 2.761 2.731 2.696 2.676 2.679 2.651 2.659 2.669 2.676 2.651 2.616 2.671 2.634 2.619 2.634 2.649 2.604 2.639 2.629 2.616 2.556 2.591 2.561 2.546 2.541 2.546 2.539 2.524 2.476 2.484 2.471 2.441 2.444 2.471 2.429 2.384 2.361 2.349 2.334 2.329 2.296 2.326 2.261 2.226 2.194 2.146 2.136 2.099 2.039 1.986 1.964 1.909 1.851 1.796 1.716 1.636 1.544 1.464 1.374
2.759 2.749 2.721 2.764 2.769 2.724 2.759 2.739 2.759 2.726 2.741 2.706 2.776 2.739 2.724 2.719 2.799 2.704 2.669 2.654 2.644 2.639 2.669 2.681 2.644 2.639 2.634 2.691 2.651 2.619 2.679 2.649 2.596 2.609 2.589 2.581 2.609 2.556 2.536 2.526 2.536 2.536 2.531 2.494 2.489 2.499 2.481 2.451 2.434 2.434 2.411 2.359 2.356 2.334 2.301 2.294 2.284 2.271 2.249 2.219 2.209 2.131 2.106 2.091 2.036 2.001 1.964 1.906 1.876 1.741 1.706 1.566 1.531 1.404 1.346
2.764 2.761 2.766 2.761 2.776 2.741 2.764 2.741 2.721 2.729 2.724 2.699 2.686 2.741 2.664 2.706 2.756 2.666 2.659 2.666 2.674 2.656 2.671 2.686 2.666 2.646 2.674 2.676 2.644 2.666 2.671 2.614 2.601 2.586 2.584 2.571 2.584 2.579 2.594 2.586 2.546 2.516 2.501 2.476 2.469 2.449 2.431 2.416 2.409 2.411 2.389 2.346 2.344 2.329 2.331 2.331 2.274 2.259 2.266 2.231 2.206 2.134 2.124 2.116 2.069 2.044 1.961 1.916 1.864 1.801 1.699 1.589 1.514 1.419 1.336
2.774 2.759 2.744 2.751 2.786 2.746 2.741 2.724 2.756 2.699 2.774 2.734 2.711 2.701 2.711 2.729 2.719 2.734 2.724 2.706 2.666 2.694 2.689 2.681 2.681 2.649 2.631 2.676 2.634 2.634 2.631 2.611 2.634 2.596 2.576 2.564 2.564 2.559 2.549 2.551 2.514 2.504 2.531 2.469 2.484 2.441 2.446 2.416 2.389 2.381 2.399 2.359 2.361 2.346 2.334 2.319 2.346 2.284 2.254 2.184 2.216 2.164 2.139 2.111 2.059 2.011 1.936 1.904 1.861 1.786 1.701 1.609 1.536 1.454 1.321
2.761 2.784 2.791 2.734 2.749 2.736 2.734 2.731 2.696 2.734 2.759 2.724 2.701 2.716 2.721 2.719 2.714 2.731 2.706 2.666 2.699 2.684 2.699 2.711 2.654 2.644 2.644 2.664 2.646 2.624 2.656 2.619 2.609 2.559 2.554 2.559 2.551 2.534 2.531 2.534 2.496 2.471 2.481 2.464 2.454 2.459 2.446 2.486 2.404 2.364 2.399 2.374 2.329 2.324 2.326 2.321 2.306 2.284 2.254 2.236 2.201 2.146 2.151 2.076 2.079 2.019 1.974 1.921 1.859 1.794 1.689 1.631 1.531 1.424 1.319
2.751 2.754 2.789 2.776 2.814 2.759 2.751 2.761 2.769 2.761 2.751 2.716 2.696 2.699 2.721 2.739 2.739 2.711 2.689 2.681 2.701 2.694 2.671 2.669 2.651 2.664 2.629 2.621 2.646 2.619 2.621 2.611 2.594 2.584 2.581 2.586 2.539 2.586 2.601 2.529 2.524 2.506 2.499 2.489 2.479 2.436 2.449 2.454 2.446 2.406 2.409 2.401 2.354 2.386 2.336 2.309 2.276 2.296 2.284 2.256 2.196 2.166 2.139 2.126 2.091 2.024 1.994 1.926 1.839 1.794 1.694 1.621 1.534 1.444 1.334
2.791 2.741 2.761 2.791 2.791 2.754 2.739 2.716 2.771 2.769 2.754 2.751 2.776 2.739 2.694 2.729 2.699 2.696 2.711 2.671 2.666 2.659 2.646 2.651 2.621 2.639 2.639 2.604 2.606 2.616 2.621 2.601 2.579 2.576 2.581 2.614 2.571 2.601 2.579 2.561 2.541 2.494 2.486 2.486 2.486 2.466 2.469 2.421 2.391 2.406 2.391 2.399 2.386 2.394 2.376 2.324 2.291 2.279 2.261 2.251 2.199 2.176 2.131 2.099 2.061 2.021 1.994 1.934 1.871 1.804 1.709 1.659 1.504 1.416 1.341
2.766 2.761 2.779 2.769 2.776 2.781 2.786 2.794 2.809 2.766 2.736 2.746 2.749 2.714 2.674 2.701 2.721 2.691 2.691 2.669 2.701 2.701 2.674 2.659 2.636 2.646 2.624 2.644 2.619 2.641 2.639 2.594 2.606 2.584 2.556 2.629 2.606 2.584 2.586 2.574 2.541 2.514 2.494 2.499 2.521 2.461 2.424 2.414 2.406 2.396 2.396 2.399 2.371 2.369 2.356 2.334 2.294 2.261 2.231 2.214 2.169 2.151 2.121 2.049 2.004 1.959 1.904 1.889 1.844 1.764 1.654 1.594 1.501 1.409 1.341
2.731 2.754 2.781 2.746 2.789 2.774 2.756 2.751 2.746 2.719 2.749 2.749 2.699 2.699 2.724 2.776 2.754 2.744 2.689 2.654 2.659 2.686 2.686 2.681 2.669 2.664 2.659 2.644 2.634 2.644 2.664 2.601 2.574 2.571 2.569 2.586 2.596 2.606 2.634 2.589 2.541 2.521 2.506 2.521 2.484 2.474 2.446 2.426 2.406 2.379 2.364 2.341 2.331 2.339 2.334 2.334 2.301 2.274 2.234 2.201 2.164 2.149 2.129 2.076 2.026 1.959 1.866 1.861 1.806 1.754 1.639 1.536 1.469 1.426 1.324
2.774 2.724 2.761 2.771 2.716 2.719 2.734 2.754 2.756 2.781 2.726 2.714 2.721 2.719 2.729 2.779 2.739 2.706 2.711 2.696 2.686 2.701 2.691 2.694 2.671 2.649 2.634 2.599 2.681 2.646 2.656 2.596 2.596 2.599 2.561 2.591 2.594 2.629 2.604 2.561 2.574 2.519 2.514 2.471 2.449 2.439 2.444 2.444 2.416 2.391 2.349 2.364 2.351 2.336 2.296 2.279 2.286 2.289 2.259 2.229 2.186 2.154 2.136 2.074 2.019 1.956 1.911 1.841 1.761 1.704 1.631 1.534 1.459 1.386 1.296
2.734 2.741 2.764 2.766 2.756 2.719 2.731 2.786 2.771 2.734 2.739 2.709 2.726 2.736 2.731 2.754 2.754 2.709 2.706 2.684 2.686 2.669 2.669 2.676 2.666 2.676 2.651 2.671 2.689 2.666 2.629 2.611 2.604 2.606 2.566 2.599 2.636 2.606 2.539 2.521 2.561 2.581 2.496 2.484 2.479 2.466 2.464 2.426 2.401 2.379 2.379 2.366 2.356 2.321 2.309 2.264 2.241 2.259 2.216 2.169 2.136 2.126 2.101 2.039 2.009 1.931 1.904 1.844 1.814 1.681 1.651 1.554 1.456 1.396 1.319
2.746 2.749 2.759 2.789 2.781 2.756 2.764 2.789 2.804 2.739 2.749 2.736 2.721 2.739 2.716 2.704 2.704 2.714 2.741 2.746 2.756 2.706 2.716 2.699 2.654 2.654 2.664 2.671 2.661 2.629 2.611 2.569 2.574 2.571 2.569 2.614 2.621 2.561 2.576 2.549 2.569 2.556 2.504 2.479 2.481 2.464 2.471 2.439 2.414 2.404 2.399 2.401 2.344 2.299 2.314 2.289 2.271 2.214 2.201 2.186 2.154 2.104 2.079 2.029 1.984 1.951 1.869 1.861 1.789 1.726 1.671 1.561 1.486 1.396 1.321
2.731 2.724 2.736 2.809 2.766 2.761 2.741 2.781 2.771 2.721 2.731 2.746 2.671 2.726 2.731 2.736 2.744 2.721 2.731 2.716 2.714 2.731 2.701 2.651 2.616 2.606 2.634 2.674 2.651 2.619 2.606 2.581 2.604 2.594 2.601 2.599 2.619 2.574 2.569 2.551 2.526 2.569 2.519 2.489 2.489 2.471 2.499 2.459 2.419 2.436 2.396 2.409 2.396 2.364 2.354 2.319 2.269 2.251 2.229 2.206 2.156 2.119 2.099 2.016 1.989 1.931 1.884 1.836 1.766 1.724 1.681 1.594 1.516 1.419 1.349
2.749 2.754 2.761 2.766 2.754 2.724 2.754 2.796 2.786 2.731 2.726 2.716 2.711 2.739 2.734 2.744 2.711 2.686 2.721 2.769 2.676 2.701 2.664 2.631 2.626 2.656 2.709 2.704 2.644 2.629 2.636 2.636 2.614 2.561 2.591 2.591 2.649 2.631 2.581 2.539 2.536 2.564 2.551 2.499 2.491 2.474 2.466 2.436 2.399 2.414 2.399 2.376 2.411 2.371 2.366 2.369 2.356 2.274 2.236 2.219 2.211 2.161 2.126 2.044 2.021 1.976 1.896 1.831 1.774 1.714 1.631 1.559 1.486 1.411 1.331
2.729 2.744 2.774 2.754 2.741 2.764 2.769 2.801 2.776 2.746 2.736 2.719 2.699 2.701 2.724 2.721 2.729 2.724 2.726 2.724 2.676 2.646 2.641 2.619 2.616 2.699 2.669 2.671 2.634 2.596 2.611 2.644 2.669 2.584 2.599 2.614 2.589 2.639 2.606 2.559 2.531 2.516 2.531 2.501 2.509 2.504 2.489 2.486 2.444 2.411 2.386 2.374 2.389 2.366 2.374 2.384 2.336 2.274 2.259 2.244 2.204 2.159 2.124 2.094 2.044 1.996 1.934 1.859 1.791 1.724 1.629 1.574 1.461 1.396 1.334
2.759 2.744 2.736 2.811 2.801 2.804 2.754 2.736 2.716 2.724 2.696 2.734 2.724 2.701 2.711 2.769 2.759 2.726 2.671 2.684 2.721 2.701 2.641 2.661 2.644 2.656 2.644 2.654 2.631 2.631 2.661 2.661 2.626 2.589 2.574 2.601 2.604 2.624 2.619 2.556 2.554 2.531 2.526 2.549 2.464 2.491 2.496 2.496 2.441 2.414 2.429 2.391 2.381 2.381 2.376 2.316 2.304 2.261 2.264 2.221 2.176 2.136 2.101 2.034 1.996 1.944 1.896 1.856 1.799 1.746 1.646 1.574 1.476 1.394 1.341
2.736 2.726 2.739 2.796 2.734 2.739 2.696 2.691 2.726 2.696 2.701 2.706 2.696 2.746 2.809 2.739 2.746 2.736 2.686 2.706 2.771 2.724 2.664 2.669 2.671 2.664 2.656 2.619 2.634 2.659 2.669 2.654 2.629 2.604 2.574 2.619 2.596 2.626 2.664 2.586 2.574 2.554 2.569 2.539 2.476 2.449 2.426 2.424 2.419 2.394 2.369 2.359 2.339 2.366 2.404 2.319 2.311 2.266 2.244 2.201 2.176 2.136 2.069 2.026 1.986 1.929 1.914 1.811 1.771 1.706 1.631 1.529 1.464 1.389 1.306
2.734 2.716 2.706 2.714 2.729 2.721 2.684 2.701 2.709 2.681 2.676 2.686 2.721 2.794 2.751 2.749 2.731 2.689 2.729 2.739 2.724 2.714 2.699 2.654 2.626 2.679 2.661 2.664 2.691 2.666 2.706 2.634 2.599 2.639 2.606 2.591 2.591 2.591 2.601 2.579 2.541 2.511 2.494 2.491 2.504 2.496 2.444 2.411 2.414 2.416 2.404 2.381 2.379 2.381 2.394 2.341 2.296 2.256 2.236 2.221 2.184 2.141 2.084 2.061 1.991 1.936 1.896 1.829 1.771 1.696 1.594 1.541 1.446 1.424 1.306
2.711 2.714 2.706 2.736 2.756 2.774 2.721 2.711 2.706 2.721 2.714 2.704 2.764 2.724 2.721 2.709 2.721 2.714 2.729 2.709 2.726 2.721 2.706 2.646 2.641 2.639 2.684 2.694 2.686 2.684 2.714 2.614 2.621 2.601 2.579 2.559 2.601 2.616 2.539 2.571 2.549 2.549 2.544 2.494 2.496 2.516 2.451 2.469 2.454 2.441 2.431 2.406 2.391 2.401 2.399 2.346 2.304 2.264 2.231 2.221 2.174 2.114 2.104 2.056 1.996 1.964 1.899 1.834 1.774 1.716 1.626 1.509 1.421 1.364 1.301
