Matlab/Roost_data/braunton/dsm/ss5136_DSM_2M.asc
ncols 500
nrows 500
xllcorner    251000
yllcorner    136000
cellsize     2
NODATA_value -9999
[rows 416 to 447 of 500, columns 426 to 496 of 500]
31.344 31.302 31.314 31.312 31.319 31.294 31.299 31.389 31.497 31.594 31.669 31.749 31.812 31.859 31.854 31.842 31.784 31.694 31.629 31.534 31.464 31.457 31.449 31.432 31.427 31.447 31.464 31.492 31.512 31.562 31.569 31.562 31.539 31.534 31.517 31.457 31.934 31.417 33.122 32.277 31.594 32.147 31.729 31.647 31.654 31.584 31.694 31.932 32.119 32.114 33.354 32.629 31.627 31.929 31.942 31.922 31.947 31.999 32.039 32.092 32.192 32.274 32.342 32.394 32.434 32.477 32.519 32.529 32.517 32.499 32.512
31.334 31.262 31.279 31.289 31.282 31.264 31.247 31.322 31.414 31.492 31.594 31.672 31.742 31.757 31.789 31.782 31.737 31.562 31.417 31.247 31.244 31.312 31.337 31.364 31.372 31.407 31.442 31.467 31.502 31.524 31.529 31.537 31.534 31.582 31.834 32.592 35.539 32.777 32.032 32.859 31.857 33.089 33.147 32.522 31.694 31.639 31.837 32.032 32.614 34.662 32.767 32.607 31.872 31.877 31.922 31.977 32.012 32.032 32.082 32.152 32.232 32.314 32.369 32.437 32.474 32.532 32.567 32.574 32.579 32.554 32.549
31.357 31.237 31.289 31.259 31.249 31.239 31.207 31.274 31.347 31.384 31.454 31.557 31.592 31.692 31.744 31.754 31.629 31.194 31.074 31.007 31.112 31.214 31.234 31.279 31.299 31.339 31.367 31.409 31.412 31.409 31.407 31.474 31.569 31.597 32.929 34.142 33.122 31.532 31.569 31.497 31.894 32.182 33.789 35.624 33.872 32.909 32.777 31.792 32.799 34.702 31.692 31.752 31.814 31.864 31.959 31.997 32.032 32.074 32.172 32.204 32.252 32.324 32.374 32.454 32.504 32.574 32.637 32.657 32.647 32.634 32.609
31.347 31.209 31.372 31.337 31.234 31.189 31.179 31.222 31.269 31.299 31.344 31.407 31.524 31.599 31.612 31.439 31.172 30.897 30.867 30.874 31.232 31.309 31.277 31.254 31.254 31.272 31.277 31.294 31.319 31.297 31.349 31.487 31.629 32.514 32.697 31.989 31.564 31.512 31.779 32.217 32.029 31.829 32.329 32.077 33.444 32.912 33.472 33.607 33.574 32.264 31.939 31.814 31.842 31.924 31.972 32.004 32.094 32.139 32.202 32.242 32.284 32.349 32.424 32.494 32.552 32.622 32.679 32.722 32.724 32.699 32.699
31.487 31.239 31.379 31.252 31.319 31.267 31.172 31.209 31.204 31.222 31.274 31.329 31.402 31.337 31.074 30.932 30.819 30.774 30.807 30.882 31.694 31.577 31.219 31.869 31.254 31.787 31.387 31.407 31.317 31.352 31.447 31.512 32.132 32.122 31.487 31.844 31.794 32.434 32.567 33.222 32.272 32.062 32.139 31.939 33.517 35.154 34.482 34.272 34.124 31.969 31.824 31.847 31.889 31.944 32.004 32.074 32.144 32.224 32.239 32.289 32.332 32.372 32.444 32.519 32.599 32.664 32.732 32.757 32.769 32.754 32.749
31.467 32.699 31.609 31.327 31.184 31.314 31.232 31.189 31.182 31.199 31.214 31.267 31.327 31.232 30.854 30.797 30.972 30.972 31.049 31.192 32.367 32.202 32.947 33.877 33.652 32.714 31.674 31.469 31.464 31.417 31.487 32.077 35.367 33.279 31.679 31.664 32.019 32.492 34.444 32.202 32.117 32.087 32.289 32.474 32.389 33.077 35.632 35.139 33.997 31.959 31.789 31.849 31.912 31.969 32.049 32.132 32.182 32.249 32.292 32.344 32.364 32.392 32.462 32.539 32.639 32.709 32.749 32.774 32.797 32.794 32.779
31.444 32.797 31.387 33.362 31.332 31.139 31.292 31.162 31.182 31.184 31.199 31.262 31.289 31.199 31.657 31.974 32.267 32.524 32.877 31.707 31.459 31.249 33.097 33.574 33.989 35.497 32.109 31.489 31.599 31.394 31.482 32.629 34.972 31.897 31.774 31.789 31.884 32.659 35.487 32.252 32.139 32.542 32.544 36.149 35.447 31.957 31.992 31.917 31.857 31.779 31.837 31.887 31.944 32.012 32.097 32.149 32.219 32.304 32.352 32.382 32.392 32.414 32.479 32.559 32.647 32.699 32.742 32.789 32.812 32.827 32.802
32.314 31.764 31.164 33.089 32.307 31.804 31.212 31.239 31.247 31.177 31.197 31.252 31.254 31.064 34.497 31.334 31.917 32.204 32.607 32.907 31.752 31.474 32.837 32.064 32.572 33.659 33.539 33.624 33.022 33.924 33.222 33.042 32.754 31.564 31.657 31.969 31.924 32.754 32.687 32.067 31.889 31.969 31.952 31.829 32.637 31.944 31.964 31.794 31.777 31.797 31.834 31.902 31.982 32.067 32.144 32.204 32.272 32.342 32.392 32.417 32.427 32.464 32.492 32.582 32.659 32.699 32.747 32.792 32.824 32.814 32.834
31.084 31.114 34.542 31.884 31.382 31.337 31.229 31.217 31.174 31.167 31.219 31.239 31.142 33.932 34.227 33.872 35.272 32.167 31.534 31.592 31.847 31.529 31.544 31.812 32.297 33.597 33.894 33.714 33.444 35.087 31.674 31.902 32.547 33.297 31.922 31.814 31.802 31.879 31.972 32.059 31.904 32.149 31.772 31.804 31.789 31.762 31.839 31.794 31.802 31.837 31.912 31.977 32.059 32.109 32.177 32.234 32.299 32.354 32.397 32.429 32.464 32.507 32.517 32.574 32.634 32.697 32.732 32.777 32.829 32.849 32.847
30.862 31.237 32.899 32.064 33.009 31.122 31.302 31.282 31.199 31.237 31.212 31.179 31.574 34.439 34.007 34.034 31.872 31.949 31.457 31.727 31.509 31.454 31.447 31.487 31.559 31.877 32.324 34.447 32.147 32.594 31.692 31.897 32.874 32.504 31.767 31.622 31.774 31.847 31.969 32.119 31.984 31.934 31.839 31.902 31.817 31.834 31.867 31.867 31.887 31.917 31.969 32.027 32.092 32.152 32.217 32.289 32.342 32.369 32.404 32.454 32.504 32.504 32.537 32.567 32.627 32.682 32.729 32.752 32.787 32.812 32.812
37.792 39.884 32.309 35.257 34.354 31.289 31.529 31.834 31.114 31.204 31.202 31.189 31.789 33.647 33.782 35.719 31.427 31.587 31.237 31.299 31.337 31.357 31.422 31.514 31.624 33.489 34.857 32.512 31.622 31.772 31.512 31.539 31.679 31.647 31.547 31.547 31.677 31.724 31.884 32.049 32.004 31.994 31.969 31.962 31.954 31.962 31.974 31.977 31.969 31.997 32.014 32.079 32.152 32.204 32.262 32.297 32.354 32.374 32.404 32.459 32.479 32.514 32.559 32.567 32.617 32.662 32.702 32.749 32.749 32.762 32.772
38.189 32.932 35.139 35.464 33.144 32.312 32.927 31.162 31.069 31.037 31.107 31.169 32.034 33.319 32.514 33.152 34.404 31.104 31.262 31.324 31.324 31.344 31.359 31.424 31.447 31.627 31.599 31.647 31.697 31.639 31.537 31.482 31.604 31.537 31.577 31.557 31.687 31.802 31.982 32.022 32.032 32.074 32.092 32.069 32.049 32.087 32.052 32.054 32.039 32.052 32.079 32.137 32.202 32.239 32.274 32.307 32.339 32.369 32.402 32.447 32.492 32.529 32.569 32.587 32.599 32.644 32.679 32.712 32.712 32.719 32.719
35.434 31.369 31.627 31.282 30.917 34.032 32.482 31.039 31.102 31.127 31.077 30.854 31.132 31.407 31.519 35.914 36.042 31.932 31.349 31.439 31.324 31.314 31.337 31.367 31.437 31.552 32.089 31.669 31.504 31.474 31.474 31.457 31.434 31.507 31.489 31.564 31.689 31.832 31.969 32.059 32.107 32.124 32.114 32.117 32.102 32.099 32.107 32.122 32.119 32.129 32.154 32.172 32.222 32.267 32.302 32.304 32.319 32.339 32.409 32.444 32.497 32.539 32.564 32.587 32.589 32.597 32.637 32.667 32.669 32.664 32.684
31.494 31.072 33.759 32.214 31.304 34.859 33.964 31.487 31.214 31.389 31.054 32.069 32.422 31.572 32.942 35.147 34.617 32.309 31.879 31.402 31.299 31.309 31.329 31.347 31.402 31.494 31.994 31.692 31.472 31.409 31.439 31.442 31.419 31.434 31.472 31.582 31.724 31.874 31.977 32.042 32.107 32.129 32.112 32.114 32.127 32.107 32.127 32.144 32.154 32.169 32.174 32.224 32.232 32.292 32.284 32.302 32.317 32.349 32.399 32.439 32.472 32.524 32.542 32.572 32.574 32.592 32.604 32.614 32.622 32.632 32.632
32.207 31.147 31.167 31.277 31.492 32.847 35.692 32.262 31.704 33.219 31.932 33.954 34.604 33.404 34.052 36.352 34.857 34.764 31.332 31.432 31.257 31.264 31.294 31.304 31.367 31.414 31.399 31.532 31.452 31.369 31.382 31.427 31.414 31.414 31.459 31.577 31.734 31.874 31.972 32.044 32.099 32.122 32.112 32.107 32.112 32.104 32.139 32.174 32.172 32.214 32.214 32.219 32.242 32.272 32.287 32.294 32.302 32.344 32.357 32.417 32.462 32.487 32.534 32.542 32.547 32.574 32.589 32.602 32.599 32.612 32.622
31.767 31.212 32.807 31.389 31.802 33.722 38.889 35.954 36.349 36.527 33.597 33.389 33.052 33.214 31.657 32.664 33.142 31.869 31.367 31.322 31.227 31.254 31.279 31.324 31.337 31.374 31.362 31.354 31.437 31.304 31.362 31.389 31.414 31.424 31.482 31.582 31.727 31.839 31.942 32.044 32.072 32.089 32.082 32.084 32.097 32.122 32.114 32.164 32.177 32.222 32.229 32.244 32.262 32.274 32.277 32.287 32.284 32.317 32.362 32.407 32.442 32.482 32.499 32.522 32.544 32.572 32.572 32.592 32.594 32.587 32.609
30.712 31.499 32.272 32.287 31.307 32.082 33.719 34.074 33.892 35.414 31.789 32.157 30.969 30.934 33.567 31.754 32.632 31.107 31.194 31.249 31.209 31.202 31.219 31.229 31.269 31.304 31.337 31.364 31.437 31.337 31.347 31.409 31.424 31.429 31.479 31.599 31.732 31.832 31.929 32.004 32.017 32.059 32.052 32.064 32.082 32.102 32.114 32.159 32.197 32.227 32.252 32.264 32.269 32.272 32.304 32.264 32.304 32.319 32.359 32.399 32.427 32.464 32.489 32.509 32.524 32.564 32.574 32.584 32.612 32.624 32.617
31.557 31.242 31.217 31.382 31.344 34.254 31.452 31.619 32.802 31.354 31.209 31.759 31.044 30.962 31.337 31.532 31.532 31.427 31.267 31.149 31.154 31.152 31.152 31.184 31.244 31.247 31.307 31.377 31.427 31.332 31.332 31.417 31.469 31.467 31.519 31.624 31.744 31.822 31.899 31.954 31.982 31.992 32.019 32.059 32.052 32.064 32.112 32.139 32.187 32.244 32.284 32.279 32.299 32.304 32.317 32.317 32.299 32.324 32.334 32.384 32.409 32.462 32.487 32.497 32.509 32.544 32.579 32.604 32.624 32.654 32.662
31.332 31.324 31.257 31.447 31.299 31.292 31.257 31.062 30.992 31.214 31.277 31.192 31.332 31.179 31.374 31.252 31.389 31.459 31.262 31.154 31.137 31.142 31.162 31.212 31.264 31.309 31.347 31.392 31.429 31.429 31.369 31.434 31.519 31.539 31.559 31.629 31.732 31.794 31.844 31.877 31.929 31.967 31.994 31.989 32.017 32.047 32.102 32.139 32.209 32.254 32.282 32.322 32.329 32.334 32.332 32.332 32.317 32.337 32.352 32.387 32.399 32.449 32.477 32.494 32.524 32.562 32.572 32.609 32.647 32.644 32.672
31.357 31.449 31.589 31.439 31.389 31.274 31.134 31.177 31.239 31.207 31.164 31.174 31.389 31.309 31.267 31.524 31.372 31.212 31.189 31.182 31.159 31.169 31.192 31.239 31.292 31.344 31.409 31.472 31.437 31.492 31.432 31.504 31.577 31.592 31.607 31.629 31.724 31.764 31.804 31.862 31.877 31.927 31.957 31.964 32.004 32.032 32.089 32.142 32.199 32.264 32.312 32.354 32.362 32.374 32.369 32.384 32.382 32.364 32.369 32.399 32.422 32.452 32.467 32.497 32.522 32.537 32.599 32.622 32.624 32.657 32.682
31.617 31.402 31.554 31.367 31.272 31.187 31.119 31.139 31.159 31.177 31.202 31.214 31.592 31.422 31.284 31.212 31.257 31.164 31.184 31.214 31.227 31.257 31.277 31.314 31.392 31.442 31.499 31.534 31.519 31.577 31.512 31.592 31.679 31.709 31.672 31.664 31.712 31.769 31.779 31.819 31.849 31.884 31.907 31.937 31.964 32.019 32.062 32.134 32.202 32.277 32.359 32.357 32.392 32.384 32.407 32.419 32.412 32.429 32.427 32.422 32.429 32.464 32.482 32.519 32.537 32.532 32.584 32.619 32.639 32.644 32.667
31.512 31.572 31.462 31.477 31.362 31.182 31.174 31.199 31.234 31.249 31.319 31.447 31.364 31.249 31.217 31.212 31.224 31.219 31.247 31.279 31.309 31.324 31.334 31.367 31.419 31.497 31.574 31.614 31.612 31.654 31.662 31.697 31.754 31.804 31.779 31.757 31.774 31.804 31.812 31.842 31.837 31.859 31.884 31.907 31.954 31.992 32.042 32.127 32.179 32.274 32.357 32.389 32.432 32.432 32.452 32.454 32.477 32.462 32.459 32.462 32.469 32.464 32.497 32.507 32.529 32.554 32.599 32.627 32.649 32.669 32.674
31.542 31.527 31.479 31.389 31.337 31.324 31.292 31.284 31.302 31.307 31.299 31.312 31.317 31.287 31.269 31.257 31.274 31.272 31.304 31.342 31.372 31.379 31.419 31.452 31.507 31.567 31.614 31.659 31.699 31.697 31.744 31.767 31.819 31.894 31.889 31.839 31.847 31.854 31.867 31.874 31.874 31.874 31.892 31.924 31.947 31.989 32.034 32.114 32.187 32.264 32.344 32.412 32.452 32.474 32.477 32.489 32.517 32.509 32.519 32.512 32.509 32.522 32.534 32.564 32.569 32.589 32.637 32.657 32.694 32.704 32.704
31.509 31.542 31.599 31.474 31.472 31.429 31.422 31.387 31.379 31.342 31.352 31.344 31.367 31.354 31.322 31.332 31.352 31.357 31.374 31.419 31.457 31.479 31.487 31.514 31.562 31.607 31.674 31.714 31.749 31.749 31.822 31.834 31.877 31.932 31.967 31.937 31.909 31.907 31.897 31.922 31.914 31.927 31.962 31.954 31.979 32.014 32.084 32.129 32.187 32.244 32.359 32.427 32.464 32.479 32.484 32.512 32.537 32.559 32.564 32.554 32.579 32.599 32.604 32.624 32.649 32.669 32.699 32.729 32.749 32.779 32.794
31.644 31.577 31.564 31.569 31.577 31.537 31.497 31.447 31.439 31.412 31.414 31.437 31.424 31.422 31.419 31.409 31.417 31.427 31.464 31.487 31.534 31.534 31.554 31.567 31.607 31.667 31.709 31.754 31.824 31.817 31.874 31.864 31.917 31.987 32.039 31.997 31.954 31.962 31.952 31.952 31.962 31.982 31.994 31.999 32.047 32.079 32.137 32.184 32.242 32.304 32.374 32.452 32.477 32.472 32.502 32.527 32.539 32.579 32.594 32.604 32.642 32.659 32.669 32.707 32.747 32.774 32.802 32.817 32.849 32.859 32.877
31.689 31.612 31.639 31.682 31.637 31.584 31.552 31.499 31.507 31.497 31.509 31.504 31.529 31.527 31.527 31.517 31.484 31.499 31.542 31.549 31.579 31.614 31.632 31.644 31.672 31.719 31.762 31.804 31.852 31.872 31.922 31.914 31.959 32.002 32.077 32.057 32.027 31.994 32.024 31.999 32.022 32.017 32.044 32.064 32.107 32.147 32.184 32.247 32.282 32.359 32.414 32.452 32.519 32.514 32.537 32.537 32.572 32.619 32.634 32.667 32.692 32.737 32.762 32.797 32.852 32.864 32.899 32.927 32.962 32.977 32.992
31.722 31.677 31.727 31.734 31.709 31.664 31.612 31.579 31.599 31.579 31.589 31.577 31.597 31.597 31.622 31.604 31.597 31.587 31.614 31.634 31.642 31.667 31.699 31.734 31.754 31.792 31.827 31.852 31.914 31.959 31.944 31.987 32.004 32.044 32.109 32.122 32.082 32.054 32.049 32.072 32.084 32.082 32.107 32.129 32.169 32.209 32.249 32.299 32.362 32.404 32.439 32.484 32.524 32.549 32.542 32.582 32.609 32.652 32.704 32.739 32.747 32.807 32.864 32.894 32.932 32.959 32.992 33.017 33.077 33.102 33.097
31.759 31.764 31.797 31.787 31.747 31.717 31.662 31.662 31.634 31.642 31.662 31.682 31.707 31.722 31.737 31.694 31.664 31.684 31.702 31.689 31.704 31.734 31.767 31.782 31.809 31.852 31.887 31.912 31.962 32.019 31.994 32.042 32.047 32.074 32.134 32.169 32.137 32.112 32.092 32.102 32.112 32.124 32.144 32.192 32.227 32.274 32.337 32.354 32.412 32.437 32.464 32.509 32.549 32.589 32.612 32.632 32.647 32.697 32.772 32.817 32.857 32.899 32.949 32.974 33.007 33.047 33.077 33.102 33.162 33.197 33.229
31.749 31.804 31.832 31.814 31.797 31.772 31.737 31.719 31.709 31.722 31.737 31.749 31.784 31.809 31.789 31.774 31.769 31.772 31.767 31.767 31.782 31.782 31.814 31.837 31.889 31.919 31.924 31.959 32.024 32.049 32.034 32.102 32.079 32.117 32.149 32.192 32.174 32.154 32.139 32.162 32.149 32.179 32.202 32.257 32.282 32.337 32.384 32.399 32.457 32.474 32.522 32.549 32.607 32.637 32.667 32.674 32.737 32.772 32.854 32.887 32.944 32.977 33.034 33.097 33.134 33.152 33.194 33.207 33.242 33.292 33.339
31.797 31.827 31.862 31.839 31.822 31.812 31.812 31.799 31.774 31.784 31.817 31.834 31.857 31.869 31.889 31.852 31.854 31.839 31.817 31.832 31.842 31.864 31.869 31.897 31.929 31.957 31.974 32.042 32.052 32.119 32.112 32.114 32.149 32.134 32.162 32.222 32.202 32.182 32.177 32.197 32.227 32.234 32.279 32.322 32.372 32.412 32.437 32.472 32.502 32.544 32.589 32.624 32.652 32.697 32.737 32.777 32.799 32.872 32.924 32.964 33.002 33.039 33.107 33.192 33.234 33.284 33.329 33.354 33.374 33.407 33.432
31.819 31.849 31.872 31.872 31.847 31.857 31.859 31.844 31.824 31.872 31.892 31.922 31.927 31.949 31.957 31.957 31.944 31.927 31.907 31.894 31.902 31.894 31.929 31.959 31.972 31.989 32.032 32.052 32.119 32.152 32.152 32.139 32.204 32.167 32.172 32.219 32.244 32.232 32.194 32.252 32.279 32.304 32.357 32.412 32.444 32.492 32.519 32.549 32.572 32.607 32.649 32.677 32.729 32.769 32.809 32.844 32.887 32.949 32.987 33.032 33.102 33.144 33.209 33.274 33.337 33.387 33.442 33.502 33.524 33.534 33.552
31.827 31.844 31.874 31.884 31.904 31.904 31.917 31.909 31.907 31.917 31.972 32.017 32.009 32.047 32.052 32.027 32.027 32.014 31.977 31.972 31.979 31.994 31.987 32.007 32.007 32.042 32.069 32.109 32.167 32.194 32.229 32.182 32.212 32.174 32.207 32.242 32.277 32.282 32.277 32.299 32.352 32.412 32.439 32.507 32.559 32.577 32.614 32.639 32.644 32.659 32.709 32.752 32.817 32.859 32.929 32.942 32.997 33.032 33.089 33.132 33.184 33.234 33.317 33.362 33.444 33.502 33.552 33.607 33.649 33.687 33.712
