Matlab/Roost_data/braunton/dsm/ss5139_DSM_2M.asc
ncols 500
nrows 500
xllcorner    251000
yllcorner    139000
cellsize     2
NODATA_value -9999
[rows 348 to 376 of 500, columns 67 to 133 of 500]
142.659 142.191 142.234 142.086 141.721 141.874 141.974 141.909 141.931 141.976 142.001 142.089 142.164 142.334 142.751 142.854 143.029 143.261 143.426 143.046 143.149 143.266 143.334 143.456 143.589 143.649 143.761 143.834 143.951 144.051 144.136 144.216 144.324 144.401 144.489 144.586 144.656 144.779 144.849 144.914 145.014 145.056 145.126 145.199 145.246 145.306 145.381 145.429 145.509 145.576 145.621 145.711 145.784 145.881 146.001 146.084 146.224 146.329 146.416 146.541 146.649 146.759 146.844 146.921 146.991 147.076 147.179
142.451 142.851 143.119 143.029 142.981 142.674 142.914 142.506 142.004 142.211 142.161 142.256 142.286 142.266 142.316 142.379 142.519 142.646 142.836 143.244 143.616 143.634 143.901 143.854 143.591 143.611 143.734 143.814 143.909 143.994 144.059 144.179 144.259 144.331 144.429 144.514 144.601 144.691 144.781 144.871 144.981 145.049 145.144 145.226 145.289 145.366 145.421 145.489 145.534 145.596 145.666 145.729 145.809 145.901 146.004 146.099 146.196 146.349 146.471 146.569 146.664 146.749 146.856 146.931 146.989 147.079 147.156
141.661 141.804 142.036 142.526 142.911 143.364 143.751 143.829 143.381 142.999 142.671 142.386 142.564 142.749 142.739 142.869 142.849 142.804 142.739 142.796 142.846 142.956 143.104 143.261 143.726 143.674 143.921 144.231 144.126 144.114 144.104 144.134 144.199 144.286 144.369 144.464 144.554 144.634 144.711 144.824 144.909 144.999 145.096 145.166 145.284 145.356 145.429 145.506 145.579 145.641 145.719 145.769 145.866 145.951 146.029 146.151 146.241 146.366 146.499 146.586 146.661 146.756 146.839 146.931 146.996 147.086 147.149
141.711 141.786 141.841 141.929 142.019 142.089 142.339 142.656 142.984 143.731 143.621 143.084 142.716 142.709 142.736 142.969 143.751 143.631 143.729 143.706 143.239 143.231 143.171 143.194 143.249 143.276 143.416 143.536 143.729 144.034 144.204 144.381 144.686 144.511 144.319 144.426 144.494 144.579 144.681 144.774 144.851 144.954 145.034 145.126 145.209 145.299 145.401 145.474 145.546 145.621 145.679 145.786 145.871 145.971 146.064 146.179 146.289 146.391 146.496 146.601 146.674 146.764 146.849 146.919 146.996 147.084 147.154
141.806 141.871 141.954 141.979 142.029 142.076 142.099 142.101 142.219 143.094 144.114 144.051 143.776 143.551 142.934 143.081 143.494 143.384 145.354 143.139 143.234 143.394 143.579 143.699 143.654 143.649 143.661 143.666 143.669 143.709 143.779 143.821 143.916 144.096 144.186 144.496 144.821 144.869 144.881 144.761 144.801 144.889 144.986 145.094 145.161 145.249 145.326 145.421 145.506 145.576 145.646 145.744 145.831 145.936 146.046 146.174 146.286 146.399 146.529 146.614 146.721 146.811 146.869 146.974 147.036 147.096 147.174
141.754 141.859 141.956 142.056 142.079 142.106 142.086 142.076 142.126 143.184 143.811 143.749 144.729 144.459 144.476 143.941 143.276 143.194 143.376 143.306 143.434 143.479 143.589 143.719 143.624 143.756 143.966 143.951 143.859 143.936 143.874 143.826 143.869 143.919 143.981 144.061 144.121 144.246 144.554 144.799 145.254 145.339 145.319 145.231 145.196 145.226 145.289 145.366 145.451 145.519 145.604 145.716 145.786 145.886 145.979 146.119 146.221 146.334 146.479 146.594 146.716 146.806 146.904 147.011 147.091 147.159 147.234
141.649 141.789 141.869 141.971 142.076 142.139 142.121 142.129 142.269 143.326 143.569 143.199 143.881 144.329 144.534 144.996 144.841 145.201 144.909 144.604 144.576 144.286 144.324 144.434 144.049 143.649 143.794 143.959 143.869 143.854 143.986 143.909 143.866 143.934 144.044 144.136 144.281 144.274 144.281 144.314 144.424 144.559 144.801 145.181 145.544 145.801 145.871 145.779 145.464 145.469 145.541 145.646 145.746 145.826 145.936 146.051 146.174 146.279 146.404 146.524 146.619 146.731 146.836 146.954 147.079 147.149 147.229
141.654 141.759 141.864 141.926 142.014 142.114 142.136 142.144 142.256 143.336 143.056 143.056 143.301 143.556 143.866 144.241 144.566 144.699 145.149 144.984 144.904 144.646 144.561 144.874 144.919 144.749 144.539 144.619 144.249 144.394 144.341 144.136 143.859 143.976 144.164 144.419 144.639 144.736 144.691 144.579 144.531 144.544 144.596 144.656 144.741 144.854 144.974 145.301 145.506 145.851 145.896 146.154 146.001 145.901 145.896 146.009 146.116 146.201 146.351 146.481 146.564 146.666 146.776 146.874 147.009 147.086 147.174
141.624 141.776 141.866 141.926 141.994 142.056 142.124 142.146 142.429 143.531 143.039 142.981 143.256 143.221 143.681 143.589 143.786 144.164 144.384 144.481 144.304 144.149 144.094 144.394 144.519 144.644 144.806 144.941 144.964 145.136 145.274 144.926 143.939 144.634 145.141 145.114 144.901 144.844 144.751 144.656 144.711 144.986 144.974 144.924 145.019 145.006 144.986 145.009 145.034 145.164 145.244 145.499 145.759 145.974 146.356 146.066 146.279 146.414 146.396 146.411 146.524 146.639 146.729 146.836 146.931 147.024 147.129
141.631 141.741 141.851 141.926 141.964 142.061 142.099 142.149 142.401 143.784 142.724 142.774 143.041 142.999 143.226 143.276 143.339 143.626 143.689 143.579 143.631 143.571 143.604 143.609 143.701 143.894 144.011 144.144 144.166 144.176 144.326 144.469 144.039 144.291 145.596 145.794 145.871 146.006 146.036 146.461 146.271 146.351 146.331 146.301 146.341 146.354 146.199 146.159 145.916 145.766 145.604 145.446 145.414 145.479 145.614 145.694 145.844 146.014 146.269 146.569 146.691 146.974 146.804 146.789 146.854 146.991 147.086
141.574 141.716 141.816 141.909 141.951 142.036 142.096 142.144 142.421 143.789 142.634 142.731 143.039 143.161 143.096 143.014 143.081 143.129 143.279 143.411 143.449 143.494 143.616 143.721 143.729 143.861 143.904 143.884 143.989 144.096 144.064 144.086 144.059 144.034 144.404 144.666 144.879 145.216 145.514 145.786 145.974 146.031 145.889 146.214 146.161 146.486 146.474 146.814 146.871 146.851 146.936 146.829 146.761 146.514 146.109 145.984 145.809 145.804 145.869 146.019 146.159 146.429 146.614 146.961 147.181 147.186 147.139
141.529 141.646 141.784 141.839 141.914 142.001 142.064 142.151 142.531 143.469 142.724 142.789 143.281 143.166 143.016 142.979 143.031 143.094 143.396 143.584 143.511 143.551 143.756 143.969 144.141 144.121 144.116 144.094 144.276 144.374 144.314 144.091 144.124 144.041 144.124 144.244 144.356 144.429 144.596 144.754 144.874 144.936 145.121 145.261 145.251 145.331 145.479 145.866 146.346 146.591 146.586 146.506 146.756 147.111 147.174 147.324 146.876 146.569 146.361 146.201 146.194 146.256 146.416 146.499 146.621 146.741 146.859
141.519 141.624 141.734 141.806 141.876 141.956 142.069 142.134 142.664 143.214 142.634 142.736 143.224 143.071 142.874 142.949 142.976 143.071 143.389 143.799 143.651 143.714 144.064 144.296 144.386 144.594 144.696 144.646 144.554 144.494 144.404 144.146 144.119 144.064 144.109 144.134 144.154 144.279 144.391 144.524 144.636 144.774 144.909 144.989 145.099 145.206 145.389 145.409 145.599 145.694 145.716 145.746 145.864 145.999 146.346 146.494 147.054 147.406 147.504 147.504 147.241 146.949 146.786 146.736 146.711 146.766 146.779
141.509 141.601 141.716 141.791 141.856 141.959 142.044 142.124 142.569 143.001 142.556 142.739 143.091 142.996 142.856 142.834 142.936 142.996 143.106 143.261 143.354 143.456 143.559 143.681 143.841 143.941 144.049 144.081 144.064 144.106 144.324 144.189 144.116 144.004 144.134 144.151 144.294 144.331 144.424 144.549 144.676 144.789 144.886 144.989 145.104 145.179 145.271 145.319 145.401 145.466 145.516 145.604 145.714 145.789 145.856 145.984 146.094 146.311 146.619 147.089 147.519 147.846 147.906 147.991 147.854 147.571 147.324
141.481 141.576 141.689 141.766 141.831 141.936 142.019 142.084 142.724 143.724 142.531 142.639 142.859 143.226 143.071 142.826 142.941 143.006 143.099 143.211 143.324 143.329 143.439 143.446 143.549 143.656 143.694 143.756 143.856 143.909 144.026 144.081 144.156 144.121 144.134 144.264 144.354 144.449 144.529 144.619 144.759 144.881 144.936 145.034 145.149 145.209 145.274 145.376 145.421 145.491 145.551 145.634 145.676 145.829 145.896 145.961 146.031 146.084 146.179 146.259 146.439 146.639 147.289 147.516 147.841 148.329 148.284
141.429 141.551 141.656 141.741 141.821 141.911 142.016 142.046 142.666 144.101 143.191 142.624 142.799 143.206 142.919 142.786 142.899 143.059 143.229 143.229 143.259 143.369 143.531 143.489 143.436 143.566 143.641 143.754 143.799 143.889 143.931 143.949 144.039 144.159 144.184 144.249 144.316 144.424 144.531 144.654 144.786 144.849 144.946 145.056 145.149 145.206 145.301 145.386 145.446 145.534 145.576 145.679 145.739 145.796 145.874 145.936 146.034 146.126 146.194 146.266 146.341 146.401 146.511 146.626 146.761 147.051 147.106
141.396 141.506 141.619 141.726 141.779 141.864 141.966 142.029 142.859 144.046 143.176 142.619 142.789 142.849 142.744 142.739 143.069 143.096 143.191 143.154 143.189 143.266 143.381 143.501 143.434 143.544 143.624 143.716 143.751 143.791 143.864 143.964 144.044 144.139 144.179 144.236 144.311 144.416 144.539 144.659 144.759 144.906 145.004 145.069 145.151 145.214 145.286 145.351 145.411 145.491 145.554 145.646 145.736 145.811 145.859 145.959 146.071 146.131 146.229 146.296 146.376 146.439 146.504 146.601 146.671 146.759 146.841
141.349 141.489 141.579 141.681 141.746 141.836 141.926 141.999 142.654 144.036 143.396 142.674 142.709 142.624 142.669 142.721 142.834 142.869 142.994 142.961 143.066 143.174 143.274 143.436 143.511 143.584 143.634 143.679 143.719 143.819 143.809 143.946 144.036 144.096 144.164 144.224 144.334 144.419 144.536 144.654 144.759 144.859 144.931 145.031 145.116 145.176 145.234 145.321 145.404 145.479 145.559 145.649 145.719 145.776 145.886 145.969 146.054 146.139 146.229 146.286 146.361 146.444 146.501 146.599 146.674 146.766 146.841
141.301 141.419 141.534 141.614 141.659 141.779 141.906 141.961 142.896 143.919 143.289 142.779 142.716 142.619 142.634 142.674 142.774 142.794 142.894 142.949 143.046 143.104 143.191 143.279 143.416 143.481 143.636 143.619 143.706 143.786 143.834 143.904 143.999 144.076 144.149 144.214 144.304 144.394 144.531 144.641 144.764 144.866 144.944 145.009 145.109 145.179 145.211 145.296 145.384 145.461 145.559 145.609 145.684 145.769 145.859 145.951 146.026 146.134 146.219 146.299 146.344 146.419 146.486 146.569 146.644 146.739 146.811
141.266 141.376 141.486 141.584 141.611 141.734 141.819 141.919 142.686 143.744 143.384 142.614 142.634 142.576 142.581 142.631 142.704 142.764 142.829 142.916 143.011 143.074 143.174 143.321 143.379 143.439 143.551 143.611 143.701 143.729 143.791 143.876 143.969 144.056 144.144 144.196 144.286 144.409 144.516 144.676 144.779 144.854 144.926 145.021 145.111 145.146 145.224 145.319 145.389 145.451 145.544 145.621 145.686 145.771 145.869 145.924 146.016 146.106 146.201 146.246 146.319 146.379 146.436 146.536 146.614 146.694 146.761
141.241 141.339 141.449 141.519 141.581 141.701 141.804 141.871 142.839 143.504 143.286 142.496 142.499 142.499 142.519 142.579 142.636 142.726 142.829 142.866 142.936 143.049 143.169 143.216 143.326 143.449 143.496 143.576 143.629 143.716 143.776 143.864 143.964 144.036 144.129 144.176 144.294 144.404 144.539 144.666 144.756 144.854 144.931 145.039 145.111 145.169 145.216 145.319 145.386 145.454 145.539 145.619 145.704 145.769 145.844 145.906 146.004 146.101 146.184 146.231 146.291 146.339 146.409 146.484 146.561 146.626 146.711
141.186 141.306 141.389 141.476 141.521 141.651 141.714 141.801 142.881 143.624 143.174 142.454 142.449 142.451 142.479 142.546 142.629 142.676 142.764 142.796 142.874 142.951 143.049 143.134 143.204 143.316 143.419 143.509 143.564 143.649 143.736 143.839 143.934 144.026 144.109 144.181 144.271 144.364 144.506 144.636 144.761 144.826 144.924 145.016 145.066 145.136 145.234 145.296 145.379 145.441 145.531 145.626 145.696 145.759 145.824 145.911 145.966 146.081 146.141 146.194 146.251 146.326 146.384 146.456 146.511 146.589 146.641
141.106 141.239 141.309 141.401 141.469 141.581 141.641 141.729 142.759 143.719 143.326 142.399 142.346 142.396 142.426 142.459 142.506 142.554 142.649 142.724 142.814 142.916 142.996 143.089 143.186 143.276 143.376 143.449 143.514 143.609 143.714 143.821 143.906 143.981 144.076 144.149 144.234 144.346 144.466 144.606 144.729 144.804 144.904 144.964 145.049 145.129 145.196 145.264 145.341 145.436 145.511 145.604 145.676 145.759 145.824 145.891 145.966 146.021 146.101 146.164 146.229 146.259 146.339 146.411 146.451 146.536 146.601
141.039 141.144 141.236 141.329 141.399 141.491 141.571 141.666 142.739 143.856 142.901 142.361 142.269 142.309 142.336 142.374 142.434 142.514 142.566 142.676 142.774 142.866 142.956 143.084 143.171 143.276 143.359 143.439 143.526 143.594 143.656 143.786 143.854 143.954 144.034 144.116 144.214 144.296 144.431 144.551 144.676 144.766 144.854 144.929 145.021 145.084 145.176 145.239 145.324 145.399 145.474 145.569 145.666 145.739 145.809 145.879 145.946 146.014 146.079 146.151 146.204 146.264 146.314 146.374 146.416 146.496 146.546
141.001 141.096 141.186 141.251 141.334 141.424 141.494 141.624 142.779 143.809 142.381 142.211 142.196 142.174 142.241 142.316 142.379 142.444 142.519 142.631 142.724 142.821 142.929 143.066 143.149 143.239 143.314 143.406 143.489 143.549 143.621 143.721 143.811 143.906 143.994 144.069 144.141 144.256 144.369 144.499 144.629 144.701 144.781 144.884 144.966 145.046 145.109 145.186 145.291 145.369 145.449 145.531 145.621 145.719 145.781 145.846 145.921 145.984 146.049 146.126 146.156 146.216 146.249 146.296 146.394 146.444 146.511
140.921 141.051 141.136 141.224 141.284 141.396 141.411 141.596 142.714 143.596 142.184 142.031 142.099 142.101 142.159 142.266 142.326 142.381 142.471 142.591 142.681 142.781 142.884 143.011 143.109 143.194 143.294 143.356 143.416 143.484 143.571 143.669 143.761 143.854 143.911 144.004 144.081 144.194 144.304 144.431 144.574 144.646 144.726 144.816 144.896 144.984 145.031 145.121 145.224 145.296 145.381 145.469 145.546 145.636 145.731 145.789 145.881 145.954 146.029 146.076 146.129 146.171 146.206 146.261 146.326 146.401 146.444
140.871 140.976 141.066 141.139 141.244 141.326 141.364 141.604 142.684 143.264 142.011 141.969 141.991 142.026 142.111 142.206 142.271 142.346 142.446 142.546 142.649 142.749 142.851 142.971 143.054 143.154 143.229 143.294 143.349 143.439 143.496 143.609 143.709 143.781 143.856 143.934 144.014 144.136 144.256 144.371 144.481 144.559 144.669 144.751 144.826 144.894 144.981 145.061 145.149 145.224 145.341 145.391 145.504 145.581 145.664 145.769 145.839 145.926 145.974 146.044 146.079 146.141 146.169 146.219 146.266 146.349 146.419
140.799 140.911 141.021 141.091 141.156 141.244 141.329 141.519 142.686 143.064 141.869 141.881 141.924 141.944 142.039 142.136 142.204 142.289 142.379 142.486 142.586 142.696 142.826 142.919 143.009 143.121 143.184 143.246 143.306 143.376 143.431 143.529 143.636 143.731 143.791 143.881 143.946 144.061 144.181 144.316 144.406 144.471 144.571 144.681 144.744 144.814 144.911 145.001 145.069 145.164 145.239 145.351 145.414 145.524 145.626 145.694 145.809 145.851 145.909 145.956 146.011 146.046 146.096 146.161 146.241 146.284 146.369
140.714 140.871 140.939 140.999 141.081 141.179 141.229 141.586 142.819 143.084 141.859 141.801 141.849 141.889 141.986 142.069 142.136 142.241 142.334 142.426 142.534 142.624 142.769 142.849 142.986 143.051 143.109 143.171 143.241 143.294 143.369 143.476 143.546 143.639 143.704 143.771 143.861 143.991 144.099 144.219 144.326 144.419 144.479 144.594 144.646 144.749 144.839 144.916 145.011 145.094 145.169 145.281 145.364 145.466 145.514 145.606 145.726 145.789 145.859 145.904 145.949 145.974 146.026 146.104 146.169 146.246 146.294
