Matlab/Roost_data/braunton/dsm/ss5138_DSM_2M.asc
ncols 500
nrows 500
xllcorner    251000
yllcorner    138000
cellsize     2
NODATA_value -9999
[rows 145 to 173 of 500, columns 335 to 401 of 500]
142.033 142.093 142.168 142.206 142.293 142.368 142.426 142.501 142.556 142.623 142.681 142.748 142.778 142.843 142.868 142.906 142.956 143.001 143.063 143.098 143.131 143.183 143.221 143.288 143.318 143.386 143.443 143.463 143.533 143.561 143.596 143.643 143.686 143.698 143.713 143.731 143.791 143.821 143.843 143.873 143.901 143.916 143.943 143.951 143.973 143.993 144.016 144.048 144.061 144.096 144.118 144.141 144.146 144.151 144.086 143.996 144.238 145.011 144.411 144.233 144.233 144.261 144.286 144.296 144.298 144.276 144.321
141.903 141.966 142.021 142.106 142.171 142.218 142.326 142.391 142.451 142.516 142.581 142.631 142.681 142.723 142.766 142.801 142.846 142.898 142.926 142.993 143.041 143.081 143.121 143.168 143.203 143.246 143.303 143.361 143.396 143.456 143.486 143.516 143.553 143.583 143.623 143.631 143.663 143.701 143.723 143.741 143.768 143.801 143.846 143.846 143.886 143.893 143.926 143.938 143.966 143.983 144.008 144.046 144.063 144.041 143.978 143.908 144.033 144.806 144.308 144.131 144.131 144.133 144.163 144.208 144.181 144.211 144.193
141.796 141.858 141.923 141.991 142.051 142.126 142.186 142.263 142.328 142.378 142.461 142.511 142.551 142.618 142.638 142.696 142.723 142.778 142.793 142.843 142.891 142.958 143.016 143.043 143.073 143.141 143.196 143.251 143.296 143.331 143.383 143.423 143.463 143.483 143.498 143.523 143.546 143.578 143.606 143.648 143.686 143.708 143.708 143.731 143.763 143.761 143.808 143.811 143.853 143.888 143.938 143.926 143.953 143.931 143.856 143.786 143.933 144.751 144.218 144.046 144.021 144.038 144.053 144.078 144.056 144.073 144.091
141.678 141.748 141.823 141.888 141.938 142.011 142.063 142.136 142.221 142.288 142.346 142.396 142.458 142.491 142.541 142.593 142.636 142.661 142.738 142.753 142.813 142.861 142.918 142.948 142.996 143.068 143.108 143.156 143.211 143.231 143.291 143.316 143.343 143.376 143.401 143.438 143.473 143.503 143.533 143.571 143.578 143.581 143.618 143.648 143.658 143.683 143.706 143.753 143.778 143.811 143.823 143.848 143.838 143.831 143.768 143.686 143.811 144.618 144.088 143.903 143.913 143.946 143.946 143.978 143.956 143.958 143.978
141.566 141.641 141.701 141.768 141.848 141.901 141.961 142.046 142.131 142.196 142.258 142.321 142.378 142.398 142.438 142.471 142.518 142.576 142.613 142.643 142.718 142.761 142.803 142.848 142.908 142.943 143.001 143.033 143.096 143.148 143.191 143.226 143.266 143.266 143.311 143.331 143.371 143.378 143.406 143.451 143.471 143.503 143.501 143.521 143.538 143.566 143.586 143.631 143.663 143.666 143.706 143.741 143.771 143.733 143.678 143.606 143.688 144.438 144.021 143.813 143.836 143.841 143.878 143.848 143.843 143.836 143.871
141.443 141.541 141.598 141.676 141.743 141.798 141.861 141.936 142.008 142.066 142.151 142.196 142.253 142.281 142.323 142.353 142.401 142.441 142.496 142.558 142.626 142.646 142.713 142.766 142.808 142.836 142.888 142.936 142.978 143.046 143.078 143.118 143.136 143.158 143.176 143.228 143.258 143.286 143.308 143.343 143.371 143.393 143.421 143.446 143.471 143.491 143.506 143.538 143.568 143.603 143.628 143.646 143.676 143.641 143.596 143.501 143.628 144.391 144.098 143.703 143.726 143.748 143.721 143.798 143.741 143.761 143.771
141.373 141.441 141.506 141.551 141.606 141.698 141.776 141.836 141.916 141.963 142.043 142.103 142.161 142.196 142.241 142.271 142.288 142.333 142.391 142.443 142.488 142.548 142.626 142.661 142.716 142.751 142.791 142.841 142.908 142.956 142.986 142.998 143.046 143.068 143.106 143.131 143.161 143.188 143.216 143.256 143.276 143.311 143.333 143.353 143.368 143.398 143.413 143.446 143.473 143.493 143.528 143.576 143.588 143.563 143.503 143.421 143.548 144.311 143.908 143.621 143.628 143.641 143.681 143.661 143.653 143.653 143.676
141.263 141.326 141.416 141.451 141.523 141.588 141.676 141.731 141.806 141.873 141.928 142.018 142.056 142.108 142.148 142.203 142.226 142.271 142.313 142.368 142.416 142.458 142.543 142.576 142.643 142.686 142.726 142.773 142.826 142.881 142.906 142.918 142.963 143.001 143.038 143.051 143.091 143.133 143.163 143.178 143.228 143.248 143.261 143.276 143.303 143.338 143.341 143.373 143.408 143.431 143.453 143.486 143.491 143.481 143.423 143.356 143.391 144.176 143.841 143.546 143.511 143.546 143.563 143.561 143.573 143.553 143.616
141.171 141.263 141.308 141.363 141.431 141.491 141.573 141.658 141.713 141.788 141.838 141.908 141.971 141.993 142.031 142.091 142.111 142.151 142.211 142.258 142.313 142.366 142.446 142.498 142.553 142.586 142.646 142.686 142.743 142.776 142.821 142.841 142.896 142.918 142.958 142.983 143.006 143.031 143.061 143.101 143.146 143.138 143.156 143.188 143.211 143.243 143.243 143.266 143.303 143.318 143.361 143.386 143.388 143.386 143.333 143.253 143.301 144.218 143.828 143.461 143.446 143.456 143.446 143.473 143.466 143.451 143.493
141.083 141.141 141.196 141.281 141.361 141.421 141.496 141.533 141.611 141.666 141.741 141.826 141.866 141.898 141.958 142.003 142.036 142.078 142.116 142.176 142.241 142.306 142.343 142.403 142.463 142.503 142.573 142.616 142.646 142.688 142.748 142.783 142.826 142.853 142.876 142.901 142.941 142.953 142.983 143.011 143.043 143.068 143.093 143.118 143.116 143.156 143.173 143.203 143.213 143.243 143.263 143.296 143.313 143.316 143.248 143.183 143.216 144.223 143.968 143.383 143.366 143.393 143.373 143.411 143.381 143.398 143.411
140.986 141.043 141.108 141.183 141.256 141.328 141.391 141.461 141.513 141.606 141.668 141.736 141.776 141.823 141.871 141.913 141.976 142.021 142.051 142.106 142.176 142.228 142.273 142.331 142.396 142.451 142.498 142.536 142.568 142.631 142.663 142.691 142.728 142.783 142.793 142.841 142.853 142.878 142.916 142.933 142.943 142.981 143.018 143.026 143.033 143.026 143.051 143.116 143.123 143.151 143.166 143.211 143.233 143.171 143.156 143.091 143.116 144.251 144.026 143.323 143.276 143.276 143.303 143.333 143.306 143.301 143.321
140.916 140.956 141.028 141.083 141.156 141.226 141.296 141.358 141.448 141.508 141.581 141.623 141.681 141.728 141.796 141.838 141.888 141.943 141.991 142.053 142.086 142.133 142.193 142.223 142.303 142.348 142.413 142.451 142.508 142.526 142.568 142.621 142.656 142.683 142.723 142.758 142.793 142.823 142.841 142.851 142.898 142.908 142.923 142.946 142.976 142.986 143.016 143.051 143.038 143.066 143.081 143.103 143.121 143.106 143.078 143.003 143.081 144.356 144.048 143.216 143.191 143.211 143.216 143.216 143.226 143.206 143.238
140.791 140.876 140.936 141.018 141.078 141.136 141.201 141.261 141.341 141.426 141.506 141.548 141.586 141.626 141.703 141.743 141.791 141.818 141.906 141.956 142.006 142.061 142.108 142.151 142.208 142.283 142.336 142.396 142.448 142.486 142.531 142.558 142.583 142.618 142.641 142.663 142.713 142.733 142.743 142.801 142.823 142.843 142.853 142.861 142.881 142.888 142.921 142.926 142.951 142.968 143.006 143.018 143.046 143.016 142.981 142.913 142.936 144.191 144.048 143.143 143.108 143.096 143.126 143.158 143.143 143.173 143.156
140.706 140.798 140.863 140.933 140.988 141.078 141.133 141.193 141.251 141.333 141.413 141.476 141.531 141.566 141.633 141.651 141.691 141.758 141.806 141.873 141.921 141.968 142.036 142.086 142.143 142.201 142.241 142.288 142.348 142.416 142.438 142.478 142.523 142.571 142.573 142.606 142.631 142.651 142.663 142.701 142.728 142.746 142.776 142.793 142.796 142.806 142.843 142.856 142.873 142.903 142.931 142.956 142.963 142.926 142.888 142.826 142.856 144.146 144.163 143.063 143.008 142.971 143.058 143.083 143.066 143.051 143.078
140.633 140.683 140.783 140.851 140.913 140.976 141.033 141.113 141.176 141.258 141.311 141.396 141.421 141.483 141.556 141.588 141.623 141.678 141.721 141.776 141.848 141.903 141.943 142.011 142.078 142.118 142.188 142.218 142.278 142.336 142.378 142.401 142.476 142.481 142.511 142.526 142.553 142.588 142.611 142.621 142.656 142.696 142.711 142.698 142.706 142.738 142.736 142.753 142.793 142.806 142.828 142.848 142.863 142.853 142.826 142.768 142.728 143.963 143.973 142.991 142.943 142.923 142.998 142.976 142.988 142.991 143.008
140.553 140.613 140.706 140.778 140.851 140.898 140.978 141.036 141.098 141.181 141.248 141.308 141.383 141.408 141.458 141.506 141.543 141.598 141.658 141.711 141.771 141.828 141.881 141.971 142.013 142.071 142.101 142.148 142.216 142.268 142.313 142.343 142.383 142.403 142.438 142.476 142.493 142.518 142.556 142.563 142.563 142.611 142.616 142.651 142.661 142.646 142.673 142.686 142.711 142.723 142.738 142.768 142.778 142.781 142.748 142.681 142.633 143.761 143.996 142.888 142.853 142.858 142.896 142.896 142.921 142.891 142.908
140.496 140.561 140.638 140.696 140.766 140.838 140.913 140.973 141.028 141.108 141.166 141.238 141.276 141.326 141.371 141.406 141.473 141.501 141.568 141.613 141.653 141.721 141.813 141.866 141.936 141.996 142.033 142.113 142.133 142.181 142.228 142.288 142.288 142.351 142.366 142.401 142.431 142.461 142.483 142.493 142.508 142.513 142.551 142.573 142.576 142.563 142.593 142.601 142.628 142.656 142.681 142.671 142.688 142.691 142.666 142.603 142.566 143.503 143.888 142.821 142.733 142.796 142.803 142.818 142.813 142.838 142.858
140.428 140.486 140.543 140.608 140.671 140.756 140.803 140.876 140.956 141.048 141.098 141.158 141.201 141.281 141.313 141.368 141.388 141.428 141.483 141.551 141.601 141.671 141.736 141.796 141.868 141.921 141.976 142.013 142.061 142.101 142.131 142.188 142.218 142.248 142.291 142.316 142.333 142.401 142.416 142.423 142.448 142.448 142.451 142.476 142.473 142.486 142.483 142.508 142.531 142.566 142.576 142.591 142.603 142.621 142.596 142.538 142.443 143.253 143.813 142.693 142.693 142.691 142.708 142.723 142.776 142.733 142.771
140.373 140.406 140.471 140.556 140.611 140.671 140.761 140.828 140.893 140.968 141.046 141.116 141.171 141.213 141.258 141.293 141.363 141.366 141.446 141.488 141.561 141.628 141.666 141.723 141.781 141.861 141.896 141.948 141.983 142.036 142.068 142.106 142.156 142.163 142.198 142.241 142.286 142.306 142.331 142.341 142.368 142.383 142.376 142.401 142.398 142.416 142.438 142.421 142.456 142.461 142.496 142.496 142.523 142.548 142.531 142.466 142.373 143.218 143.386 142.646 142.591 142.621 142.623 142.653 142.628 142.633 142.693
140.296 140.366 140.453 140.496 140.561 140.631 140.706 140.776 140.856 140.923 140.993 141.051 141.106 141.161 141.213 141.246 141.303 141.328 141.393 141.423 141.496 141.551 141.613 141.671 141.711 141.801 141.866 141.898 141.946 141.991 142.013 142.061 142.078 142.128 142.151 142.188 142.216 142.228 142.248 142.268 142.291 142.306 142.323 142.331 142.346 142.343 142.343 142.366 142.366 142.378 142.408 142.421 142.448 142.466 142.446 142.393 142.313 142.901 143.871 142.558 142.521 142.523 142.536 142.571 142.556 142.586 142.588
140.251 140.303 140.376 140.431 140.511 140.568 140.646 140.738 140.788 140.863 140.946 140.998 141.038 141.103 141.151 141.208 141.243 141.293 141.341 141.388 141.456 141.506 141.586 141.616 141.656 141.733 141.803 141.848 141.893 141.926 141.981 142.028 142.036 142.061 142.068 142.123 142.141 142.151 142.193 142.191 142.226 142.226 142.243 142.256 142.276 142.271 142.281 142.278 142.293 142.338 142.358 142.361 142.376 142.398 142.363 142.326 142.253 142.803 143.558 142.521 142.458 142.448 142.453 142.496 142.471 142.466 142.513
140.208 140.278 140.346 140.411 140.481 140.531 140.606 140.696 140.763 140.841 140.893 140.968 141.016 141.081 141.133 141.166 141.193 141.251 141.293 141.371 141.416 141.488 141.533 141.588 141.636 141.716 141.756 141.781 141.863 141.878 141.923 141.973 142.001 142.018 142.063 142.043 142.078 142.093 142.123 142.141 142.148 142.186 142.206 142.213 142.221 142.211 142.241 142.228 142.258 142.283 142.311 142.323 142.333 142.341 142.313 142.278 142.186 142.576 143.628 142.526 142.383 142.366 142.346 142.398 142.433 142.393 142.423
140.193 140.248 140.306 140.373 140.451 140.486 140.588 140.666 140.731 140.793 140.871 140.928 140.988 141.028 141.076 141.138 141.181 141.228 141.263 141.328 141.376 141.426 141.481 141.543 141.606 141.646 141.728 141.768 141.808 141.861 141.873 141.921 141.946 141.953 141.986 142.003 142.028 142.023 142.063 142.088 142.116 142.108 142.123 142.138 142.151 142.183 142.186 142.193 142.213 142.246 142.248 142.268 142.288 142.276 142.263 142.213 142.143 142.456 143.486 142.456 142.336 142.301 142.281 142.306 142.311 142.323 142.323
140.158 140.223 140.263 140.368 140.431 140.501 140.536 140.638 140.708 140.778 140.828 140.903 140.981 140.988 141.046 141.113 141.151 141.186 141.231 141.283 141.331 141.391 141.431 141.481 141.546 141.603 141.668 141.723 141.748 141.806 141.836 141.843 141.868 141.898 141.921 141.933 141.951 141.963 142.003 142.023 142.051 142.053 142.078 142.091 142.101 142.123 142.123 142.146 142.168 142.161 142.176 142.231 142.238 142.241 142.221 142.178 142.116 142.331 143.521 142.608 142.256 142.216 142.213 142.228 142.233 142.256 142.241
140.106 140.191 140.273 140.336 140.398 140.476 140.546 140.598 140.676 140.746 140.811 140.868 140.921 140.971 141.016 141.048 141.101 141.126 141.176 141.258 141.291 141.353 141.411 141.448 141.518 141.581 141.616 141.668 141.716 141.746 141.786 141.796 141.841 141.868 141.886 141.878 141.883 141.921 141.953 141.943 141.968 142.008 142.013 142.043 142.058 142.058 142.083 142.076 142.106 142.116 142.131 142.183 142.201 142.216 142.181 142.108 142.083 142.218 143.016 142.473 142.158 142.156 142.148 142.166 142.171 142.186 142.163
140.076 140.146 140.203 140.281 140.351 140.403 140.498 140.601 140.661 140.726 140.796 140.848 140.903 140.931 140.976 141.008 141.056 141.111 141.131 141.221 141.268 141.341 141.373 141.453 141.506 141.551 141.603 141.648 141.688 141.728 141.766 141.798 141.838 141.831 141.868 141.856 141.876 141.893 141.926 141.948 141.953 141.971 141.983 141.993 141.993 142.021 142.046 142.033 142.033 142.053 142.088 142.111 142.151 142.161 142.123 142.056 142.036 142.128 142.881 142.448 142.058 142.073 142.101 142.108 142.111 142.078 142.091
140.036 140.116 140.181 140.248 140.326 140.393 140.481 140.578 140.638 140.708 140.768 140.836 140.891 140.928 140.971 141.006 141.058 141.093 141.161 141.203 141.251 141.318 141.391 141.453 141.526 141.551 141.596 141.643 141.668 141.698 141.723 141.758 141.791 141.796 141.801 141.811 141.823 141.843 141.861 141.913 141.913 141.908 141.923 141.938 141.953 141.948 141.978 141.946 141.971 141.991 141.996 142.001 142.026 142.048 142.026 141.998 141.958 142.078 142.941 142.681 142.046 142.001 142.013 142.053 142.058 142.046 142.031
140.028 140.101 140.161 140.236 140.313 140.388 140.468 140.553 140.623 140.696 140.758 140.823 140.893 140.948 140.981 141.023 141.053 141.106 141.148 141.196 141.258 141.296 141.373 141.413 141.483 141.533 141.581 141.623 141.623 141.666 141.691 141.743 141.741 141.753 141.763 141.776 141.786 141.801 141.831 141.846 141.843 141.836 141.851 141.866 141.876 141.881 141.878 141.883 141.891 141.913 141.906 141.908 141.921 141.931 141.921 141.896 141.883 142.096 143.171 142.418 142.008 141.996 142.003 142.061 142.013 142.018 141.976
140.006 140.081 140.131 140.213 140.278 140.343 140.478 140.558 140.616 140.691 140.748 140.808 140.858 140.928 140.961 141.006 141.056 141.091 141.141 141.183 141.236 141.318 141.361 141.396 141.448 141.506 141.546 141.563 141.566 141.608 141.648 141.671 141.716 141.708 141.736 141.773 141.771 141.741 141.753 141.766 141.758 141.763 141.793 141.796 141.781 141.801 141.771 141.781 141.778 141.773 141.796 141.833 141.841 141.871 141.871 141.831 141.823 142.276 143.551 142.553 141.973 141.963 141.981 141.996 141.953 141.966 141.936
