Matlab/Roost_data/braunton/dsm/ss5135_DSM_2M.asc
ncols 500
nrows 500
xllcorner    251000
yllcorner    135000
cellsize     2
NODATA_value -9999
[rows 64 to 95 of 500, columns 0 to 70 of 500]
42.778 43.164 42.204 44.546 41.301 41.594 41.531 41.296 41.653 41.611 42.969 45.343 42.566 50.003 56.866 61.088 52.171 44.786 44.238 42.679 42.126 42.149 42.226 42.304 42.389 42.511 42.596 42.711 42.789 42.914 43.043 43.146 43.229 43.278 43.356 43.421 43.468 43.491 43.546 43.604 43.674 43.776 43.844 43.929 44.021 44.121 44.191 44.254 44.356 44.461 44.541 44.641 44.724 44.844 44.944 45.009 45.114 45.209 45.304 45.409 45.529 45.629 45.691 45.806 45.946 46.064 46.149 46.239 46.294 46.374 46.476
40.754 40.804 45.536 49.181 47.191 48.611 43.406 41.424 41.611 42.539 44.813 42.999 44.284 52.026 53.749 59.073 54.416 47.549 44.704 43.073 42.299 42.333 42.376 42.366 42.473 42.558 42.676 42.774 42.854 42.984 43.109 43.221 43.286 43.364 43.446 43.516 43.566 43.596 43.656 43.721 43.784 43.889 43.938 44.034 44.128 44.214 44.304 44.376 44.438 44.534 44.626 44.724 44.821 44.919 45.009 45.106 45.216 45.309 45.416 45.491 45.626 45.726 45.791 45.924 46.056 46.179 46.274 46.351 46.429 46.511 46.611
40.866 41.056 41.611 43.784 52.903 42.196 42.019 41.874 41.501 47.931 50.844 45.776 48.536 55.383 50.543 54.719 52.201 47.124 43.281 44.098 42.444 42.383 42.418 42.449 42.531 42.641 42.734 42.821 42.933 43.039 43.161 43.276 43.321 43.398 43.491 43.561 43.634 43.694 43.743 43.811 43.871 43.966 44.041 44.113 44.204 44.301 44.391 44.456 44.526 44.621 44.709 44.809 44.919 45.034 45.134 45.196 45.306 45.406 45.496 45.596 45.721 45.846 45.949 46.031 46.166 46.296 46.384 46.479 46.546 46.641 46.739
41.031 41.003 41.813 44.651 51.651 43.109 41.466 41.561 41.543 46.499 51.811 52.166 54.081 54.418 46.181 50.469 44.621 43.954 42.511 43.411 42.811 42.431 42.456 42.503 42.581 42.694 42.793 42.871 42.981 43.076 43.196 43.316 43.389 43.451 43.534 43.613 43.701 43.758 43.826 43.876 43.951 44.019 44.128 44.199 44.284 44.386 44.464 44.531 44.611 44.701 44.826 44.901 44.999 45.119 45.234 45.311 45.389 45.511 45.609 45.704 45.834 45.971 46.049 46.146 46.276 46.409 46.504 46.594 46.679 46.756 46.864
40.946 41.969 41.211 42.406 42.174 47.291 41.589 41.583 41.821 46.221 56.249 52.758 51.861 51.031 42.316 42.281 42.291 42.416 42.438 43.196 44.581 42.659 42.561 42.589 42.629 42.706 42.836 42.924 43.016 43.126 43.241 43.341 43.424 43.506 43.589 43.641 43.768 43.821 43.909 43.949 44.024 44.104 44.206 44.253 44.351 44.461 44.551 44.618 44.696 44.764 44.879 44.971 45.081 45.204 45.321 45.411 45.494 45.586 45.689 45.799 45.921 46.046 46.159 46.256 46.366 46.514 46.621 46.729 46.796 46.881 46.989
48.431 48.016 41.216 41.488 42.799 41.451 41.499 41.586 41.766 47.014 51.284 51.023 51.631 44.788 42.234 42.219 42.271 44.151 43.891 43.218 44.326 42.876 42.796 42.604 42.676 42.758 42.871 42.944 43.066 43.164 43.271 43.379 43.488 43.543 43.616 43.696 43.801 43.899 43.933 43.993 44.083 44.161 44.271 44.344 44.406 44.528 44.616 44.688 44.756 44.854 44.936 45.051 45.141 45.284 45.389 45.496 45.579 45.676 45.786 45.884 46.011 46.141 46.259 46.354 46.484 46.624 46.729 46.841 46.919 47.016 47.106
43.889 43.848 41.444 42.258 46.159 44.711 41.871 41.486 41.789 42.094 49.028 44.441 43.749 42.221 42.208 42.274 42.804 47.424 45.701 42.859 45.221 42.936 42.778 42.696 42.734 42.819 42.924 42.991 43.076 43.183 43.289 43.399 43.508 43.556 43.633 43.729 43.819 43.918 43.964 44.054 44.106 44.186 44.286 44.381 44.476 44.554 44.668 44.756 44.831 44.916 45.016 45.126 45.241 45.344 45.476 45.579 45.666 45.789 45.874 45.986 46.106 46.231 46.351 46.461 46.581 46.736 46.859 46.974 47.064 47.151 47.251
41.219 41.668 41.221 42.326 41.604 41.408 44.396 41.604 41.906 42.148 45.493 44.806 42.286 48.021 45.159 45.876 42.738 45.836 49.536 42.868 43.789 43.296 42.736 42.764 42.791 42.866 42.971 43.046 43.126 43.206 43.296 43.421 43.516 43.589 43.659 43.738 43.831 43.941 44.016 44.066 44.124 44.221 44.293 44.394 44.499 44.604 44.694 44.801 44.899 44.984 45.079 45.186 45.291 45.419 45.546 45.654 45.736 45.846 45.956 46.079 46.199 46.329 46.459 46.576 46.686 46.849 46.981 47.096 47.209 47.294 47.376
41.706 41.811 41.174 41.264 42.234 41.648 41.626 41.996 44.511 45.264 42.774 47.493 42.479 43.008 46.664 45.164 48.299 51.711 48.664 44.519 44.319 43.751 42.756 42.886 42.839 42.883 42.984 43.083 43.149 43.241 43.326 43.429 43.534 43.606 43.686 43.761 43.854 43.944 44.039 44.109 44.153 44.241 44.324 44.436 44.528 44.629 44.743 44.861 44.956 45.036 45.134 45.264 45.376 45.484 45.611 45.729 45.836 45.924 46.046 46.179 46.271 46.434 46.586 46.699 46.781 46.949 47.081 47.209 47.329 47.406 47.504
46.359 45.883 41.806 42.979 41.594 43.506 41.894 41.789 42.249 42.144 42.333 43.344 43.021 43.091 42.406 42.583 43.159 55.229 53.556 43.514 43.243 44.098 42.894 42.854 42.833 42.906 42.981 43.091 43.156 43.256 43.346 43.451 43.551 43.611 43.706 43.796 43.874 43.971 44.058 44.129 44.179 44.281 44.376 44.466 44.566 44.659 44.774 44.909 44.996 45.106 45.206 45.316 45.421 45.541 45.684 45.806 45.906 46.021 46.131 46.241 46.391 46.526 46.664 46.781 46.899 47.041 47.179 47.316 47.459 47.549 47.641
43.028 41.101 41.286 41.386 42.766 42.938 41.786 42.191 44.546 42.464 42.261 42.258 43.751 46.161 42.203 42.331 46.229 57.653 47.981 42.738 43.166 44.403 43.453 42.911 42.886 42.901 43.003 43.104 43.183 43.278 43.371 43.469 43.558 43.636 43.698 43.806 43.906 43.993 44.089 44.164 44.226 44.308 44.394 44.479 44.591 44.699 44.816 44.933 45.034 45.161 45.266 45.371 45.484 45.614 45.744 45.854 45.974 46.096 46.199 46.301 46.446 46.611 46.741 46.881 46.991 47.119 47.291 47.434 47.544 47.676 47.769
41.889 41.464 41.391 41.536 43.079 41.868 42.391 42.481 41.841 41.868 42.011 42.299 45.346 49.589 45.486 42.933 51.833 56.646 54.936 46.429 43.639 43.633 43.984 42.991 42.889 42.916 43.026 43.113 43.191 43.266 43.368 43.446 43.586 43.646 43.726 43.831 43.938 44.016 44.133 44.208 44.259 44.333 44.418 44.531 44.629 44.749 44.854 44.988 45.096 45.199 45.301 45.409 45.539 45.656 45.779 45.906 46.024 46.139 46.244 46.366 46.504 46.664 46.811 46.966 47.086 47.211 47.386 47.531 47.656 47.756 47.861
43.454 45.801 41.304 42.881 41.516 42.226 41.726 41.784 41.874 41.774 48.851 44.411 49.831 50.341 46.164 45.301 49.639 58.271 57.661 47.773 46.311 44.183 44.223 43.196 42.898 42.961 43.019 43.121 43.196 43.291 43.371 43.479 43.586 43.683 43.741 43.828 43.944 44.043 44.139 44.236 44.304 44.356 44.463 44.573 44.649 44.769 44.878 44.986 45.109 45.216 45.329 45.444 45.564 45.689 45.811 45.939 46.071 46.179 46.286 46.419 46.541 46.681 46.849 47.016 47.141 47.281 47.439 47.584 47.716 47.836 47.939
41.226 41.199 42.164 41.308 41.469 41.804 41.649 41.558 41.661 41.909 44.111 45.431 50.383 42.363 42.499 47.701 54.954 58.458 59.771 46.681 46.948 43.624 44.221 43.333 42.926 42.946 42.991 43.104 43.191 43.284 43.356 43.469 43.569 43.668 43.746 43.839 43.941 44.034 44.148 44.223 44.316 44.374 44.461 44.574 44.666 44.774 44.889 45.009 45.131 45.241 45.334 45.431 45.559 45.674 45.811 45.944 46.061 46.181 46.316 46.434 46.554 46.701 46.859 47.034 47.179 47.336 47.494 47.661 47.784 47.901 48.006
40.911 41.101 41.171 41.264 41.426 41.271 41.363 41.813 41.639 41.859 43.366 46.241 44.866 43.793 47.381 52.083 52.086 53.499 51.581 48.118 42.666 42.874 44.258 43.896 42.836 42.914 42.958 43.076 43.168 43.251 43.316 43.409 43.526 43.633 43.703 43.781 43.903 44.014 44.104 44.188 44.271 44.354 44.463 44.536 44.639 44.753 44.879 44.976 45.104 45.231 45.326 45.416 45.549 45.686 45.806 45.919 46.044 46.199 46.321 46.454 46.591 46.739 46.871 47.056 47.229 47.386 47.526 47.696 47.829 47.974 48.076
40.691 41.054 41.006 41.996 44.941 50.221 41.368 41.549 41.539 41.598 41.661 41.993 46.484 44.804 50.148 50.366 43.211 45.073 46.466 42.561 42.561 42.729 45.286 43.911 42.804 42.856 42.886 42.986 43.069 43.164 43.238 43.336 43.441 43.551 43.649 43.731 43.839 43.924 44.028 44.118 44.226 44.306 44.406 44.484 44.583 44.706 44.826 44.949 45.071 45.194 45.291 45.404 45.524 45.649 45.789 45.926 46.036 46.191 46.319 46.451 46.604 46.746 46.911 47.084 47.269 47.406 47.591 47.754 47.889 48.036 48.116
41.881 41.216 47.376 44.118 47.696 51.238 44.743 41.981 41.433 41.823 41.824 42.736 52.758 46.034 45.041 43.063 42.211 42.433 42.643 42.721 45.424 42.581 43.539 44.289 43.086 42.771 42.829 42.881 42.976 43.076 43.146 43.256 43.341 43.446 43.561 43.636 43.741 43.844 43.958 44.046 44.161 44.246 44.328 44.431 44.526 44.624 44.781 44.894 44.996 45.128 45.254 45.364 45.474 45.616 45.751 45.879 46.011 46.164 46.309 46.469 46.599 46.761 46.919 47.099 47.286 47.456 47.579 47.726 47.856 47.951 48.071
46.284 42.951 42.668 40.824 41.028 41.136 43.674 43.104 41.706 41.418 46.063 44.323 50.186 44.753 41.956 42.293 43.231 48.859 47.151 54.863 42.514 42.446 43.721 45.316 43.456 42.651 42.719 42.766 42.854 42.948 43.043 43.139 43.216 43.344 43.473 43.546 43.656 43.753 43.874 43.981 44.079 44.186 44.259 44.381 44.461 44.551 44.686 44.806 44.926 45.066 45.181 45.294 45.426 45.551 45.679 45.829 45.969 46.114 46.256 46.421 46.564 46.706 46.899 47.061 47.239 47.359 47.494 47.629 47.784 47.894 48.016
45.243 45.918 45.074 44.116 40.773 40.973 42.473 43.594 43.476 49.914 45.776 50.829 52.976 43.823 44.269 41.836 45.778 46.644 49.433 43.751 42.424 42.284 47.063 46.609 43.764 42.549 42.576 42.646 42.719 42.808 42.894 43.006 43.094 43.216 43.371 43.449 43.554 43.664 43.796 43.903 44.003 44.109 44.203 44.293 44.376 44.499 44.618 44.719 44.846 44.986 45.106 45.246 45.344 45.466 45.591 45.736 45.901 46.036 46.189 46.359 46.496 46.661 46.814 46.981 47.141 47.289 47.399 47.529 47.679 47.821 47.966
41.903 44.293 40.401 40.676 40.641 40.701 40.891 43.711 48.479 50.526 54.166 44.106 52.278 42.341 43.711 41.621 48.011 44.441 47.856 42.506 42.444 46.406 56.118 50.961 44.573 42.583 42.509 42.606 42.579 42.666 42.776 42.856 42.981 43.106 43.243 43.333 43.458 43.571 43.691 43.776 43.901 44.016 44.089 44.183 44.301 44.401 44.528 44.633 44.771 44.889 45.016 45.154 45.236 45.381 45.504 45.669 45.804 45.941 46.091 46.264 46.404 46.581 46.709 46.876 47.039 47.196 47.319 47.459 47.614 47.741 47.874
40.249 47.188 40.711 40.583 40.839 40.486 41.936 45.241 42.966 51.571 48.831 52.734 48.246 41.543 41.539 41.606 43.556 44.106 42.391 42.506 42.414 49.183 51.596 43.571 49.299 44.326 42.293 42.426 42.484 42.541 42.639 42.746 42.881 43.016 43.141 43.249 43.346 43.464 43.576 43.683 43.806 43.903 43.991 44.074 44.201 44.299 44.414 44.549 44.656 44.789 44.916 45.041 45.134 45.264 45.406 45.546 45.694 45.831 45.994 46.149 46.279 46.461 46.609 46.779 46.951 47.099 47.224 47.336 47.489 47.616 47.729
43.521 48.766 40.311 40.384 40.436 41.554 41.461 42.981 45.159 49.661 44.269 45.284 42.901 41.531 42.166 41.914 41.558 41.713 42.069 42.129 42.141 46.429 41.956 44.234 54.306 47.651 43.016 42.699 42.451 42.411 42.528 42.613 42.743 42.883 43.008 43.136 43.243 43.354 43.473 43.586 43.691 43.799 43.903 43.966 44.096 44.194 44.311 44.466 44.549 44.674 44.829 44.946 45.044 45.161 45.276 45.431 45.579 45.709 45.879 45.999 46.169 46.314 46.476 46.624 46.816 46.954 47.091 47.179 47.321 47.469 47.584
52.753 48.021 41.729 41.861 44.359 46.321 40.406 40.938 45.524 45.971 44.284 40.956 40.903 41.231 43.363 42.274 41.986 41.613 41.856 42.688 42.133 41.871 41.681 42.604 51.714 53.359 50.476 42.706 42.296 42.438 42.383 42.501 42.628 42.736 42.881 43.031 43.118 43.264 43.359 43.469 43.573 43.668 43.796 43.874 43.966 44.081 44.174 44.321 44.436 44.549 44.689 44.809 44.936 45.034 45.161 45.289 45.456 45.589 45.736 45.879 46.044 46.179 46.309 46.479 46.659 46.804 46.916 47.019 47.149 47.291 47.394
48.236 56.261 41.631 40.799 41.261 40.906 46.686 40.418 53.649 52.856 41.258 40.736 40.704 41.219 44.101 41.991 43.819 45.009 48.269 47.411 41.691 41.843 41.586 47.111 44.986 48.839 48.049 45.179 42.251 42.269 42.261 42.376 42.501 42.613 42.753 42.894 42.996 43.104 43.219 43.324 43.438 43.549 43.666 43.758 43.841 43.958 44.064 44.183 44.306 44.416 44.531 44.684 44.799 44.919 45.036 45.149 45.291 45.441 45.579 45.731 45.899 46.021 46.169 46.354 46.484 46.639 46.764 46.846 46.976 47.104 47.219
43.109 44.914 40.933 44.406 43.986 46.988 48.116 41.229 42.461 42.091 48.486 43.321 40.653 47.216 50.741 40.993 47.493 55.086 52.146 52.241 48.273 41.764 41.659 49.351 53.996 50.926 47.549 43.636 42.001 42.034 42.116 42.221 42.339 42.466 42.591 42.761 42.848 42.969 43.076 43.188 43.289 43.401 43.549 43.616 43.711 43.824 43.924 44.034 44.174 44.284 44.394 44.541 44.654 44.769 44.866 44.984 45.154 45.284 45.439 45.569 45.734 45.856 45.996 46.174 46.289 46.454 46.564 46.656 46.749 46.909 46.984
40.101 39.461 39.628 40.688 40.821 43.871 40.024 39.903 48.043 45.063 45.438 47.219 42.151 41.771 47.606 46.681 54.043 63.736 51.659 49.796 53.253 44.223 41.606 45.414 47.949 52.058 45.421 41.866 41.868 41.828 41.958 42.071 42.181 42.319 42.451 42.581 42.714 42.819 42.944 43.049 43.146 43.269 43.381 43.479 43.558 43.674 43.771 43.874 44.016 44.118 44.244 44.381 44.514 44.601 44.706 44.826 44.984 45.129 45.244 45.399 45.544 45.674 45.806 45.949 46.091 46.266 46.386 46.486 46.556 46.656 46.791
41.661 39.161 39.363 40.386 46.966 41.128 39.813 39.708 39.971 40.058 44.066 48.824 43.796 40.424 40.333 48.944 52.891 64.441 56.848 54.116 53.383 43.431 45.516 50.151 41.414 42.791 42.743 41.666 41.676 41.656 41.761 41.914 42.003 42.116 42.254 42.409 42.526 42.653 42.764 42.881 42.988 43.098 43.194 43.313 43.399 43.479 43.601 43.714 43.851 43.936 44.054 44.209 44.326 44.429 44.554 44.646 44.781 44.916 45.064 45.184 45.339 45.499 45.629 45.761 45.889 46.046 46.176 46.291 46.349 46.444 46.566
46.311 41.306 41.049 47.559 45.054 39.624 39.539 39.581 39.714 40.054 40.883 45.789 40.499 40.509 40.488 40.281 51.784 59.328 53.396 45.846 54.541 43.664 50.909 45.054 42.426 41.451 42.668 41.924 41.389 41.481 41.596 41.711 41.821 41.918 42.049 42.223 42.333 42.451 42.563 42.683 42.784 42.898 43.008 43.111 43.219 43.316 43.416 43.534 43.674 43.769 43.884 44.011 44.146 44.256 44.349 44.474 44.599 44.741 44.869 44.989 45.156 45.304 45.431 45.559 45.696 45.814 45.959 46.059 46.126 46.244 46.361
45.889 49.894 49.049 55.859 41.331 39.394 39.398 39.518 39.466 39.698 46.381 45.056 42.956 40.273 40.541 42.969 40.241 42.806 41.688 43.716 43.896 42.041 42.426 42.098 40.861 41.539 42.301 42.258 41.274 41.301 41.403 41.536 41.633 41.726 41.854 42.014 42.141 42.253 42.366 42.496 42.613 42.708 42.826 42.931 43.014 43.113 43.216 43.344 43.466 43.594 43.709 43.831 43.954 44.056 44.171 44.281 44.401 44.536 44.676 44.786 44.941 45.074 45.199 45.344 45.479 45.606 45.739 45.844 45.916 46.016 46.154
48.804 53.354 60.436 49.501 53.109 40.284 39.281 39.301 39.458 40.058 46.386 41.491 40.201 40.758 40.454 40.894 40.731 44.451 51.929 46.003 44.201 41.081 41.366 41.551 40.694 41.499 41.536 42.973 42.171 41.266 41.273 41.424 41.429 41.543 41.624 41.796 41.926 42.043 42.164 42.289 42.406 42.499 42.589 42.721 42.826 42.906 42.999 43.128 43.253 43.371 43.509 43.616 43.746 43.871 43.974 44.086 44.211 44.334 44.469 44.589 44.724 44.879 45.001 45.121 45.261 45.399 45.504 45.621 45.699 45.776 45.926
43.666 49.574 59.344 43.903 54.688 42.249 39.221 39.054 42.454 41.118 44.831 39.546 42.024 43.126 45.659 45.136 46.723 53.499 46.741 41.509 42.329 43.378 40.896 40.941 40.916 40.493 42.586 46.833 44.238 40.973 41.111 41.261 41.236 41.344 41.429 41.566 41.706 41.813 41.934 42.061 42.166 42.266 42.391 42.503 42.609 42.701 42.781 42.896 43.021 43.161 43.284 43.406 43.544 43.649 43.749 43.871 44.006 44.116 44.279 44.386 44.519 44.659 44.779 44.901 45.029 45.151 45.271 45.399 45.501 45.569 45.664
38.241 42.073 53.534 47.188 38.666 47.448 40.183 39.453 39.683 40.026 39.291 43.191 43.889 39.971 42.229 46.101 44.668 51.104 40.063 39.848 42.113 43.264 46.089 43.781 40.604 40.359 42.528 42.666 44.896 44.661 40.961 40.984 41.144 41.226 41.306 41.433 41.473 41.566 41.699 41.826 41.924 42.019 42.151 42.276 42.396 42.496 42.576 42.679 42.816 42.964 43.066 43.184 43.311 43.454 43.566 43.684 43.809 43.936 44.076 44.179 44.301 44.419 44.539 44.686 44.814 44.949 45.064 45.161 45.276 45.346 45.451
