Matlab/Roost_data/braunton/dsm/ss5137_DSM_2M.asc
ncols 500
nrows 500
xllcorner    251000
yllcorner    137000
cellsize     2
NODATA_value -9999
[rows 390 to 419 of 500, columns 335 to 401 of 500]
126.251 126.099 125.956 125.819 125.684 125.529 125.376 125.249 125.066 124.969 124.826 124.661 124.529 124.381 124.224 124.059 123.869 123.706 123.541 123.366 123.191 123.014 122.809 122.636 122.464 122.276 122.061 121.839 121.636 121.456 121.246 121.019 120.804 120.579 120.324 120.089 119.824 119.614 119.361 119.171 119.034 118.821 118.606 118.376 118.244 118.011 117.841 118.401 117.474 116.719 116.679 116.641 116.451 116.126 115.769 115.359 115.009 114.636 114.226 113.829 113.489 113.099 112.671 112.261 111.896 111.481 111.049
126.236 126.104 125.954 125.824 125.671 125.491 125.366 125.224 125.061 124.944 124.816 124.644 124.491 124.344 124.189 124.029 123.856 123.689 123.499 123.336 123.171 122.996 122.806 122.621 122.469 122.259 122.044 121.846 121.664 121.451 121.246 121.036 120.814 120.576 120.341 120.109 119.834 119.604 119.374 119.196 119.036 118.854 118.629 118.406 118.246 118.011 117.826 118.456 117.441 116.766 116.721 116.664 116.464 116.174 115.814 115.409 115.041 114.699 114.274 113.916 113.556 113.151 112.751 112.349 111.956 111.554 111.129
126.226 126.081 125.956 125.811 125.641 125.484 125.326 125.209 125.059 124.939 124.796 124.611 124.471 124.309 124.151 123.989 123.814 123.644 123.481 123.321 123.141 122.984 122.804 122.626 122.439 122.251 122.049 121.859 121.641 121.469 121.239 121.036 120.806 120.591 120.354 120.119 119.876 119.634 119.391 119.214 119.069 118.871 118.654 118.411 118.259 118.066 117.846 118.421 117.524 116.796 116.761 116.701 116.524 116.226 115.849 115.471 115.084 114.751 114.329 113.994 113.599 113.216 112.829 112.406 112.056 111.634 111.211
126.231 126.071 125.951 125.791 125.634 125.494 125.344 125.219 125.044 124.894 124.754 124.601 124.454 124.296 124.126 123.979 123.804 123.641 123.489 123.309 123.129 122.984 122.806 122.634 122.406 122.241 122.054 121.849 121.656 121.489 121.261 121.046 120.831 120.596 120.359 120.131 119.884 119.654 119.409 119.244 119.094 118.891 118.669 118.424 118.294 118.076 117.904 118.544 117.491 116.794 116.764 116.739 116.589 116.269 115.899 115.489 115.121 114.764 114.374 114.051 113.669 113.299 112.899 112.481 112.146 111.734 111.321
126.224 126.056 125.946 125.766 125.641 125.476 125.331 125.194 125.049 124.881 124.739 124.589 124.444 124.286 124.126 123.976 123.771 123.636 123.466 123.311 123.126 122.979 122.801 122.624 122.431 122.276 122.074 121.879 121.676 121.491 121.269 121.069 120.826 120.634 120.411 120.151 119.886 119.669 119.454 119.264 119.114 118.914 118.691 118.456 118.286 118.091 117.904 118.441 117.611 116.821 116.776 116.769 116.606 116.291 115.916 115.551 115.164 114.861 114.479 114.119 113.756 113.394 112.981 112.626 112.249 111.839 111.444
126.244 126.111 125.951 125.789 125.639 125.479 125.344 125.201 125.044 124.889 124.744 124.576 124.421 124.276 124.111 123.959 123.769 123.636 123.464 123.309 123.144 122.981 122.804 122.629 122.436 122.271 122.084 121.899 121.689 121.496 121.299 121.071 120.856 120.644 120.411 120.159 119.914 119.676 119.461 119.291 119.129 118.946 118.729 118.486 118.341 118.124 117.941 118.441 117.354 116.841 116.821 116.801 116.616 116.309 115.944 115.599 115.254 114.949 114.549 114.204 113.856 113.471 113.069 112.719 112.349 111.931 111.529
126.264 126.111 125.949 125.819 125.654 125.481 125.336 125.191 125.036 124.901 124.741 124.589 124.414 124.271 124.114 123.944 123.794 123.614 123.466 123.294 123.141 122.981 122.799 122.646 122.466 122.274 122.086 121.919 121.701 121.501 121.324 121.099 120.879 120.656 120.439 120.184 119.944 119.719 119.486 119.311 119.166 118.949 118.746 118.504 118.351 118.149 117.944 118.511 117.406 116.894 116.869 116.856 116.644 116.336 115.986 115.629 115.316 115.004 114.611 114.294 113.939 113.564 113.186 112.826 112.446 112.056 111.621
126.259 126.111 125.949 125.804 125.664 125.489 125.366 125.209 125.036 124.904 124.759 124.576 124.426 124.281 124.111 123.956 123.786 123.616 123.469 123.286 123.141 122.981 122.824 122.629 122.476 122.289 122.116 121.916 121.729 121.516 121.336 121.101 120.906 120.704 120.449 120.219 119.951 119.749 119.514 119.336 119.184 118.986 118.766 118.544 118.361 118.194 117.966 118.584 117.506 116.916 116.906 116.884 116.729 116.404 116.029 115.704 115.381 115.091 114.711 114.386 114.029 113.676 113.289 112.936 112.576 112.174 111.749
126.284 126.094 125.981 125.831 125.679 125.514 125.359 125.221 125.056 124.894 124.749 124.579 124.426 124.274 124.111 123.946 123.759 123.606 123.491 123.329 123.146 122.969 122.799 122.629 122.481 122.294 122.121 121.914 121.746 121.546 121.329 121.126 120.916 120.711 120.429 120.219 119.986 119.749 119.539 119.349 119.204 119.011 118.789 118.546 118.389 118.189 117.996 118.664 117.459 116.994 116.956 116.936 116.749 116.474 116.086 115.776 115.461 115.176 114.819 114.494 114.134 113.771 113.399 113.064 112.694 112.286 111.839
126.239 126.114 125.976 125.824 125.669 125.521 125.394 125.211 125.066 124.919 124.781 124.594 124.444 124.279 124.119 123.944 123.779 123.624 123.471 123.299 123.126 122.969 122.814 122.634 122.464 122.301 122.156 121.929 121.751 121.541 121.349 121.151 120.934 120.711 120.486 120.256 119.996 119.766 119.549 119.371 119.221 119.039 118.809 118.571 118.429 118.206 118.036 118.694 117.416 117.034 117.009 116.949 116.769 116.496 116.134 115.854 115.529 115.259 114.881 114.581 114.261 113.916 113.516 113.181 112.804 112.399 111.994
126.274 126.124 125.986 125.829 125.686 125.529 125.386 125.216 125.081 124.916 124.764 124.609 124.439 124.294 124.119 123.946 123.771 123.644 123.459 123.276 123.109 122.974 122.809 122.636 122.481 122.316 122.144 121.929 121.746 121.566 121.356 121.146 120.924 120.704 120.486 120.241 120.011 119.774 119.569 119.396 119.266 119.029 118.806 118.591 118.439 118.256 118.036 118.731 117.491 117.036 117.029 116.964 116.781 116.526 116.189 115.881 115.596 115.326 115.004 114.661 114.346 113.991 113.629 113.296 112.926 112.551 112.116
126.261 126.114 125.989 125.831 125.706 125.524 125.401 125.224 125.064 124.926 124.764 124.611 124.449 124.294 124.111 123.951 123.766 123.594 123.441 123.259 123.129 122.959 122.806 122.641 122.489 122.304 122.116 121.939 121.739 121.559 121.354 121.151 120.934 120.719 120.509 120.239 120.014 119.791 119.554 119.416 119.264 119.056 118.849 118.604 118.481 118.241 118.074 118.596 117.434 117.074 117.039 116.974 116.796 116.569 116.244 115.939 115.646 115.339 115.026 114.736 114.431 114.084 113.734 113.379 113.029 112.641 112.264
126.239 126.109 125.964 125.831 125.694 125.559 125.396 125.254 125.091 124.941 124.769 124.611 124.441 124.299 124.116 123.939 123.774 123.594 123.439 123.259 123.099 122.946 122.824 122.624 122.456 122.274 122.114 121.921 121.726 121.551 121.374 121.154 120.941 120.721 120.511 120.269 120.011 119.826 119.586 119.419 119.279 119.066 118.861 118.646 118.504 118.251 118.094 118.591 117.371 117.114 117.054 116.989 116.824 116.574 116.274 115.959 115.651 115.409 115.101 114.821 114.501 114.196 113.834 113.491 113.139 112.771 112.379
126.261 126.136 125.991 125.839 125.681 125.519 125.401 125.234 125.091 124.949 124.776 124.606 124.449 124.291 124.089 123.951 123.774 123.599 123.429 123.266 123.106 122.941 122.789 122.619 122.444 122.281 122.086 121.904 121.711 121.534 121.336 121.124 120.934 120.744 120.516 120.269 120.029 119.809 119.596 119.441 119.286 119.089 118.891 118.684 118.506 118.306 118.116 118.596 117.299 117.094 117.039 116.984 116.836 116.589 116.291 115.994 115.699 115.461 115.144 114.889 114.594 114.294 113.946 113.596 113.259 112.896 112.511
126.241 126.109 125.954 125.836 125.681 125.516 125.389 125.249 125.091 124.936 124.779 124.594 124.434 124.289 124.089 123.941 123.741 123.581 123.406 123.249 123.091 122.956 122.756 122.589 122.436 122.241 122.064 121.869 121.689 121.516 121.316 121.144 120.936 120.706 120.504 120.289 120.046 119.824 119.609 119.434 119.289 119.086 118.901 118.674 118.534 118.304 118.116 118.719 117.274 117.109 117.049 116.976 116.836 116.604 116.314 116.039 115.754 115.511 115.216 114.946 114.699 114.394 114.024 113.694 113.384 113.026 112.651
126.231 126.081 125.959 125.816 125.661 125.524 125.376 125.229 125.059 124.931 124.759 124.596 124.434 124.266 124.091 123.914 123.726 123.571 123.396 123.216 123.071 122.906 122.736 122.574 122.364 122.204 122.036 121.861 121.684 121.509 121.304 121.111 120.916 120.726 120.491 120.276 120.044 119.814 119.629 119.466 119.294 119.111 118.886 118.686 118.551 118.326 118.136 118.841 117.311 117.126 117.086 117.004 116.831 116.621 116.369 116.069 115.781 115.564 115.271 115.034 114.779 114.464 114.161 113.836 113.516 113.174 112.804
126.191 126.071 125.941 125.791 125.649 125.489 125.371 125.224 125.076 124.929 124.756 124.589 124.416 124.244 124.064 123.874 123.699 123.546 123.376 123.211 123.036 122.899 122.704 122.539 122.391 122.186 122.031 121.839 121.649 121.471 121.301 121.101 120.911 120.701 120.489 120.264 120.031 119.836 119.634 119.459 119.316 119.126 118.904 118.684 118.574 118.339 118.144 118.724 117.364 117.121 117.054 117.016 116.881 116.671 116.391 116.074 115.799 115.594 115.346 115.114 114.864 114.589 114.264 113.971 113.661 113.324 112.976
126.179 126.046 125.914 125.761 125.636 125.479 125.346 125.216 125.046 124.901 124.734 124.574 124.396 124.251 124.071 123.869 123.681 123.526 123.349 123.184 123.014 122.879 122.684 122.514 122.369 122.186 122.019 121.829 121.636 121.449 121.274 121.086 120.886 120.714 120.496 120.264 120.054 119.859 119.636 119.464 119.331 119.139 118.926 118.714 118.576 118.364 118.149 118.629 117.526 117.144 117.054 117.029 116.909 116.701 116.364 116.104 115.824 115.634 115.384 115.194 114.951 114.681 114.396 114.081 113.816 113.481 113.164
126.156 126.006 125.889 125.754 125.604 125.474 125.316 125.184 125.034 124.899 124.726 124.559 124.391 124.231 124.041 123.874 123.689 123.521 123.341 123.164 123.006 122.836 122.671 122.501 122.346 122.166 121.999 121.806 121.626 121.464 121.269 121.084 120.899 120.694 120.499 120.279 120.074 119.879 119.639 119.509 119.354 119.171 118.964 118.739 118.601 118.404 118.149 118.604 117.539 117.151 117.086 117.074 116.951 116.714 116.396 116.134 115.889 115.689 115.484 115.271 115.041 114.814 114.526 114.234 113.974 113.661 113.346
126.151 126.011 125.864 125.729 125.596 125.434 125.334 125.186 125.034 124.879 124.724 124.564 124.404 124.216 124.041 123.859 123.671 123.509 123.331 123.184 123.001 122.831 122.669 122.491 122.326 122.164 121.999 121.801 121.626 121.464 121.286 121.086 120.891 120.711 120.521 120.306 120.066 119.866 119.671 119.526 119.364 119.216 119.014 118.776 118.629 118.411 118.204 118.596 117.656 117.176 117.139 117.084 116.994 116.759 116.454 116.189 115.949 115.781 115.544 115.361 115.146 114.921 114.671 114.386 114.141 113.836 113.534
126.106 125.974 125.849 125.706 125.609 125.426 125.316 125.166 125.041 124.884 124.706 124.544 124.399 124.204 124.019 123.839 123.664 123.506 123.304 123.144 122.979 122.806 122.646 122.466 122.311 122.144 121.976 121.784 121.639 121.471 121.294 121.089 120.914 120.724 120.509 120.316 120.106 119.899 119.694 119.551 119.394 119.224 119.021 118.784 118.669 118.464 118.234 118.551 117.806 117.234 117.176 117.141 117.049 116.821 116.561 116.264 116.036 115.856 115.644 115.461 115.274 115.041 114.794 114.554 114.314 114.029 113.734
126.084 125.966 125.831 125.689 125.569 125.414 125.286 125.176 125.014 124.864 124.701 124.539 124.369 124.181 124.009 123.856 123.669 123.479 123.311 123.141 122.979 122.804 122.631 122.474 122.316 122.144 121.974 121.799 121.619 121.441 121.294 121.116 120.919 120.746 120.556 120.346 120.126 119.929 119.696 119.571 119.431 119.269 119.061 118.831 118.704 118.494 118.266 118.524 117.996 117.291 117.224 117.209 117.109 116.914 116.656 116.371 116.164 115.961 115.749 115.569 115.399 115.184 114.956 114.689 114.454 114.214 113.951
126.046 125.939 125.806 125.676 125.551 125.414 125.289 125.149 124.984 124.839 124.699 124.536 124.364 124.164 124.006 123.826 123.641 123.474 123.291 123.136 122.976 122.794 122.639 122.464 122.304 122.131 121.964 121.789 121.614 121.459 121.291 121.116 120.936 120.746 120.576 120.366 120.156 119.954 119.731 119.601 119.476 119.284 119.094 118.881 118.739 118.541 118.321 118.564 117.996 117.349 117.324 117.286 117.186 116.996 116.751 116.464 116.249 116.069 115.859 115.706 115.501 115.286 115.094 114.884 114.641 114.416 114.149
126.029 125.904 125.781 125.646 125.529 125.399 125.279 125.126 124.991 124.819 124.681 124.519 124.349 124.174 124.004 123.809 123.621 123.486 123.311 123.136 122.981 122.811 122.634 122.469 122.319 122.131 121.991 121.801 121.616 121.474 121.319 121.144 120.949 120.769 120.586 120.381 120.179 119.984 119.771 119.669 119.499 119.321 119.129 118.911 118.791 118.574 118.376 118.779 118.029 117.449 117.404 117.369 117.279 117.109 116.861 116.591 116.389 116.171 115.986 115.801 115.641 115.444 115.264 115.036 114.814 114.606 114.376
125.999 125.896 125.754 125.641 125.506 125.369 125.241 125.104 124.966 124.809 124.644 124.509 124.349 124.154 123.971 123.806 123.629 123.461 123.301 123.129 122.989 122.801 122.656 122.474 122.304 122.144 121.989 121.806 121.654 121.484 121.324 121.139 120.966 120.814 120.631 120.411 120.211 120.001 119.821 119.724 119.556 119.364 119.201 118.984 118.849 118.679 118.451 118.779 118.111 117.509 117.466 117.476 117.381 117.246 116.989 116.734 116.521 116.291 116.106 115.931 115.759 115.581 115.409 115.211 115.004 114.804 114.576
125.966 125.849 125.699 125.594 125.466 125.354 125.224 125.076 124.931 124.816 124.639 124.471 124.326 124.161 123.969 123.806 123.636 123.499 123.296 123.139 122.986 122.819 122.641 122.486 122.336 122.154 121.999 121.834 121.664 121.514 121.346 121.166 120.996 120.834 120.629 120.451 120.254 120.051 119.886 119.791 119.626 119.441 119.266 119.039 118.919 118.714 118.534 119.006 118.006 117.576 117.564 117.576 117.499 117.369 117.116 116.871 116.611 116.421 116.221 116.064 115.916 115.746 115.571 115.366 115.161 114.989 114.781
125.906 125.831 125.686 125.569 125.454 125.306 125.196 125.061 124.914 124.786 124.629 124.469 124.306 124.154 123.956 123.796 123.644 123.491 123.301 123.141 122.979 122.811 122.654 122.499 122.309 122.184 122.009 121.861 121.691 121.546 121.369 121.211 121.049 120.864 120.694 120.504 120.306 120.119 119.944 119.841 119.674 119.489 119.296 119.066 118.974 118.804 118.606 119.249 118.079 117.721 117.676 117.679 117.631 117.461 117.244 116.984 116.741 116.536 116.369 116.224 116.069 115.919 115.724 115.549 115.346 115.169 114.994
125.886 125.794 125.664 125.546 125.426 125.291 125.186 125.019 124.894 124.774 124.594 124.454 124.299 124.159 123.979 123.791 123.634 123.474 123.309 123.154 122.986 122.849 122.689 122.526 122.366 122.199 122.051 121.889 121.726 121.574 121.414 121.234 121.084 120.929 120.731 120.546 120.354 120.184 119.996 119.901 119.739 119.571 119.394 119.184 119.066 118.874 118.729 119.259 118.081 117.829 117.794 117.819 117.744 117.579 117.351 117.126 116.906 116.684 116.506 116.361 116.214 116.066 115.891 115.724 115.546 115.344 115.189
125.864 125.766 125.651 125.544 125.416 125.291 125.164 125.011 124.894 124.764 124.601 124.471 124.314 124.134 123.989 123.814 123.654 123.484 123.319 123.164 123.014 122.866 122.719 122.559 122.411 122.246 122.076 121.926 121.759 121.604 121.459 121.314 121.139 120.954 120.784 120.589 120.416 120.251 120.059 119.971 119.824 119.644 119.449 119.249 119.136 118.934 118.794 119.426 118.214 117.989 117.941 117.954 117.856 117.666 117.469 117.279 117.056 116.834 116.661 116.519 116.386 116.206 116.066 115.909 115.714 115.539 115.361
125.839 125.761 125.649 125.511 125.401 125.264 125.171 125.026 124.906 124.746 124.596 124.486 124.309 124.151 124.006 123.854 123.659 123.524 123.364 123.206 123.074 122.906 122.754 122.601 122.444 122.304 122.141 121.994 121.816 121.646 121.504 121.341 121.174 121.029 120.849 120.651 120.494 120.311 120.116 120.024 119.879 119.736 119.536 119.366 119.231 119.076 118.966 119.446 118.346 118.151 118.101 118.066 117.981 117.799 117.576 117.381 117.166 116.984 116.831 116.674 116.536 116.404 116.224 116.071 115.894 115.706 115.539
