Matlab/Roost_data/braunton/dsm/ss5134_DSM_2M.asc
ncols 500
nrows 500
xllcorner    251000
yllcorner    134000
cellsize     2
NODATA_value -9999
[rows 340 to 373 of 500, columns 225 to 299 of 500]
0.07 -0.005 -0.076 -0.11 -0.129 -0.127 -0.162 -0.166 -0.173 -0.202 -0.209 -0.219 -0.229 -0.221 -0.212 -0.185 -0.174 -0.16 -0.153 -0.131 -0.095 -0.058 0.004 0.014 0.027 0.073 0.103 0.147 0.196 0.234 0.282 0.277 0.262 0.235 0.187 0.147 0.097 0.072 0.058 0.033 0.036 0.054 0.054 0.089 0.09 0.138 0.145 0.118 0.088 0.032 -0.04 -0.07 -0.185 -0.328 -0.438 -0.558 -0.594 -0.605 -0.639 -0.651 -0.669 -0.677 -0.677 -0.707 -0.733 -0.761 -0.79 -0.741 -0.745 -0.724 -0.729 -0.714 -0.693 -0.723 -0.702
0.06 0.001 -0.066 -0.087 -0.098 -0.134 -0.136 -0.164 -0.166 -0.168 -0.178 -0.188 -0.185 -0.186 -0.186 -0.167 -0.156 -0.135 -0.118 -0.124 -0.104 -0.067 -0.016 0.028 0.101 0.127 0.185 0.233 0.262 0.284 0.326 0.275 0.214 0.203 0.138 0.116 0.074 0.054 0.058 0.034 0.042 0.078 0.063 0.107 0.175 0.153 0.138 0.103 0.083 0.003 -0.032 -0.137 -0.215 -0.332 -0.493 -0.59 -0.57 -0.601 -0.607 -0.64 -0.637 -0.658 -0.712 -0.752 -0.727 -0.748 -0.762 -0.748 -0.712 -0.711 -0.689 -0.686 -0.687 -0.693 -0.693
0.076 -0.01 -0.041 -0.073 -0.113 -0.107 -0.155 -0.145 -0.131 -0.171 -0.16 -0.158 -0.165 -0.18 -0.144 -0.128 -0.11 -0.071 -0.048 -0.056 -0.065 -0.048 -0.011 0.045 0.087 0.143 0.17 0.232 0.253 0.272 0.252 0.2 0.154 0.145 0.119 0.086 0.041 0.033 0.031 0.024 0.026 0.056 0.082 0.165 0.165 0.143 0.122 0.095 0.082 0.025 -0.05 -0.117 -0.23 -0.388 -0.475 -0.568 -0.585 -0.587 -0.608 -0.617 -0.655 -0.658 -0.702 -0.724 -0.749 -0.768 -0.737 -0.736 -0.722 -0.714 -0.672 -0.68 -0.656 -0.646 -0.663
0.077 0.017 -0.016 -0.071 -0.101 -0.115 -0.13 -0.114 -0.158 -0.124 -0.151 -0.158 -0.149 -0.119 -0.122 -0.107 -0.072 -0.069 0.005 0.035 0.034 0.017 0.023 0.049 0.094 0.142 0.18 0.204 0.217 0.221 0.156 0.11 0.086 0.094 0.078 0.077 0.044 0.012 0.014 0.022 0.01 0.025 0.073 0.16 0.145 0.153 0.145 0.113 0.08 0.009 -0.037 -0.132 -0.202 -0.38 -0.507 -0.575 -0.58 -0.59 -0.607 -0.627 -0.654 -0.682 -0.695 -0.726 -0.739 -0.749 -0.734 -0.707 -0.695 -0.671 -0.642 -0.657 -0.657 -0.647 -0.638
0.062 0.016 -0.039 -0.056 -0.102 -0.12 -0.103 -0.104 -0.127 -0.133 -0.126 -0.114 -0.11 -0.102 -0.073 -0.055 -0.02 -0.016 0.011 0.026 0.023 -0.004 0 0.028 0.041 0.068 0.124 0.162 0.181 0.15 0.122 0.13 0.165 0.184 0.217 0.197 0.159 0.049 0.043 0.019 0.005 0.027 0.089 0.15 0.138 0.123 0.14 0.113 0.083 0.008 -0.072 -0.15 -0.291 -0.429 -0.544 -0.587 -0.595 -0.58 -0.614 -0.624 -0.638 -0.695 -0.708 -0.728 -0.737 -0.752 -0.739 -0.732 -0.682 -0.668 -0.657 -0.653 -0.609 -0.633 -0.601
0.076 0.023 -0.052 -0.056 -0.089 -0.079 -0.101 -0.098 -0.089 -0.09 -0.08 -0.071 -0.061 -0.023 -0.017 0.032 0.043 0.07 0.021 0.009 0.042 0.039 0.023 -0.013 -0.015 0.03 0.099 0.144 0.212 0.285 0.329 0.331 0.309 0.319 0.285 0.255 0.223 0.185 0.118 0.096 0.043 0.042 0.095 0.133 0.133 0.123 0.088 0.077 0.058 -0.069 -0.12 -0.205 -0.327 -0.437 -0.534 -0.585 -0.582 -0.609 -0.621 -0.635 -0.665 -0.675 -0.694 -0.718 -0.759 -0.763 -0.746 -0.741 -0.723 -0.679 -0.661 -0.637 -0.619 -0.597 -0.597
0.038 0.015 -0.038 -0.09 -0.09 -0.078 -0.064 -0.051 -0.077 -0.066 -0.032 -0.039 0.014 0.025 0.043 0.077 0.111 0.176 0.211 0.247 0.262 0.251 0.177 0.094 0.144 0.168 0.295 0.374 0.464 0.493 0.461 0.437 0.384 0.369 0.341 0.315 0.265 0.216 0.168 0.134 0.11 0.089 0.066 0.056 0.07 0.053 0.028 0.003 -0.02 -0.092 -0.183 -0.264 -0.369 -0.418 -0.498 -0.58 -0.592 -0.607 -0.609 -0.634 -0.643 -0.671 -0.673 -0.698 -0.714 -0.772 -0.728 -0.726 -0.724 -0.688 -0.662 -0.678 -0.61 -0.598 -0.606
0.053 -0.007 -0.041 -0.048 -0.079 -0.063 -0.041 -0.041 -0.023 -0.006 0.005 0.015 0.059 0.063 0.116 0.141 0.245 0.323 0.431 0.493 0.52 0.541 0.489 0.445 0.409 0.444 0.404 0.499 0.572 0.547 0.527 0.47 0.432 0.401 0.341 0.322 0.281 0.232 0.179 0.152 0.103 0.08 0.056 0.056 0.038 0.023 0.001 -0.026 -0.05 -0.109 -0.181 -0.291 -0.364 -0.447 -0.505 -0.59 -0.596 -0.608 -0.623 -0.615 -0.639 -0.654 -0.692 -0.709 -0.713 -0.775 -0.745 -0.733 -0.707 -0.667 -0.625 -0.666 -0.638 -0.577 -0.597
0.043 0.017 -0.017 -0.049 -0.056 -0.017 -0.022 -0.008 0.016 0.016 0.052 0.059 0.091 0.15 0.211 0.304 0.369 0.45 0.52 0.585 0.642 0.687 0.696 0.698 0.706 0.629 0.527 0.512 0.562 0.566 0.526 0.499 0.462 0.425 0.365 0.341 0.311 0.265 0.227 0.166 0.118 0.072 0.049 0.034 0.008 -0.01 -0.031 -0.076 -0.092 -0.155 -0.224 -0.28 -0.361 -0.422 -0.497 -0.6 -0.577 -0.577 -0.589 -0.619 -0.634 -0.665 -0.681 -0.698 -0.7 -0.771 -0.75 -0.715 -0.685 -0.701 -0.667 -0.665 -0.635 -0.638 -0.585
0.054 0.037 -0 -0.002 0.014 -0.023 0.007 0.034 0.028 0.063 0.073 0.106 0.189 0.257 0.353 0.426 0.469 0.533 0.584 0.608 0.626 0.663 0.67 0.698 0.686 0.634 0.512 0.477 0.519 0.545 0.541 0.506 0.475 0.434 0.414 0.373 0.335 0.253 0.206 0.167 0.111 0.047 0.028 0.015 -0.003 -0.04 -0.093 -0.126 -0.159 -0.199 -0.254 -0.303 -0.373 -0.418 -0.535 -0.582 -0.559 -0.56 -0.575 -0.628 -0.611 -0.649 -0.675 -0.708 -0.707 -0.751 -0.751 -0.722 -0.698 -0.671 -0.663 -0.638 -0.635 -0.622 -0.592
0.071 0.062 0.04 0.035 0.019 0.013 0.052 0.082 0.092 0.125 0.188 0.262 0.316 0.377 0.438 0.48 0.521 0.549 0.581 0.607 0.601 0.608 0.664 0.659 0.684 0.682 0.562 0.407 0.392 0.404 0.408 0.395 0.402 0.374 0.352 0.316 0.287 0.213 0.159 0.095 0.066 0.018 -0.016 -0.02 -0.05 -0.102 -0.124 -0.172 -0.177 -0.215 -0.227 -0.275 -0.342 -0.42 -0.525 -0.592 -0.577 -0.59 -0.565 -0.606 -0.616 -0.681 -0.703 -0.714 -0.753 -0.766 -0.756 -0.728 -0.697 -0.683 -0.668 -0.624 -0.592 -0.604 -0.595
0.094 0.079 0.069 0.05 0.016 0.051 0.087 0.151 0.177 0.236 0.324 0.362 0.418 0.469 0.481 0.511 0.545 0.557 0.558 0.565 0.597 0.664 0.666 0.706 0.719 0.734 0.672 0.549 0.402 0.352 0.343 0.314 0.32 0.335 0.29 0.243 0.215 0.16 0.108 0.062 0.013 -0.031 -0.069 -0.096 -0.105 -0.135 -0.153 -0.166 -0.199 -0.208 -0.251 -0.273 -0.361 -0.44 -0.532 -0.573 -0.602 -0.59 -0.601 -0.602 -0.649 -0.673 -0.707 -0.741 -0.754 -0.77 -0.745 -0.72 -0.692 -0.692 -0.647 -0.603 -0.622 -0.627 -0.61
0.064 0.096 0.089 0.061 0.07 0.091 0.144 0.187 0.226 0.298 0.384 0.431 0.47 0.485 0.483 0.491 0.492 0.526 0.557 0.559 0.609 0.646 0.666 0.694 0.731 0.722 0.727 0.684 0.604 0.489 0.357 0.319 0.277 0.292 0.254 0.21 0.191 0.121 0.073 0.021 -0.038 -0.094 -0.121 -0.156 -0.161 -0.175 -0.182 -0.187 -0.19 -0.2 -0.219 -0.273 -0.347 -0.449 -0.538 -0.602 -0.587 -0.587 -0.557 -0.581 -0.652 -0.69 -0.687 -0.717 -0.744 -0.747 -0.747 -0.709 -0.68 -0.649 -0.649 -0.642 -0.597 -0.585 -0.607
0.111 0.114 0.099 0.089 0.101 0.116 0.123 0.197 0.249 0.344 0.456 0.491 0.537 0.56 0.538 0.54 0.539 0.559 0.576 0.621 0.629 0.671 0.689 0.689 0.694 0.724 0.717 0.704 0.719 0.672 0.609 0.507 0.423 0.35 0.297 0.267 0.172 0.106 0.043 -0.022 -0.096 -0.159 -0.202 -0.214 -0.233 -0.249 -0.25 -0.231 -0.235 -0.243 -0.265 -0.325 -0.367 -0.455 -0.52 -0.59 -0.6 -0.58 -0.603 -0.632 -0.661 -0.656 -0.695 -0.71 -0.722 -0.751 -0.746 -0.709 -0.714 -0.66 -0.675 -0.624 -0.595 -0.602 -0.611
0.106 0.119 0.114 0.116 0.099 0.121 0.189 0.291 0.419 0.544 0.621 0.684 0.749 0.761 0.746 0.731 0.719 0.706 0.729 0.734 0.729 0.706 0.716 0.709 0.704 0.712 0.704 0.692 0.677 0.687 0.667 0.692 0.613 0.529 0.466 0.395 0.302 0.222 0.144 0.023 -0.098 -0.194 -0.255 -0.277 -0.298 -0.3 -0.332 -0.306 -0.279 -0.296 -0.328 -0.356 -0.434 -0.497 -0.549 -0.59 -0.583 -0.59 -0.592 -0.627 -0.672 -0.667 -0.679 -0.711 -0.754 -0.774 -0.728 -0.727 -0.687 -0.674 -0.662 -0.634 -0.607 -0.607 -0.612
0.146 0.146 0.134 0.139 0.191 0.266 0.391 0.514 0.621 0.734 0.801 0.859 0.891 0.884 0.911 0.886 0.891 0.841 0.831 0.824 0.799 0.774 0.741 0.706 0.721 0.677 0.677 0.659 0.652 0.684 0.667 0.672 0.673 0.636 0.575 0.532 0.438 0.335 0.263 0.14 0.017 -0.13 -0.241 -0.29 -0.33 -0.348 -0.335 -0.316 -0.308 -0.293 -0.33 -0.368 -0.419 -0.484 -0.565 -0.611 -0.595 -0.593 -0.598 -0.631 -0.642 -0.693 -0.688 -0.738 -0.736 -0.766 -0.742 -0.715 -0.685 -0.685 -0.672 -0.678 -0.641 -0.605 -0.612
0.174 0.184 0.241 0.296 0.371 0.501 0.646 0.721 0.829 0.896 0.964 0.976 0.944 0.964 0.984 0.966 0.971 0.941 0.901 0.854 0.826 0.816 0.756 0.741 0.711 0.692 0.694 0.667 0.647 0.679 0.642 0.664 0.649 0.676 0.606 0.565 0.511 0.443 0.351 0.238 0.093 -0.04 -0.199 -0.266 -0.309 -0.323 -0.317 -0.315 -0.32 -0.32 -0.347 -0.369 -0.415 -0.525 -0.562 -0.625 -0.617 -0.613 -0.646 -0.656 -0.649 -0.691 -0.711 -0.726 -0.742 -0.769 -0.74 -0.711 -0.706 -0.704 -0.676 -0.654 -0.611 -0.61 -0.604
0.174 0.219 0.311 0.419 0.541 0.679 0.804 0.869 0.906 0.971 0.986 0.981 0.964 0.934 0.929 0.981 0.994 0.989 0.969 0.946 0.919 0.856 0.811 0.774 0.744 0.719 0.709 0.679 0.709 0.679 0.657 0.667 0.634 0.657 0.624 0.592 0.569 0.515 0.414 0.263 0.152 -0.011 -0.133 -0.198 -0.25 -0.294 -0.309 -0.293 -0.303 -0.293 -0.335 -0.376 -0.435 -0.513 -0.576 -0.626 -0.623 -0.617 -0.615 -0.652 -0.684 -0.673 -0.689 -0.739 -0.766 -0.767 -0.733 -0.711 -0.682 -0.669 -0.643 -0.65 -0.627 -0.63 -0.622
0.256 0.319 0.436 0.549 0.674 0.769 0.821 0.869 0.921 0.934 0.929 0.936 0.944 0.924 0.916 0.909 0.901 0.909 0.911 0.911 0.949 0.891 0.824 0.821 0.771 0.754 0.714 0.692 0.709 0.689 0.677 0.699 0.702 0.692 0.669 0.639 0.605 0.546 0.42 0.298 0.17 0.043 -0.103 -0.129 -0.216 -0.236 -0.266 -0.279 -0.288 -0.299 -0.341 -0.377 -0.417 -0.487 -0.519 -0.61 -0.585 -0.62 -0.63 -0.65 -0.667 -0.678 -0.726 -0.73 -0.791 -0.761 -0.757 -0.696 -0.69 -0.644 -0.633 -0.648 -0.608 -0.606 -0.6
0.396 0.454 0.579 0.666 0.726 0.796 0.844 0.901 0.921 0.916 0.899 0.914 0.961 0.921 0.906 0.881 0.864 0.871 0.864 0.886 0.896 0.889 0.896 0.859 0.809 0.787 0.767 0.732 0.729 0.729 0.707 0.689 0.674 0.682 0.672 0.627 0.604 0.534 0.467 0.363 0.246 0.07 -0.023 -0.096 -0.156 -0.226 -0.241 -0.288 -0.286 -0.306 -0.359 -0.372 -0.431 -0.481 -0.542 -0.597 -0.597 -0.623 -0.623 -0.649 -0.638 -0.686 -0.723 -0.767 -0.785 -0.764 -0.712 -0.717 -0.665 -0.668 -0.596 -0.61 -0.592 -0.625 -0.626
0.491 0.564 0.696 0.761 0.809 0.831 0.904 0.901 0.889 0.904 0.946 0.961 0.971 0.944 0.941 0.926 0.929 0.884 0.859 0.866 0.841 0.851 0.826 0.841 0.841 0.822 0.822 0.772 0.762 0.724 0.714 0.687 0.677 0.664 0.649 0.624 0.594 0.559 0.522 0.424 0.297 0.123 0.007 -0.062 -0.121 -0.189 -0.216 -0.259 -0.295 -0.331 -0.345 -0.381 -0.427 -0.497 -0.555 -0.634 -0.598 -0.587 -0.632 -0.66 -0.686 -0.717 -0.74 -0.754 -0.775 -0.769 -0.743 -0.716 -0.695 -0.657 -0.641 -0.62 -0.647 -0.619 -0.597
0.614 0.679 0.744 0.831 0.894 0.921 0.954 0.976 0.984 1.009 1.006 0.996 0.976 0.946 0.946 0.936 0.859 0.854 0.856 0.834 0.824 0.809 0.804 0.776 0.776 0.789 0.777 0.792 0.787 0.772 0.739 0.717 0.714 0.702 0.714 0.662 0.652 0.544 0.482 0.409 0.274 0.134 0.003 -0.044 -0.094 -0.163 -0.209 -0.263 -0.306 -0.329 -0.369 -0.4 -0.472 -0.541 -0.584 -0.622 -0.643 -0.63 -0.639 -0.668 -0.676 -0.71 -0.718 -0.76 -0.765 -0.741 -0.744 -0.712 -0.7 -0.663 -0.626 -0.595 -0.599 -0.629 -0.638
0.734 0.789 0.834 0.891 0.941 0.979 0.974 1.034 1.016 1.009 0.961 0.979 0.954 0.934 0.926 0.931 0.914 0.879 0.854 0.809 0.804 0.784 0.794 0.771 0.776 0.772 0.754 0.759 0.744 0.734 0.737 0.734 0.737 0.699 0.729 0.662 0.599 0.524 0.444 0.374 0.247 0.152 0.027 -0.017 -0.119 -0.155 -0.207 -0.263 -0.287 -0.331 -0.391 -0.455 -0.487 -0.57 -0.618 -0.674 -0.678 -0.681 -0.669 -0.705 -0.704 -0.695 -0.744 -0.782 -0.771 -0.752 -0.736 -0.721 -0.678 -0.659 -0.617 -0.625 -0.595 -0.614 -0.607
0.809 0.864 0.901 0.951 0.949 0.979 1.006 0.969 0.974 0.971 0.921 0.959 0.959 0.936 0.936 0.881 0.889 0.884 0.849 0.781 0.789 0.776 0.776 0.781 0.796 0.764 0.734 0.732 0.704 0.702 0.694 0.682 0.679 0.654 0.602 0.567 0.554 0.517 0.444 0.384 0.324 0.209 0.055 -0.033 -0.088 -0.135 -0.207 -0.252 -0.281 -0.347 -0.437 -0.477 -0.54 -0.584 -0.647 -0.678 -0.668 -0.697 -0.701 -0.713 -0.723 -0.735 -0.763 -0.764 -0.806 -0.772 -0.726 -0.697 -0.664 -0.681 -0.642 -0.658 -0.63 -0.626 -0.617
0.849 0.871 0.894 0.931 0.921 0.941 0.941 0.966 0.974 0.986 0.994 0.991 0.996 0.979 0.954 0.889 0.866 0.859 0.834 0.791 0.754 0.746 0.724 0.734 0.756 0.719 0.754 0.739 0.717 0.674 0.662 0.662 0.642 0.604 0.607 0.554 0.547 0.542 0.504 0.452 0.344 0.182 0.077 -0.007 -0.078 -0.137 -0.18 -0.246 -0.318 -0.389 -0.41 -0.462 -0.518 -0.581 -0.618 -0.667 -0.65 -0.654 -0.689 -0.697 -0.709 -0.714 -0.774 -0.795 -0.789 -0.771 -0.76 -0.745 -0.699 -0.684 -0.67 -0.676 -0.676 -0.626 -0.614
0.851 0.871 0.881 0.906 0.911 0.946 0.974 0.976 1.011 0.976 1.014 1.011 1.006 1.004 0.999 1.011 0.974 0.929 0.869 0.824 0.739 0.676 0.704 0.709 0.716 0.727 0.707 0.712 0.692 0.679 0.654 0.652 0.642 0.602 0.607 0.607 0.607 0.592 0.504 0.409 0.292 0.173 0.074 -0.009 -0.086 -0.147 -0.22 -0.281 -0.363 -0.39 -0.436 -0.46 -0.511 -0.559 -0.63 -0.641 -0.638 -0.634 -0.669 -0.661 -0.696 -0.714 -0.768 -0.788 -0.822 -0.802 -0.754 -0.75 -0.726 -0.703 -0.663 -0.691 -0.659 -0.639 -0.635
0.874 0.854 0.876 0.906 0.921 0.941 0.971 0.994 1.004 1.039 1.031 1.034 1.041 1.046 1.061 1.046 1.026 1.039 0.996 0.936 0.824 0.701 0.679 0.721 0.714 0.732 0.744 0.762 0.717 0.704 0.694 0.692 0.689 0.672 0.654 0.639 0.604 0.529 0.482 0.357 0.279 0.122 0.013 -0.059 -0.138 -0.199 -0.283 -0.325 -0.372 -0.392 -0.453 -0.469 -0.521 -0.567 -0.586 -0.64 -0.607 -0.608 -0.672 -0.667 -0.669 -0.691 -0.736 -0.763 -0.784 -0.808 -0.77 -0.746 -0.748 -0.736 -0.712 -0.715 -0.68 -0.684 -0.668
0.899 0.934 0.929 0.984 0.959 0.986 0.996 1.006 1.031 1.026 1.056 1.064 1.031 1.046 1.036 1.019 1.051 1.056 1.064 1.009 0.939 0.841 0.726 0.696 0.706 0.752 0.752 0.764 0.767 0.739 0.774 0.752 0.717 0.702 0.662 0.612 0.534 0.464 0.407 0.339 0.264 0.124 0.026 -0.074 -0.161 -0.233 -0.288 -0.339 -0.392 -0.415 -0.438 -0.483 -0.527 -0.565 -0.599 -0.642 -0.612 -0.597 -0.628 -0.665 -0.685 -0.704 -0.748 -0.752 -0.793 -0.797 -0.755 -0.756 -0.777 -0.742 -0.719 -0.748 -0.725 -0.687 -0.676
0.959 0.989 0.974 0.976 0.991 1.001 1.021 1.016 1.006 1.011 1.016 1.039 1.011 1.066 1.019 0.994 0.989 1.004 1.036 1.016 0.996 0.921 0.851 0.726 0.691 0.707 0.712 0.737 0.729 0.727 0.712 0.697 0.669 0.649 0.612 0.567 0.474 0.449 0.384 0.319 0.239 0.13 0.011 -0.07 -0.165 -0.248 -0.317 -0.351 -0.391 -0.427 -0.452 -0.493 -0.548 -0.59 -0.61 -0.692 -0.62 -0.62 -0.63 -0.655 -0.684 -0.712 -0.715 -0.753 -0.798 -0.804 -0.79 -0.816 -0.8 -0.807 -0.758 -0.741 -0.753 -0.714 -0.701
0.991 1.036 1.016 0.996 1.036 1.049 1.056 1.046 1.024 1.004 1.009 1.029 0.999 0.999 1.011 1.011 0.986 0.994 0.996 1.014 1.011 0.964 0.886 0.771 0.661 0.667 0.657 0.682 0.707 0.709 0.679 0.639 0.649 0.594 0.544 0.517 0.442 0.402 0.344 0.304 0.242 0.146 0.003 -0.093 -0.175 -0.264 -0.312 -0.335 -0.397 -0.445 -0.476 -0.508 -0.542 -0.589 -0.619 -0.661 -0.598 -0.615 -0.636 -0.658 -0.678 -0.718 -0.732 -0.778 -0.773 -0.809 -0.848 -0.852 -0.809 -0.814 -0.802 -0.793 -0.756 -0.721 -0.73
0.989 1.024 1.009 1.019 1.044 1.034 1.044 1.031 1.029 1.024 1.029 1.019 1.016 1.001 1.004 1.011 1.036 1.024 0.994 1.034 1.031 1.001 0.916 0.799 0.731 0.692 0.652 0.659 0.677 0.654 0.657 0.634 0.572 0.542 0.537 0.442 0.392 0.387 0.357 0.322 0.234 0.13 0.047 -0.08 -0.18 -0.247 -0.318 -0.363 -0.414 -0.472 -0.496 -0.514 -0.521 -0.571 -0.594 -0.612 -0.627 -0.612 -0.608 -0.644 -0.681 -0.726 -0.718 -0.798 -0.808 -0.83 -0.837 -0.832 -0.856 -0.83 -0.817 -0.801 -0.753 -0.756 -0.73
1.044 1.046 1.016 1.029 1.046 1.046 1.051 1.039 1.034 1.064 1.054 1.031 1.039 1.016 1.021 0.999 1.011 1.021 1.029 0.996 0.996 1.006 0.961 0.849 0.739 0.732 0.737 0.699 0.649 0.634 0.619 0.627 0.549 0.509 0.479 0.457 0.429 0.397 0.382 0.312 0.212 0.104 0.048 -0.082 -0.16 -0.267 -0.342 -0.425 -0.453 -0.485 -0.518 -0.525 -0.535 -0.577 -0.572 -0.637 -0.634 -0.592 -0.608 -0.674 -0.701 -0.697 -0.736 -0.772 -0.821 -0.856 -0.874 -0.878 -0.853 -0.867 -0.841 -0.792 -0.757 -0.754 -0.735
1.021 1.061 1.064 1.051 1.061 1.084 1.061 1.046 1.041 1.054 1.039 1.044 1.041 1.021 1.046 1.026 1.041 1.036 1.024 1.039 1.001 1.004 0.986 0.874 0.759 0.724 0.737 0.714 0.704 0.644 0.627 0.589 0.577 0.527 0.469 0.474 0.427 0.389 0.359 0.289 0.177 0.101 0.017 -0.04 -0.131 -0.245 -0.357 -0.428 -0.459 -0.504 -0.532 -0.539 -0.556 -0.574 -0.603 -0.63 -0.662 -0.636 -0.671 -0.666 -0.688 -0.723 -0.752 -0.794 -0.821 -0.836 -0.826 -0.887 -0.848 -0.851 -0.841 -0.836 -0.781 -0.783 -0.754
1.001 1.036 1.069 1.074 1.069 1.074 1.104 1.101 1.089 1.056 1.081 1.069 1.044 1.064 1.051 1.036 1.024 1.034 1.046 1.039 0.991 0.954 0.916 0.824 0.734 0.689 0.712 0.687 0.667 0.634 0.612 0.567 0.504 0.502 0.459 0.429 0.382 0.362 0.337 0.257 0.16 0.096 -0.005 -0.077 -0.114 -0.183 -0.306 -0.425 -0.467 -0.51 -0.571 -0.565 -0.539 -0.57 -0.589 -0.565 -0.62 -0.572 -0.623 -0.663 -0.667 -0.721 -0.753 -0.745 -0.834 -0.826 -0.821 -0.901 -0.878 -0.886 -0.885 -0.864 -0.838 -0.802 -0.799
