Matlab/Roost_data/braunton/dsm/ss5137_DSM_2M.asc
ncols 500
nrows 500
xllcorner    251000
yllcorner    137000
cellsize     2
NODATA_value -9999
[rows 390 to 419 of 500, columns 0 to 66 of 500]
117.472 117.287 117.139 117.012 116.942 116.797 116.644 116.554 117.132 117.512 116.014 115.504 115.294 115.107 114.929 114.744 114.604 114.447 114.312 114.137 113.944 113.722 113.502 113.279 113.057 112.874 112.704 112.564 112.442 112.357 112.239 112.117 111.987 111.784 111.562 111.362 111.129 110.832 110.529 110.249 109.952 109.694 109.487 109.344 109.224 109.117 109.014 108.922 108.857 108.769 108.704 108.597 108.497 108.372 108.249 108.119 107.967 107.812 107.677 108.055 108.35 106.566 106.392 107.749 107.064 107.629 106.532
117.544 117.329 117.187 117.064 116.982 116.842 116.722 116.599 117.049 117.102 115.907 115.542 115.372 115.159 114.984 114.792 114.649 114.507 114.339 114.184 114.002 113.784 113.579 113.337 113.134 112.957 112.779 112.642 112.514 112.409 112.292 112.149 111.979 111.809 111.579 111.374 111.117 110.842 110.542 110.242 109.982 109.737 109.502 109.349 109.214 109.102 108.999 108.924 108.849 108.759 108.684 108.577 108.479 108.369 108.214 108.087 107.917 107.742 107.582 108.308 108.129 106.023 106.054 107.881 107.905 106.758 106.415
117.614 117.394 117.209 117.107 117.037 116.892 116.784 116.649 116.834 117.709 116.017 115.632 115.452 115.262 115.032 114.849 114.734 114.572 114.417 114.214 114.059 113.839 113.634 113.402 113.212 113.054 112.897 112.727 112.579 112.467 112.327 112.192 112.002 111.812 111.589 111.367 111.127 110.867 110.544 110.264 109.987 109.734 109.517 109.354 109.209 109.092 108.979 108.889 108.834 108.722 108.652 108.557 108.449 108.304 108.159 108.029 107.844 107.669 107.507 108.116 108.259 106.549 106.426 107.572 108.04 106.574 106.333
117.662 117.444 117.297 117.167 117.074 116.974 116.819 116.704 116.822 117.064 116.059 115.857 115.509 115.314 115.117 114.939 114.792 114.639 114.479 114.332 114.154 113.942 113.727 113.482 113.269 113.107 112.944 112.777 112.649 112.482 112.342 112.189 111.997 111.814 111.572 111.384 111.129 110.854 110.544 110.262 109.979 109.752 109.514 109.359 109.204 109.072 108.974 108.879 108.797 108.714 108.609 108.509 108.397 108.267 108.142 107.972 107.772 107.579 107.414 107.772 108.453 107.317 106.3 107.61 107.905 107.054 106.296
117.714 117.479 117.319 117.224 117.134 117.002 116.882 116.739 116.904 117.754 116.329 115.827 115.604 115.409 115.204 115.027 114.889 114.742 114.564 114.397 114.224 114.032 113.827 113.584 113.377 113.177 113.004 112.829 112.674 112.489 112.347 112.197 112.007 111.764 111.567 111.379 111.169 110.879 110.574 110.289 110.004 109.767 109.532 109.344 109.199 109.077 108.957 108.869 108.782 108.702 108.597 108.487 108.349 108.204 108.059 107.914 107.704 107.497 107.287 108.49 108.673 106.056 106.263 108.166 107.862 107.527 106.61
117.749 117.557 117.372 117.254 117.164 117.054 116.919 116.774 117.004 118.129 116.619 115.972 115.624 115.469 115.274 115.109 114.977 114.834 114.672 114.467 114.304 114.102 113.889 113.664 113.434 113.239 113.032 112.877 112.692 112.514 112.347 112.169 111.969 111.789 111.544 111.354 111.132 110.882 110.602 110.324 110.044 109.799 109.567 109.362 109.204 109.074 108.967 108.852 108.754 108.649 108.554 108.449 108.302 108.139 107.974 107.817 107.617 107.397 107.199 108.128 107.597 106.018 105.743 107.247 107.394 108.009 106.355
117.819 117.617 117.432 117.307 117.234 117.102 116.957 116.862 116.904 117.724 117.119 116.009 115.704 115.547 115.359 115.189 115.087 114.947 114.779 114.597 114.397 114.162 113.942 113.717 113.469 113.262 113.044 112.869 112.694 112.512 112.312 112.172 111.944 111.734 111.532 111.329 111.114 110.884 110.604 110.367 110.064 109.819 109.587 109.392 109.237 109.099 108.992 108.872 108.767 108.634 108.517 108.404 108.239 108.052 107.889 107.717 107.519 107.282 107.067 107.414 107.495 105.686 105.62 107.095 108.071 106.885 105.923
117.859 117.654 117.492 117.339 117.269 117.159 117.014 116.897 116.992 117.942 117.112 115.964 115.762 115.644 115.444 115.297 115.167 115.032 114.879 114.687 114.452 114.219 113.989 113.764 113.512 113.272 113.072 112.924 112.687 112.477 112.299 112.119 111.909 111.704 111.504 111.314 111.109 110.879 110.619 110.397 110.124 109.902 109.662 109.462 109.297 109.162 109.019 108.892 108.752 108.624 108.482 108.334 108.152 107.952 107.744 107.602 107.377 107.134 106.944 107.296 107.51 106.467 105.522 107.631 108.089 105.931 105.839
117.929 117.717 117.519 117.382 117.322 117.192 117.064 116.939 116.897 117.784 117.464 115.989 115.824 115.702 115.522 115.379 115.254 115.107 114.934 114.742 114.497 114.249 114.004 113.777 113.527 113.287 113.049 112.859 112.682 112.457 112.272 112.057 111.867 111.667 111.469 111.284 111.094 110.879 110.652 110.429 110.169 109.942 109.719 109.534 109.372 109.222 109.089 108.932 108.764 108.594 108.417 108.259 108.037 107.824 107.614 107.412 107.177 106.954 106.892 107.301 107.545 106.054 105.517 107.73 108.04 106.23 105.781
117.979 117.764 117.557 117.409 117.369 117.259 117.112 116.964 116.919 117.757 117.759 116.074 115.904 115.759 115.612 115.452 115.302 115.192 115.004 114.804 114.549 114.287 114.024 113.754 113.499 113.282 113.032 112.852 112.677 112.452 112.242 112.037 111.842 111.652 111.447 111.264 111.069 110.874 110.664 110.439 110.189 109.974 109.789 109.614 109.452 109.307 109.144 108.964 108.777 108.564 108.357 108.132 107.899 107.672 107.469 107.234 107.009 106.782 106.637 107.286 107.094 105.841 105.315 107.15 107.576 106.759 105.641
118.027 117.829 117.624 117.467 117.434 117.312 117.139 117.017 116.969 117.684 118.042 116.154 115.987 115.844 115.694 115.534 115.392 115.247 115.047 114.837 114.567 114.302 114.034 113.757 113.494 113.237 113.032 112.842 112.637 112.467 112.237 112.022 111.844 111.622 111.419 111.232 111.042 110.844 110.649 110.432 110.219 110.034 109.859 109.709 109.539 109.362 109.209 109.007 108.789 108.552 108.297 108.017 107.742 107.507 107.277 107.042 106.834 106.604 106.469 106.833 107.49 105.704 106.272 108.095 107.406 105.944 105.514
118.089 117.887 117.649 117.547 117.452 117.382 117.197 117.064 116.972 117.477 118.132 116.292 116.097 115.949 115.792 115.617 115.464 115.297 115.084 114.847 114.592 114.314 114.007 113.754 113.467 113.234 113.017 112.802 112.619 112.427 112.204 112.009 111.804 111.622 111.422 111.217 111.012 110.814 110.632 110.437 110.252 110.074 109.917 109.772 109.612 109.429 109.252 109.042 108.789 108.477 108.204 107.917 107.622 107.337 107.117 106.904 106.672 106.472 106.349 105.962 105.583 105.294 106.928 107.894 107.499 105.847 105.41
118.134 117.927 117.734 117.592 117.482 117.399 117.232 117.117 117.009 117.114 117.642 116.337 116.149 116.022 115.862 115.709 115.517 115.327 115.134 114.884 114.634 114.322 114.022 113.747 113.492 113.234 113.019 112.789 112.614 112.424 112.207 111.994 111.827 111.604 111.404 111.189 110.964 110.794 110.629 110.419 110.229 110.084 109.934 109.807 109.659 109.469 109.247 109.012 108.724 108.404 108.089 107.774 107.482 107.199 106.989 106.764 106.554 106.409 106.519 106.864 105.343 105.146 106.813 106.917 106.143 105.412 105.248
118.202 117.994 117.789 117.649 117.522 117.432 117.267 117.134 117.054 117.024 117.237 116.454 116.192 116.089 115.947 115.767 115.577 115.414 115.179 114.934 114.649 114.339 114.032 113.782 113.487 113.257 113.024 112.809 112.622 112.422 112.234 112.027 111.809 111.614 111.399 111.184 110.982 110.797 110.604 110.429 110.259 110.119 109.974 109.829 109.679 109.482 109.262 108.994 108.659 108.312 107.959 107.654 107.342 107.064 106.827 106.632 106.452 106.324 106.972 107.577 105.348 105.757 107.717 106.493 105.311 105.229 105.119
118.257 118.052 117.862 117.709 117.562 117.484 117.339 117.172 117.054 117.379 118.012 116.602 116.237 116.109 116.022 115.799 115.642 115.437 115.239 114.954 114.637 114.372 114.082 113.789 113.519 113.262 113.044 112.807 112.622 112.432 112.217 112.019 111.832 111.587 111.387 111.172 110.959 110.787 110.584 110.447 110.242 110.142 110.004 109.854 109.679 109.477 109.199 108.904 108.569 108.252 107.879 107.537 107.232 106.962 106.762 106.542 106.384 106.409 107.232 107.872 104.824 106 107.17 106.163 105.189 105.114 105.008
118.314 118.122 117.897 117.749 117.597 117.537 117.349 117.229 117.107 117.362 117.962 116.652 116.264 116.172 116.034 115.844 115.647 115.467 115.269 114.989 114.684 114.407 114.144 113.844 113.572 113.322 113.074 112.867 112.649 112.462 112.257 112.042 111.844 111.607 111.407 111.184 110.989 110.779 110.607 110.439 110.272 110.129 110.009 109.857 109.679 109.479 109.177 108.852 108.494 108.114 107.774 107.414 107.147 106.892 106.637 106.464 106.309 106.309 106.902 105.949 104.752 106.492 107.723 105.349 105.081 104.97 104.883
118.337 118.179 117.949 117.769 117.652 117.559 117.414 117.267 117.099 117.367 117.814 117.057 116.304 116.192 116.064 115.872 115.682 115.502 115.289 115.034 114.739 114.449 114.194 113.917 113.647 113.374 113.147 112.902 112.699 112.487 112.299 112.072 111.867 111.647 111.419 111.167 110.984 110.802 110.609 110.422 110.282 110.169 110.032 109.999 109.674 109.422 109.112 108.757 108.382 108.027 107.659 107.324 107.057 106.804 106.569 106.402 106.274 106.389 106.759 104.629 104.794 106.069 105.752 105.222 104.954 104.868 104.768
118.409 118.222 117.987 117.802 117.682 117.604 117.469 117.297 117.152 117.372 118.007 117.319 116.352 116.234 116.094 115.917 115.724 115.524 115.332 115.067 114.804 114.524 114.247 113.987 113.714 113.464 113.242 112.984 112.744 112.547 112.337 112.129 111.924 111.687 111.437 111.214 111.012 110.824 110.624 110.447 110.324 110.184 110.042 109.869 109.624 109.349 109.037 108.692 108.322 107.929 107.574 107.234 106.979 106.729 106.519 106.347 106.337 106.532 105.817 104.614 105.402 106.184 105.639 105.186 104.862 104.752 104.66
118.449 118.259 118.057 117.857 117.717 117.647 117.522 117.339 117.209 117.354 117.894 117.309 116.407 116.269 116.167 115.982 115.769 115.589 115.362 115.104 114.869 114.579 114.342 114.062 113.809 113.547 113.302 113.067 112.824 112.622 112.404 112.167 111.957 111.759 111.487 111.247 111.037 110.824 110.644 110.479 110.367 110.182 110.034 109.834 109.597 109.297 108.944 108.597 108.197 107.819 107.472 107.157 106.904 106.674 106.462 106.299 106.297 106.537 105.097 104.499 105.794 105.974 105.432 105.064 104.837 104.63 104.53
118.509 118.314 118.097 117.917 117.747 117.674 117.569 117.417 117.277 117.377 118.072 117.547 116.462 116.309 116.192 116.019 115.829 115.644 115.449 115.192 114.927 114.664 114.402 114.149 113.882 113.622 113.399 113.142 112.917 112.687 112.462 112.227 112.022 111.769 111.534 111.284 111.072 110.867 110.694 110.522 110.372 110.182 110.024 109.824 109.549 109.222 108.859 108.489 108.094 107.709 107.384 107.094 106.844 106.597 106.402 106.229 106.287 106.432 104.627 104.519 105.474 105.594 105.009 104.902 104.747 104.584 104.41
118.564 118.372 118.189 117.979 117.819 117.714 117.619 117.462 117.337 117.304 118.114 117.799 116.529 116.362 116.272 116.089 115.899 115.717 115.514 115.264 115.019 114.749 114.472 114.227 113.967 113.712 113.474 113.234 113.002 112.767 112.572 112.319 112.089 111.832 111.592 111.322 111.107 110.897 110.734 110.557 110.382 110.202 110.017 109.792 109.479 109.134 108.759 108.384 107.969 107.619 107.289 106.999 106.769 106.552 106.387 106.264 106.387 105.922 104.339 104.832 105.604 104.872 104.362 104.504 104.517 104.477 104.312
118.612 118.444 118.254 118.039 117.862 117.777 117.687 117.534 117.394 117.334 118.164 118.052 116.587 116.444 116.317 116.129 115.952 115.784 115.572 115.332 115.089 114.834 114.574 114.312 114.062 113.824 113.574 113.344 113.112 112.882 112.654 112.402 112.142 111.884 111.649 111.399 111.162 110.927 110.759 110.572 110.382 110.209 109.957 109.694 109.389 109.032 108.637 108.232 107.842 107.519 107.197 106.929 106.694 106.504 106.314 106.269 106.389 105.404 104.357 105.372 105.774 105.064 104.569 104.164 104.109 104.244 104.242
118.674 118.512 118.307 118.089 117.937 117.857 117.759 117.577 117.462 117.364 118.039 118.037 116.664 116.519 116.369 116.187 116.029 115.822 115.629 115.407 115.167 114.899 114.649 114.429 114.167 113.927 113.689 113.477 113.214 112.984 112.749 112.484 112.244 111.979 111.722 111.459 111.234 111.004 110.802 110.599 110.404 110.177 109.919 109.597 109.269 108.914 108.517 108.109 107.742 107.417 107.112 106.869 106.644 106.469 106.282 106.162 106.292 104.709 104.292 106.282 105.469 104.879 104.749 104.407 104.147 103.977 103.977
118.734 118.569 118.352 118.147 117.969 117.894 117.807 117.617 117.519 117.389 117.922 118.062 116.727 116.557 116.394 116.242 116.057 115.877 115.682 115.472 115.219 114.994 114.757 114.537 114.272 114.019 113.847 113.582 113.334 113.102 112.882 112.604 112.347 112.069 111.814 111.529 111.299 111.064 110.824 110.599 110.372 110.124 109.824 109.489 109.137 108.749 108.372 107.962 107.602 107.314 107.044 106.824 106.609 106.434 106.219 106.402 106.119 104.207 104.554 105.797 104.724 104.692 104.634 104.329 104.239 104.112 103.992
118.774 118.622 118.417 118.199 118.042 117.964 117.867 117.687 117.569 117.457 117.927 117.869 116.824 116.627 116.437 116.279 116.089 115.914 115.734 115.544 115.309 115.079 114.852 114.629 114.392 114.164 113.947 113.714 113.449 113.217 112.997 112.707 112.439 112.157 111.874 111.602 111.367 111.097 110.854 110.589 110.322 110.039 109.719 109.359 109.012 108.572 108.184 107.812 107.487 107.209 106.974 106.764 106.557 106.377 106.169 106.454 105.809 104.089 104.907 105.339 104.617 104.529 104.272 104.117 104.039 103.899 103.804
118.832 118.667 118.492 118.269 118.114 118.002 117.927 117.742 117.612 117.512 117.969 118.277 116.839 116.667 116.492 116.319 116.142 115.917 115.759 115.592 115.384 115.154 114.922 114.722 114.499 114.277 114.044 113.807 113.567 113.347 113.062 112.787 112.512 112.222 111.937 111.662 111.412 111.137 110.847 110.544 110.244 109.927 109.589 109.219 108.814 108.422 108.044 107.669 107.357 107.097 106.904 106.682 106.494 106.309 106.282 106.562 104.982 104.072 105.529 105.289 104.744 104.689 104.167 103.987 103.877 103.757 103.662
118.869 118.722 118.537 118.299 118.142 118.042 117.972 117.802 117.662 117.562 118.069 118.314 116.959 116.757 116.509 116.347 116.177 115.972 115.789 115.612 115.417 115.229 115.007 114.792 114.562 114.332 114.124 113.872 113.672 113.417 113.164 112.872 112.602 112.282 112.029 111.724 111.387 111.124 110.779 110.492 110.164 109.794 109.447 109.064 108.667 108.264 107.877 107.522 107.249 107.009 106.819 106.614 106.442 106.334 106.257 106.357 104.439 104.297 105.677 104.922 105.009 104.824 104.054 103.837 103.732 103.609 103.497
118.927 118.754 118.579 118.342 118.187 118.079 118.007 117.849 117.714 117.617 117.889 118.734 117.084 116.717 116.544 116.369 116.169 115.992 115.809 115.639 115.474 115.257 115.054 114.849 114.622 114.414 114.192 113.962 113.702 113.469 113.202 112.927 112.622 112.317 112.064 111.727 111.369 111.057 110.724 110.397 110.039 109.689 109.289 108.894 108.497 108.072 107.729 107.399 107.134 106.944 106.737 106.544 106.492 106.292 106.219 106.292 104.182 104.709 105.464 104.897 104.364 104.209 103.814 103.717 103.579 103.454 103.322
118.967 118.834 118.614 118.389 118.224 118.102 118.059 117.892 117.739 117.617 117.929 118.652 117.317 116.727 116.537 116.402 116.219 116.002 115.827 115.664 115.482 115.284 115.107 114.864 114.667 114.457 114.222 113.984 113.759 113.494 113.239 112.949 112.639 112.322 112.022 111.697 111.324 110.979 110.637 110.267 109.902 109.519 109.139 108.729 108.312 107.924 107.562 107.262 107.022 106.852 106.644 106.462 106.299 106.214 106.667 106.239 104.232 105.099 105.219 104.519 104.357 104.189 103.699 103.559 103.427 103.312 103.217
118.999 118.864 118.672 118.427 118.284 118.167 118.082 117.942 117.769 117.662 117.977 118.694 117.689 116.754 116.574 116.419 116.257 116.032 115.884 115.689 115.514 115.337 115.112 114.889 114.677 114.474 114.257 114.024 113.784 113.519 113.262 112.967 112.639 112.334 112.012 111.652 111.289 110.914 110.532 110.169 109.792 109.409 108.989 108.577 108.177 107.787 107.427 107.147 106.947 106.747 106.574 106.377 106.219 106.079 106.724 105.027 104.877 105.289 106.202 104.522 103.912 103.744 103.549 103.459 103.282 103.157 103.057
