Matlab/Roost_data/braunton/dsm/ss5136_DSM_2M.asc
ncols 500
nrows 500
xllcorner    251000
yllcorner    136000
cellsize     2
NODATA_value -9999
[rows 0 to 31 of 500, columns 355 to 425 of 500]
122.921 122.899 122.884 122.871 122.809 122.794 122.769 122.749 122.754 122.736 122.691 122.666 122.651 122.634 122.601 122.549 122.549 122.534 122.499 122.461 122.444 122.409 122.366 122.326 122.306 122.256 122.234 122.209 122.194 122.149 122.129 122.076 122.069 122.041 122.001 121.979 121.926 121.899 121.869 121.836 121.809 121.751 121.726 121.689 121.629 121.581 121.514 121.456 121.409 121.354 121.264 121.234 121.166 121.089 121.009 120.941 120.854 120.769 120.706 120.634 120.589 120.556 120.471 120.299 120.174 120.069 119.916 119.864 119.759 119.674 119.744
122.776 122.766 122.749 122.721 122.706 122.691 122.671 122.651 122.636 122.631 122.586 122.576 122.544 122.514 122.504 122.494 122.446 122.429 122.384 122.384 122.326 122.326 122.259 122.251 122.221 122.186 122.159 122.121 122.101 122.071 122.041 121.994 122.011 121.971 121.934 121.921 121.881 121.851 121.814 121.789 121.739 121.699 121.634 121.619 121.576 121.509 121.446 121.404 121.369 121.291 121.241 121.186 121.131 121.026 120.959 120.876 120.814 120.724 120.654 120.576 120.501 120.481 120.409 120.249 120.124 120.009 119.889 119.799 119.714 119.609 119.531
122.661 122.644 122.631 122.601 122.591 122.581 122.561 122.546 122.524 122.506 122.484 122.476 122.456 122.424 122.401 122.369 122.356 122.336 122.304 122.264 122.226 122.211 122.181 122.169 122.134 122.109 122.069 122.041 122.029 122.004 121.974 121.941 121.941 121.891 121.851 121.824 121.816 121.761 121.734 121.709 121.684 121.646 121.591 121.556 121.516 121.444 121.416 121.351 121.299 121.241 121.164 121.101 121.076 120.994 120.901 120.836 120.744 120.659 120.596 120.541 120.481 120.414 120.359 120.236 120.081 119.966 119.861 119.729 119.679 119.549 119.501
122.541 122.521 122.489 122.469 122.451 122.449 122.459 122.441 122.424 122.389 122.376 122.359 122.349 122.324 122.306 122.266 122.251 122.231 122.221 122.166 122.151 122.126 122.109 122.086 122.061 122.029 121.984 121.944 121.931 121.924 121.886 121.871 121.846 121.826 121.781 121.754 121.734 121.704 121.644 121.636 121.606 121.574 121.524 121.481 121.436 121.389 121.334 121.299 121.251 121.174 121.116 121.069 120.991 120.926 120.866 120.789 120.714 120.639 120.541 120.476 120.416 120.344 120.279 120.216 120.064 119.939 119.811 119.701 119.586 119.499 119.424
122.406 122.364 122.371 122.369 122.331 122.329 122.324 122.311 122.299 122.284 122.279 122.249 122.254 122.221 122.214 122.171 122.171 122.131 122.126 122.066 122.049 122.029 122.001 121.961 121.956 121.941 121.911 121.874 121.846 121.834 121.806 121.784 121.749 121.734 121.726 121.674 121.656 121.621 121.574 121.569 121.526 121.489 121.454 121.421 121.371 121.339 121.286 121.236 121.191 121.131 121.069 120.986 120.951 120.889 120.806 120.729 120.656 120.576 120.479 120.404 120.354 120.264 120.204 120.164 120.009 119.871 119.756 119.649 119.499 119.459 119.361
122.254 122.264 122.241 122.231 122.214 122.216 122.214 122.216 122.199 122.189 122.159 122.161 122.141 122.124 122.096 122.071 122.059 122.041 122.001 121.981 121.959 121.946 121.924 121.891 121.886 121.856 121.816 121.774 121.756 121.746 121.721 121.681 121.659 121.639 121.606 121.571 121.541 121.544 121.519 121.484 121.454 121.426 121.389 121.341 121.299 121.276 121.209 121.161 121.111 121.066 120.999 120.926 120.876 120.824 120.744 120.651 120.586 120.511 120.409 120.331 120.256 120.194 120.126 120.089 119.989 119.846 119.699 119.604 119.449 119.399 119.289
122.119 122.134 122.124 122.121 122.094 122.091 122.099 122.101 122.081 122.071 122.056 122.059 122.039 122.024 121.991 121.981 121.944 121.951 121.934 121.904 121.869 121.859 121.829 121.791 121.761 121.754 121.729 121.701 121.674 121.626 121.611 121.581 121.579 121.559 121.516 121.496 121.479 121.446 121.446 121.409 121.371 121.351 121.306 121.261 121.234 121.191 121.141 121.084 121.031 120.996 120.916 120.849 120.809 120.744 120.674 120.596 120.526 120.441 120.349 120.274 120.184 120.131 120.061 120.006 119.939 119.784 119.661 119.541 119.404 119.324 119.254
121.976 121.994 121.981 121.979 121.974 121.974 121.979 121.979 121.974 121.964 121.949 121.939 121.929 121.914 121.914 121.884 121.849 121.836 121.826 121.794 121.754 121.729 121.741 121.696 121.681 121.656 121.664 121.606 121.569 121.544 121.541 121.509 121.474 121.446 121.434 121.416 121.394 121.341 121.334 121.306 121.284 121.244 121.224 121.171 121.141 121.101 121.046 121.011 120.944 120.896 120.844 120.771 120.716 120.649 120.589 120.534 120.474 120.379 120.301 120.209 120.116 120.046 119.979 119.909 119.894 119.744 119.634 119.484 119.369 119.229 119.224
121.861 121.851 121.856 121.876 121.856 121.859 121.851 121.844 121.849 121.829 121.811 121.804 121.796 121.796 121.784 121.766 121.739 121.739 121.731 121.701 121.661 121.664 121.626 121.609 121.584 121.564 121.536 121.501 121.469 121.434 121.404 121.401 121.374 121.336 121.331 121.311 121.284 121.251 121.231 121.209 121.186 121.159 121.141 121.106 121.034 121.004 120.961 120.904 120.879 120.824 120.771 120.701 120.644 120.586 120.534 120.464 120.371 120.301 120.219 120.111 120.049 119.981 119.924 119.846 119.811 119.729 119.556 119.436 119.309 119.214 119.166
121.709 121.706 121.706 121.724 121.714 121.716 121.711 121.699 121.726 121.719 121.696 121.719 121.719 121.691 121.671 121.661 121.641 121.631 121.604 121.589 121.556 121.546 121.524 121.521 121.476 121.451 121.416 121.396 121.351 121.341 121.321 121.319 121.264 121.229 121.234 121.226 121.164 121.149 121.119 121.099 121.069 121.044 121.034 121.014 120.956 120.904 120.876 120.829 120.791 120.729 120.684 120.619 120.576 120.504 120.446 120.379 120.309 120.236 120.171 120.079 119.981 119.901 119.831 119.771 119.724 119.671 119.531 119.416 119.276 119.156 119.076
121.566 121.549 121.566 121.574 121.604 121.574 121.601 121.606 121.611 121.586 121.581 121.594 121.576 121.534 121.546 121.524 121.501 121.504 121.474 121.471 121.456 121.426 121.421 121.386 121.341 121.339 121.309 121.269 121.256 121.206 121.201 121.191 121.154 121.116 121.106 121.081 121.059 121.046 121.034 120.974 120.976 120.949 120.914 120.899 120.864 120.821 120.789 120.754 120.691 120.631 120.596 120.561 120.494 120.434 120.349 120.299 120.226 120.154 120.089 120.016 119.901 119.831 119.771 119.714 119.664 119.619 119.496 119.369 119.244 119.121 119.004
121.429 121.421 121.429 121.441 121.469 121.436 121.449 121.466 121.474 121.449 121.446 121.444 121.426 121.424 121.409 121.404 121.376 121.374 121.364 121.341 121.341 121.314 121.274 121.266 121.239 121.224 121.206 121.176 121.146 121.099 121.086 121.051 121.031 121.009 120.986 120.969 120.939 120.924 120.919 120.896 120.869 120.826 120.806 120.806 120.764 120.709 120.684 120.639 120.601 120.559 120.521 120.461 120.406 120.349 120.281 120.204 120.159 120.071 120.014 119.931 119.836 119.754 119.684 119.606 119.574 119.556 119.471 119.306 119.196 119.084 118.954
121.264 121.266 121.284 121.296 121.306 121.281 121.299 121.316 121.314 121.324 121.316 121.304 121.324 121.299 121.274 121.266 121.271 121.246 121.219 121.219 121.216 121.201 121.174 121.144 121.126 121.114 121.089 121.064 121.026 120.989 120.951 120.944 120.921 120.894 120.864 120.869 120.839 120.809 120.801 120.804 120.749 120.716 120.716 120.704 120.666 120.621 120.599 120.561 120.516 120.474 120.424 120.394 120.321 120.264 120.216 120.114 120.089 119.996 119.926 119.846 119.749 119.689 119.599 119.536 119.506 119.481 119.416 119.281 119.179 119.024 118.924
121.131 121.124 121.126 121.144 121.134 121.154 121.146 121.151 121.169 121.171 121.171 121.159 121.179 121.156 121.159 121.151 121.111 121.106 121.101 121.089 121.079 121.071 121.021 121.031 120.986 120.981 120.964 120.944 120.891 120.869 120.846 120.809 120.811 120.789 120.756 120.749 120.734 120.694 120.691 120.664 120.656 120.619 120.604 120.586 120.564 120.524 120.499 120.461 120.409 120.391 120.339 120.304 120.236 120.191 120.121 120.061 120.006 119.941 119.859 119.791 119.699 119.611 119.531 119.479 119.434 119.404 119.349 119.241 119.141 118.986 118.879
120.939 120.964 120.964 120.981 121.001 121.001 121.004 121.019 121.029 121.029 121.036 121.021 121.044 121.004 121.014 121.004 120.981 120.981 120.964 120.961 120.936 120.936 120.906 120.906 120.889 120.866 120.836 120.809 120.786 120.769 120.736 120.704 120.711 120.664 120.654 120.651 120.616 120.586 120.591 120.566 120.566 120.506 120.494 120.496 120.486 120.441 120.416 120.384 120.331 120.314 120.259 120.214 120.174 120.096 120.049 119.991 119.949 119.876 119.796 119.734 119.654 119.556 119.496 119.409 119.374 119.331 119.306 119.239 119.106 118.989 118.879
120.814 120.814 120.829 120.816 120.836 120.856 120.864 120.871 120.899 120.881 120.881 120.896 120.876 120.876 120.896 120.856 120.844 120.844 120.844 120.831 120.829 120.821 120.799 120.781 120.774 120.744 120.726 120.696 120.689 120.641 120.596 120.589 120.579 120.574 120.549 120.534 120.494 120.484 120.484 120.474 120.469 120.441 120.409 120.389 120.386 120.364 120.329 120.306 120.281 120.206 120.191 120.144 120.091 120.049 119.996 119.944 119.884 119.814 119.741 119.664 119.614 119.521 119.429 119.366 119.326 119.279 119.254 119.214 119.069 118.959 118.834
120.651 120.651 120.689 120.664 120.704 120.729 120.711 120.719 120.756 120.749 120.766 120.759 120.739 120.756 120.736 120.724 120.739 120.726 120.704 120.726 120.706 120.709 120.681 120.666 120.661 120.644 120.596 120.579 120.554 120.526 120.516 120.496 120.474 120.471 120.436 120.401 120.406 120.404 120.351 120.356 120.371 120.366 120.324 120.304 120.291 120.289 120.251 120.224 120.196 120.154 120.111 120.069 120.011 119.976 119.924 119.881 119.794 119.761 119.694 119.614 119.566 119.496 119.381 119.321 119.266 119.241 119.196 119.179 119.064 118.954 118.786
120.494 120.509 120.521 120.544 120.546 120.574 120.594 120.604 120.599 120.611 120.616 120.619 120.614 120.641 120.629 120.631 120.626 120.639 120.601 120.594 120.596 120.604 120.571 120.544 120.551 120.506 120.491 120.456 120.454 120.429 120.419 120.381 120.386 120.366 120.326 120.309 120.324 120.296 120.281 120.269 120.266 120.261 120.266 120.224 120.204 120.211 120.171 120.139 120.136 120.076 120.046 120.019 119.946 119.934 119.869 119.811 119.761 119.696 119.626 119.584 119.521 119.421 119.361 119.294 119.214 119.186 119.146 119.136 119.046 118.929 118.799
120.366 120.379 120.401 120.419 120.421 120.429 120.446 120.456 120.481 120.494 120.501 120.499 120.489 120.496 120.501 120.506 120.499 120.479 120.494 120.489 120.459 120.459 120.469 120.421 120.404 120.419 120.391 120.361 120.344 120.344 120.316 120.279 120.276 120.274 120.241 120.206 120.209 120.204 120.206 120.176 120.179 120.189 120.161 120.159 120.151 120.129 120.101 120.064 120.056 120.009 119.994 119.929 119.894 119.851 119.824 119.746 119.711 119.641 119.584 119.546 119.471 119.396 119.326 119.269 119.219 119.159 119.119 119.091 119.039 118.899 118.814
120.249 120.239 120.249 120.286 120.296 120.324 120.329 120.346 120.354 120.366 120.369 120.386 120.366 120.376 120.389 120.389 120.386 120.361 120.354 120.351 120.336 120.306 120.316 120.324 120.279 120.291 120.291 120.259 120.241 120.249 120.211 120.201 120.204 120.174 120.166 120.126 120.111 120.136 120.121 120.096 120.106 120.111 120.109 120.099 120.084 120.071 120.046 120.021 120.001 119.964 119.919 119.874 119.844 119.809 119.761 119.729 119.686 119.606 119.544 119.509 119.431 119.379 119.306 119.244 119.169 119.131 119.099 119.066 119.024 118.919 118.824
120.099 120.106 120.121 120.141 120.176 120.176 120.204 120.226 120.229 120.251 120.261 120.271 120.259 120.271 120.284 120.276 120.264 120.251 120.241 120.241 120.241 120.189 120.204 120.209 120.169 120.176 120.189 120.151 120.149 120.141 120.119 120.126 120.096 120.094 120.091 120.054 120.044 120.056 120.036 120.041 120.039 120.014 120.034 120.024 120.014 119.981 119.971 119.969 119.939 119.911 119.869 119.834 119.804 119.764 119.704 119.664 119.634 119.566 119.509 119.469 119.419 119.359 119.279 119.221 119.161 119.114 119.079 119.046 119.016 118.924 118.801
119.974 119.994 120.014 120.024 120.046 120.081 120.094 120.119 120.121 120.136 120.139 120.144 120.156 120.186 120.179 120.159 120.149 120.144 120.151 120.174 120.154 120.129 120.131 120.109 120.074 120.059 120.099 120.091 120.076 120.051 120.036 120.044 120.014 120.009 119.986 119.966 119.971 119.981 119.974 119.951 119.954 119.946 119.956 119.961 119.936 119.926 119.889 119.871 119.881 119.836 119.809 119.771 119.741 119.719 119.666 119.631 119.594 119.526 119.479 119.431 119.394 119.324 119.261 119.199 119.159 119.111 119.086 119.024 118.989 118.934 118.811
119.876 119.871 119.894 119.916 119.949 119.951 119.996 120.001 120.021 120.024 120.039 120.049 120.056 120.071 120.069 120.071 120.066 120.059 120.076 120.106 120.081 120.026 120.026 120.044 119.999 119.974 119.994 120.011 119.971 119.951 119.959 119.946 119.924 119.936 119.911 119.894 119.894 119.886 119.899 119.884 119.884 119.879 119.886 119.881 119.859 119.846 119.829 119.819 119.796 119.759 119.749 119.714 119.681 119.659 119.611 119.576 119.536 119.496 119.436 119.396 119.371 119.286 119.251 119.199 119.136 119.089 119.044 119.006 118.989 118.926 118.814
119.751 119.744 119.769 119.809 119.826 119.844 119.879 119.901 119.916 119.941 119.949 119.944 119.959 119.976 119.976 120.019 119.986 119.976 119.991 120.009 120.004 119.956 119.934 119.959 119.924 119.871 119.894 119.916 119.896 119.874 119.876 119.856 119.841 119.836 119.834 119.829 119.816 119.821 119.809 119.811 119.806 119.826 119.809 119.811 119.824 119.761 119.786 119.751 119.756 119.714 119.689 119.661 119.634 119.594 119.574 119.539 119.496 119.461 119.429 119.386 119.351 119.299 119.229 119.181 119.126 119.064 119.004 118.991 118.954 118.926 118.824
119.626 119.646 119.661 119.701 119.711 119.736 119.776 119.811 119.819 119.836 119.846 119.854 119.889 119.866 119.871 119.921 119.914 119.896 119.896 119.924 119.916 119.874 119.841 119.871 119.844 119.816 119.791 119.796 119.801 119.786 119.789 119.776 119.756 119.769 119.751 119.744 119.751 119.734 119.751 119.741 119.754 119.751 119.751 119.726 119.731 119.699 119.729 119.684 119.671 119.656 119.656 119.596 119.579 119.569 119.546 119.514 119.474 119.441 119.406 119.359 119.316 119.261 119.246 119.156 119.114 119.051 118.984 118.951 118.934 118.904 118.844
119.531 119.524 119.561 119.606 119.619 119.629 119.676 119.699 119.699 119.706 119.746 119.779 119.771 119.779 119.774 119.801 119.826 119.799 119.794 119.829 119.846 119.789 119.759 119.754 119.764 119.741 119.701 119.701 119.729 119.706 119.696 119.704 119.664 119.654 119.679 119.681 119.669 119.666 119.669 119.676 119.686 119.669 119.671 119.674 119.681 119.641 119.649 119.609 119.609 119.606 119.581 119.559 119.516 119.496 119.481 119.459 119.441 119.411 119.389 119.331 119.284 119.249 119.196 119.146 119.091 119.039 118.969 118.964 118.909 118.894 118.841
119.391 119.429 119.449 119.476 119.514 119.534 119.569 119.579 119.601 119.609 119.629 119.661 119.671 119.684 119.691 119.696 119.744 119.704 119.714 119.721 119.729 119.716 119.686 119.656 119.661 119.639 119.616 119.634 119.611 119.609 119.606 119.586 119.594 119.596 119.591 119.594 119.601 119.599 119.594 119.611 119.609 119.616 119.624 119.614 119.621 119.609 119.596 119.576 119.564 119.534 119.524 119.499 119.479 119.461 119.446 119.411 119.411 119.374 119.329 119.324 119.264 119.234 119.174 119.121 119.074 119.014 118.969 118.924 118.904 118.869 118.826
119.284 119.319 119.336 119.384 119.411 119.436 119.454 119.486 119.494 119.511 119.519 119.544 119.569 119.551 119.576 119.601 119.611 119.619 119.596 119.621 119.629 119.619 119.579 119.566 119.604 119.554 119.544 119.534 119.546 119.536 119.526 119.514 119.521 119.519 119.506 119.534 119.524 119.514 119.519 119.534 119.551 119.556 119.539 119.546 119.546 119.531 119.524 119.514 119.526 119.486 119.479 119.466 119.426 119.416 119.389 119.364 119.356 119.344 119.314 119.261 119.236 119.191 119.151 119.104 119.041 118.996 118.946 118.884 118.884 118.849 118.834
119.151 119.204 119.214 119.234 119.266 119.314 119.346 119.359 119.384 119.394 119.424 119.436 119.456 119.476 119.459 119.489 119.526 119.541 119.504 119.519 119.546 119.539 119.489 119.466 119.476 119.474 119.451 119.444 119.459 119.444 119.431 119.434 119.444 119.421 119.436 119.459 119.439 119.441 119.451 119.454 119.469 119.479 119.424 119.439 119.446 119.429 119.434 119.456 119.459 119.439 119.404 119.411 119.371 119.351 119.351 119.334 119.319 119.296 119.276 119.254 119.214 119.179 119.136 119.096 119.029 119.001 118.936 118.884 118.891 118.836 118.814
119.039 119.069 119.069 119.111 119.141 119.171 119.214 119.254 119.281 119.306 119.314 119.321 119.361 119.359 119.369 119.384 119.419 119.434 119.436 119.404 119.426 119.421 119.394 119.356 119.351 119.366 119.379 119.336 119.344 119.344 119.341 119.341 119.361 119.351 119.361 119.381 119.369 119.369 119.381 119.344 119.351 119.366 119.366 119.371 119.361 119.394 119.371 119.381 119.381 119.379 119.371 119.346 119.319 119.326 119.299 119.306 119.279 119.261 119.236 119.209 119.179 119.171 119.134 119.069 119.019 118.989 118.919 118.859 118.861 118.819 118.796
118.934 118.941 118.959 118.991 119.011 119.056 119.091 119.101 119.149 119.164 119.189 119.211 119.219 119.239 119.239 119.266 119.296 119.339 119.326 119.316 119.319 119.314 119.301 119.269 119.246 119.296 119.281 119.271 119.256 119.264 119.259 119.251 119.269 119.256 119.261 119.271 119.259 119.259 119.241 119.274 119.289 119.334 119.361 119.369 119.361 119.329 119.316 119.304 119.314 119.349 119.321 119.309 119.274 119.289 119.266 119.269 119.229 119.224 119.204 119.186 119.134 119.116 119.096 119.059 119.029 118.964 118.926 118.869 118.829 118.816 118.789
118.786 118.804 118.836 118.841 118.874 118.909 118.929 118.974 119.001 119.044 119.064 119.089 119.079 119.124 119.141 119.149 119.156 119.211 119.229 119.221 119.246 119.241 119.216 119.196 119.176 119.219 119.211 119.214 119.189 119.191 119.194 119.189 119.174 119.164 119.166 119.179 119.186 119.186 119.224 119.256 119.284 119.319 119.331 119.314 119.336 119.299 119.259 119.239 119.279 119.301 119.271 119.259 119.259 119.226 119.231 119.206 119.186 119.184 119.181 119.146 119.124 119.104 119.074 119.026 119.006 118.951 118.921 118.884 118.816 118.804 118.784
