Matlab/Roost_data/braunton/dsm/ss5137_DSM_2M.asc
ncols 500
nrows 500
xllcorner    251000
yllcorner    137000
cellsize     2
NODATA_value -9999
[rows 330 to 359 of 500, columns 335 to 401 of 500]
130.034 129.919 129.774 129.659 129.534 129.426 129.279 129.139 129.029 128.899 128.749 128.591 128.451 128.304 128.171 127.996 127.836 127.686 127.556 127.391 127.229 127.079 126.894 126.709 126.554 126.364 126.196 126.016 125.831 125.651 125.479 125.276 125.069 124.866 124.651 124.421 124.191 123.971 123.826 123.636 123.446 123.239 123.001 122.884 122.686 122.484 122.939 122.301 121.654 121.554 121.434 121.269 121.091 120.906 120.741 120.586 120.429 120.276 120.086 119.854 119.766 119.704 119.626 119.416 119.181 118.866 118.561
129.984 129.829 129.734 129.594 129.469 129.354 129.249 129.106 128.961 128.841 128.686 128.541 128.389 128.256 128.106 127.926 127.774 127.629 127.479 127.311 127.166 126.996 126.814 126.634 126.454 126.286 126.131 125.929 125.761 125.569 125.386 125.189 124.969 124.766 124.549 124.316 124.106 123.906 123.726 123.556 123.336 123.146 122.926 122.781 122.596 122.384 122.849 122.266 121.531 121.459 121.336 121.171 120.974 120.781 120.616 120.451 120.304 120.131 119.946 119.721 119.639 119.584 119.501 119.266 119.034 118.721 118.381
129.934 129.806 129.679 129.549 129.439 129.321 129.176 129.039 128.914 128.764 128.636 128.494 128.334 128.159 128.024 127.851 127.724 127.566 127.399 127.231 127.101 126.894 126.729 126.566 126.384 126.189 126.011 125.829 125.661 125.474 125.261 125.081 124.886 124.676 124.451 124.214 124.004 123.784 123.614 123.441 123.249 123.041 122.834 122.686 122.494 122.281 122.631 122.319 121.444 121.326 121.226 121.066 120.854 120.676 120.516 120.344 120.191 119.999 119.799 119.581 119.484 119.409 119.324 119.089 118.856 118.561 118.216
129.896 129.764 129.641 129.514 129.379 129.269 129.141 128.991 128.871 128.719 128.601 128.446 128.284 128.126 127.976 127.811 127.651 127.516 127.321 127.154 126.976 126.819 126.659 126.481 126.281 126.099 125.936 125.729 125.561 125.359 125.159 124.979 124.781 124.566 124.336 124.106 123.889 123.684 123.514 123.346 123.139 122.939 122.731 122.591 122.409 122.211 122.574 122.336 121.361 121.224 121.114 120.949 120.759 120.551 120.399 120.221 120.079 119.869 119.664 119.419 119.329 119.246 119.166 118.921 118.696 118.414 118.034
129.846 129.726 129.596 129.441 129.334 129.221 129.109 128.951 128.824 128.686 128.554 128.391 128.256 128.079 127.929 127.736 127.581 127.421 127.254 127.096 126.926 126.734 126.564 126.384 126.214 126.021 125.829 125.614 125.451 125.269 125.066 124.846 124.651 124.454 124.234 123.989 123.779 123.544 123.369 123.241 123.024 122.854 122.624 122.484 122.311 122.091 122.349 122.319 121.261 121.134 121.001 120.844 120.649 120.454 120.279 120.121 119.959 119.704 119.471 119.234 119.161 119.076 119.014 118.781 118.516 118.249 117.909
129.796 129.669 129.536 129.426 129.286 129.179 129.051 128.914 128.786 128.661 128.501 128.346 128.209 128.016 127.869 127.689 127.534 127.369 127.181 127.026 126.836 126.659 126.486 126.306 126.124 125.926 125.706 125.516 125.356 125.171 124.981 124.756 124.566 124.361 124.131 123.876 123.649 123.436 123.261 123.104 122.941 122.729 122.531 122.376 122.204 122.004 122.261 122.224 121.146 121.029 120.904 120.744 120.536 120.324 120.164 119.989 119.821 119.544 119.316 119.101 118.994 118.914 118.851 118.649 118.391 118.124 117.801
129.799 129.649 129.521 129.379 129.254 129.119 128.999 128.854 128.726 128.581 128.436 128.274 128.141 127.969 127.799 127.631 127.456 127.299 127.101 126.951 126.769 126.579 126.381 126.211 126.026 125.834 125.624 125.426 125.244 125.061 124.849 124.636 124.454 124.241 124.016 123.789 123.541 123.314 123.129 123.006 122.839 122.634 122.404 122.271 122.096 121.909 122.124 122.116 121.124 120.911 120.789 120.631 120.436 120.221 120.049 119.871 119.654 119.406 119.206 118.971 118.846 118.774 118.694 118.539 118.256 117.981 117.706
129.736 129.611 129.461 129.324 129.206 129.076 128.954 128.799 128.679 128.531 128.371 128.211 128.059 127.904 127.729 127.551 127.386 127.239 127.051 126.856 126.694 126.511 126.321 126.131 125.926 125.724 125.541 125.321 125.176 124.966 124.749 124.564 124.361 124.149 123.901 123.669 123.446 123.211 123.026 122.874 122.724 122.534 122.314 122.174 122.016 121.781 121.994 122.146 120.989 120.791 120.671 120.509 120.321 120.116 119.926 119.739 119.509 119.284 119.059 118.844 118.741 118.651 118.581 118.434 118.131 117.876 117.584
129.674 129.554 129.429 129.289 129.151 129.041 128.884 128.744 128.589 128.449 128.294 128.161 128.014 127.839 127.651 127.491 127.321 127.139 126.951 126.774 126.584 126.411 126.211 126.041 125.814 125.636 125.444 125.251 125.069 124.854 124.639 124.461 124.229 124.006 123.791 123.556 123.336 123.106 122.904 122.794 122.601 122.414 122.229 122.071 121.909 121.684 121.801 122.061 120.916 120.679 120.559 120.399 120.214 120.006 119.804 119.594 119.386 119.111 118.899 118.719 118.644 118.574 118.454 118.299 118.049 117.789 117.509
129.621 129.511 129.384 129.231 129.106 128.961 128.816 128.674 128.516 128.374 128.214 128.069 127.914 127.744 127.589 127.414 127.219 127.049 126.874 126.676 126.509 126.309 126.119 125.956 125.731 125.559 125.329 125.149 124.929 124.751 124.541 124.349 124.119 123.904 123.661 123.446 123.216 123.006 122.786 122.684 122.514 122.334 122.114 121.961 121.819 121.596 121.696 122.006 120.756 120.566 120.439 120.281 120.084 119.849 119.649 119.456 119.254 118.961 118.754 118.599 118.504 118.459 118.301 118.146 117.959 117.709 117.429
129.581 129.434 129.294 129.174 129.036 128.884 128.746 128.594 128.451 128.304 128.141 128.009 127.834 127.651 127.474 127.306 127.111 126.949 126.776 126.594 126.419 126.229 126.021 125.826 125.639 125.436 125.234 125.026 124.839 124.659 124.441 124.239 124.029 123.796 123.566 123.341 123.131 122.901 122.696 122.606 122.436 122.224 122.026 121.861 121.709 121.506 121.529 121.999 120.664 120.444 120.296 120.126 119.934 119.691 119.486 119.269 119.059 118.841 118.556 118.436 118.376 118.314 118.164 118.004 117.839 117.599 117.334
129.514 129.376 129.239 129.091 128.951 128.819 128.661 128.524 128.349 128.211 128.034 127.899 127.746 127.556 127.404 127.204 127.039 126.864 126.691 126.506 126.314 126.136 125.951 125.756 125.534 125.344 125.144 124.946 124.754 124.571 124.336 124.131 123.926 123.706 123.496 123.251 123.024 122.819 122.606 122.509 122.319 122.136 121.921 121.764 121.624 121.424 121.349 121.891 120.559 120.296 120.161 120.006 119.781 119.536 119.331 119.101 118.874 118.614 118.399 118.311 118.256 118.181 118.041 117.866 117.696 117.476 117.224
129.431 129.299 129.166 129.024 128.871 128.739 128.584 128.434 128.276 128.121 127.964 127.819 127.641 127.459 127.289 127.096 126.951 126.779 126.604 126.434 126.244 126.031 125.836 125.661 125.434 125.256 125.079 124.856 124.661 124.441 124.244 124.054 123.829 123.626 123.401 123.144 122.934 122.716 122.516 122.396 122.206 122.021 121.839 121.659 121.526 121.309 121.219 121.834 120.491 120.164 120.034 119.849 119.654 119.406 119.159 118.944 118.686 118.426 118.234 118.176 118.111 118.021 117.916 117.766 117.554 117.326 117.096
129.351 129.224 129.084 128.951 128.791 128.646 128.501 128.334 128.159 128.021 127.871 127.691 127.526 127.359 127.189 127.024 126.851 126.666 126.501 126.319 126.146 125.949 125.764 125.561 125.364 125.184 124.949 124.766 124.569 124.361 124.149 123.951 123.739 123.529 123.304 123.076 122.849 122.624 122.429 122.314 122.129 121.949 121.736 121.549 121.431 121.189 121.044 121.699 120.459 120.029 119.879 119.724 119.499 119.236 118.994 118.759 118.504 118.249 118.129 118.056 118.016 117.904 117.791 117.654 117.461 117.231 116.981
129.271 129.134 129.014 128.856 128.699 128.561 128.399 128.234 128.076 127.926 127.761 127.604 127.431 127.261 127.086 126.906 126.761 126.589 126.419 126.239 126.049 125.871 125.681 125.474 125.271 125.104 124.889 124.689 124.469 124.276 124.069 123.864 123.671 123.464 123.224 122.984 122.769 122.521 122.344 122.194 122.029 121.841 121.649 121.459 121.321 121.084 120.969 121.516 120.371 119.876 119.744 119.569 119.346 119.104 118.834 118.541 118.339 118.099 117.999 117.959 117.879 117.804 117.676 117.516 117.336 117.139 116.936
129.189 129.056 128.906 128.766 128.599 128.471 128.304 128.119 127.991 127.821 127.664 127.494 127.341 127.144 126.991 126.821 126.654 126.494 126.326 126.129 125.969 125.754 125.584 125.389 125.209 125.014 124.806 124.594 124.426 124.219 124.019 123.806 123.589 123.379 123.151 122.914 122.676 122.471 122.269 122.134 121.926 121.736 121.564 121.384 121.211 120.986 120.821 121.366 120.224 119.746 119.606 119.436 119.209 118.951 118.651 118.361 118.156 117.976 117.901 117.819 117.739 117.671 117.564 117.416 117.299 117.114 116.911
129.086 128.946 128.819 128.661 128.519 128.351 128.206 128.039 127.894 127.714 127.574 127.416 127.229 127.059 126.904 126.729 126.564 126.399 126.226 126.044 125.871 125.679 125.506 125.319 125.119 124.951 124.744 124.529 124.356 124.154 123.946 123.751 123.539 123.319 123.099 122.839 122.609 122.389 122.166 122.039 121.849 121.659 121.459 121.264 121.101 120.891 120.726 121.206 120.109 119.591 119.456 119.286 119.071 118.809 118.511 118.231 117.964 117.851 117.769 117.709 117.621 117.541 117.441 117.351 117.229 117.101 116.896
128.999 128.856 128.711 128.566 128.414 128.251 128.106 127.926 127.784 127.619 127.436 127.289 127.129 126.981 126.824 126.641 126.489 126.304 126.149 125.956 125.789 125.601 125.446 125.276 125.081 124.889 124.676 124.484 124.309 124.094 123.881 123.686 123.484 123.251 123.019 122.761 122.554 122.326 122.104 121.961 121.776 121.579 121.386 121.161 121.016 120.774 120.584 121.131 120.101 119.456 119.306 119.149 118.921 118.636 118.314 118.021 117.774 117.719 117.669 117.586 117.496 117.419 117.336 117.239 117.151 117.019 116.826
128.916 128.754 128.606 128.456 128.301 128.136 127.994 127.821 127.676 127.514 127.331 127.201 127.044 126.884 126.721 126.564 126.404 126.224 126.044 125.879 125.731 125.556 125.349 125.196 125.001 124.826 124.609 124.419 124.254 124.039 123.839 123.644 123.421 123.194 122.964 122.729 122.481 122.271 122.019 121.889 121.686 121.501 121.284 121.094 120.939 120.696 120.484 120.896 120.071 119.316 119.166 118.986 118.759 118.441 118.109 117.806 117.686 117.596 117.524 117.446 117.381 117.291 117.206 117.116 117.019 116.834 116.626
128.804 128.659 128.499 128.349 128.196 128.049 127.896 127.729 127.566 127.421 127.251 127.089 126.941 126.789 126.624 126.481 126.311 126.114 125.964 125.814 125.664 125.491 125.296 125.149 124.964 124.756 124.569 124.371 124.199 124.006 123.791 123.584 123.374 123.149 122.906 122.679 122.414 122.186 121.939 121.769 121.584 121.396 121.181 120.991 120.839 120.574 120.356 120.769 119.961 119.166 119.001 118.841 118.599 118.249 117.921 117.639 117.511 117.461 117.416 117.366 117.319 117.234 117.121 116.961 116.786 116.591 116.394
128.676 128.539 128.386 128.244 128.109 127.924 127.769 127.599 127.461 127.296 127.144 127.006 126.836 126.684 126.524 126.351 126.201 126.059 125.901 125.746 125.606 125.419 125.266 125.094 124.899 124.696 124.506 124.341 124.144 123.939 123.736 123.591 123.334 123.101 122.844 122.621 122.374 122.099 121.861 121.691 121.529 121.309 121.114 120.881 120.709 120.471 120.261 120.636 119.826 119.006 118.864 118.704 118.411 118.089 117.724 117.514 117.414 117.351 117.314 117.289 117.249 117.144 116.994 116.751 116.509 116.276 116.081
128.564 128.429 128.269 128.129 127.966 127.821 127.656 127.534 127.346 127.196 127.054 126.906 126.746 126.591 126.434 126.284 126.121 126.004 125.854 125.674 125.531 125.356 125.194 125.034 124.839 124.671 124.474 124.274 124.099 123.909 123.701 123.511 123.269 123.036 122.809 122.541 122.274 122.036 121.779 121.604 121.429 121.209 120.989 120.751 120.611 120.374 120.119 120.514 119.839 118.894 118.731 118.514 118.226 117.876 117.554 117.444 117.349 117.299 117.234 117.179 117.099 116.984 116.756 116.494 116.246 115.999 115.741
128.471 128.309 128.149 128.019 127.866 127.709 127.551 127.396 127.229 127.109 126.939 126.801 126.666 126.491 126.361 126.214 126.016 125.906 125.774 125.586 125.464 125.309 125.149 124.964 124.786 124.609 124.436 124.251 124.076 123.874 123.656 123.451 123.199 122.989 122.741 122.466 122.196 121.976 121.694 121.521 121.344 121.114 120.901 120.656 120.511 120.249 120.001 120.291 119.666 118.761 118.574 118.299 118.006 117.659 117.459 117.339 117.301 117.246 117.131 117.046 116.946 116.719 116.491 116.251 116.004 115.741 115.464
128.344 128.184 128.021 127.889 127.739 127.576 127.436 127.276 127.131 126.996 126.846 126.719 126.556 126.391 126.261 126.119 125.964 125.844 125.706 125.546 125.404 125.236 125.086 124.926 124.749 124.561 124.379 124.199 124.009 123.831 123.606 123.386 123.144 122.919 122.674 122.391 122.124 121.891 121.636 121.429 121.244 121.014 120.809 120.534 120.386 120.139 119.916 120.154 119.739 118.619 118.379 118.106 117.774 117.481 117.346 117.294 117.269 117.169 117.046 116.931 116.759 116.489 116.274 115.991 115.729 115.444 115.164
128.211 128.049 127.909 127.766 127.624 127.469 127.301 127.179 127.029 126.894 126.741 126.606 126.446 126.324 126.169 126.049 125.884 125.766 125.611 125.449 125.346 125.171 125.016 124.861 124.684 124.511 124.336 124.144 123.951 123.769 123.551 123.306 123.059 122.846 122.576 122.309 122.026 121.761 121.509 121.329 121.151 120.899 120.649 120.416 120.281 120.021 119.786 119.931 119.791 118.519 118.196 117.899 117.561 117.381 117.309 117.266 117.194 117.084 116.954 116.781 116.579 116.301 115.999 115.716 115.424 115.129 114.851
128.069 127.934 127.764 127.639 127.499 127.331 127.196 127.056 126.901 126.771 126.664 126.504 126.364 126.216 126.079 125.949 125.801 125.679 125.559 125.389 125.259 125.109 124.939 124.784 124.629 124.461 124.259 124.084 123.891 123.689 123.456 123.241 122.981 122.754 122.489 122.209 121.949 121.671 121.414 121.221 121.026 120.786 120.564 120.304 120.154 119.904 119.671 119.904 119.491 118.276 117.991 117.696 117.424 117.334 117.274 117.226 117.114 117.004 116.839 116.611 116.346 116.066 115.746 115.461 115.134 114.839 114.561
127.954 127.809 127.671 127.529 127.379 127.239 127.104 126.959 126.811 126.694 126.546 126.411 126.246 126.129 125.989 125.861 125.731 125.604 125.454 125.321 125.181 125.026 124.866 124.709 124.544 124.369 124.196 123.994 123.789 123.611 123.374 123.171 122.909 122.634 122.394 122.109 121.821 121.549 121.309 121.124 120.931 120.661 120.434 120.186 120.011 119.811 119.579 119.691 119.644 118.141 117.809 117.511 117.386 117.286 117.254 117.171 117.036 116.869 116.674 116.426 116.109 115.801 115.504 115.204 114.884 114.594 114.314
127.841 127.706 127.531 127.401 127.281 127.119 126.994 126.849 126.704 126.596 126.444 126.324 126.181 126.039 125.901 125.774 125.646 125.511 125.384 125.251 125.109 124.946 124.809 124.631 124.469 124.291 124.119 123.904 123.706 123.494 123.289 123.054 122.796 122.554 122.306 122.006 121.749 121.461 121.196 120.984 120.796 120.541 120.336 120.061 119.899 119.681 119.434 119.551 119.606 118.044 117.644 117.464 117.334 117.269 117.239 117.069 116.931 116.729 116.484 116.194 115.869 115.546 115.256 114.971 114.646 114.384 114.114
127.746 127.591 127.434 127.316 127.169 127.016 126.886 126.751 126.614 126.496 126.346 126.249 126.096 125.971 125.831 125.704 125.579 125.451 125.304 125.179 125.034 124.891 124.729 124.579 124.389 124.224 124.041 123.836 123.636 123.406 123.191 122.939 122.706 122.441 122.159 121.899 121.619 121.346 121.081 120.884 120.676 120.451 120.194 119.954 119.764 119.544 119.309 119.444 119.596 117.816 117.546 117.419 117.294 117.226 117.139 116.981 116.809 116.566 116.226 115.951 115.646 115.306 114.999 114.689 114.419 114.176 113.919
127.629 127.474 127.326 127.214 127.061 126.921 126.811 126.674 126.534 126.391 126.264 126.136 126.021 125.871 125.736 125.609 125.479 125.359 125.239 125.086 124.949 124.799 124.641 124.479 124.326 124.134 123.941 123.734 123.531 123.309 123.076 122.854 122.589 122.314 122.066 121.789 121.504 121.246 120.964 120.754 120.569 120.326 120.081 119.846 119.676 119.449 119.206 119.384 119.531 117.699 117.481 117.389 117.279 117.216 117.071 116.896 116.664 116.369 116.019 115.704 115.379 115.046 114.751 114.484 114.239 113.941 113.699
