Matlab/Roost_data/braunton/dsm/ss5138_DSM_2M.asc
ncols 500
nrows 500
xllcorner    251000
yllcorner    138000
cellsize     2
NODATA_value -9999
[rows 174 to 202 of 500, columns 134 to 200 of 500]
113.971 114.29 114.54 114.678 114.836 114.988 115.126 115.233 115.408 115.596 115.703 115.823 116.021 116.203 116.361 116.461 116.601 116.781 116.956 117.111 117.253 117.421 117.533 117.628 117.758 117.896 118.066 118.223 118.406 118.573 118.696 118.826 118.991 119.136 119.253 119.426 119.561 119.726 119.873 119.993 120.096 120.173 120.691 121.661 121.113 121.186 121.321 121.486 121.608 121.741 121.861 121.998 122.138 122.271 122.463 122.631 122.801 122.953 123.108 123.268 123.426 123.568 123.713 123.853 124.001 124.133 124.286
113.345 113.98 114.341 114.498 114.611 114.791 114.966 115.116 115.261 115.391 115.561 115.676 115.841 116.096 116.218 116.348 116.493 116.676 116.843 116.993 117.128 117.301 117.413 117.531 117.656 117.818 117.963 118.136 118.303 118.468 118.596 118.741 118.868 119.028 119.188 119.311 119.453 119.628 119.783 119.913 119.991 120.071 120.601 121.603 121.118 121.116 121.223 121.398 121.561 121.653 121.776 121.918 122.041 122.203 122.386 122.558 122.711 122.861 123.013 123.151 123.308 123.468 123.593 123.766 123.883 124.033 124.181
112.608 113.223 114.066 114.336 114.478 114.646 114.831 114.996 115.128 115.241 115.386 115.538 115.706 115.923 116.078 116.241 116.378 116.548 116.701 116.883 117.056 117.188 117.346 117.453 117.581 117.701 117.878 118.023 118.216 118.373 118.528 118.658 118.798 118.946 119.098 119.238 119.386 119.541 119.701 119.826 119.931 120.011 120.213 121.643 121.138 121.008 121.186 121.356 121.498 121.623 121.718 121.838 121.963 122.148 122.278 122.448 122.601 122.758 122.903 123.046 123.198 123.346 123.491 123.656 123.786 123.918 124.061
113.483 113.286 113.944 114.188 114.391 114.533 114.691 114.861 114.986 115.123 115.236 115.378 115.518 115.733 115.908 116.071 116.233 116.436 116.583 116.778 116.948 117.083 117.228 117.381 117.486 117.613 117.788 117.968 118.123 118.301 118.466 118.583 118.721 118.876 119.023 119.196 119.341 119.491 119.651 119.771 119.886 119.953 120.238 121.206 121.206 120.988 121.098 121.273 121.433 121.573 121.656 121.758 121.896 122.046 122.183 122.361 122.518 122.658 122.813 122.926 123.081 123.193 123.361 123.491 123.626 123.736 123.861
113.069 113.55 113.977 114.471 114.518 114.341 114.521 114.658 114.833 114.958 115.083 115.238 115.361 115.508 115.733 115.933 116.123 116.296 116.466 116.658 116.843 116.983 117.156 117.321 117.441 117.563 117.723 117.888 118.051 118.231 118.391 118.516 118.663 118.826 118.971 119.116 119.296 119.458 119.626 119.758 119.851 119.921 120.041 121.281 121.508 120.971 121.078 121.213 121.391 121.491 121.558 121.661 121.791 121.903 122.071 122.211 122.348 122.473 122.616 122.763 122.878 122.998 123.166 123.303 123.456 123.583 123.746
112.907 113.516 114.561 114.528 114.403 114.241 114.386 114.526 114.701 114.863 114.981 115.131 115.261 115.413 115.533 115.758 116.003 116.133 116.361 116.526 116.731 116.921 117.081 117.238 117.388 117.501 117.673 117.808 117.998 118.173 118.336 118.476 118.606 118.761 118.906 119.076 119.258 119.393 119.586 119.728 119.811 119.871 119.931 121.918 122.971 120.991 121.033 121.188 121.343 121.411 121.453 121.553 121.663 121.756 121.901 122.016 122.141 122.293 122.443 122.598 122.768 122.988 123.141 123.461 123.858 124.218 124.578
112.589 113.67 113.429 113.918 113.878 114.086 114.281 114.428 114.581 114.706 114.883 115.003 115.113 115.293 115.458 115.601 115.843 116.053 116.271 116.443 116.641 116.846 116.986 117.178 117.328 117.481 117.613 117.763 117.933 118.101 118.286 118.428 118.561 118.731 118.871 119.043 119.226 119.381 119.561 119.711 119.766 119.796 119.828 121.306 122.811 121.038 121.021 121.143 121.268 121.331 121.398 121.466 121.521 121.633 121.773 121.963 122.223 122.541 122.946 123.251 123.491 123.843 124.373 124.578 125.033 125.221 125.061
112.637 114.002 113.528 113.256 113.951 113.978 114.166 114.333 114.481 114.613 114.748 114.913 114.976 115.186 115.346 115.528 115.726 115.983 116.171 116.361 116.558 116.763 116.958 117.128 117.276 117.431 117.558 117.718 117.881 118.033 118.221 118.381 118.521 118.681 118.838 119.006 119.186 119.356 119.528 119.666 119.721 119.706 119.703 120.806 122.133 121.636 121.016 121.131 121.201 121.276 121.346 121.493 121.788 122.298 122.661 123.141 123.721 123.973 124.206 123.941 123.996 124.066 124.011 123.451 123.688 123.646 123.746
112.938 114.549 113.816 113.286 113.541 113.968 114.083 114.273 114.413 114.551 114.661 114.793 114.941 115.068 115.251 115.411 115.638 115.871 116.106 116.298 116.483 116.686 116.911 117.046 117.216 117.398 117.541 117.691 117.838 118.001 118.171 118.333 118.493 118.643 118.796 118.976 119.156 119.311 119.478 119.623 119.683 119.663 119.733 119.876 122.616 122.958 121.156 121.283 121.536 121.966 122.403 122.631 122.466 122.876 123.196 123.256 123.151 122.773 122.666 122.606 122.738 122.883 123.021 123.153 123.301 123.433 123.606
112.916 113.251 113.891 113.951 113.116 113.753 114.011 114.243 114.341 114.473 114.593 114.718 114.833 115.028 115.163 115.351 115.573 115.806 116.003 116.236 116.416 116.631 116.833 117.038 117.208 117.358 117.523 117.658 117.811 117.966 118.128 118.311 118.471 118.621 118.771 118.951 119.126 119.271 119.436 119.596 119.741 120.593 121.576 120.396 122.561 122.856 124.331 122.756 122.936 122.776 122.268 122.123 121.501 121.623 121.821 121.836 122.023 122.143 122.308 122.436 122.603 122.726 122.878 123.036 123.183 123.386 123.553
112.935 113.323 113.471 113.646 114.343 113.648 113.713 113.993 114.261 114.406 114.543 114.668 114.831 115.008 115.093 115.248 115.466 115.711 115.883 116.151 116.403 116.548 116.766 116.993 117.193 117.356 117.621 117.678 117.801 117.958 118.118 118.306 118.466 118.676 118.871 119.156 119.576 119.781 119.988 120.463 121.136 121.683 123.661 120.101 120.098 120.756 120.916 120.881 121.081 121.248 121.173 121.426 121.296 121.476 121.666 121.786 121.933 122.043 122.203 122.333 122.443 122.601 122.763 122.948 123.136 123.293 123.453
112.988 112.998 113.026 115.086 115.493 115.373 114.718 114.508 114.018 114.283 114.451 114.606 114.763 114.906 115.056 115.168 115.363 115.773 115.821 115.953 116.253 116.441 116.671 116.911 117.121 117.321 117.748 117.733 117.788 117.941 118.138 118.468 119.143 121.751 119.538 120.636 120.553 120.721 120.561 120.443 121.871 120.923 120.148 119.998 120.306 120.261 120.376 120.633 120.738 120.841 120.936 121.063 121.201 121.328 121.468 121.646 121.771 121.863 121.998 122.158 122.338 122.523 122.713 122.886 123.076 123.231 123.378
113.106 113.208 113.238 113.633 114.468 117.606 117.026 115.491 113.713 113.926 114.281 114.591 114.716 114.811 114.983 115.123 115.251 115.673 116.138 115.913 116.078 116.261 116.523 116.808 117.073 117.226 117.411 118.121 117.751 118.101 118.521 118.933 119.148 119.551 119.246 119.816 119.951 119.743 119.346 119.641 119.551 119.551 119.713 119.838 120.018 120.106 120.196 120.408 120.511 120.663 120.798 120.918 121.038 121.171 121.316 121.436 121.586 121.748 121.921 122.078 122.233 122.398 122.583 122.776 122.936 123.123 123.248
113.228 113.306 113.353 113.418 113.461 114.741 115.016 115.048 114.156 113.908 113.973 114.468 114.616 114.703 114.898 115.048 115.151 115.426 115.523 115.768 116.068 116.476 116.471 116.843 117.006 117.298 118.186 119.648 118.221 118.681 118.966 118.058 118.321 118.276 118.343 118.448 118.586 118.766 118.923 119.078 119.233 119.441 119.548 119.631 119.806 119.996 120.143 120.268 120.398 120.521 120.641 120.738 120.906 121.063 121.226 121.356 121.536 121.693 121.853 121.958 122.131 122.308 122.523 122.686 122.868 123.063 123.226
113.346 113.426 113.541 113.606 113.666 113.846 114.228 116.641 116.643 114.651 114.831 114.098 114.126 114.828 114.761 114.793 115.556 116.526 116.276 116.276 119.231 117.303 117.223 117.368 117.553 118.243 120.041 118.406 117.731 117.648 117.633 117.823 118.046 118.088 118.156 118.313 118.443 118.588 118.766 118.961 119.113 119.328 119.451 119.546 119.711 119.868 120.008 120.136 120.263 120.341 120.506 120.671 120.813 120.958 121.118 121.276 121.446 121.593 121.746 121.906 122.096 122.256 122.391 122.598 122.778 122.933 123.096
113.451 113.531 113.666 113.831 114.086 114.798 115.401 115.138 114.563 114.798 116.083 115.288 114.331 117.441 115.631 116.206 116.811 116.751 116.276 116.871 118.553 116.776 116.793 116.546 116.871 116.978 117.128 117.106 117.228 117.348 117.491 117.648 117.818 117.943 118.111 118.266 118.853 119.238 119.393 119.248 119.643 120.488 119.543 119.538 119.641 119.736 119.866 120.036 120.158 120.276 120.441 120.611 120.766 120.921 121.081 121.268 121.403 121.548 121.693 121.863 122.031 122.176 122.363 122.513 122.656 122.818 122.966
114.433 114.233 114.326 115.156 115.621 115.658 116.111 115.273 114.698 114.736 116.861 115.628 115.233 118.671 118.233 117.311 117.816 116.153 116.251 117.596 116.188 116.263 116.283 116.436 116.598 116.698 116.863 117.021 117.161 117.388 117.463 117.843 118.758 119.426 119.983 120.396 121.263 121.361 120.278 119.678 119.171 120.866 119.831 119.508 119.598 119.706 119.821 119.973 120.161 120.276 120.396 120.576 120.706 120.866 121.046 121.191 121.343 121.476 121.628 121.816 121.923 122.086 122.323 122.438 122.616 122.756 122.931
116.348 115.438 114.581 116.103 116.708 116.783 115.828 114.988 114.161 114.183 114.213 114.303 115.978 118.216 118.541 118.228 117.486 115.898 115.906 116.023 116.073 116.131 116.246 116.486 116.536 117.546 117.208 118.478 118.768 120.598 120.318 121.056 121.186 121.231 121.243 121.248 121.381 120.661 120.103 119.563 119.081 119.416 119.328 119.441 119.568 119.688 119.806 119.951 120.096 120.226 120.371 120.521 120.683 120.836 120.988 121.123 121.268 121.403 121.591 121.756 121.903 122.081 122.186 122.393 122.533 122.683 122.866
119.246 117.686 114.866 115.686 115.668 115.051 114.153 114.106 114.201 114.208 114.223 114.268 114.633 115.658 115.791 115.996 116.301 115.896 115.943 115.993 116.106 116.148 116.203 117.671 116.748 118.568 120.303 120.451 120.528 120.473 120.486 120.466 120.388 120.398 120.573 121.843 122.468 120.318 118.856 118.908 118.976 119.158 119.293 119.446 119.563 119.686 119.786 119.903 120.028 120.188 120.331 120.513 120.653 120.843 120.923 121.088 121.223 121.413 121.571 121.721 121.916 122.051 122.201 122.378 122.496 122.666 122.833
116.386 115.858 114.138 113.993 113.978 114.018 114.096 114.291 114.668 114.643 114.243 114.248 114.531 115.296 115.618 116.293 116.483 115.893 115.936 116.061 116.178 116.566 116.841 117.568 117.451 118.121 119.893 119.591 120.253 120.048 119.933 120.071 119.611 119.168 118.523 119.311 119.316 118.818 118.641 118.843 119.048 119.166 119.326 119.421 119.516 119.653 119.766 119.926 120.058 120.173 120.326 120.486 120.636 120.808 120.931 121.083 121.251 121.406 121.543 121.718 121.868 122.021 122.211 122.338 122.461 122.626 122.803
114.271 113.966 113.871 113.906 113.966 114.036 114.078 114.213 114.856 114.611 114.271 114.198 114.371 115.228 115.631 115.808 115.813 115.851 115.943 116.091 116.238 116.831 116.966 118.203 117.058 117.033 118.551 118.958 119.021 118.381 117.956 117.976 117.788 117.901 118.113 118.936 118.841 118.683 118.721 118.858 118.993 119.121 119.261 119.383 119.526 119.658 119.788 119.956 120.078 120.213 120.353 120.483 120.656 120.761 120.923 121.063 121.218 121.391 121.536 121.701 121.833 122.006 122.133 122.266 122.443 122.628 122.741
113.831 113.886 113.948 113.946 114.016 114.038 114.103 114.136 114.171 114.356 114.426 114.596 114.948 115.383 115.558 115.648 115.753 115.868 115.993 116.091 116.273 116.681 117.106 118.341 117.566 118.491 118.731 117.288 117.331 117.453 117.613 117.741 117.818 117.963 118.108 118.261 118.421 118.583 118.748 118.851 118.973 119.116 119.226 119.361 119.523 119.698 119.796 119.938 120.063 120.186 120.338 120.506 120.626 120.761 120.928 121.071 121.221 121.348 121.538 121.703 121.816 121.988 122.133 122.268 122.418 122.561 122.721
113.888 113.946 114.018 114.068 114.128 114.228 114.426 114.663 114.858 115.041 115.221 115.343 115.431 115.513 115.608 115.701 115.818 115.948 116.083 116.143 116.426 117.096 116.878 117.358 117.223 117.163 117.271 117.403 117.458 117.521 117.631 117.736 117.881 118.003 118.121 118.293 118.456 118.578 118.731 118.883 119.018 119.091 119.253 119.408 119.553 119.691 119.823 119.933 120.041 120.196 120.323 120.471 120.621 120.791 120.901 121.033 121.188 121.368 121.503 121.668 121.808 121.921 122.116 122.236 122.403 122.503 122.646
113.966 114.051 114.153 114.278 114.433 114.608 114.763 114.908 114.991 115.111 115.216 115.306 115.441 115.613 115.671 115.951 116.143 116.401 116.273 116.241 116.466 116.731 116.768 117.053 117.128 117.253 117.356 117.426 117.531 117.596 117.728 117.863 117.938 118.036 118.183 118.336 118.458 118.591 118.773 118.876 119.053 119.128 119.313 119.431 119.546 119.713 119.821 119.928 120.038 120.183 120.373 120.481 120.651 120.751 120.888 121.061 121.188 121.348 121.531 121.653 121.826 121.933 122.098 122.236 122.401 122.503 122.656
114.023 114.103 114.251 114.398 114.576 114.743 114.888 114.971 115.058 115.123 115.318 115.481 115.588 115.876 115.851 116.246 116.368 117.448 116.921 116.423 116.978 116.823 116.848 117.093 117.183 117.316 117.451 117.521 117.568 117.668 117.818 117.866 117.981 118.118 118.266 118.368 118.556 118.666 118.758 118.888 119.026 119.191 119.296 119.426 119.543 119.678 119.816 119.903 120.043 120.218 120.336 120.478 120.618 120.768 120.901 121.086 121.203 121.343 121.513 121.658 121.813 121.966 122.113 122.218 122.398 122.518 122.673
114.058 114.203 114.433 114.633 114.793 114.981 114.948 115.101 115.348 115.403 115.536 115.706 115.693 115.788 116.211 116.238 116.238 116.863 116.741 117.128 117.801 117.526 117.066 117.108 117.213 117.426 117.548 117.606 117.656 117.748 117.821 117.943 118.063 118.141 118.331 118.413 118.568 118.683 118.798 118.898 119.051 119.221 119.348 119.463 119.588 119.701 119.843 119.933 120.093 120.233 120.408 120.533 120.651 120.773 120.901 121.096 121.243 121.388 121.498 121.681 121.841 122.003 122.118 122.326 122.401 122.556 122.703
114.786 114.756 114.709 114.956 115.001 115.026 115.109 115.414 115.596 115.556 115.649 115.726 115.811 115.894 116.066 116.434 116.256 116.501 116.593 116.896 117.736 117.553 117.476 117.113 117.291 117.536 117.581 117.651 117.771 117.823 117.896 118.011 118.116 118.236 118.361 118.486 118.563 118.716 118.846 118.998 119.123 119.221 119.336 119.503 119.613 119.748 119.863 119.983 120.121 120.276 120.421 120.548 120.691 120.801 120.933 121.088 121.261 121.388 121.551 121.708 121.918 122.028 122.136 122.268 122.413 122.543 122.688
115.686 115.566 115.531 115.324 115.351 115.209 115.324 115.356 115.559 115.639 115.706 115.771 115.809 115.909 116.446 117.339 116.778 116.491 116.741 116.813 117.326 117.861 117.713 117.181 117.383 117.541 117.641 117.711 117.876 117.938 118.016 118.086 118.226 118.308 118.418 118.471 118.588 118.741 118.891 119.051 119.121 119.263 119.376 119.518 119.638 119.756 119.881 120.021 120.158 120.281 120.416 120.556 120.673 120.876 120.951 121.138 121.283 121.441 121.586 121.746 121.851 122.023 122.141 122.273 122.441 122.593 122.726
116.104 115.419 115.644 115.616 115.389 115.616 115.804 115.569 115.651 115.724 115.799 115.866 115.904 116.011 117.781 118.184 117.321 116.968 117.036 117.293 117.528 118.313 117.766 117.336 117.413 117.598 117.698 117.778 117.901 118.008 118.113 118.203 118.308 118.358 118.478 118.553 118.671 118.843 118.963 119.066 119.173 119.343 119.421 119.571 119.636 119.788 119.931 120.061 120.176 120.298 120.423 120.556 120.741 120.858 121.018 121.141 121.296 121.468 121.613 121.793 121.906 122.053 122.206 122.343 122.513 122.648 122.823
