Matlab/Roost_data/braunton/dsm/ss5138_DSM_2M.asc
ncols 500
nrows 500
xllcorner    251000
yllcorner    138000
cellsize     2
NODATA_value -9999
[rows 290 to 318 of 500, columns 0 to 66 of 500]
126.676 126.704 126.709 126.709 126.744 126.736 126.776 126.779 126.786 126.804 126.829 126.816 126.841 126.846 126.864 126.881 126.876 126.879 126.866 126.829 126.831 126.829 126.794 126.751 126.696 126.656 126.649 126.601 126.571 126.574 126.566 126.554 126.556 126.561 126.586 126.614 126.646 126.696 126.731 126.791 126.869 126.916 126.956 126.996 127.026 127.061 127.086 127.091 127.136 127.149 127.139 127.154 127.126 127.156 127.191 127.186 127.196 127.234 127.216 127.244 127.286 127.291 127.321 127.349 127.396 127.389 127.419
126.839 126.884 126.891 126.894 126.916 126.919 126.941 126.976 126.964 126.994 127.001 126.999 127.024 127.041 127.059 127.064 127.069 127.066 127.086 127.049 127.014 127.009 126.991 126.956 126.894 126.899 126.861 126.819 126.781 126.784 126.796 126.756 126.784 126.804 126.804 126.821 126.861 126.911 126.939 126.994 127.066 127.106 127.151 127.211 127.249 127.254 127.291 127.309 127.316 127.356 127.349 127.359 127.379 127.386 127.386 127.381 127.411 127.414 127.426 127.456 127.484 127.509 127.536 127.569 127.604 127.626 127.634
127.024 127.039 127.054 127.069 127.094 127.126 127.141 127.144 127.159 127.156 127.189 127.206 127.196 127.244 127.229 127.259 127.256 127.264 127.269 127.254 127.249 127.211 127.214 127.164 127.134 127.079 127.074 127.061 127.009 127.014 127.001 127.006 126.991 127.011 127.026 127.066 127.049 127.114 127.146 127.211 127.251 127.309 127.361 127.401 127.436 127.474 127.499 127.526 127.521 127.524 127.546 127.576 127.579 127.579 127.594 127.594 127.596 127.624 127.684 127.679 127.699 127.709 127.739 127.764 127.786 127.804 127.844
127.186 127.219 127.224 127.269 127.279 127.279 127.314 127.326 127.336 127.344 127.369 127.381 127.391 127.424 127.456 127.434 127.456 127.446 127.456 127.451 127.454 127.446 127.396 127.374 127.326 127.286 127.246 127.264 127.221 127.199 127.191 127.204 127.216 127.216 127.229 127.261 127.284 127.326 127.359 127.394 127.444 127.509 127.539 127.599 127.629 127.644 127.689 127.684 127.689 127.719 127.736 127.724 127.759 127.781 127.804 127.779 127.821 127.849 127.874 127.874 127.886 127.919 127.961 127.994 127.996 128.011 128.031
127.364 127.379 127.406 127.449 127.474 127.484 127.499 127.499 127.511 127.544 127.559 127.594 127.606 127.621 127.636 127.631 127.624 127.661 127.644 127.636 127.634 127.621 127.599 127.551 127.516 127.501 127.481 127.474 127.449 127.416 127.386 127.409 127.414 127.416 127.459 127.446 127.474 127.514 127.574 127.596 127.651 127.691 127.724 127.766 127.801 127.856 127.861 127.884 127.896 127.914 127.931 127.949 127.959 127.974 127.996 127.994 128.026 128.034 128.056 128.076 128.109 128.136 128.144 128.161 128.206 128.236 128.221
127.519 127.534 127.584 127.629 127.609 127.651 127.651 127.674 127.706 127.714 127.719 127.751 127.786 127.801 127.806 127.799 127.826 127.851 127.849 127.844 127.844 127.806 127.789 127.754 127.734 127.711 127.681 127.664 127.639 127.596 127.626 127.609 127.624 127.654 127.629 127.661 127.689 127.716 127.736 127.776 127.849 127.891 127.929 127.966 127.996 128.024 128.046 128.076 128.069 128.101 128.121 128.129 128.139 128.159 128.181 128.189 128.216 128.216 128.251 128.264 128.311 128.341 128.331 128.379 128.426 128.446 128.431
127.656 127.724 127.756 127.759 127.781 127.791 127.821 127.849 127.864 127.891 127.921 127.939 127.961 127.956 127.959 127.994 127.986 128.009 128.011 127.999 128.001 127.994 127.976 127.929 127.929 127.916 127.864 127.859 127.846 127.799 127.804 127.801 127.819 127.836 127.819 127.854 127.896 127.909 127.931 127.974 128.016 128.059 128.111 128.146 128.181 128.211 128.269 128.269 128.291 128.301 128.316 128.319 128.336 128.351 128.389 128.404 128.416 128.429 128.451 128.461 128.524 128.544 128.554 128.566 128.614 128.641 128.651
127.854 127.874 127.921 127.941 127.946 127.969 127.996 128.019 128.036 128.059 128.079 128.129 128.139 128.141 128.126 128.159 128.169 128.161 128.169 128.184 128.169 128.171 128.134 128.114 128.096 128.069 128.044 128.036 128.001 128.011 127.989 128.004 128.016 128.009 128.026 128.039 128.066 128.096 128.126 128.176 128.201 128.261 128.291 128.319 128.349 128.389 128.414 128.446 128.466 128.474 128.504 128.489 128.514 128.549 128.549 128.581 128.604 128.614 128.654 128.674 128.699 128.734 128.771 128.776 128.829 128.829 128.859
127.999 128.056 128.076 128.094 128.119 128.149 128.181 128.211 128.224 128.234 128.279 128.289 128.284 128.316 128.321 128.319 128.344 128.359 128.339 128.334 128.354 128.341 128.309 128.321 128.296 128.279 128.224 128.219 128.196 128.184 128.196 128.214 128.186 128.211 128.229 128.226 128.266 128.294 128.304 128.371 128.381 128.454 128.476 128.504 128.551 128.594 128.616 128.621 128.656 128.671 128.681 128.694 128.696 128.721 128.769 128.771 128.806 128.816 128.831 128.896 128.894 128.944 128.971 129.004 129.026 129.054 129.099
128.164 128.179 128.221 128.259 128.281 128.306 128.336 128.369 128.359 128.401 128.414 128.444 128.441 128.456 128.471 128.494 128.491 128.496 128.519 128.504 128.506 128.499 128.509 128.491 128.471 128.434 128.414 128.374 128.369 128.376 128.374 128.396 128.396 128.401 128.414 128.424 128.444 128.456 128.504 128.551 128.586 128.611 128.689 128.704 128.744 128.761 128.796 128.814 128.869 128.869 128.876 128.876 128.886 128.931 128.961 128.986 128.981 129.021 129.046 129.069 129.114 129.131 129.166 129.184 129.216 129.271 129.286
128.301 128.339 128.369 128.436 128.446 128.461 128.496 128.534 128.556 128.594 128.581 128.599 128.596 128.619 128.629 128.646 128.679 128.686 128.691 128.691 128.669 128.674 128.666 128.634 128.639 128.614 128.584 128.579 128.561 128.559 128.571 128.579 128.574 128.586 128.584 128.601 128.621 128.671 128.701 128.741 128.781 128.804 128.836 128.881 128.929 128.951 128.979 129.024 129.016 129.059 129.076 129.074 129.096 129.111 129.166 129.179 129.191 129.214 129.266 129.279 129.316 129.341 129.381 129.416 129.454 129.484 129.514
128.459 128.484 128.509 128.569 128.589 128.621 128.651 128.674 128.699 128.736 128.751 128.761 128.764 128.784 128.811 128.779 128.801 128.811 128.834 128.821 128.814 128.809 128.829 128.809 128.776 128.779 128.736 128.726 128.739 128.754 128.751 128.746 128.739 128.761 128.771 128.811 128.811 128.856 128.891 128.921 128.944 128.961 129.021 129.081 129.114 129.149 129.164 129.184 129.216 129.249 129.271 129.291 129.319 129.311 129.331 129.369 129.396 129.434 129.446 129.486 129.519 129.534 129.574 129.619 129.666 129.699 129.746
128.596 128.631 128.674 128.709 128.764 128.756 128.781 128.841 128.864 128.889 128.889 128.916 128.919 128.944 128.951 128.944 128.954 128.956 128.981 128.964 128.989 128.974 128.986 128.961 128.961 128.909 128.899 128.889 128.916 128.891 128.896 128.919 128.926 128.919 128.929 128.979 128.996 129.026 129.056 129.086 129.109 129.164 129.199 129.244 129.284 129.299 129.364 129.386 129.389 129.419 129.449 129.471 129.471 129.516 129.536 129.581 129.626 129.636 129.671 129.701 129.736 129.759 129.801 129.851 129.879 129.924 129.941
128.749 128.774 128.829 128.836 128.879 128.931 128.946 128.961 129.004 129.026 129.026 129.056 129.056 129.084 129.084 129.096 129.106 129.114 129.121 129.121 129.124 129.146 129.136 129.114 129.101 129.074 129.054 129.061 129.059 129.064 129.079 129.069 129.076 129.094 129.116 129.151 129.169 129.201 129.244 129.266 129.304 129.339 129.406 129.436 129.479 129.511 129.534 129.551 129.601 129.624 129.651 129.666 129.681 129.714 129.766 129.771 129.811 129.851 129.891 129.919 129.929 129.984 130.014 130.044 130.089 130.131 130.169
128.856 128.904 128.944 128.981 129.019 129.061 129.084 129.124 129.144 129.146 129.189 129.191 129.201 129.226 129.239 129.244 129.234 129.271 129.261 129.269 129.279 129.274 129.274 129.249 129.259 129.241 129.261 129.249 129.224 129.214 129.231 129.231 129.214 129.256 129.284 129.309 129.349 129.371 129.416 129.429 129.469 129.496 129.549 129.606 129.641 129.679 129.714 129.771 129.769 129.799 129.841 129.849 129.894 129.906 129.961 129.994 130.011 130.054 130.084 130.121 130.166 130.194 130.251 130.269 130.321 130.369 130.426
129.016 129.064 129.071 129.119 129.166 129.201 129.221 129.249 129.289 129.304 129.299 129.311 129.354 129.336 129.349 129.361 129.371 129.371 129.376 129.396 129.396 129.419 129.411 129.384 129.376 129.371 129.374 129.356 129.354 129.374 129.359 129.391 129.401 129.431 129.436 129.459 129.486 129.534 129.571 129.611 129.654 129.676 129.734 129.784 129.831 129.869 129.904 129.936 129.939 129.974 130.034 130.064 130.061 130.104 130.141 130.184 130.211 130.271 130.289 130.316 130.356 130.434 130.444 130.491 130.546 130.586 130.631
129.164 129.189 129.201 129.241 129.281 129.316 129.341 129.364 129.399 129.421 129.441 129.451 129.466 129.496 129.469 129.469 129.509 129.511 129.529 129.529 129.541 129.531 129.536 129.519 129.526 129.544 129.536 129.489 129.496 129.524 129.531 129.541 129.544 129.604 129.616 129.631 129.681 129.699 129.726 129.754 129.809 129.876 129.909 129.956 130.001 130.044 130.061 130.099 130.129 130.179 130.224 130.264 130.299 130.324 130.359 130.411 130.444 130.479 130.519 130.554 130.619 130.661 130.684 130.734 130.794 130.821 130.871
129.274 129.319 129.331 129.381 129.416 129.444 129.456 129.499 129.501 129.559 129.551 129.579 129.594 129.609 129.601 129.616 129.639 129.639 129.644 129.671 129.671 129.681 129.656 129.666 129.651 129.674 129.664 129.671 129.634 129.669 129.681 129.684 129.721 129.739 129.796 129.801 129.821 129.869 129.914 129.949 129.986 130.046 130.091 130.119 130.166 130.236 130.269 130.321 130.354 130.394 130.434 130.469 130.501 130.531 130.554 130.601 130.634 130.701 130.729 130.786 130.864 130.891 130.941 130.961 131.016 131.049 131.104
129.429 129.446 129.466 129.509 129.534 129.559 129.591 129.609 129.604 129.659 129.699 129.709 129.724 129.741 129.729 129.751 129.784 129.756 129.784 129.791 129.781 129.784 129.796 129.816 129.801 129.801 129.819 129.809 129.816 129.791 129.806 129.829 129.874 129.894 129.904 129.954 130.001 130.026 130.039 130.089 130.139 130.184 130.241 130.281 130.331 130.376 130.431 130.474 130.551 130.584 130.616 130.659 130.701 130.751 130.789 130.829 130.859 130.921 130.941 131.029 131.061 131.111 131.179 131.216 131.269 131.306 131.374
129.561 129.576 129.601 129.626 129.656 129.679 129.694 129.741 129.756 129.774 129.834 129.826 129.849 129.856 129.871 129.884 129.894 129.891 129.901 129.916 129.926 129.931 129.924 129.946 129.951 129.949 129.936 129.939 129.936 129.941 129.969 129.994 130.029 130.064 130.066 130.099 130.144 130.184 130.209 130.266 130.334 130.369 130.401 130.461 130.524 130.579 130.631 130.684 130.724 130.756 130.826 130.866 130.901 130.951 131.001 131.041 131.106 131.126 131.196 131.244 131.296 131.344 131.411 131.451 131.466 131.561 131.604
129.689 129.679 129.701 129.761 129.774 129.806 129.821 129.844 129.889 129.929 129.934 129.969 129.991 130.001 129.999 130.019 130.044 130.024 130.024 130.029 130.039 130.061 130.076 130.069 130.084 130.089 130.069 130.089 130.104 130.106 130.139 130.149 130.179 130.201 130.231 130.284 130.301 130.331 130.374 130.421 130.469 130.534 130.579 130.624 130.706 130.749 130.809 130.856 130.926 130.996 131.016 131.056 131.099 131.144 131.199 131.251 131.306 131.351 131.414 131.456 131.524 131.586 131.606 131.671 131.709 131.759 131.824
129.816 129.826 129.851 129.881 129.916 129.951 129.954 129.966 130.016 130.049 130.079 130.099 130.096 130.096 130.139 130.131 130.154 130.159 130.169 130.139 130.164 130.169 130.189 130.209 130.219 130.204 130.214 130.204 130.229 130.244 130.286 130.264 130.304 130.319 130.364 130.411 130.469 130.476 130.544 130.609 130.656 130.694 130.759 130.814 130.871 130.919 130.991 131.054 131.124 131.161 131.231 131.251 131.314 131.356 131.421 131.449 131.521 131.584 131.609 131.684 131.744 131.769 131.849 131.906 131.951 132.029 132.041
129.939 129.964 129.981 130.006 130.004 130.056 130.066 130.094 130.129 130.179 130.196 130.229 130.224 130.239 130.256 130.259 130.266 130.284 130.279 130.271 130.294 130.329 130.324 130.361 130.339 130.356 130.364 130.359 130.369 130.406 130.409 130.446 130.461 130.479 130.521 130.569 130.609 130.651 130.709 130.744 130.799 130.841 130.911 130.976 131.034 131.106 131.159 131.234 131.294 131.351 131.394 131.431 131.506 131.579 131.606 131.656 131.714 131.791 131.821 131.869 131.951 132.006 132.046 132.119 132.176 132.236 132.294
130.064 130.079 130.106 130.141 130.159 130.174 130.194 130.241 130.239 130.319 130.321 130.341 130.366 130.389 130.371 130.369 130.399 130.409 130.429 130.379 130.424 130.459 130.441 130.449 130.461 130.456 130.491 130.501 130.509 130.526 130.534 130.566 130.581 130.634 130.661 130.724 130.774 130.796 130.854 130.904 130.949 131.011 131.084 131.126 131.226 131.284 131.324 131.389 131.471 131.519 131.566 131.619 131.681 131.749 131.796 131.829 131.921 131.969 132.019 132.089 132.159 132.216 132.279 132.321 132.376 132.416 132.469
130.189 130.224 130.239 130.251 130.271 130.304 130.321 130.344 130.374 130.401 130.426 130.481 130.469 130.496 130.504 130.499 130.529 130.519 130.531 130.519 130.556 130.564 130.584 130.584 130.591 130.609 130.636 130.649 130.659 130.684 130.686 130.734 130.774 130.784 130.816 130.894 130.934 130.959 131.024 131.084 131.144 131.199 131.251 131.331 131.379 131.456 131.531 131.571 131.639 131.696 131.759 131.806 131.874 131.926 131.969 132.031 132.086 132.131 132.211 132.261 132.344 132.369 132.439 132.499 132.549 132.644 132.681
130.326 130.379 130.389 130.381 130.396 130.446 130.446 130.486 130.511 130.549 130.581 130.596 130.606 130.621 130.639 130.639 130.641 130.654 130.634 130.666 130.669 130.689 130.709 130.716 130.691 130.734 130.779 130.759 130.784 130.801 130.836 130.846 130.884 130.919 130.974 131.049 131.061 131.124 131.161 131.249 131.299 131.364 131.406 131.479 131.529 131.624 131.679 131.744 131.819 131.871 131.929 131.979 132.056 132.094 132.184 132.209 132.264 132.301 132.389 132.464 132.521 132.571 132.636 132.681 132.754 132.779 132.846
130.439 130.481 130.506 130.519 130.546 130.569 130.559 130.591 130.649 130.654 130.699 130.721 130.734 130.719 130.756 130.746 130.761 130.766 130.761 130.771 130.774 130.789 130.814 130.821 130.849 130.866 130.904 130.916 130.919 130.946 130.974 131.009 131.041 131.101 131.144 131.169 131.239 131.274 131.336 131.414 131.451 131.506 131.586 131.646 131.696 131.781 131.846 131.896 131.971 132.031 132.091 132.151 132.209 132.261 132.311 132.359 132.414 132.466 132.546 132.614 132.666 132.731 132.766 132.859 132.906 132.956 133.029
130.594 130.601 130.616 130.644 130.659 130.699 130.706 130.726 130.751 130.784 130.809 130.829 130.849 130.839 130.856 130.864 130.886 130.864 130.886 130.869 130.894 130.909 130.929 130.954 130.984 130.986 131.021 131.044 131.081 131.109 131.134 131.156 131.179 131.221 131.281 131.309 131.361 131.434 131.499 131.544 131.601 131.676 131.754 131.804 131.876 131.951 132.036 132.069 132.144 132.219 132.271 132.326 132.371 132.441 132.469 132.509 132.564 132.626 132.689 132.771 132.809 132.869 132.931 133.006 133.054 133.109 133.161
130.734 130.769 130.761 130.776 130.776 130.819 130.824 130.864 130.876 130.879 130.919 130.956 130.966 130.969 130.984 130.981 130.999 131.011 131.011 131.029 131.009 131.019 131.061 131.076 131.114 131.141 131.161 131.201 131.206 131.241 131.276 131.304 131.344 131.399 131.444 131.499 131.549 131.594 131.654 131.726 131.774 131.856 131.924 131.969 132.054 132.121 132.181 132.249 132.324 132.371 132.436 132.469 132.539 132.589 132.621 132.659 132.709 132.779 132.844 132.884 132.954 133.014 133.076 133.124 133.186 133.249 133.314
