Matlab/Roost_data/braunton/dsm/ss5134_DSM_2M.asc
ncols 500
nrows 500
xllcorner    251000
yllcorner    134000
cellsize     2
NODATA_value -9999
[rows 136 to 169 of 500, columns 0 to 74 of 500]
10.799 10.209 9.814 9.244 9.554 8.306 4.866 3.909 3.601 3.341 3.066 2.854 2.734 2.651 2.596 2.519 2.509 2.499 2.476 2.491 2.531 2.536 2.576 2.611 2.599 2.641 2.634 2.643 2.619 2.586 2.466 2.334 2.2 1.993 1.791 1.566 1.36 1.182 0.99 0.762 0.559 0.343 0.109 -0.046 -0.333 -0.488 -0.639 -0.589 -0.57 -0.602 -0.737 -0.743 -0.662 -0.67 -0.681 -0.631 -0.635 -0.61 -0.61 -0.589 -0.548 -0.588 -0.577 -0.588 -0.618 -0.55 -0.544 -0.46 -0.453 -0.391 -0.364 -0.305 -0.296 -0.291 -0.266
10.736 10.326 9.839 8.949 7.416 5.374 4.246 3.901 3.616 3.336 3.056 2.814 2.701 2.616 2.586 2.531 2.484 2.474 2.476 2.474 2.494 2.534 2.581 2.601 2.591 2.599 2.611 2.636 2.625 2.603 2.488 2.339 2.168 1.973 1.773 1.592 1.36 1.172 0.992 0.784 0.546 0.249 0.058 -0.162 -0.312 -0.58 -0.738 -0.653 -0.562 -0.452 -0.546 -0.655 -0.629 -0.69 -0.689 -0.652 -0.622 -0.609 -0.615 -0.589 -0.594 -0.595 -0.572 -0.603 -0.596 -0.533 -0.44 -0.363 -0.308 -0.275 -0.276 -0.227 -0.21 -0.213 -0.219
10.794 10.504 9.956 9.356 7.794 5.899 4.266 3.884 3.596 3.336 3.044 2.781 2.694 2.586 2.539 2.509 2.441 2.389 2.464 2.466 2.514 2.541 2.564 2.591 2.606 2.609 2.627 2.618 2.641 2.595 2.47 2.306 2.138 1.957 1.774 1.577 1.357 1.168 0.979 0.718 0.484 0.251 -0.01 -0.207 -0.351 -0.624 -0.779 -0.696 -0.561 -0.509 -0.498 -0.66 -0.687 -0.704 -0.667 -0.65 -0.607 -0.653 -0.598 -0.592 -0.59 -0.562 -0.586 -0.525 -0.549 -0.518 -0.335 -0.318 -0.268 -0.205 -0.21 -0.19 -0.172 -0.149 -0.146
10.854 10.701 10.961 11.221 9.394 6.439 4.226 3.871 3.604 3.334 3.066 2.789 2.681 2.636 2.556 2.486 2.426 2.429 2.439 2.461 2.504 2.534 2.571 2.604 2.611 2.659 2.654 2.643 2.635 2.583 2.468 2.278 2.127 1.936 1.743 1.585 1.391 1.168 0.976 0.747 0.5 0.183 -0.072 -0.301 -0.527 -0.739 -0.777 -0.772 -0.798 -0.677 -0.678 -0.688 -0.695 -0.663 -0.654 -0.626 -0.615 -0.636 -0.602 -0.6 -0.593 -0.6 -0.58 -0.599 -0.519 -0.433 -0.299 -0.198 -0.221 -0.167 -0.136 -0.086 -0.103 -0.083 -0.098
10.869 10.619 12.161 12.474 11.009 7.141 4.369 3.884 3.584 3.344 3.086 2.831 3.466 3.236 4.821 4.511 3.304 3.121 2.816 2.484 2.509 2.566 2.571 2.581 2.629 2.648 2.637 2.625 2.63 2.557 2.434 2.268 2.093 1.905 1.732 1.543 1.366 1.146 0.88 0.674 0.353 0.049 -0.303 -0.383 -0.678 -0.648 -0.72 -0.79 -0.782 -0.722 -0.725 -0.692 -0.669 -0.648 -0.634 -0.634 -0.601 -0.576 -0.626 -0.595 -0.578 -0.645 -0.542 -0.6 -0.534 -0.356 -0.226 -0.169 -0.138 -0.117 -0.088 -0.075 -0.085 -0.049 -0.045
10.891 10.354 11.759 12.244 10.519 8.476 4.441 3.896 3.589 3.321 3.054 2.806 3.501 4.549 5.631 4.576 3.794 3.791 3.301 2.456 2.509 2.534 2.576 2.619 2.631 2.617 2.627 2.642 2.636 2.559 2.405 2.231 2.074 1.91 1.734 1.52 1.332 1.097 0.879 0.54 0.187 -0.064 -0.38 -0.602 -0.702 -0.665 -0.762 -0.741 -0.699 -0.716 -0.706 -0.704 -0.67 -0.658 -0.651 -0.632 -0.652 -0.626 -0.625 -0.614 -0.565 -0.546 -0.566 -0.49 -0.416 -0.238 -0.161 -0.121 -0.072 -0.082 -0.075 -0.086 -0.049 -0.042 -0.01
10.879 10.331 10.571 11.211 10.411 10.864 7.671 5.139 3.566 3.334 3.064 2.801 2.656 2.594 3.149 3.386 2.956 2.806 2.444 2.444 2.501 2.531 2.581 2.596 2.616 2.608 2.611 2.64 2.6 2.546 2.401 2.233 2.069 1.891 1.696 1.508 1.29 1.09 0.773 0.396 0.009 -0.365 -0.671 -0.71 -0.705 -0.695 -0.716 -0.716 -0.715 -0.715 -0.669 -0.682 -0.635 -0.635 -0.655 -0.64 -0.63 -0.627 -0.607 -0.585 -0.559 -0.595 -0.549 -0.434 -0.389 -0.095 -0.092 -0.084 -0.092 -0.129 -0.109 -0.061 -0.025 -0.008 0.005
10.896 10.439 10.429 11.029 12.159 12.751 11.134 8.309 3.624 3.349 3.061 2.804 2.674 2.574 2.549 2.504 2.436 2.414 2.444 2.439 2.496 2.519 2.561 2.556 2.596 2.617 2.576 2.634 2.601 2.488 2.38 2.203 2.03 1.846 1.666 1.43 1.203 0.928 0.603 0.027 -0.387 -0.595 -0.666 -0.708 -0.734 -0.643 -0.71 -0.745 -0.736 -0.692 -0.696 -0.672 -0.666 -0.626 -0.645 -0.643 -0.619 -0.619 -0.585 -0.602 -0.591 -0.575 -0.509 -0.429 -0.14 -0.055 -0.078 -0.114 -0.125 -0.13 -0.094 -0.045 0.008 0.019 -0.013
10.934 10.566 10.109 10.354 11.579 13.211 12.771 10.539 4.189 3.361 3.124 2.821 2.641 2.586 2.531 2.516 2.479 2.446 2.439 2.434 2.446 2.471 2.509 2.551 2.569 2.582 2.605 2.598 2.576 2.492 2.339 2.18 1.993 1.81 1.597 1.351 1.093 0.823 0.237 -0.418 -0.631 -0.647 -0.639 -0.692 -0.691 -0.562 -0.521 -0.647 -0.66 -0.67 -0.689 -0.665 -0.658 -0.587 -0.619 -0.623 -0.584 -0.604 -0.607 -0.589 -0.598 -0.529 -0.509 -0.385 -0.02 -0.044 -0.078 -0.132 -0.165 -0.156 -0.108 -0.089 -0.057 -0.019 -0.005
10.956 10.661 10.211 10.326 11.891 12.821 12.331 10.749 5.041 3.351 3.124 2.776 2.659 2.596 2.519 2.476 2.421 2.411 2.404 2.411 2.449 2.481 2.486 2.514 2.669 3.078 2.589 2.59 2.56 2.469 2.294 2.117 1.947 1.724 1.483 1.223 0.87 0.345 -0.287 -0.454 -0.603 -0.666 -0.714 -0.623 -0.562 -0.36 0.011 -0.037 -0.524 -0.668 -0.664 -0.66 -0.649 -0.641 -0.636 -0.613 -0.608 -0.622 -0.641 -0.636 -0.605 -0.529 -0.479 -0.25 -0.051 -0.085 -0.118 -0.146 -0.2 -0.208 -0.177 -0.129 -0.114 -0.063 -0.058
10.971 10.651 10.226 9.686 10.699 7.884 11.011 9.594 4.914 3.389 3.096 2.804 2.616 2.586 2.536 2.481 2.439 2.369 2.404 2.386 2.866 2.684 3.106 3.414 3.951 2.583 2.584 2.584 2.557 2.441 2.253 2.074 1.878 1.625 1.379 1.031 0.6 -0.149 -0.448 -0.542 -0.637 -0.665 -0.705 -0.69 -0.725 -0.679 -0.607 -0.551 -0.646 -0.677 -0.658 -0.641 -0.637 -0.632 -0.617 -0.616 -0.61 -0.599 -0.618 -0.642 -0.607 -0.577 -0.461 -0.204 -0.139 -0.139 -0.171 -0.2 -0.229 -0.24 -0.226 -0.18 -0.143 -0.11 -0.117
10.966 10.719 10.396 9.724 8.551 8.794 8.739 6.169 3.734 3.411 3.149 2.824 2.649 2.594 2.766 3.494 4.021 4.181 5.431 4.959 5.314 5.511 5.424 4.944 2.506 2.557 2.556 2.568 2.51 2.391 2.209 2.034 1.784 1.517 1.236 0.862 0.151 -0.433 -0.548 -0.624 -0.638 -0.629 -0.693 -0.682 -0.675 -0.698 -0.7 -0.699 -0.652 -0.666 -0.64 -0.634 -0.627 -0.611 -0.616 -0.598 -0.616 -0.602 -0.623 -0.611 -0.612 -0.621 -0.437 -0.298 -0.235 -0.22 -0.254 -0.285 -0.274 -0.263 -0.246 -0.2 -0.194 -0.143 -0.113
11.004 10.739 10.444 9.959 8.309 6.499 5.099 3.986 3.654 3.384 3.159 2.864 2.901 4.526 4.779 6.759 7.051 7.064 7.499 6.794 5.809 5.829 5.584 5.051 2.521 2.528 2.536 2.515 2.43 2.306 2.127 1.901 1.675 1.42 1.064 0.533 -0.064 -0.391 -0.602 -0.648 -0.598 -0.575 -0.641 -0.659 -0.646 -0.632 -0.664 -0.65 -0.663 -0.649 -0.623 -0.616 -0.634 -0.604 -0.612 -0.595 -0.59 -0.601 -0.596 -0.613 -0.594 -0.567 -0.514 -0.408 -0.375 -0.292 -0.321 -0.344 -0.337 -0.314 -0.313 -0.243 -0.23 -0.17 -0.135
10.984 10.766 10.491 10.054 8.504 5.659 4.361 3.954 3.666 3.374 3.154 2.859 2.851 4.854 5.089 6.686 7.054 6.979 7.441 6.184 4.854 4.539 3.619 2.746 2.529 2.534 2.537 2.454 2.373 2.226 2.037 1.833 1.587 1.29 0.795 0.118 -0.403 -0.503 -0.633 -0.631 -0.641 -0.612 -0.621 -0.642 -0.619 -0.612 -0.647 -0.636 -0.636 -0.638 -0.599 -0.625 -0.606 -0.621 -0.594 -0.59 -0.579 -0.611 -0.621 -0.614 -0.588 -0.554 -0.558 -0.555 -0.477 -0.384 -0.398 -0.405 -0.404 -0.368 -0.294 -0.252 -0.24 -0.193 -0.193
11.016 10.874 10.454 10.251 8.844 7.006 4.451 3.944 3.636 3.371 3.119 2.849 2.686 3.834 4.114 4.341 3.686 3.071 3.099 2.406 2.339 2.389 2.441 2.489 2.486 2.513 2.483 2.396 2.26 2.119 1.906 1.688 1.459 1.166 0.597 -0.163 -0.453 -0.589 -0.605 -0.584 -0.592 -0.596 -0.566 -0.602 -0.61 -0.582 -0.607 -0.602 -0.622 -0.627 -0.614 -0.593 -0.56 -0.602 -0.573 -0.589 -0.586 -0.594 -0.592 -0.578 -0.561 -0.547 -0.561 -0.535 -0.479 -0.471 -0.451 -0.44 -0.445 -0.476 -0.404 -0.305 -0.285 -0.298 -0.238
11.739 11.176 10.416 10.424 11.131 9.574 4.611 3.929 3.609 3.376 3.079 2.836 2.686 2.614 2.466 2.389 2.261 2.249 2.254 2.291 2.339 2.409 2.464 2.486 2.486 2.471 2.419 2.306 2.165 1.983 1.782 1.567 1.321 1.028 0.379 -0.284 -0.453 -0.593 -0.591 -0.583 -0.575 -0.579 -0.577 -0.591 -0.606 -0.603 -0.592 -0.591 -0.594 -0.594 -0.608 -0.595 -0.578 -0.577 -0.575 -0.572 -0.577 -0.562 -0.575 -0.557 -0.579 -0.599 -0.584 -0.509 -0.499 -0.511 -0.527 -0.513 -0.487 -0.436 -0.5 -0.529 -0.423 -0.347 -0.305
12.529 11.496 10.389 10.211 11.026 10.664 4.914 3.934 3.539 3.309 3.076 2.809 2.676 2.604 2.499 2.399 2.381 2.309 2.211 2.289 2.351 2.401 2.449 2.496 2.461 2.429 2.346 2.215 2.033 1.852 1.626 1.391 1.143 0.816 0.211 -0.312 -0.408 -0.593 -0.571 -0.575 -0.557 -0.554 -0.562 -0.572 -0.607 -0.587 -0.561 -0.596 -0.596 -0.558 -0.579 -0.577 -0.586 -0.546 -0.594 -0.572 -0.592 -0.569 -0.56 -0.557 -0.574 -0.571 -0.589 -0.586 -0.574 -0.523 -0.523 -0.519 -0.525 -0.551 -0.548 -0.558 -0.407 -0.363 -0.358
12.059 12.536 11.426 10.591 10.904 10.454 6.034 4.126 3.559 3.304 3.071 2.791 2.701 2.619 2.534 2.464 2.406 2.369 2.239 2.246 2.316 2.359 2.386 2.409 2.396 2.349 2.249 2.101 1.925 1.706 1.509 1.231 0.902 0.531 -0.04 -0.43 -0.53 -0.59 -0.574 -0.577 -0.571 -0.563 -0.555 -0.571 -0.576 -0.597 -0.573 -0.586 -0.558 -0.575 -0.576 -0.574 -0.569 -0.593 -0.573 -0.61 -0.573 -0.576 -0.575 -0.573 -0.564 -0.564 -0.579 -0.576 -0.581 -0.561 -0.581 -0.533 -0.559 -0.57 -0.558 -0.571 -0.485 -0.443 -0.448
14.804 16.571 15.709 13.164 12.266 11.056 9.349 4.874 3.554 3.331 3.081 2.809 2.689 2.589 2.501 2.431 2.374 2.349 2.314 2.191 2.259 2.324 2.361 2.339 2.309 2.244 2.146 1.976 1.799 1.606 1.362 1.06 0.671 0.268 -0.264 -0.519 -0.597 -0.597 -0.563 -0.56 -0.566 -0.576 -0.549 -0.543 -0.588 -0.569 -0.571 -0.587 -0.603 -0.56 -0.575 -0.562 -0.568 -0.587 -0.588 -0.593 -0.587 -0.6 -0.599 -0.601 -0.594 -0.614 -0.614 -0.614 -0.589 -0.584 -0.545 -0.561 -0.564 -0.582 -0.598 -0.599 -0.595 -0.54 -0.48
17.861 18.859 18.481 15.916 12.921 12.256 11.206 8.671 3.591 3.336 3.066 2.799 2.674 2.576 2.509 2.456 2.381 2.336 2.266 2.219 2.179 2.306 2.354 2.311 2.249 2.149 2.071 1.866 1.664 1.466 1.237 0.899 0.408 -0.034 -0.367 -0.542 -0.578 -0.579 -0.562 -0.551 -0.567 -0.56 -0.568 -0.583 -0.585 -0.575 -0.594 -0.592 -0.61 -0.595 -0.587 -0.59 -0.583 -0.594 -0.589 -0.591 -0.578 -0.59 -0.601 -0.593 -0.596 -0.606 -0.584 -0.603 -0.577 -0.565 -0.562 -0.542 -0.553 -0.578 -0.573 -0.544 -0.593 -0.628 -0.533
19.136 19.969 19.536 18.134 12.844 9.566 8.091 5.606 3.586 3.319 3.056 2.831 2.676 2.569 2.489 2.409 2.379 2.326 2.271 2.209 2.161 2.274 2.311 2.266 2.166 2.066 1.969 1.766 1.571 1.347 1.123 0.716 0.309 -0.105 -0.378 -0.561 -0.597 -0.601 -0.57 -0.541 -0.563 -0.571 -0.575 -0.567 -0.567 -0.589 -0.602 -0.588 -0.601 -0.583 -0.585 -0.588 -0.558 -0.572 -0.579 -0.564 -0.582 -0.581 -0.583 -0.561 -0.557 -0.577 -0.585 -0.588 -0.585 -0.572 -0.564 -0.552 -0.557 -0.577 -0.566 -0.595 -0.6 -0.612 -0.56
18.659 20.264 19.761 17.159 12.091 8.369 6.416 4.441 3.624 3.329 3.086 2.844 2.694 2.566 2.509 2.431 2.339 2.316 2.284 2.189 2.156 2.261 2.246 2.194 2.094 1.949 1.854 1.694 1.479 1.249 0.999 0.636 0.239 -0.115 -0.329 -0.599 -0.657 -0.62 -0.57 -0.565 -0.57 -0.565 -0.567 -0.574 -0.579 -0.582 -0.572 -0.573 -0.565 -0.59 -0.571 -0.56 -0.571 -0.577 -0.564 -0.566 -0.587 -0.59 -0.571 -0.551 -0.546 -0.559 -0.58 -0.605 -0.598 -0.574 -0.577 -0.575 -0.584 -0.6 -0.587 -0.568 -0.587 -0.586 -0.572
19.871 20.841 20.779 19.424 13.566 8.266 6.264 4.434 3.616 3.331 3.086 2.831 2.711 2.581 2.489 2.439 2.369 2.301 2.231 2.134 2.164 2.249 2.199 2.106 2.011 1.874 1.771 1.599 1.386 1.141 0.899 0.592 0.202 -0.148 -0.345 -0.539 -0.592 -0.573 -0.566 -0.582 -0.601 -0.59 -0.583 -0.563 -0.571 -0.579 -0.578 -0.582 -0.586 -0.586 -0.594 -0.57 -0.582 -0.584 -0.567 -0.571 -0.577 -0.59 -0.579 -0.56 -0.554 -0.553 -0.569 -0.594 -0.585 -0.583 -0.599 -0.585 -0.582 -0.591 -0.575 -0.559 -0.575 -0.57 -0.546
20.046 20.846 20.771 19.434 15.746 8.284 6.349 4.524 3.719 3.364 3.111 2.876 2.726 2.581 2.511 2.426 2.354 2.321 2.261 2.174 2.091 2.189 2.106 2.019 1.931 1.764 1.674 1.506 1.309 1.026 0.764 0.431 0.086 -0.183 -0.316 -0.471 -0.6 -0.576 -0.569 -0.59 -0.583 -0.591 -0.584 -0.577 -0.564 -0.582 -0.583 -0.583 -0.589 -0.557 -0.591 -0.577 -0.564 -0.568 -0.569 -0.568 -0.572 -0.604 -0.599 -0.594 -0.584 -0.586 -0.569 -0.556 -0.564 -0.563 -0.558 -0.564 -0.569 -0.568 -0.556 -0.541 -0.578 -0.579 -0.568
18.869 18.944 18.441 17.786 12.086 7.824 6.214 4.591 3.766 3.374 3.109 2.899 2.714 2.591 2.509 2.574 2.796 3.106 2.946 3.166 2.236 2.056 1.984 1.939 1.806 1.639 1.499 1.314 1.146 0.841 0.396 0.089 -0.036 0.034 -0.237 -0.502 -0.604 -0.595 -0.58 -0.561 -0.596 -0.572 -0.575 -0.583 -0.554 -0.559 -0.563 -0.586 -0.565 -0.575 -0.576 -0.584 -0.571 -0.569 -0.574 -0.575 -0.548 -0.587 -0.591 -0.566 -0.559 -0.551 -0.521 -0.539 -0.566 -0.563 -0.546 -0.551 -0.606 -0.578 -0.57 -0.567 -0.55 -0.563 -0.565
16.459 17.484 17.456 14.739 10.689 7.799 6.129 4.611 3.849 3.436 3.111 2.884 2.716 2.581 2.571 3.381 3.864 3.756 3.669 3.496 2.571 2.044 1.879 1.816 1.691 1.481 1.176 0.941 0.629 0.274 0.186 0.461 0.496 0.231 -0.239 -0.476 -0.566 -0.588 -0.571 -0.572 -0.558 -0.582 -0.561 -0.58 -0.575 -0.542 -0.563 -0.586 -0.59 -0.573 -0.589 -0.586 -0.577 -0.561 -0.58 -0.564 -0.581 -0.582 -0.588 -0.584 -0.586 -0.584 -0.549 -0.546 -0.579 -0.584 -0.554 -0.55 -0.553 -0.566 -0.581 -0.59 -0.57 -0.586 -0.592
12.639 12.336 13.061 11.464 11.074 8.236 6.366 4.709 3.861 3.449 3.179 2.904 2.709 2.566 2.476 2.671 3.641 3.916 3.701 3.494 2.829 2.084 1.929 1.761 1.634 1.394 1.144 0.711 0.344 0.621 0.904 1.016 0.786 0.321 -0.146 -0.414 -0.522 -0.554 -0.568 -0.561 -0.564 -0.567 -0.564 -0.571 -0.573 -0.573 -0.569 -0.577 -0.581 -0.574 -0.594 -0.564 -0.573 -0.597 -0.594 -0.584 -0.571 -0.544 -0.544 -0.556 -0.561 -0.571 -0.561 -0.549 -0.586 -0.619 -0.57 -0.547 -0.548 -0.564 -0.559 -0.578 -0.58 -0.61 -0.59
10.916 10.691 10.719 10.751 10.849 7.344 6.231 4.886 4.039 3.479 3.206 2.941 2.741 2.574 2.519 3.229 3.949 4.089 3.544 3.836 3.739 3.001 1.971 1.856 1.709 1.544 1.299 0.801 0.474 1.131 1.391 1.241 0.851 0.439 -0.066 -0.326 -0.459 -0.596 -0.554 -0.574 -0.553 -0.587 -0.569 -0.551 -0.558 -0.572 -0.553 -0.575 -0.547 -0.572 -0.594 -0.54 -0.548 -0.563 -0.564 -0.538 -0.556 -0.55 -0.544 -0.571 -0.566 -0.554 -0.549 -0.561 -0.606 -0.569 -0.557 -0.552 -0.543 -0.557 -0.598 -0.57 -0.558 -0.57 -0.569
11.734 11.064 10.896 11.024 10.821 7.719 6.139 4.924 4.059 3.516 3.249 2.979 2.754 3.509 4.406 4.569 4.726 4.804 4.826 4.319 5.936 5.689 2.436 1.919 1.824 1.681 1.426 1.016 0.599 1.146 1.526 1.204 0.821 0.494 0.044 -0.206 -0.339 -0.501 -0.564 -0.559 -0.554 -0.567 -0.559 -0.563 -0.56 -0.539 -0.555 -0.544 -0.569 -0.589 -0.556 -0.543 -0.572 -0.57 -0.553 -0.571 -0.582 -0.573 -0.569 -0.536 -0.561 -0.541 -0.541 -0.566 -0.55 -0.551 -0.546 -0.541 -0.57 -0.617 -0.583 -0.595 -0.578 -0.59 -0.573
15.159 14.559 14.334 11.381 10.684 8.961 5.819 4.924 4.136 3.554 3.254 3.019 3.234 4.504 4.804 4.821 4.941 4.864 4.739 4.131 4.236 3.224 2.044 1.946 1.856 1.749 1.569 1.244 0.876 1.334 1.536 1.219 0.896 0.561 0.204 -0.046 -0.181 -0.384 -0.529 -0.546 -0.564 -0.556 -0.541 -0.562 -0.574 -0.556 -0.577 -0.579 -0.554 -0.549 -0.553 -0.564 -0.587 -0.552 -0.55 -0.582 -0.616 -0.587 -0.573 -0.561 -0.576 -0.541 -0.566 -0.571 -0.553 -0.547 -0.545 -0.544 -0.541 -0.567 -0.578 -0.605 -0.538 -0.565 -0.56
14.079 15.611 15.144 12.639 10.459 8.949 6.319 4.754 4.114 3.591 3.301 3.071 2.831 2.896 3.136 3.509 3.056 2.666 2.294 2.041 2.154 1.929 1.891 1.846 1.754 1.674 1.496 1.251 0.939 1.594 1.571 1.261 0.966 0.646 0.336 0.079 -0.091 -0.219 -0.449 -0.594 -0.604 -0.571 -0.569 -0.564 -0.556 -0.569 -0.569 -0.554 -0.546 -0.559 -0.561 -0.574 -0.556 -0.546 -0.574 -0.596 -0.59 -0.573 -0.552 -0.559 -0.571 -0.531 -0.554 -0.554 -0.564 -0.535 -0.545 -0.554 -0.574 -0.607 -0.602 -0.594 -0.55 -0.575 -0.57
16.919 18.829 16.981 13.294 10.459 9.226 6.704 4.526 3.989 3.614 3.334 3.111 2.851 2.656 2.531 2.444 2.371 2.329 2.229 2.164 2.101 2.014 1.896 1.729 1.486 1.391 1.119 0.986 1.291 1.839 1.581 1.309 1.031 0.736 0.489 0.241 0.051 -0.086 -0.299 -0.494 -0.571 -0.559 -0.556 -0.591 -0.561 -0.556 -0.551 -0.546 -0.571 -0.501 -0.561 -0.539 -0.539 -0.544 -0.554 -0.566 -0.578 -0.583 -0.546 -0.579 -0.564 -0.551 -0.539 -0.546 -0.574 -0.546 -0.554 -0.571 -0.591 -0.58 -0.56 -0.573 -0.54 -0.58 -0.593
17.336 16.454 15.821 11.491 10.411 9.069 6.956 4.489 4.081 3.651 3.351 3.121 2.904 2.719 2.581 2.531 2.429 2.336 2.281 2.194 2.099 1.829 1.576 1.369 1.189 1.139 1.239 1.454 1.726 1.841 1.596 1.354 1.119 0.839 0.606 0.379 0.206 0.039 -0.154 -0.384 -0.509 -0.521 -0.579 -0.574 -0.554 -0.559 -0.549 -0.591 -0.546 -0.569 -0.541 -0.551 -0.549 -0.554 -0.545 -0.579 -0.581 -0.556 -0.55 -0.592 -0.585 -0.581 -0.586 -0.546 -0.554 -0.566 -0.575 -0.586 -0.562 -0.555 -0.548 -0.573 -0.565 -0.59 -0.568
12.111 10.206 11.276 10.161 10.049 8.879 6.986 5.389 4.211 3.741 3.446 3.176 2.961 2.771 2.704 2.649 2.484 2.306 2.249 2.119 1.931 1.546 1.471 1.529 1.581 1.641 1.794 1.924 1.939 1.869 1.694 1.449 1.206 0.974 0.769 0.541 0.354 0.164 0.011 -0.271 -0.444 -0.631 -0.599 -0.591 -0.534 -0.539 -0.551 -0.569 -0.559 -0.561 -0.544 -0.554 -0.544 -0.544 -0.555 -0.568 -0.544 -0.54 -0.556 -0.562 -0.581 -0.561 -0.569 -0.539 -0.539 -0.561 -0.577 -0.591 -0.564 -0.535 -0.545 -0.58 -0.573 -0.57 -0.57
