Matlab/Roost_data/braunton/dsm/ss5135_DSM_2M.asc
ncols 500
nrows 500
xllcorner    251000
yllcorner    135000
cellsize     2
NODATA_value -9999
[rows 384 to 415 of 500, columns 284 to 354 of 500]
60.269 60.337 60.374 60.417 60.429 60.464 60.464 60.499 60.502 60.539 60.552 60.557 60.547 60.559 60.542 60.547 60.594 60.584 60.564 60.557 60.537 60.542 60.532 60.512 60.479 60.469 60.487 60.504 60.482 60.497 60.494 60.497 60.514 60.504 60.514 60.504 60.489 60.462 60.414 60.389 60.364 60.379 60.322 60.284 60.337 61.604 62.712 61.832 60.902 60.967 61.012 61.009 61.009 60.959 60.957 61.009 61.014 61.019 61.072 61.109 61.094 61.117 61.184 61.194 61.269 61.267 61.312 61.322 61.334 61.352 61.419
59.994 60.047 60.062 60.099 60.129 60.149 60.152 60.177 60.214 60.209 60.232 60.214 60.212 60.209 60.242 60.214 60.252 60.239 60.239 60.262 60.244 60.242 60.222 60.189 60.149 60.167 60.197 60.209 60.202 60.234 60.209 60.229 60.209 60.237 60.164 60.147 60.152 60.124 60.117 60.112 60.079 60.037 60.014 60.014 59.979 60.147 62.402 62.284 60.719 60.597 60.684 60.722 60.662 60.664 60.637 60.682 60.702 60.704 60.769 60.779 60.799 60.774 60.857 60.864 60.897 60.969 60.979 60.989 61.002 60.964 61.084
59.659 59.682 59.714 59.714 59.767 59.764 59.819 59.822 59.834 59.842 59.832 59.824 59.827 59.839 59.842 59.842 59.869 59.847 59.859 59.857 59.862 59.852 59.832 59.847 59.842 59.829 59.847 59.849 59.857 59.869 59.867 59.869 59.904 59.872 59.867 59.842 59.832 59.842 59.829 59.807 59.739 59.752 59.742 59.694 59.709 59.702 61.994 61.989 60.914 60.287 60.384 60.437 60.392 60.379 60.352 60.382 60.372 60.434 60.449 60.439 60.472 60.477 60.509 60.552 60.559 60.577 60.624 60.629 60.682 60.667 60.687
59.202 59.259 59.607 59.409 59.364 59.377 59.377 59.392 59.427 59.452 59.427 59.437 59.407 59.414 59.427 59.412 59.449 59.457 59.464 59.444 59.447 59.409 59.412 59.402 60.327 59.424 60.642 59.844 59.449 59.449 59.494 59.459 59.454 59.454 59.472 59.492 59.494 59.432 59.464 59.432 59.409 59.389 59.424 59.384 59.389 59.404 60.069 61.329 60.914 60.022 60.067 60.159 60.097 60.082 60.079 60.099 60.097 60.164 60.182 60.204 60.217 60.227 60.217 60.244 60.272 60.322 60.319 60.314 60.329 60.299 60.379
60.149 59.522 59.952 60.779 59.977 59.414 59.014 59.129 58.994 58.999 59.004 59.062 59.642 61.384 59.012 60.194 60.204 58.984 58.959 58.952 58.924 59.217 60.134 59.062 59.237 59.349 59.199 59.014 59.129 58.987 58.979 59.012 59.039 59.044 59.042 59.059 59.367 59.034 59.192 59.027 59.134 59.029 59.009 59.019 58.982 58.997 59.087 59.904 60.747 59.989 59.742 59.864 59.869 59.842 59.847 59.807 59.839 59.842 59.849 59.879 59.927 59.912 59.932 59.942 59.942 60.019 60.019 60.034 60.052 60.039 60.069
64.179 61.272 60.647 61.507 61.719 60.907 61.304 61.589 60.859 60.372 61.577 61.602 62.449 63.834 62.794 62.962 65.332 60.374 60.024 60.484 61.447 62.072 62.082 62.142 62.382 61.812 59.929 61.702 60.959 60.922 61.507 60.072 59.614 59.749 58.414 58.854 59.517 58.859 63.202 59.012 59.782 58.922 58.729 58.657 58.629 58.682 58.752 59.059 59.789 59.772 59.347 59.504 59.562 59.547 59.529 59.517 59.527 59.562 59.559 59.614 59.597 59.634 59.699 59.699 59.679 59.702 59.742 59.737 59.734 59.772 59.777
61.662 60.424 58.532 61.312 62.272 60.267 60.707 60.579 60.674 61.082 62.199 62.579 62.777 64.042 67.014 62.552 63.917 61.914 61.252 61.397 61.709 62.737 64.239 64.542 63.352 61.112 61.712 62.069 61.729 62.204 62.419 61.539 60.589 61.232 60.847 59.332 59.479 60.027 58.929 58.064 59.879 59.107 59.867 59.239 58.392 58.424 58.484 58.617 58.777 59.052 59.112 59.239 59.294 59.342 59.237 59.192 59.184 59.194 59.197 59.229 59.244 59.307 59.329 59.362 59.377 59.354 59.422 59.424 59.439 59.477 59.452
57.404 57.444 57.457 57.494 57.567 57.587 57.557 57.529 57.534 57.582 59.584 58.834 58.249 59.589 62.234 62.529 57.732 59.584 58.214 58.492 58.944 60.629 60.684 62.869 61.704 62.862 63.494 62.797 61.034 60.632 60.854 61.582 60.797 61.679 60.919 59.102 60.607 62.292 61.357 59.299 61.534 64.247 61.897 61.952 58.839 58.059 58.222 58.494 58.772 59.072 59.149 59.379 59.284 59.247 59.212 59.197 59.207 59.227 59.044 58.944 58.919 58.919 58.969 59.009 59.032 59.072 59.044 59.107 59.087 59.119 59.144
57.184 57.102 57.152 57.202 57.247 57.304 57.332 57.337 57.329 57.344 57.349 57.342 57.349 58.377 57.357 58.119 57.364 57.344 57.324 57.304 57.304 57.309 57.492 57.262 57.207 57.307 58.362 58.639 57.207 57.177 57.187 57.152 57.797 58.874 61.079 59.982 58.259 60.062 59.719 58.677 60.794 59.489 61.527 61.387 57.849 57.749 57.817 57.894 57.939 57.959 57.909 58.047 58.077 58.037 58.194 58.477 58.472 58.779 58.899 59.092 58.964 59.052 59.034 58.912 58.807 58.717 58.664 58.679 58.732 58.762 58.824
56.859 56.854 56.927 56.977 56.984 57.057 57.082 57.099 57.082 57.129 57.147 57.149 57.147 57.139 57.152 57.124 57.137 57.094 57.082 57.079 57.057 57.077 57.044 57.014 57.002 56.982 57.154 56.962 56.929 56.964 56.904 56.904 56.884 56.917 57.727 56.907 56.904 56.884 58.764 59.839 58.734 57.412 58.997 57.092 57.209 57.297 57.284 57.237 57.137 57.197 57.162 57.099 57.052 57.072 57.114 57.197 57.309 57.262 57.404 57.402 57.484 57.767 58.332 58.682 58.854 58.862 58.874 58.644 58.492 58.392 58.384
56.512 56.607 56.654 56.709 56.722 56.769 56.764 56.799 56.814 56.814 56.847 56.837 56.869 56.834 56.884 56.867 56.852 56.844 56.844 56.837 56.804 56.782 56.757 56.742 56.737 56.717 56.717 56.717 56.692 56.699 56.677 56.647 56.679 56.664 56.677 56.674 56.639 56.627 56.652 56.664 56.592 56.629 56.689 56.762 56.824 56.754 56.772 56.737 56.679 56.719 56.742 56.727 56.734 56.747 56.782 56.774 56.854 56.877 56.829 56.872 56.862 56.787 56.812 56.889 57.152 57.452 58.164 58.329 58.517 58.504 58.329
56.117 56.284 56.324 56.324 56.374 56.384 56.424 56.472 56.504 56.512 56.489 56.484 56.494 56.499 56.472 56.474 56.464 56.492 56.524 56.519 56.489 56.432 56.474 56.444 56.419 56.409 56.434 56.437 56.462 56.417 56.417 56.384 56.407 56.419 56.417 56.417 56.397 56.382 56.409 56.397 56.362 56.367 56.412 56.404 56.439 56.437 56.429 56.392 56.384 56.407 56.422 56.442 56.462 56.469 56.447 56.462 56.459 56.462 56.454 56.429 56.467 56.464 56.492 56.527 56.509 56.459 56.422 56.734 56.817 57.389 57.617
55.777 55.924 55.959 55.997 56.007 56.014 56.057 56.129 56.147 56.154 56.127 56.154 56.132 56.119 56.124 56.119 56.122 56.117 56.104 56.094 56.079 56.074 56.057 56.034 56.024 56.017 56.032 56.064 56.059 56.057 56.099 56.084 56.094 56.084 56.084 56.082 56.069 56.084 56.092 56.084 56.074 56.089 56.092 56.057 56.062 56.052 56.087 56.087 56.084 56.092 56.097 56.149 56.147 56.162 56.159 56.132 56.149 56.139 56.137 56.119 56.149 56.179 56.177 56.187 56.222 56.179 56.202 56.202 56.159 56.134 56.259
55.439 55.617 55.619 55.644 55.654 55.689 55.712 55.749 55.772 55.794 55.787 55.797 55.779 55.724 55.729 55.744 55.769 55.794 55.774 55.767 55.749 55.747 55.749 55.719 55.704 55.719 55.732 55.722 55.724 55.717 55.727 55.742 55.724 55.707 55.717 55.727 55.697 55.717 55.709 55.679 55.704 55.679 55.709 55.712 55.714 55.734 55.747 55.747 55.732 55.754 55.757 55.789 55.792 55.792 55.779 55.779 55.762 55.777 55.754 55.787 55.802 55.809 55.869 55.902 55.932 55.917 55.937 55.924 55.934 55.919 55.947
55.107 55.224 55.269 55.304 55.327 55.339 55.372 55.374 55.399 55.434 55.417 55.417 55.402 55.382 55.382 55.377 55.369 55.377 55.417 55.402 55.354 55.399 55.382 55.357 55.369 55.364 55.339 55.389 55.397 55.424 55.419 55.419 55.432 55.407 55.394 55.409 55.369 55.379 55.387 55.354 55.347 55.344 55.352 55.334 55.352 55.349 55.354 55.337 55.412 55.402 55.429 55.427 55.409 55.402 55.409 55.407 55.372 55.397 55.399 55.439 55.442 55.474 55.524 55.519 55.529 55.549 55.574 55.597 55.619 55.634 55.654
54.842 54.884 54.922 54.939 54.969 54.999 54.997 55.029 55.054 55.064 55.037 55.024 55.022 55.004 55.014 55.002 55.009 55.029 55.009 55.004 55.032 55.037 55.029 55.044 55.002 55.007 55.014 55.037 55.034 55.069 55.049 55.084 55.074 55.089 55.072 55.069 55.042 55.029 55.057 55.002 54.972 55.007 55.004 55.017 55.014 55.034 55.054 55.022 55.042 55.022 55.064 55.069 55.079 55.077 55.074 55.064 55.052 55.047 55.059 55.069 55.082 55.079 55.109 55.129 55.142 55.169 55.177 55.197 55.234 55.269 55.297
54.607 54.509 54.592 54.614 54.602 54.612 54.627 54.657 54.667 54.679 54.684 54.687 54.674 54.682 54.672 54.692 54.669 54.649 54.644 54.637 54.659 54.654 54.664 54.642 54.634 54.687 54.649 54.674 54.679 54.682 54.677 54.709 54.692 54.717 54.652 54.657 54.684 54.657 54.657 54.619 54.602 54.592 54.622 54.649 54.647 54.677 54.649 54.657 54.644 54.652 54.669 54.707 54.719 54.679 54.679 54.657 54.652 54.692 54.684 54.694 54.717 54.752 54.784 54.769 54.797 54.792 54.824 54.847 54.867 54.849 54.897
54.222 54.132 54.237 54.249 54.247 54.242 54.237 54.279 54.294 54.307 54.317 54.317 54.297 54.319 54.297 54.317 54.339 54.314 54.304 54.299 54.304 54.319 54.284 54.274 54.259 54.294 54.294 54.289 54.297 54.307 54.312 54.329 54.304 54.282 54.297 54.289 54.257 54.272 54.232 54.252 54.229 54.224 54.262 54.272 54.264 54.267 54.294 54.254 54.252 54.282 54.264 54.287 54.302 54.309 54.334 54.294 54.277 54.262 54.284 54.334 54.357 54.367 54.352 54.354 54.389 54.427 54.439 54.467 54.472 54.472 54.514
54.424 53.839 53.902 53.899 53.909 53.902 53.899 53.902 53.932 53.944 53.972 53.957 53.974 53.949 53.969 53.969 53.954 53.957 53.962 53.979 53.932 53.927 53.947 53.962 53.922 53.907 53.922 53.904 53.912 53.909 53.897 53.942 53.919 53.929 53.917 53.922 53.912 53.904 53.874 53.882 53.864 53.867 53.872 53.864 53.874 53.872 53.897 53.892 53.862 53.887 53.884 53.897 53.884 53.932 53.912 53.907 53.882 53.884 53.907 53.914 53.904 53.927 53.929 53.947 53.989 54.012 54.044 54.064 54.059 54.094 54.117
55.194 53.492 53.499 53.537 53.502 53.564 53.594 53.537 53.574 53.587 53.609 53.599 53.612 53.594 53.612 53.599 53.627 53.589 53.627 53.597 53.602 53.584 53.612 53.579 53.547 53.537 53.517 53.542 53.539 53.544 53.519 53.552 53.514 53.524 53.532 53.529 53.529 53.509 53.492 53.479 53.469 53.459 53.454 53.454 53.484 53.452 53.482 53.469 53.442 53.497 53.477 53.487 53.514 53.504 53.472 53.484 53.482 53.462 53.507 53.509 53.522 53.527 53.527 53.547 53.577 53.584 53.614 53.649 53.649 53.672 53.697
55.052 53.172 53.164 53.184 53.187 53.192 53.209 53.207 53.242 53.247 53.259 53.254 53.257 53.252 53.249 53.269 53.287 53.249 53.274 53.249 53.242 53.229 53.234 53.204 53.202 53.184 53.177 53.172 53.187 53.179 53.177 53.217 53.217 53.202 53.189 53.172 53.172 53.182 53.122 53.129 53.102 53.074 53.069 53.087 53.079 53.084 53.039 53.069 53.099 53.087 53.082 53.099 53.109 53.114 53.122 53.092 53.082 53.094 53.079 53.094 53.114 53.122 53.134 53.114 53.149 53.139 53.187 53.197 53.234 53.239 53.254
55.652 52.837 52.807 52.819 52.832 52.804 52.839 52.854 52.859 52.884 52.909 52.907 52.912 52.929 52.897 52.902 52.912 52.904 52.889 52.892 52.859 52.867 52.877 52.864 52.852 52.832 52.804 52.804 52.819 52.812 52.819 52.839 52.879 52.872 52.847 52.832 52.814 52.794 52.789 52.752 52.724 52.699 52.689 52.704 52.689 52.677 52.677 52.672 52.667 52.682 52.679 52.687 52.672 52.664 52.687 52.707 52.679 52.689 52.689 52.684 52.694 52.687 52.709 52.712 52.749 52.764 52.767 52.794 52.812 52.847 52.839
52.999 52.409 52.427 52.469 52.439 52.452 52.457 52.457 52.484 52.497 52.559 52.539 52.534 52.547 52.552 52.542 52.562 52.559 52.584 52.557 52.562 52.542 52.524 52.522 52.499 52.517 52.472 52.479 52.527 52.522 52.499 52.519 52.519 52.542 52.482 52.497 52.514 52.457 52.449 52.424 52.402 52.374 52.332 52.344 52.327 52.287 52.259 52.262 52.247 52.244 52.262 52.274 52.299 52.259 52.307 52.252 52.272 52.269 52.274 52.289 52.287 52.274 52.312 52.324 52.324 52.374 52.394 52.394 52.419 52.429 52.452
54.459 52.032 52.117 52.064 52.082 52.077 52.082 52.079 52.099 52.104 52.137 52.177 52.182 52.169 52.184 52.184 52.202 52.197 52.194 52.189 52.179 52.184 52.167 52.152 52.147 52.137 52.117 52.129 52.164 52.139 52.169 52.162 52.152 52.172 52.159 52.132 52.102 52.107 52.069 52.059 51.992 51.969 51.949 51.942 51.909 51.874 51.859 51.879 51.879 51.867 51.882 51.877 51.882 51.854 51.857 51.859 51.887 51.862 51.884 51.864 51.867 51.882 51.892 51.889 51.919 51.944 51.964 51.962 51.969 51.989 52.017
52.347 51.609 51.694 51.662 51.699 51.672 51.679 51.667 51.719 51.744 51.747 51.779 51.784 51.764 51.784 51.787 51.777 51.789 51.787 51.794 51.774 51.784 51.789 51.762 51.754 51.747 51.754 51.754 51.757 51.767 51.789 51.782 51.782 51.774 51.759 51.797 51.744 51.714 51.679 51.622 51.597 51.612 51.544 51.499 51.499 51.514 51.462 51.487 51.482 51.477 51.474 51.467 51.484 51.474 51.427 51.464 51.444 51.467 51.442 51.429 51.447 51.447 51.474 51.484 51.529 51.507 51.514 51.557 51.542 51.554 51.602
52.417 51.244 51.274 51.294 51.267 51.264 51.292 51.297 51.309 51.317 51.337 51.377 51.357 51.364 51.399 51.402 51.414 51.404 51.389 51.374 51.389 51.412 51.417 51.369 51.359 51.394 51.344 51.347 51.344 51.362 51.399 51.364 51.384 51.382 51.354 51.359 51.329 51.277 51.299 51.252 51.207 51.167 51.167 51.114 51.077 51.092 51.067 51.064 51.084 51.077 51.079 51.084 51.072 51.084 51.099 51.054 51.084 51.007 51.032 51.029 51.042 51.032 51.052 51.109 51.092 51.084 51.087 51.089 51.104 51.104 51.137
52.522 50.867 50.882 50.862 50.882 50.872 50.887 50.909 50.919 50.927 50.967 50.972 50.964 50.984 50.959 50.972 50.964 50.997 50.984 50.972 50.964 50.969 50.977 50.939 50.919 50.942 50.902 50.914 50.907 50.924 50.909 50.947 50.927 50.944 50.939 50.929 50.859 50.829 50.839 50.834 50.804 50.759 50.734 50.724 50.702 50.692 50.669 50.687 50.674 50.714 50.714 50.702 50.704 50.679 50.724 50.669 50.647 50.649 50.669 50.672 50.667 50.669 50.684 50.697 50.707 50.722 50.712 50.727 50.712 50.724 50.729
51.962 50.502 50.509 50.487 50.512 50.502 50.504 50.492 50.524 50.512 50.542 50.559 50.562 50.589 50.552 50.567 50.539 50.567 50.554 50.569 50.557 50.552 50.534 50.537 50.537 50.519 50.514 50.517 50.497 50.479 50.494 50.514 50.499 50.487 50.492 50.484 50.444 50.417 50.389 50.364 50.364 50.374 50.344 50.312 50.322 50.314 50.309 50.312 50.314 50.302 50.327 50.362 50.347 50.364 50.337 50.342 50.319 50.274 50.242 50.234 50.279 50.292 50.269 50.259 50.287 50.269 50.264 50.297 50.317 50.309 50.314
51.329 50.064 50.097 50.089 50.087 50.089 50.072 50.114 50.134 50.139 50.144 50.167 50.179 50.184 50.144 50.169 50.154 50.147 50.157 50.157 50.139 50.159 50.139 50.137 50.162 50.117 50.112 50.084 50.077 50.072 50.079 50.074 50.072 50.062 50.064 50.047 50.024 50.009 49.999 49.977 49.924 49.914 49.892 49.874 49.894 49.879 49.887 49.897 49.859 49.914 49.882 49.907 49.912 49.912 49.947 49.929 49.872 49.857 49.829 49.824 49.832 49.849 49.812 49.847 49.837 49.844 49.847 49.864 49.844 49.857 49.884
53.432 50.487 49.679 49.692 49.662 49.689 49.682 49.689 49.697 49.697 49.712 49.717 49.742 49.714 49.699 49.694 49.682 49.679 49.677 49.699 49.704 49.684 49.682 49.682 49.672 49.654 49.627 49.634 49.624 49.607 49.592 49.617 49.619 49.592 49.594 49.582 49.567 49.542 49.507 49.519 49.489 49.472 49.457 49.467 49.464 49.437 49.429 49.434 49.437 49.424 49.414 49.447 49.479 49.474 49.479 49.492 49.424 49.404 49.402 49.372 49.399 49.384 49.354 49.374 49.397 49.377 49.384 49.379 49.377 49.387 49.382
50.894 49.577 49.232 49.239 49.254 49.217 49.224 49.239 49.242 49.259 49.259 49.257 49.247 49.224 49.239 49.182 49.207 49.214 49.217 49.204 49.187 49.194 49.179 49.184 49.182 49.174 49.162 49.134 49.132 49.109 49.132 49.137 49.129 49.094 49.107 49.104 49.082 49.042 49.047 49.042 49.047 49.039 49.012 49.007 48.999 48.974 48.964 48.944 48.924 48.979 48.967 49.012 49.027 49.024 49.029 48.994 48.992 48.982 48.947 48.934 48.924 48.954 48.922 48.929 48.934 48.937 48.907 48.912 48.919 48.924 48.927
49.604 49.432 48.769 48.792 48.787 48.772 48.749 48.782 48.774 48.769 48.777 48.774 48.769 48.782 48.772 48.732 48.727 48.732 48.737 48.709 48.722 48.719 48.714 48.707 48.719 48.742 48.677 48.684 48.684 48.637 48.637 48.652 48.632 48.637 48.627 48.619 48.627 48.617 48.614 48.624 48.629 48.574 48.562 48.542 48.479 48.497 48.497 48.502 48.514 48.522 48.542 48.547 48.554 48.579 48.549 48.582 48.564 48.547 48.529 48.482 48.512 48.502 48.477 48.484 48.472 48.469 48.459 48.449 48.464 48.462 48.482
