Matlab/Roost_data/braunton/dsm/ss5139_DSM_2M.asc
ncols 500
nrows 500
xllcorner    251000
yllcorner    139000
cellsize     2
NODATA_value -9999
[rows 377 to 405 of 500, columns 134 to 200 of 500]
146.296 146.344 146.384 146.381 146.449 146.439 146.459 146.921 148.311 148.181 146.984 147.031 147.104 147.156 147.199 147.271 147.354 147.434 147.504 147.561 147.619 147.711 147.784 147.864 147.941 147.986 148.056 148.099 148.121 148.191 148.206 148.259 148.294 148.344 148.391 148.456 148.464 148.554 148.631 148.689 148.754 148.834 148.876 148.974 149.014 149.049 149.064 149.104 149.131 149.166 149.186 149.211 149.241 149.264 149.456 150.479 149.229 148.846 149.939 149.991 149.391 149.541 149.574 149.576 149.601 149.586 149.599
146.226 146.266 146.304 146.334 146.351 146.364 146.399 146.906 148.304 147.926 146.884 146.954 147.019 147.066 147.126 147.196 147.261 147.349 147.416 147.479 147.561 147.616 147.686 147.784 147.849 147.894 147.951 147.984 148.049 148.079 148.126 148.181 148.216 148.281 148.336 148.374 148.409 148.484 148.544 148.621 148.676 148.741 148.809 148.869 148.931 148.959 148.989 149.031 149.034 149.056 149.091 149.114 149.139 149.151 149.489 150.334 148.871 148.786 150.044 149.579 149.296 149.424 149.431 149.486 149.489 149.464 149.496
146.151 146.204 146.211 146.244 146.259 146.286 146.291 146.904 148.629 147.724 146.799 146.879 146.949 146.999 147.046 147.126 147.211 147.269 147.309 147.396 147.461 147.514 147.591 147.686 147.736 147.814 147.856 147.889 147.951 147.986 148.044 148.074 148.124 148.159 148.234 148.264 148.309 148.386 148.449 148.521 148.574 148.639 148.719 148.766 148.811 148.831 148.896 148.919 148.946 148.961 148.979 149.009 149.034 149.091 149.594 150.209 148.751 148.671 150.091 149.351 149.219 149.331 149.361 149.391 149.364 149.361 149.389
146.054 146.079 146.141 146.164 146.184 146.186 146.241 146.926 148.346 147.184 146.706 146.784 146.849 146.884 146.941 147.019 147.089 147.141 147.241 147.284 147.351 147.429 147.504 147.544 147.636 147.706 147.744 147.816 147.869 147.911 147.949 148.004 148.036 148.096 148.131 148.184 148.241 148.264 148.356 148.406 148.461 148.551 148.606 148.656 148.689 148.736 148.741 148.771 148.841 148.856 148.869 148.904 148.926 148.989 149.584 149.911 148.546 148.671 149.964 149.119 149.154 149.236 149.266 149.269 149.269 149.271 149.294
145.959 146.004 146.046 146.059 146.099 146.106 146.126 146.884 147.439 147.254 146.631 146.724 146.789 146.831 146.859 146.921 146.989 147.064 147.139 147.184 147.251 147.326 147.389 147.476 147.529 147.624 147.654 147.716 147.759 147.831 147.851 147.904 147.951 148.014 148.051 148.106 148.124 148.179 148.256 148.296 148.364 148.419 148.491 148.539 148.584 148.619 148.619 148.681 148.716 148.724 148.764 148.794 148.821 148.834 149.521 149.744 148.409 148.596 150.036 148.929 149.051 149.126 149.166 149.166 149.154 149.169 149.219
145.891 145.926 145.959 145.969 146.004 146.009 146.061 146.669 147.789 146.921 146.569 146.644 146.686 146.724 146.756 146.809 146.886 146.966 147.036 147.091 147.159 147.226 147.269 147.374 147.446 147.514 147.571 147.594 147.664 147.724 147.756 147.806 147.859 147.904 147.946 148.014 148.026 148.084 148.136 148.164 148.239 148.296 148.354 148.416 148.449 148.466 148.519 148.549 148.594 148.609 148.621 148.696 148.704 148.826 149.811 149.231 148.306 148.701 149.646 148.801 148.929 149.016 149.059 149.061 149.036 149.059 149.106
145.786 145.839 145.861 145.881 145.894 145.911 145.964 146.896 148.059 146.749 146.469 146.559 146.601 146.636 146.661 146.729 146.784 146.861 146.926 146.956 147.039 147.091 147.184 147.266 147.349 147.391 147.459 147.486 147.559 147.599 147.631 147.706 147.756 147.771 147.854 147.879 147.909 147.989 148.051 148.094 148.101 148.181 148.246 148.296 148.319 148.366 148.409 148.441 148.484 148.506 148.514 148.581 148.591 148.684 149.759 148.951 148.201 148.841 149.486 148.669 148.829 148.906 148.956 148.941 148.916 148.954 149.003
145.666 145.736 145.759 145.776 145.806 145.826 145.906 146.949 147.256 146.599 146.404 146.461 146.504 146.526 146.554 146.616 146.691 146.764 146.821 146.871 146.931 146.986 147.059 147.149 147.226 147.304 147.339 147.394 147.434 147.484 147.539 147.596 147.639 147.696 147.741 147.756 147.789 147.859 147.916 147.966 148.009 148.051 148.109 148.161 148.196 148.241 148.281 148.311 148.361 148.379 148.404 148.466 148.491 148.866 149.964 148.529 148.074 148.681 149.224 148.591 148.736 148.796 148.839 148.829 148.809 148.821 148.891
145.554 145.619 145.641 145.674 145.694 145.741 145.794 147.504 147.921 146.416 146.329 146.364 146.416 146.416 146.464 146.526 146.574 146.644 146.684 146.746 146.779 146.859 146.969 147.034 147.096 147.154 147.211 147.289 147.326 147.374 147.431 147.476 147.524 147.596 147.614 147.661 147.684 147.749 147.794 147.851 147.896 147.951 147.986 148.034 148.086 148.141 148.161 148.206 148.231 148.284 148.286 148.364 148.396 148.901 149.904 148.381 147.961 148.976 149.024 148.506 148.621 148.711 148.721 148.721 148.701 148.739 148.773
145.459 145.509 145.539 145.554 145.576 145.621 145.776 147.016 147.411 146.189 146.229 146.289 146.316 146.304 146.364 146.411 146.476 146.529 146.584 146.629 146.696 146.769 146.826 146.921 146.981 147.051 147.086 147.149 147.209 147.251 147.306 147.341 147.429 147.466 147.499 147.556 147.576 147.626 147.686 147.741 147.776 147.824 147.859 147.909 147.974 148.014 148.041 148.109 148.139 148.151 148.181 148.244 148.329 148.919 149.549 148.019 147.844 148.799 148.799 148.404 148.536 148.579 148.614 148.594 148.576 148.641 148.661
145.349 145.419 145.439 145.461 145.476 145.504 145.591 147.119 147.744 146.086 146.079 146.166 146.176 146.191 146.229 146.294 146.336 146.394 146.446 146.514 146.574 146.644 146.711 146.784 146.856 146.924 146.996 147.039 147.076 147.159 147.194 147.244 147.291 147.336 147.404 147.429 147.466 147.529 147.554 147.599 147.656 147.706 147.744 147.789 147.836 147.894 147.934 147.981 148.011 148.051 148.074 148.161 148.254 148.656 149.379 147.801 147.769 149.084 148.521 148.321 148.441 148.471 148.476 148.449 148.464 148.499 148.536
145.244 145.291 145.316 145.359 145.376 145.379 145.624 147.639 148.204 146.124 145.954 145.994 146.039 146.039 146.096 146.149 146.204 146.259 146.291 146.354 146.426 146.496 146.571 146.649 146.721 146.789 146.846 146.906 146.971 147.016 147.066 147.144 147.196 147.254 147.296 147.331 147.351 147.426 147.436 147.474 147.561 147.576 147.629 147.666 147.721 147.776 147.806 147.854 147.899 147.931 147.954 148.074 148.206 148.571 149.099 147.656 147.616 148.941 148.321 148.221 148.316 148.364 148.321 148.354 148.359 148.384 148.421
145.149 145.181 145.224 145.221 145.256 145.236 145.976 147.364 147.791 145.786 145.799 145.881 145.926 145.914 145.989 146.031 146.069 146.134 146.221 146.244 146.304 146.381 146.444 146.501 146.574 146.661 146.699 146.771 146.841 146.866 146.951 147.014 147.071 147.121 147.179 147.206 147.234 147.266 147.316 147.366 147.419 147.469 147.526 147.569 147.619 147.659 147.691 147.764 147.786 147.816 147.861 147.979 148.159 148.506 148.831 147.454 147.556 148.989 148.094 148.106 148.206 148.261 148.244 148.239 148.251 148.276 148.321
145.004 145.079 145.091 145.111 145.136 145.109 145.809 147.489 147.829 145.614 145.654 145.736 145.789 145.846 145.899 145.916 145.991 146.034 146.104 146.141 146.214 146.289 146.344 146.411 146.494 146.556 146.616 146.666 146.711 146.796 146.856 146.924 146.969 147.036 147.066 147.116 147.151 147.176 147.211 147.266 147.311 147.366 147.396 147.434 147.509 147.559 147.589 147.636 147.681 147.701 147.744 147.809 147.851 148.214 148.256 147.361 147.594 148.876 147.929 148.019 148.109 148.139 148.149 148.126 148.131 148.174 148.204
144.889 144.981 144.984 145.004 145.001 145.006 145.769 146.949 146.649 145.444 145.509 145.599 145.651 145.706 145.771 145.824 145.871 145.939 146.006 146.064 146.141 146.199 146.266 146.306 146.406 146.479 146.521 146.589 146.639 146.704 146.764 146.844 146.899 146.974 147.009 147.056 147.056 147.101 147.131 147.159 147.229 147.254 147.299 147.341 147.391 147.424 147.469 147.519 147.559 147.551 147.589 147.631 147.804 148.109 147.804 147.199 147.709 148.739 147.786 147.891 147.991 148.014 148.019 147.991 147.999 148.059 148.101
144.794 144.836 144.854 144.881 144.884 144.884 145.589 147.054 146.779 145.321 145.364 145.464 145.509 145.564 145.651 145.711 145.774 145.849 145.919 145.979 146.021 146.099 146.166 146.229 146.326 146.379 146.429 146.504 146.566 146.624 146.689 146.764 146.819 146.901 146.934 146.946 146.981 147.021 147.044 147.089 147.121 147.141 147.206 147.231 147.264 147.281 147.341 147.386 147.421 147.429 147.444 147.471 147.669 148.379 148.076 147.039 147.766 148.404 147.651 147.799 147.859 147.894 147.894 147.881 147.886 147.944 147.956
144.679 144.709 144.736 144.761 144.786 144.769 145.326 146.774 146.354 145.189 145.239 145.309 145.369 145.411 145.494 145.609 145.654 145.726 145.806 145.854 145.916 145.994 146.081 146.151 146.214 146.296 146.341 146.424 146.471 146.531 146.581 146.659 146.731 146.804 146.849 146.864 146.889 146.936 146.939 146.999 147.026 147.039 147.091 147.109 147.146 147.181 147.224 147.244 147.269 147.266 147.279 147.301 147.581 148.501 147.761 146.914 147.959 148.106 147.554 147.659 147.764 147.776 147.766 147.754 147.781 147.799 147.829
144.571 144.601 144.634 144.654 144.676 144.644 145.501 146.639 146.046 145.066 145.111 145.186 145.246 145.289 145.369 145.456 145.546 145.629 145.689 145.741 145.806 145.879 145.964 146.041 146.116 146.181 146.244 146.331 146.359 146.434 146.484 146.544 146.604 146.684 146.731 146.744 146.794 146.834 146.836 146.861 146.914 146.936 146.959 146.994 147.016 147.039 147.066 147.106 147.131 147.094 147.134 147.156 147.381 148.309 147.379 146.829 148.046 147.659 147.431 147.559 147.621 147.651 147.639 147.629 147.641 147.664 147.714
144.436 144.479 144.504 144.549 144.549 144.571 145.359 146.826 145.314 144.959 145.024 145.076 145.106 145.184 145.234 145.336 145.431 145.506 145.554 145.599 145.699 145.744 145.821 145.931 146.021 146.069 146.149 146.209 146.241 146.306 146.374 146.434 146.516 146.566 146.599 146.626 146.681 146.701 146.729 146.749 146.794 146.799 146.829 146.841 146.876 146.894 146.929 146.974 146.969 146.974 146.991 146.989 147.366 148.294 147.066 146.676 148.061 147.451 147.321 147.456 147.514 147.489 147.511 147.506 147.519 147.554 147.566
144.359 144.366 144.411 144.426 144.454 144.416 145.446 146.786 144.914 144.851 144.914 144.956 144.991 145.069 145.111 145.219 145.311 145.379 145.454 145.504 145.551 145.639 145.726 145.806 145.886 145.951 146.026 146.099 146.139 146.196 146.251 146.334 146.381 146.431 146.494 146.506 146.526 146.569 146.609 146.609 146.646 146.669 146.704 146.714 146.756 146.756 146.791 146.821 146.806 146.824 146.854 146.861 147.374 148.154 146.639 146.749 147.964 147.116 147.211 147.316 147.374 147.354 147.369 147.371 147.401 147.431 147.426
144.219 144.244 144.279 144.324 144.331 144.331 145.534 146.741 144.771 144.761 144.816 144.846 144.891 144.949 145.006 145.096 145.179 145.259 145.314 145.379 145.444 145.526 145.609 145.694 145.784 145.851 145.904 145.971 146.026 146.081 146.136 146.219 146.249 146.291 146.344 146.379 146.399 146.439 146.456 146.479 146.506 146.539 146.569 146.586 146.594 146.611 146.649 146.689 146.679 146.691 146.729 146.734 147.406 147.999 146.516 146.604 147.744 146.971 147.066 147.176 147.214 147.241 147.259 147.226 147.259 147.271 147.311
144.109 144.146 144.174 144.201 144.214 144.174 145.339 146.399 144.824 144.649 144.686 144.749 144.776 144.821 144.879 144.961 145.059 145.151 145.199 145.241 145.321 145.409 145.489 145.589 145.669 145.734 145.799 145.854 145.924 145.956 146.009 146.056 146.116 146.164 146.219 146.226 146.259 146.306 146.324 146.349 146.376 146.409 146.434 146.436 146.461 146.491 146.516 146.534 146.549 146.571 146.624 146.646 147.439 147.756 146.224 146.786 147.641 146.809 146.961 147.046 147.069 147.119 147.099 147.119 147.136 147.156 147.159
143.959 144.001 144.061 144.079 144.091 144.094 145.484 146.466 144.656 144.524 144.571 144.621 144.641 144.701 144.781 144.821 144.924 145.009 145.039 145.129 145.191 145.286 145.381 145.459 145.541 145.604 145.686 145.734 145.799 145.836 145.889 145.929 145.976 146.041 146.056 146.101 146.111 146.149 146.181 146.194 146.236 146.259 146.284 146.309 146.344 146.334 146.374 146.399 146.424 146.456 146.491 146.534 147.474 147.434 146.079 146.801 147.299 146.696 146.809 146.909 146.921 146.971 146.966 146.961 147.004 147.011 147.029
143.861 143.913 143.938 143.976 143.993 143.951 145.128 146.301 144.551 144.398 144.458 144.493 144.536 144.561 144.628 144.701 144.781 144.853 144.916 144.981 145.046 145.138 145.223 145.328 145.406 145.468 145.548 145.601 145.648 145.718 145.768 145.808 145.846 145.901 145.943 145.953 145.953 146.006 146.018 146.051 146.098 146.128 146.138 146.173 146.181 146.216 146.246 146.281 146.283 146.321 146.371 146.458 147.511 146.911 145.968 146.766 147.058 146.551 146.681 146.761 146.773 146.818 146.816 146.828 146.846 146.851 146.901
143.763 143.816 143.843 143.871 143.866 143.816 144.763 145.933 144.428 144.273 144.351 144.416 144.428 144.448 144.528 144.591 144.661 144.723 144.791 144.846 144.908 145.036 145.116 145.201 145.256 145.333 145.408 145.476 145.528 145.566 145.608 145.668 145.711 145.751 145.771 145.793 145.801 145.856 145.863 145.896 145.943 145.966 145.988 146.023 146.046 146.063 146.111 146.123 146.148 146.193 146.223 146.418 147.331 146.851 145.806 146.628 146.936 146.436 146.546 146.608 146.638 146.693 146.671 146.701 146.708 146.726 146.771
143.641 143.688 143.721 143.781 143.771 143.693 144.923 145.801 144.343 144.178 144.236 144.298 144.311 144.351 144.428 144.476 144.541 144.626 144.668 144.728 144.801 144.873 144.991 145.058 145.126 145.206 145.271 145.326 145.368 145.423 145.468 145.523 145.556 145.603 145.631 145.636 145.678 145.711 145.731 145.756 145.796 145.821 145.858 145.886 145.906 145.918 145.948 145.958 146.008 146.081 146.096 146.318 147.458 146.601 145.648 146.663 146.761 146.298 146.413 146.503 146.523 146.551 146.546 146.576 146.586 146.611 146.656
143.528 143.563 143.626 143.661 143.646 143.598 144.256 145.556 144.283 144.061 144.128 144.168 144.223 144.276 144.341 144.401 144.463 144.531 144.566 144.626 144.671 144.773 144.853 144.928 145.003 145.076 145.126 145.178 145.218 145.288 145.333 145.376 145.411 145.453 145.491 145.488 145.518 145.558 145.601 145.618 145.656 145.688 145.708 145.746 145.763 145.771 145.796 145.818 145.873 145.926 145.951 146.138 147.203 146.333 145.503 146.358 146.598 146.166 146.286 146.348 146.386 146.421 146.413 146.436 146.468 146.488 146.533
143.393 143.431 143.508 143.511 143.518 143.501 144.606 145.701 144.551 143.936 144.018 144.078 144.118 144.166 144.221 144.291 144.361 144.421 144.468 144.521 144.571 144.653 144.753 144.811 144.893 144.953 145.003 145.041 145.106 145.146 145.196 145.251 145.271 145.323 145.356 145.371 145.398 145.436 145.468 145.506 145.536 145.573 145.593 145.621 145.643 145.648 145.681 145.701 145.738 145.786 145.821 146.001 146.916 146.048 145.336 146.188 146.558 146.008 146.103 146.223 146.226 146.258 146.278 146.293 146.311 146.353 146.378
143.273 143.343 143.376 143.378 143.406 143.358 144.228 145.321 144.393 143.843 143.873 143.941 144.003 144.053 144.111 144.193 144.268 144.328 144.373 144.403 144.453 144.541 144.611 144.696 144.771 144.826 144.868 144.916 144.981 145.018 145.076 145.116 145.161 145.196 145.228 145.253 145.293 145.316 145.346 145.381 145.416 145.446 145.481 145.498 145.516 145.523 145.558 145.583 145.593 145.656 145.701 145.796 146.766 146.018 145.191 145.876 146.481 145.856 145.976 146.088 146.081 146.121 146.146 146.146 146.163 146.203 146.236
