Matlab/Roost_data/braunton/dsm/ss5135_DSM_2M.asc
ncols 500
nrows 500
xllcorner    251000
yllcorner    135000
cellsize     2
NODATA_value -9999
[rows 32 to 63 of 500, columns 426 to 496 of 500]
50.914 51.012 51.102 51.207 51.284 51.372 51.504 51.624 51.744 51.849 51.947 52.047 52.112 52.192 52.302 52.432 52.552 52.649 52.767 52.869 52.992 53.104 53.212 53.324 53.424 53.537 53.629 53.749 53.832 53.954 54.042 54.147 54.229 54.319 54.424 54.504 54.572 54.652 54.704 54.782 54.892 55.039 55.154 55.212 55.287 55.347 55.404 55.472 55.509 55.544 55.587 55.607 55.659 55.737 55.774 55.807 55.847 55.897 56.014 56.084 56.167 56.257 56.594 57.039 56.379 56.394 56.537 56.674 56.774 56.862 56.952
51.144 51.237 51.324 51.417 51.509 51.607 51.697 51.817 51.939 52.032 52.139 52.237 52.317 52.402 52.507 52.629 52.749 52.867 52.964 53.082 53.199 53.312 53.427 53.537 53.634 53.759 53.824 53.914 54.032 54.119 54.222 54.307 54.409 54.512 54.594 54.682 54.752 54.832 54.912 54.994 55.097 55.227 55.332 55.409 55.487 55.559 55.637 55.682 55.724 55.774 55.802 55.839 55.882 55.957 55.994 56.039 56.064 56.124 56.199 56.289 56.364 56.449 56.604 57.249 56.834 56.524 56.712 56.864 56.974 57.034 57.152
51.352 51.427 51.539 51.627 51.734 51.809 51.899 51.997 52.124 52.232 52.339 52.427 52.507 52.609 52.704 52.809 52.939 53.069 53.179 53.297 53.417 53.514 53.612 53.722 53.817 53.914 54.027 54.109 54.189 54.282 54.382 54.497 54.594 54.702 54.779 54.869 54.942 55.037 55.117 55.194 55.282 55.407 55.497 55.604 55.674 55.734 55.817 55.882 55.924 55.969 56.009 56.029 56.077 56.167 56.204 56.239 56.272 56.307 56.387 56.469 56.554 56.629 56.722 57.302 57.429 56.737 56.899 57.059 57.162 57.254 57.332
51.537 51.639 51.737 51.837 51.917 52.024 52.099 52.199 52.322 52.424 52.524 52.627 52.717 52.807 52.899 52.989 53.104 53.244 53.374 53.462 53.584 53.689 53.784 53.879 53.982 54.077 54.182 54.269 54.359 54.459 54.559 54.677 54.772 54.874 54.957 55.064 55.134 55.217 55.307 55.377 55.464 55.579 55.667 55.759 55.829 55.924 56.002 56.042 56.119 56.162 56.199 56.229 56.284 56.337 56.394 56.419 56.467 56.519 56.569 56.652 56.732 56.814 56.894 57.187 57.812 57.229 57.042 57.247 57.364 57.457 57.557
51.722 51.832 51.937 52.027 52.104 52.207 52.277 52.384 52.522 52.622 52.699 52.812 52.917 53.009 53.087 53.174 53.304 53.434 53.572 53.652 53.762 53.872 53.962 54.057 54.139 54.252 54.344 54.434 54.544 54.629 54.727 54.832 54.929 55.039 55.124 55.232 55.317 55.389 55.492 55.562 55.637 55.722 55.834 55.919 56.004 56.084 56.169 56.212 56.267 56.329 56.372 56.392 56.447 56.504 56.579 56.617 56.659 56.714 56.747 56.817 56.897 56.952 57.029 57.172 57.854 57.699 57.252 57.417 57.517 57.657 57.752
51.932 52.042 52.127 52.232 52.314 52.397 52.494 52.592 52.699 52.817 52.904 53.014 53.097 53.189 53.274 53.372 53.487 53.614 53.732 53.849 53.939 54.042 54.134 54.224 54.299 54.409 54.517 54.622 54.717 54.782 54.889 54.987 55.117 55.204 55.307 55.382 55.467 55.559 55.657 55.737 55.822 55.877 55.979 56.084 56.184 56.237 56.324 56.387 56.444 56.487 56.534 56.569 56.614 56.682 56.742 56.807 56.849 56.912 56.942 56.999 57.057 57.084 57.157 57.279 57.804 58.194 57.614 57.564 57.704 57.819 57.914
52.112 52.219 52.327 52.422 52.519 52.587 52.699 52.789 52.887 53.004 53.089 53.212 53.322 53.397 53.482 53.572 53.689 53.802 53.914 54.017 54.112 54.219 54.304 54.392 54.474 54.584 54.677 54.779 54.859 54.964 55.077 55.152 55.252 55.352 55.457 55.557 55.644 55.732 55.799 55.887 55.979 56.034 56.127 56.237 56.329 56.409 56.467 56.519 56.587 56.652 56.699 56.734 56.779 56.834 56.902 56.962 57.012 57.062 57.104 57.159 57.184 57.229 57.282 57.427 57.627 57.694 57.687 57.714 57.792 57.939 58.064
52.307 52.429 52.542 52.622 52.729 52.834 52.899 52.987 53.079 53.189 53.319 53.432 53.512 53.597 53.672 53.777 53.864 53.982 54.092 54.197 54.287 54.384 54.467 54.562 54.659 54.742 54.844 54.924 55.024 55.124 55.219 55.312 55.409 55.529 55.607 55.722 55.802 55.902 55.969 56.054 56.124 56.192 56.262 56.364 56.454 56.542 56.614 56.662 56.737 56.817 56.857 56.912 56.937 56.987 57.039 57.114 57.194 57.237 57.294 57.319 57.384 57.389 57.512 57.664 57.767 57.754 57.804 57.902 57.919 58.042 58.177
52.512 52.614 52.749 52.827 52.942 53.042 53.124 53.199 53.267 53.397 53.492 53.614 53.714 53.789 53.887 53.959 54.052 54.139 54.262 54.387 54.457 54.552 54.647 54.749 54.837 54.914 55.012 55.077 55.179 55.304 55.394 55.464 55.579 55.679 55.789 55.887 55.977 56.087 56.152 56.219 56.307 56.344 56.419 56.494 56.592 56.659 56.754 56.789 56.867 56.944 56.989 57.062 57.107 57.134 57.209 57.292 57.359 57.412 57.477 57.499 57.577 57.642 57.807 57.817 58.137 58.677 58.014 58.039 58.142 58.247 58.387
52.729 52.829 52.932 53.027 53.122 53.219 53.317 53.399 53.474 53.574 53.702 53.817 53.894 53.994 54.074 54.154 54.234 54.319 54.439 54.547 54.659 54.734 54.832 54.914 55.017 55.102 55.199 55.289 55.354 55.459 55.559 55.642 55.757 55.837 55.937 56.044 56.142 56.227 56.284 56.379 56.442 56.499 56.574 56.629 56.717 56.802 56.887 56.939 57.002 57.087 57.159 57.222 57.282 57.317 57.392 57.444 57.529 57.607 57.649 57.734 57.827 57.869 57.947 58.422 59.057 58.369 58.197 58.272 58.392 58.494 58.559
52.924 53.022 53.112 53.217 53.324 53.399 53.512 53.592 53.674 53.777 53.887 53.992 54.092 54.194 54.254 54.352 54.432 54.519 54.624 54.724 54.829 54.912 55.027 55.117 55.189 55.264 55.362 55.457 55.547 55.624 55.714 55.824 55.907 55.989 56.097 56.187 56.284 56.349 56.454 56.524 56.579 56.659 56.729 56.797 56.862 56.959 57.037 57.087 57.152 57.224 57.309 57.382 57.442 57.502 57.564 57.619 57.724 57.817 57.882 57.974 58.007 58.304 59.487 58.997 58.394 58.327 58.462 58.529 58.619 58.689 58.744
53.097 53.207 53.299 53.402 53.519 53.609 53.692 53.782 53.884 53.982 54.069 54.167 54.297 54.389 54.482 54.547 54.634 54.712 54.827 54.927 55.017 55.122 55.197 55.319 55.384 55.444 55.542 55.652 55.722 55.814 55.912 55.999 56.074 56.179 56.269 56.352 56.457 56.509 56.589 56.664 56.747 56.814 56.882 56.954 57.019 57.099 57.179 57.272 57.332 57.407 57.462 57.554 57.612 57.682 57.769 57.839 57.949 58.037 58.154 58.184 58.414 59.432 59.214 58.452 58.419 58.562 58.682 58.697 58.802 58.839 58.897
53.287 53.394 53.489 53.604 53.722 53.797 53.877 53.977 54.092 54.152 54.259 54.369 54.492 54.582 54.677 54.762 54.859 54.934 55.017 55.119 55.222 55.339 55.427 55.499 55.589 55.657 55.757 55.837 55.944 56.042 56.099 56.182 56.274 56.349 56.457 56.532 56.599 56.679 56.752 56.822 56.909 56.984 57.064 57.177 57.237 57.297 57.384 57.467 57.529 57.602 57.672 57.747 57.827 57.922 57.999 58.074 58.187 58.277 58.329 58.382 59.304 59.749 58.644 58.604 58.709 58.812 58.874 58.902 58.969 59.024 59.052
53.487 53.589 53.677 53.784 53.892 54.007 54.084 54.174 54.284 54.352 54.434 54.544 54.674 54.767 54.879 54.962 55.074 55.157 55.237 55.314 55.464 55.544 55.632 55.727 55.794 55.877 55.954 56.034 56.142 56.229 56.304 56.389 56.472 56.562 56.637 56.727 56.794 56.889 56.952 57.032 57.112 57.187 57.264 57.362 57.439 57.507 57.609 57.679 57.772 57.854 57.929 58.024 58.119 58.209 58.284 58.389 58.504 58.589 58.532 58.632 58.922 59.084 58.797 58.812 58.919 58.969 59.034 59.074 59.119 59.149 59.212
53.674 53.779 53.877 53.977 54.077 54.157 54.272 54.399 54.467 54.549 54.642 54.747 54.882 54.989 55.089 55.189 55.294 55.392 55.457 55.579 55.672 55.772 55.864 55.944 56.009 56.109 56.177 56.272 56.364 56.434 56.529 56.614 56.707 56.787 56.857 56.947 57.019 57.104 57.184 57.284 57.362 57.434 57.539 57.622 57.692 57.787 57.887 57.984 58.092 58.184 58.294 58.317 58.372 58.394 58.472 58.522 58.614 58.712 58.732 58.784 58.884 58.984 59.004 58.982 59.077 59.127 59.162 59.262 59.289 59.324 59.392
53.862 53.952 54.049 54.184 54.279 54.377 54.487 54.579 54.672 54.754 54.862 54.944 55.054 55.182 55.304 55.419 55.504 55.602 55.684 55.789 55.859 55.972 56.077 56.132 56.217 56.329 56.407 56.484 56.579 56.684 56.759 56.844 56.937 57.029 57.112 57.232 57.307 57.407 57.474 57.594 57.689 57.797 57.874 57.954 58.069 58.122 58.179 58.222 58.264 58.327 58.397 58.459 58.522 58.594 58.694 58.782 58.854 58.912 58.947 58.994 59.004 59.552 59.857 59.139 59.187 59.259 59.317 59.419 59.449 59.482 59.519
54.037 54.137 54.252 54.367 54.474 54.567 54.667 54.759 54.862 54.964 55.069 55.154 55.267 55.382 55.512 55.637 55.709 55.812 55.912 55.992 56.107 56.199 56.274 56.369 56.469 56.567 56.654 56.752 56.844 56.964 57.052 57.137 57.234 57.342 57.442 57.582 57.694 57.767 57.887 57.937 58.004 58.087 58.099 58.144 58.194 58.279 58.337 58.424 58.537 58.637 58.699 58.764 58.842 58.917 58.997 59.062 59.137 59.222 59.229 59.227 59.204 59.402 60.304 59.419 59.317 59.417 59.459 59.547 59.599 59.639 59.664
54.219 54.312 54.417 54.522 54.619 54.739 54.817 54.944 55.082 55.217 55.304 55.404 55.509 55.617 55.744 55.852 55.949 56.059 56.159 56.279 56.372 56.454 56.559 56.669 56.762 56.854 56.944 57.052 57.179 57.269 57.394 57.507 57.637 57.744 57.794 57.867 57.929 57.962 58.012 58.099 58.194 58.289 58.382 58.464 58.534 58.614 58.672 58.757 58.837 58.907 58.984 59.014 59.047 59.104 59.197 59.239 59.327 59.392 59.477 59.489 59.429 59.424 60.254 59.937 59.457 59.582 59.619 59.692 59.727 59.764 59.819
54.409 54.517 54.639 54.759 54.867 54.969 55.059 55.164 55.299 55.429 55.519 55.617 55.739 55.859 55.962 56.087 56.194 56.317 56.427 56.547 56.652 56.734 56.857 56.972 57.092 57.209 57.309 57.492 57.557 57.644 57.692 57.747 57.809 57.889 57.999 58.097 58.204 58.297 58.382 58.472 58.539 58.627 58.692 58.754 58.832 58.892 58.937 58.992 59.064 59.102 59.147 59.199 59.257 59.309 59.337 59.404 59.472 59.582 59.627 59.687 59.652 59.549 60.247 60.599 59.634 59.717 59.774 59.834 59.887 59.912 59.979
54.634 54.737 54.869 55.002 55.144 55.249 55.342 55.427 55.524 55.644 55.719 55.837 55.972 56.102 56.199 56.294 56.494 56.564 56.697 56.824 56.969 57.124 57.264 57.384 57.449 57.517 57.574 57.639 57.707 57.804 57.914 58.034 58.129 58.242 58.319 58.414 58.527 58.607 58.672 58.767 58.819 58.879 58.947 59.009 59.054 59.109 59.189 59.252 59.304 59.332 59.372 59.417 59.467 59.504 59.514 59.594 59.704 59.732 59.807 59.867 59.847 59.747 60.059 60.767 59.854 59.814 59.919 59.967 60.012 60.064 60.129
54.847 54.959 55.069 55.249 55.379 55.469 55.544 55.664 55.807 55.909 56.282 56.504 56.919 57.544 57.909 58.447 57.919 56.859 56.994 57.169 57.277 57.384 57.452 57.569 57.662 57.747 57.859 57.962 58.047 58.157 58.239 58.314 58.414 58.509 58.582 58.687 58.752 58.852 58.922 59.007 59.074 59.149 59.189 59.237 59.304 59.374 59.422 59.484 59.504 59.569 59.607 59.667 59.719 59.727 59.749 59.807 59.894 59.937 59.962 60.029 60.059 59.962 59.989 60.884 60.354 59.947 60.084 60.129 60.207 60.237 60.254
55.074 55.202 55.332 55.639 55.824 56.682 56.499 57.034 57.307 57.162 57.839 57.949 57.599 57.542 57.344 57.147 57.114 57.097 57.209 57.307 57.474 57.622 57.727 57.862 57.982 58.079 58.169 58.257 58.334 58.444 58.519 58.572 58.652 58.737 58.829 58.939 59.052 59.074 59.147 59.229 59.304 59.377 59.414 59.522 59.567 59.639 59.722 59.764 59.794 59.849 59.879 59.922 59.927 59.917 59.927 59.977 60.039 60.112 60.134 60.214 60.217 60.162 60.077 60.947 60.832 60.084 60.212 60.267 60.327 60.364 60.387
56.339 57.217 57.354 57.387 57.327 57.652 57.087 56.849 56.749 56.679 56.747 56.824 56.887 56.962 57.077 57.199 57.294 57.377 57.517 57.634 57.752 57.899 58.029 58.137 58.209 58.317 58.374 58.459 58.592 58.662 58.767 58.832 58.914 58.997 59.074 59.154 59.244 59.334 59.404 59.487 59.587 59.667 59.712 59.754 59.814 59.882 59.944 59.977 60.024 60.057 60.092 60.099 60.102 60.124 60.154 60.179 60.217 60.287 60.272 60.319 60.392 60.362 60.242 60.847 61.364 60.354 60.302 60.384 60.439 60.502 60.517
56.727 56.579 56.397 56.259 56.277 56.344 56.462 56.574 56.699 56.824 56.934 57.079 57.174 57.259 57.394 57.479 57.589 57.682 57.772 57.879 58.009 58.102 58.249 58.352 58.454 58.552 58.634 58.749 58.827 58.912 58.982 59.059 59.157 59.249 59.344 59.442 59.507 59.614 59.679 59.747 59.849 59.874 59.959 60.019 60.069 60.107 60.179 60.217 60.269 60.304 60.327 60.344 60.339 60.342 60.384 60.389 60.422 60.449 60.464 60.492 60.542 60.517 60.404 60.714 61.602 60.662 60.409 60.579 60.549 60.612 60.622
55.897 56.029 56.174 56.312 56.457 56.572 56.729 56.849 56.959 57.087 57.194 57.294 57.399 57.512 57.634 57.727 57.804 57.902 58.012 58.142 58.262 58.367 58.477 58.582 58.649 58.752 58.834 58.957 59.067 59.152 59.247 59.309 59.389 59.467 59.597 59.672 59.754 59.814 59.919 59.997 60.074 60.124 60.169 60.257 60.287 60.344 60.389 60.437 60.479 60.514 60.562 60.542 60.544 60.519 60.542 60.549 60.592 60.644 60.659 60.644 60.699 60.704 60.634 60.709 61.839 61.254 60.712 60.732 60.642 60.709 60.744
56.207 56.337 56.462 56.579 56.697 56.827 56.947 57.082 57.174 57.287 57.399 57.499 57.589 57.724 57.822 57.944 58.029 58.147 58.259 58.354 58.464 58.552 58.657 58.787 58.892 58.994 59.109 59.214 59.312 59.389 59.477 59.524 59.614 59.727 59.812 59.904 60.024 60.067 60.144 60.229 60.294 60.349 60.417 60.477 60.517 60.554 60.602 60.652 60.704 60.712 60.722 60.737 60.742 60.754 60.742 60.744 60.769 60.792 60.837 60.829 60.834 60.854 60.799 60.717 61.599 62.024 60.719 60.827 60.764 60.812 60.857
56.427 56.554 56.707 56.827 56.912 57.059 57.144 57.249 57.377 57.489 57.584 57.687 57.792 57.894 57.997 58.082 58.187 58.329 58.447 58.574 58.699 58.792 58.897 58.999 59.089 59.192 59.299 59.404 59.494 59.594 59.687 59.772 59.854 59.989 60.072 60.137 60.219 60.312 60.379 60.419 60.494 60.539 60.639 60.694 60.717 60.769 60.824 60.859 60.907 60.927 60.934 60.947 60.959 60.914 60.912 60.922 60.949 60.952 60.989 60.989 60.979 60.997 60.972 60.849 61.577 63.104 61.037 60.864 60.909 60.917 61.007
56.619 56.772 56.877 57.012 57.102 57.227 57.307 57.407 57.512 57.609 57.719 57.874 57.959 58.077 58.177 58.302 58.414 58.529 58.634 58.759 58.864 58.967 59.077 59.179 59.264 59.397 59.507 59.639 59.739 59.824 59.929 60.019 60.087 60.212 60.287 60.337 60.412 60.502 60.557 60.632 60.687 60.754 60.852 60.889 60.929 60.999 61.009 61.067 61.137 61.144 61.157 61.162 61.164 61.092 61.099 61.104 61.107 61.112 61.114 61.124 61.097 61.119 61.107 61.049 61.222 62.802 61.544 60.914 60.987 61.024 61.092
56.779 56.904 57.004 57.137 57.244 57.359 57.487 57.597 57.722 57.834 57.917 58.047 58.159 58.259 58.339 58.452 58.584 58.689 58.787 58.914 59.039 59.132 59.252 59.357 59.457 59.597 59.694 59.819 59.929 60.017 60.112 60.212 60.304 60.352 60.427 60.534 60.614 60.717 60.794 60.884 60.954 61.044 61.089 61.147 61.162 61.187 61.227 61.257 61.289 61.319 61.327 61.322 61.267 61.232 61.257 61.259 61.239 61.209 61.227 61.259 61.222 61.222 61.214 61.159 61.107 62.259 61.999 60.982 61.062 61.107 61.187
56.959 57.067 57.209 57.324 57.444 57.559 57.662 57.792 57.857 57.984 58.099 58.232 58.377 58.462 58.567 58.634 58.734 58.832 58.942 59.097 59.197 59.309 59.422 59.529 59.627 59.777 59.894 59.994 60.089 60.207 60.279 60.389 60.457 60.559 60.684 60.764 60.849 60.949 61.037 61.094 61.182 61.257 61.304 61.339 61.342 61.352 61.357 61.377 61.387 61.419 61.444 61.417 61.354 61.329 61.359 61.364 61.347 61.334 61.342 61.342 61.339 61.359 61.332 61.287 61.169 62.017 62.417 61.179 61.157 61.202 61.274
57.084 57.197 57.339 57.477 57.574 57.674 57.804 57.899 57.979 58.122 58.269 58.369 58.522 58.634 58.717 58.847 58.937 59.027 59.137 59.262 59.374 59.502 59.612 59.744 59.864 59.974 60.104 60.192 60.327 60.429 60.522 60.607 60.719 60.792 60.887 60.987 61.064 61.124 61.202 61.269 61.352 61.384 61.427 61.452 61.452 61.412 61.414 61.434 61.452 61.489 61.497 61.484 61.422 61.432 61.449 61.417 61.384 61.389 61.402 61.389 61.372 61.404 61.407 61.392 61.264 61.762 62.282 61.369 61.217 61.292 61.352
57.199 57.354 57.512 57.634 57.744 57.829 57.949 58.062 58.124 58.292 58.399 58.517 58.632 58.749 58.862 58.969 59.102 59.212 59.332 59.449 59.569 59.694 59.829 59.927 60.049 60.177 60.284 60.352 60.507 60.594 60.687 60.794 60.884 60.927 60.997 61.077 61.162 61.249 61.287 61.347 61.387 61.429 61.477 61.449 61.444 61.407 61.409 61.467 61.489 61.517 61.504 61.464 61.419 61.402 61.447 61.442 61.442 61.424 61.459 61.449 61.462 61.492 61.479 61.474 61.377 61.474 62.392 61.832 61.232 61.374 61.434
