Matlab/Roost_data/braunton/dsm/ss5139_DSM_2M.asc
ncols 500
nrows 500
xllcorner    251000
yllcorner    139000
cellsize     2
NODATA_value -9999
[rows 0 to 28 of 500, columns 134 to 200 of 500]
99.216 99.386 99.566 99.739 99.881 100.031 100.154 100.281 100.401 100.544 100.664 100.824 101.011 101.154 101.339 101.544 101.749 101.934 102.134 102.349 102.556 102.766 102.956 103.154 103.359 103.549 103.716 103.901 104.089 104.241 104.421 104.604 104.781 104.954 105.116 105.329 105.496 105.701 105.881 106.016 106.224 106.366 106.546 106.744 106.934 107.061 107.236 107.389 107.574 107.744 107.934 108.114 108.286 108.469 108.646 108.846 109.016 109.194 109.384 109.586 109.764 109.976 110.181 110.361 110.574 110.769 110.966
99.399 99.571 99.741 99.904 100.074 100.216 100.329 100.454 100.574 100.686 100.851 100.999 101.161 101.326 101.489 101.684 101.876 102.076 102.284 102.474 102.679 102.869 103.081 103.286 103.471 103.639 103.819 104.006 104.196 104.359 104.529 104.704 104.894 105.054 105.236 105.414 105.601 105.784 105.971 106.126 106.296 106.476 106.651 106.854 107.019 107.179 107.344 107.481 107.674 107.861 108.026 108.201 108.381 108.564 108.744 108.919 109.114 109.296 109.489 109.681 109.869 110.064 110.236 110.449 110.654 110.836 111.051
99.599 99.781 99.941 100.116 100.269 100.369 100.529 100.616 100.749 100.889 101.014 101.149 101.331 101.451 101.664 101.839 102.009 102.251 102.456 102.629 102.816 102.991 103.191 103.384 103.544 103.779 103.951 104.126 104.296 104.451 104.624 104.814 104.986 105.171 105.361 105.501 105.674 105.881 106.069 106.244 106.396 106.564 106.739 106.939 107.099 107.294 107.426 107.606 107.776 107.964 108.134 108.301 108.496 108.666 108.854 109.024 109.221 109.411 109.571 109.779 109.959 110.146 110.359 110.536 110.736 110.934 111.141
99.811 99.991 100.169 100.309 100.454 100.581 100.711 100.809 100.911 101.061 101.184 101.336 101.451 101.634 101.804 101.964 102.149 102.359 102.556 102.749 102.926 103.124 103.311 103.506 103.674 103.846 104.059 104.236 104.411 104.576 104.761 104.926 105.114 105.274 105.446 105.631 105.801 105.966 106.141 106.299 106.501 106.661 106.841 107.026 107.204 107.396 107.579 107.714 107.891 108.086 108.256 108.436 108.594 108.774 108.966 109.129 109.326 109.489 109.666 109.861 110.069 110.244 110.476 110.641 110.821 111.051 111.249
100.051 100.209 100.361 100.511 100.646 100.774 100.894 100.999 101.086 101.234 101.331 101.476 101.639 101.794 101.956 102.126 102.321 102.509 102.709 102.894 103.059 103.244 103.446 103.604 103.791 103.961 104.176 104.331 104.519 104.696 104.856 105.031 105.229 105.379 105.549 105.739 105.911 106.056 106.226 106.409 106.581 106.766 106.946 107.126 107.309 107.474 107.689 107.861 108.014 108.194 108.359 108.536 108.714 108.901 109.089 109.269 109.456 109.604 109.796 109.974 110.169 110.384 110.561 110.746 110.931 111.136 111.301
100.289 100.436 100.591 100.719 100.871 100.971 101.079 101.204 101.301 101.406 101.524 101.664 101.779 101.946 102.101 102.306 102.471 102.644 102.811 103.011 103.211 103.379 103.559 103.721 103.931 104.114 104.279 104.469 104.634 104.814 104.971 105.151 105.319 105.486 105.659 105.831 105.999 106.179 106.339 106.521 106.711 106.886 107.059 107.251 107.426 107.594 107.796 107.991 108.171 108.306 108.491 108.656 108.826 109.001 109.191 109.389 109.546 109.731 109.934 110.106 110.294 110.486 110.676 110.849 111.034 111.219 111.389
100.501 100.664 100.796 100.926 101.059 101.174 101.279 101.384 101.484 101.594 101.706 101.834 101.961 102.126 102.289 102.451 102.611 102.796 102.971 103.164 103.336 103.511 103.699 103.876 104.054 104.251 104.396 104.591 104.754 104.951 105.084 105.269 105.439 105.604 105.789 105.949 106.111 106.266 106.441 106.624 106.839 107.016 107.194 107.361 107.534 107.716 107.901 108.096 108.271 108.446 108.596 108.769 108.979 109.121 109.311 109.486 109.666 109.869 110.036 110.206 110.404 110.584 110.781 110.964 111.146 111.309 111.506
100.729 100.864 100.991 101.151 101.261 101.374 101.471 101.571 101.684 101.796 101.906 102.004 102.171 102.294 102.441 102.614 102.789 102.939 103.111 103.286 103.484 103.646 103.826 104.031 104.209 104.376 104.541 104.719 104.881 105.031 105.231 105.394 105.566 105.734 105.899 106.049 106.234 106.409 106.566 106.746 106.909 107.104 107.299 107.479 107.666 107.839 108.021 108.191 108.394 108.569 108.731 108.916 109.079 109.256 109.429 109.606 109.801 109.976 110.139 110.339 110.524 110.694 110.884 111.071 111.236 111.421 111.654
100.921 101.084 101.209 101.349 101.454 101.549 101.671 101.784 101.874 101.971 102.084 102.199 102.336 102.494 102.616 102.769 102.931 103.104 103.276 103.451 103.634 103.804 103.999 104.179 104.361 104.519 104.684 104.856 105.001 105.189 105.361 105.509 105.684 105.856 106.019 106.194 106.359 106.529 106.701 106.879 107.051 107.241 107.416 107.619 107.786 107.969 108.171 108.299 108.509 108.701 108.859 109.036 109.184 109.389 109.544 109.721 109.911 110.101 110.274 110.466 110.649 110.824 110.999 111.176 111.346 111.561 111.749
101.141 101.289 101.426 101.556 101.656 101.764 101.879 101.996 102.071 102.179 102.281 102.416 102.511 102.661 102.804 102.936 103.091 103.281 103.451 103.611 103.779 103.964 104.156 104.329 104.491 104.674 104.841 104.999 105.156 105.321 105.501 105.666 105.819 105.994 106.166 106.331 106.479 106.669 106.821 107.014 107.199 107.371 107.566 107.709 107.916 108.089 108.274 108.429 108.619 108.806 109.019 109.176 109.301 109.489 109.669 109.859 110.049 110.201 110.394 110.556 110.761 110.969 111.126 111.316 111.476 111.656 111.824
101.339 101.496 101.641 101.761 101.856 101.954 102.066 102.199 102.286 102.369 102.501 102.604 102.711 102.846 102.986 103.114 103.284 103.429 103.611 103.794 103.954 104.141 104.304 104.486 104.664 104.811 104.996 105.159 105.311 105.501 105.659 105.811 105.971 106.151 106.301 106.484 106.626 106.799 106.971 107.149 107.319 107.509 107.699 107.866 108.056 108.221 108.399 108.566 108.736 108.934 109.126 109.306 109.449 109.611 109.789 109.971 110.141 110.319 110.519 110.701 110.904 111.056 111.236 111.396 111.589 111.749 111.904
101.556 101.704 101.826 101.931 102.069 102.184 102.276 102.384 102.464 102.574 102.709 102.829 102.906 103.041 103.194 103.304 103.436 103.601 103.776 103.941 104.114 104.294 104.451 104.639 104.824 104.986 105.134 105.316 105.474 105.656 105.804 105.961 106.139 106.299 106.431 106.614 106.779 106.946 107.124 107.296 107.451 107.646 107.831 108.016 108.179 108.349 108.519 108.709 108.864 109.074 109.239 109.414 109.581 109.736 109.909 110.081 110.274 110.461 110.639 110.821 110.996 111.164 111.331 111.511 111.704 111.841 112.039
101.746 101.876 102.024 102.186 102.259 102.361 102.486 102.581 102.689 102.811 102.906 103.024 103.121 103.246 103.364 103.486 103.634 103.781 103.939 104.114 104.311 104.476 104.626 104.794 104.991 105.169 105.304 105.479 105.624 105.799 105.966 106.106 106.301 106.451 106.614 106.774 106.926 107.109 107.286 107.419 107.609 107.774 107.954 108.141 108.326 108.489 108.669 108.849 109.014 109.189 109.371 109.526 109.741 109.886 110.049 110.214 110.379 110.564 110.749 110.914 111.109 111.259 111.424 111.611 111.779 111.939 112.211
101.961 102.114 102.214 102.331 102.454 102.571 102.681 102.796 102.906 103.021 103.106 103.216 103.341 103.439 103.571 103.699 103.829 103.954 104.124 104.294 104.469 104.616 104.799 104.959 105.149 105.314 105.466 105.644 105.816 105.951 106.136 106.294 106.451 106.606 106.759 106.924 107.091 107.264 107.421 107.621 107.749 107.916 108.099 108.281 108.461 108.644 108.809 108.984 109.139 109.299 109.459 109.639 109.819 110.024 110.164 110.314 110.501 110.664 110.864 111.014 111.189 111.324 111.466 111.636 111.774 111.931 112.069
102.169 102.296 102.414 102.556 102.661 102.774 102.889 103.004 103.119 103.236 103.331 103.456 103.566 103.676 103.776 103.896 104.029 104.166 104.304 104.464 104.631 104.779 104.946 105.136 105.301 105.466 105.631 105.819 105.986 106.146 106.309 106.466 106.606 106.756 106.944 107.089 107.241 107.396 107.554 107.726 107.886 108.066 108.234 108.401 108.564 108.739 108.929 109.096 109.246 109.409 109.571 109.731 109.926 110.116 110.269 110.421 110.564 110.766 110.919 111.069 111.201 111.354 111.489 111.624 111.784 111.946 112.076
102.419 102.509 102.646 102.766 102.899 102.979 103.109 103.231 103.319 103.419 103.541 103.656 103.764 103.886 103.996 104.106 104.241 104.366 104.499 104.656 104.804 104.969 105.116 105.294 105.456 105.641 105.804 105.989 106.144 106.324 106.466 106.631 106.804 106.964 107.076 107.246 107.396 107.554 107.721 107.969 108.081 108.211 108.371 108.521 108.666 108.856 109.039 109.196 109.379 109.541 109.671 109.829 110.006 110.159 110.336 110.536 110.634 110.791 110.936 111.104 111.239 111.374 111.521 111.626 111.796 111.951 112.111
102.624 102.751 102.881 103.009 103.104 103.201 103.329 103.444 103.544 103.644 103.771 103.906 104.001 104.096 104.236 104.321 104.441 104.571 104.756 104.844 105.001 105.159 105.311 105.496 105.639 105.796 105.974 106.126 106.326 106.496 106.621 106.801 106.959 107.119 107.264 107.426 107.584 107.724 107.884 108.146 108.234 108.346 108.466 108.629 108.806 108.961 109.139 109.286 109.461 109.624 109.764 109.884 110.046 110.191 110.364 110.529 110.666 110.814 110.971 111.114 111.271 111.411 111.581 111.744 111.879 112.091 112.416
102.884 103.009 103.116 103.229 103.389 103.441 103.551 103.661 103.766 103.871 103.989 104.136 104.229 104.354 104.469 104.551 104.669 104.781 104.879 105.034 105.186 105.339 105.481 105.646 105.806 105.964 106.151 106.321 106.479 106.644 106.789 106.944 107.111 107.266 107.404 107.561 107.706 107.856 108.009 108.161 108.296 108.431 108.591 108.731 108.884 109.051 109.209 109.379 109.529 109.711 109.859 109.984 110.091 110.241 110.366 110.541 110.704 110.829 110.979 111.144 111.294 111.494 111.744 112.094 112.516 113.049 113.454
103.146 103.259 103.374 103.466 103.589 103.674 103.806 103.891 104.026 104.129 104.251 104.359 104.454 104.601 104.684 104.786 104.924 105.011 105.146 105.249 105.401 105.544 105.656 105.816 105.974 106.141 106.294 106.456 106.611 106.776 106.939 107.086 107.259 107.404 107.554 107.694 107.816 107.994 108.119 108.269 108.389 108.546 108.679 108.836 108.981 109.159 109.299 109.451 109.614 109.736 109.904 110.029 110.159 110.316 110.431 110.589 110.766 110.881 111.071 111.239 111.639 112.131 112.451 113.119 113.481 113.441 113.456
103.391 103.514 103.596 103.716 103.826 103.929 104.046 104.169 104.296 104.391 104.484 104.599 104.716 104.831 104.931 105.051 105.129 105.236 105.376 105.476 105.591 105.714 105.854 105.989 106.139 106.254 106.424 106.579 106.734 106.909 107.059 107.229 107.366 107.534 107.666 107.809 107.949 108.091 108.229 108.374 108.504 108.646 108.814 108.931 109.081 109.224 109.379 109.526 109.684 109.851 109.969 110.101 110.274 110.709 110.911 111.181 111.514 111.324 111.539 112.164 112.606 112.984 113.206 113.219 112.884 112.586 112.529
103.674 103.751 103.856 103.976 104.076 104.174 104.306 104.411 104.519 104.626 104.756 104.859 104.969 105.046 105.169 105.259 105.349 105.449 105.569 105.669 105.769 105.894 106.016 106.136 106.266 106.389 106.551 106.706 106.849 107.014 107.161 107.334 107.489 107.666 107.791 107.951 108.074 108.219 108.361 108.501 108.626 108.764 108.906 109.039 109.186 109.374 109.536 109.951 110.096 110.479 110.904 111.314 111.841 112.081 112.266 112.361 112.556 112.684 112.471 112.731 112.874 112.519 112.261 112.136 112.129 112.221 112.426
103.919 103.996 104.079 104.184 104.311 104.456 104.559 104.679 104.804 104.886 105.009 105.124 105.221 105.299 105.401 105.509 105.591 105.681 105.781 105.876 105.976 106.049 106.199 106.294 106.421 106.519 106.651 106.829 106.966 107.144 107.286 107.454 107.639 107.769 107.934 108.051 108.184 108.336 108.449 108.929 109.046 109.161 109.616 109.829 110.274 110.791 111.289 111.626 111.684 111.794 111.896 111.839 111.859 111.851 112.004 111.744 112.001 111.856 111.854 111.779 111.749 111.739 111.821 111.936 112.179 112.534 112.881
104.229 104.279 104.364 104.469 104.594 104.719 104.824 104.941 105.034 105.144 105.229 105.381 105.466 105.571 105.646 105.721 105.809 105.886 105.994 106.066 106.144 106.246 106.349 106.461 106.559 106.704 106.804 106.951 107.076 107.256 107.414 107.589 107.819 108.059 108.291 108.584 108.919 109.474 109.809 110.294 110.206 110.334 110.504 110.629 110.881 110.989 111.126 111.066 111.099 111.139 111.111 111.074 111.006 111.129 111.194 111.279 111.301 111.299 111.399 111.501 111.584 111.804 112.181 112.524 113.104 113.221 113.436
104.499 104.584 104.671 104.721 104.884 104.949 105.061 105.191 105.279 105.366 105.491 105.584 105.694 105.799 105.844 105.956 106.036 106.109 106.171 106.259 106.339 106.434 106.514 106.609 106.706 106.819 106.951 107.106 107.404 107.701 108.109 108.619 109.036 109.339 109.634 109.939 110.076 110.244 110.254 110.249 110.211 110.256 110.209 110.264 110.239 110.264 110.384 110.464 110.529 110.531 110.574 110.631 110.706 110.764 110.901 111.014 111.141 111.349 111.519 111.756 112.041 112.449 113.071 113.246 113.254 113.054 113.189
104.791 104.861 104.946 105.024 105.086 105.196 105.319 105.436 105.516 105.614 105.714 105.814 105.949 106.016 106.106 106.176 106.251 106.306 106.366 106.436 106.489 106.559 106.696 106.831 107.186 107.729 108.039 108.309 108.731 108.964 109.216 109.306 109.331 109.456 109.344 109.479 109.479 109.474 109.499 109.541 109.611 109.604 109.679 109.774 109.824 109.919 110.014 110.111 110.199 110.349 110.421 110.564 110.746 110.964 111.121 111.396 111.829 111.931 112.236 112.751 112.806 112.704 112.801 112.911 112.966 113.081 113.149
105.001 105.106 105.201 105.281 105.344 105.444 105.546 105.634 105.744 105.859 105.936 106.021 106.131 106.201 106.264 106.374 106.414 106.544 106.609 106.856 106.896 107.756 108.121 108.501 108.729 108.946 108.926 108.811 108.819 108.806 108.794 108.859 108.891 108.896 109.001 109.056 109.119 109.139 109.221 109.281 109.374 109.469 109.581 109.706 109.826 109.931 110.139 110.284 110.501 110.834 111.121 111.469 111.806 112.089 112.296 112.461 112.216 112.271 112.379 112.451 112.566 112.676 112.754 112.859 112.939 113.041 113.121
105.189 105.316 105.411 105.499 105.574 105.666 105.766 105.876 105.989 106.071 106.151 106.244 106.286 106.346 106.451 106.609 107.159 107.966 108.461 108.744 108.671 108.584 108.661 108.529 108.564 108.484 108.406 108.516 108.516 108.604 108.604 108.626 108.709 108.764 108.834 108.944 109.056 109.159 109.346 109.509 109.724 109.844 110.074 110.314 110.541 110.986 111.279 111.536 111.664 112.041 112.151 112.061 112.091 112.026 112.071 112.116 112.204 112.296 112.369 112.434 112.544 112.631 112.746 112.861 112.969 113.089 113.164
105.359 105.474 105.579 105.664 105.769 105.844 105.941 106.049 106.149 106.231 106.319 106.409 106.559 107.296 107.874 108.351 108.616 108.479 108.541 108.451 108.226 108.126 108.069 108.214 108.214 108.261 108.299 108.361 108.401 108.489 108.576 108.751 108.899 109.144 109.386 109.581 109.809 109.989 110.194 110.459 110.624 110.894 110.926 111.004 111.084 111.249 111.389 111.526 111.579 111.584 111.674 111.754 111.826 111.949 112.014 112.114 112.199 112.296 112.389 112.476 112.589 112.691 112.786 112.901 113.006 113.106 113.219
105.494 105.594 105.681 105.781 105.901 106.001 106.094 106.219 106.354 106.756 107.164 107.331 108.076 108.351 108.364 108.321 108.024 107.881 107.936 107.936 107.946 107.946 107.961 108.041 108.116 108.236 108.446 108.581 108.901 109.171 109.531 109.836 110.029 110.259 110.396 110.384 110.371 110.484 110.479 110.514 110.566 110.676 110.714 110.814 110.931 111.049 111.164 111.271 111.379 111.489 111.606 111.749 111.886 111.979 112.066 112.159 112.269 112.349 112.429 112.551 112.634 112.749 112.891 112.989 113.071 113.174 113.281
