Matlab/Roost_data/braunton/dsm/ss5135_DSM_2M.asc
ncols 500
nrows 500
xllcorner    251000
yllcorner    135000
cellsize     2
NODATA_value -9999
[rows 256 to 287 of 500, columns 426 to 496 of 500]
87.865 87.911 87.872 87.938 87.92 87.905 87.887 87.919 87.961 87.982 88.008 88.003 87.972 88.009 88.002 88.006 88.063 88.05 88.048 88.033 88.029 88.04 88.026 88.05 88.068 88.083 88.112 88.139 88.115 88.043 87.958 87.903 87.9 88.518 88.955 88.235 87.951 88.05 88.104 88.129 88.139 88.146 88.154 88.179 88.201 88.185 88.199 88.222 88.205 88.219 88.243 88.241 88.29 88.302 88.302 88.302 88.279 88.241 88.215 88.18 88.182 88.204 88.203 88.178 88.188 88.197 88.208 88.189 88.156 88.178 88.18
87.859 87.915 87.912 87.967 87.949 87.943 87.917 88.007 88.013 88.034 88.048 88.011 88.004 88.021 88.006 88.059 88.08 88.098 88.07 88.075 88.074 88.047 88.055 88.083 88.018 88.04 88.116 88.128 88.152 88.027 87.967 87.9 87.913 88.199 89.065 88.529 87.929 88.027 88.104 88.14 88.133 88.137 88.155 88.152 88.202 88.161 88.211 88.204 88.208 88.208 88.23 88.239 88.285 88.307 88.29 88.298 88.276 88.222 88.195 88.173 88.165 88.17 88.193 88.179 88.19 88.169 88.175 88.17 88.142 88.148 88.152
87.923 88.002 87.982 88.013 87.978 88.018 88.042 88.078 88.076 88.053 88.057 88.029 88.051 88.017 88.051 88.058 88.077 88.054 88.087 88.131 88.101 88.121 88.06 88.088 88.094 88.097 88.074 88.153 88.165 88.082 87.971 87.919 87.919 88.384 88.994 88.466 87.927 87.971 88.067 88.109 88.137 88.118 88.136 88.137 88.173 88.171 88.204 88.237 88.233 88.211 88.229 88.238 88.262 88.284 88.26 88.273 88.249 88.207 88.199 88.164 88.171 88.192 88.202 88.175 88.168 88.171 88.155 88.158 88.13 88.128 88.119
88.009 88.026 87.991 88.041 88.034 88.072 88.094 88.101 88.111 88.088 88.108 88.059 88.116 88.12 88.12 88.105 88.115 88.128 88.122 88.101 88.156 88.104 88.08 88.105 88.119 88.079 88.111 88.125 88.133 88.079 87.968 87.911 87.903 88.476 89.01 88.387 87.901 87.988 88.04 88.1 88.119 88.127 88.154 88.148 88.174 88.205 88.189 88.219 88.24 88.244 88.228 88.234 88.233 88.276 88.266 88.255 88.247 88.229 88.186 88.179 88.165 88.178 88.191 88.186 88.15 88.16 88.13 88.13 88.116 88.094 88.112
88.087 88.057 88.054 88.09 88.122 88.149 88.15 88.138 88.122 88.125 88.129 88.141 88.164 88.143 88.155 88.156 88.175 88.15 88.173 88.185 88.156 88.125 88.172 88.14 88.137 88.14 88.119 88.132 88.181 88.098 88.012 87.949 87.915 88.208 89.148 88.582 87.897 87.997 88.042 88.098 88.108 88.14 88.144 88.172 88.19 88.213 88.214 88.238 88.228 88.239 88.237 88.244 88.241 88.29 88.297 88.271 88.238 88.228 88.197 88.182 88.178 88.181 88.178 88.182 88.137 88.139 88.134 88.136 88.122 88.093 88.085
88.113 88.117 88.089 88.145 88.185 88.216 88.158 88.176 88.166 88.161 88.188 88.208 88.151 88.189 88.232 88.19 88.185 88.218 88.201 88.185 88.212 88.219 88.179 88.128 88.159 88.117 88.153 88.177 88.191 88.142 88.047 88.002 87.964 88.053 88.974 88.353 87.933 87.993 88.061 88.091 88.098 88.161 88.18 88.179 88.172 88.216 88.23 88.229 88.238 88.242 88.251 88.231 88.245 88.288 88.315 88.274 88.266 88.238 88.197 88.167 88.169 88.154 88.155 88.153 88.147 88.131 88.132 88.132 88.116 88.098 88.088
88.186 88.206 88.219 88.222 88.24 88.174 88.208 88.23 88.194 88.182 88.19 88.185 88.24 88.256 88.207 88.2 88.222 88.245 88.21 88.236 88.247 88.229 88.199 88.165 88.154 88.163 88.192 88.224 88.223 88.137 88.076 88 87.966 88.304 89.039 88.478 87.878 88.009 88.086 88.118 88.122 88.174 88.195 88.205 88.198 88.221 88.232 88.217 88.239 88.257 88.263 88.264 88.268 88.284 88.311 88.296 88.268 88.246 88.232 88.161 88.149 88.143 88.143 88.128 88.166 88.168 88.131 88.104 88.129 88.121 88.089
88.259 88.255 88.262 88.242 88.253 88.272 88.284 88.222 88.256 88.246 88.246 88.281 88.285 88.282 88.248 88.27 88.289 88.254 88.239 88.265 88.26 88.264 88.234 88.203 88.179 88.213 88.221 88.271 88.28 88.222 88.142 88.042 87.996 88.156 89.101 88.671 87.92 88.023 88.124 88.148 88.148 88.175 88.202 88.231 88.242 88.231 88.26 88.253 88.27 88.259 88.294 88.298 88.284 88.298 88.354 88.335 88.308 88.264 88.248 88.173 88.178 88.169 88.175 88.177 88.179 88.169 88.131 88.135 88.138 88.126 88.077
88.332 88.351 88.322 88.277 88.309 88.253 88.294 88.326 88.3 88.308 88.322 88.324 88.279 88.291 88.3 88.297 88.311 88.301 88.285 88.32 88.308 88.279 88.279 88.256 88.246 88.243 88.281 88.317 88.291 88.267 88.189 88.085 88.052 87.928 88.947 88.724 88.048 88.025 88.143 88.182 88.166 88.193 88.23 88.237 88.245 88.236 88.263 88.268 88.29 88.281 88.336 88.322 88.316 88.294 88.34 88.334 88.292 88.262 88.264 88.223 88.216 88.197 88.18 88.19 88.195 88.197 88.176 88.129 88.136 88.123 88.093
88.448 88.375 88.351 88.355 88.293 88.269 88.304 88.353 88.375 88.392 88.396 88.376 88.353 88.34 88.368 88.392 88.367 88.366 88.36 88.353 88.361 88.358 88.323 88.288 88.287 88.286 88.303 88.343 88.311 88.289 88.239 88.125 88.071 88.203 89.093 88.535 87.978 88.108 88.155 88.21 88.209 88.225 88.249 88.242 88.262 88.258 88.279 88.301 88.319 88.327 88.333 88.357 88.332 88.327 88.33 88.354 88.32 88.283 88.272 88.258 88.22 88.22 88.219 88.213 88.22 88.231 88.21 88.146 88.133 88.15 88.12
88.399 88.399 88.402 88.347 88.367 88.381 88.384 88.42 88.428 88.412 88.396 88.41 88.412 88.442 88.447 88.453 88.438 88.444 88.413 88.421 88.446 88.417 88.382 88.348 88.317 88.33 88.311 88.373 88.372 88.323 88.313 88.182 88.113 88.239 88.963 88.82 87.985 88.103 88.192 88.24 88.232 88.244 88.262 88.253 88.292 88.288 88.3 88.325 88.313 88.343 88.341 88.373 88.358 88.357 88.353 88.353 88.352 88.336 88.309 88.291 88.258 88.26 88.238 88.231 88.243 88.265 88.243 88.226 88.187 88.193 88.176
88.454 88.45 88.43 88.455 88.46 88.456 88.488 88.507 88.456 88.457 88.477 88.52 88.515 88.515 88.505 88.523 88.518 88.491 88.507 88.467 88.499 88.472 88.447 88.411 88.384 88.408 88.379 88.433 88.426 88.384 88.357 88.258 88.179 88.112 89.214 89.143 88.141 88.147 88.209 88.266 88.262 88.262 88.28 88.277 88.313 88.313 88.317 88.353 88.344 88.365 88.386 88.389 88.383 88.411 88.405 88.383 88.387 88.406 88.362 88.299 88.301 88.27 88.28 88.283 88.27 88.265 88.277 88.217 88.212 88.224 88.186
88.511 88.501 88.514 88.513 88.531 88.545 88.567 88.547 88.568 88.573 88.587 88.584 88.59 88.589 88.576 88.578 88.579 88.551 88.563 88.523 88.529 88.546 88.519 88.472 88.487 88.444 88.434 88.485 88.451 88.436 88.355 88.279 88.253 88.174 88.944 88.765 88.139 88.17 88.242 88.292 88.311 88.335 88.329 88.318 88.343 88.361 88.364 88.384 88.373 88.383 88.395 88.42 88.428 88.457 88.452 88.432 88.421 88.399 88.372 88.349 88.305 88.305 88.309 88.292 88.289 88.317 88.28 88.257 88.223 88.205 88.193
88.574 88.586 88.552 88.547 88.593 88.578 88.6 88.615 88.635 88.633 88.656 88.639 88.626 88.644 88.655 88.616 88.602 88.599 88.594 88.583 88.577 88.574 88.536 88.504 88.499 88.482 88.49 88.494 88.533 88.475 88.411 88.344 88.283 88.32 88.927 89.092 88.065 88.189 88.291 88.314 88.342 88.359 88.37 88.366 88.36 88.418 88.401 88.404 88.399 88.418 88.418 88.427 88.467 88.448 88.463 88.444 88.423 88.409 88.363 88.325 88.31 88.288 88.305 88.313 88.298 88.33 88.294 88.296 88.237 88.213 88.185
88.674 88.654 88.654 88.629 88.606 88.629 88.668 88.661 88.66 88.692 88.703 88.676 88.675 88.718 88.679 88.67 88.659 88.644 88.66 88.642 88.626 88.626 88.608 88.564 88.559 88.553 88.54 88.527 88.581 88.521 88.484 88.426 88.359 88.291 89.045 89.27 88.242 88.224 88.314 88.353 88.367 88.389 88.403 88.389 88.379 88.403 88.43 88.406 88.411 88.416 88.428 88.442 88.468 88.453 88.477 88.431 88.426 88.409 88.376 88.344 88.323 88.306 88.292 88.297 88.321 88.322 88.293 88.27 88.247 88.203 88.187
88.715 88.7 88.707 88.702 88.696 88.749 88.712 88.734 88.752 88.764 88.772 88.778 88.752 88.742 88.75 88.744 88.721 88.724 88.717 88.709 88.692 88.688 88.656 88.647 88.664 88.633 88.602 88.61 88.636 88.573 88.502 88.438 88.391 88.354 89.003 89.328 88.31 88.261 88.332 88.385 88.369 88.418 88.408 88.383 88.384 88.398 88.451 88.42 88.421 88.421 88.439 88.444 88.456 88.467 88.463 88.465 88.438 88.399 88.376 88.336 88.329 88.298 88.274 88.303 88.305 88.301 88.292 88.282 88.239 88.207 88.192
88.799 88.769 88.776 88.819 88.831 88.827 88.79 88.829 88.845 88.855 88.858 88.884 88.851 88.851 88.851 88.867 88.839 88.838 88.82 88.796 88.805 88.769 88.77 88.73 88.729 88.713 88.656 88.672 88.688 88.613 88.537 88.471 88.443 88.409 88.626 89.225 88.275 88.29 88.327 88.391 88.372 88.396 88.392 88.389 88.385 88.393 88.413 88.413 88.421 88.424 88.428 88.428 88.444 88.465 88.455 88.453 88.404 88.42 88.375 88.341 88.317 88.299 88.286 88.279 88.295 88.305 88.298 88.265 88.243 88.194 88.199
88.835 88.849 88.888 88.886 88.859 88.861 88.876 88.865 88.893 88.913 88.91 88.923 88.919 88.915 88.916 88.898 88.892 88.89 88.88 88.867 88.855 88.833 88.809 88.783 88.763 88.767 88.705 88.703 88.705 88.635 88.585 88.49 88.469 88.421 88.412 88.382 88.267 88.314 88.351 88.408 88.392 88.426 88.399 88.392 88.388 88.389 88.399 88.411 88.409 88.42 88.413 88.442 88.462 88.479 88.476 88.464 88.44 88.407 88.383 88.327 88.32 88.285 88.287 88.281 88.305 88.321 88.302 88.263 88.254 88.216 88.196
88.838 88.878 88.847 88.859 88.856 88.85 88.867 88.869 88.906 88.909 88.937 88.95 88.934 88.902 88.921 88.943 88.898 88.908 88.891 88.882 88.881 88.854 88.834 88.819 88.793 88.767 88.729 88.711 88.703 88.641 88.583 88.513 88.47 88.43 88.451 88.401 88.298 88.318 88.353 88.408 88.417 88.423 88.407 88.382 88.397 88.383 88.4 88.4 88.398 88.408 88.404 88.414 88.448 88.475 88.465 88.454 88.435 88.406 88.381 88.35 88.313 88.296 88.296 88.287 88.304 88.313 88.322 88.311 88.278 88.249 88.223
88.826 88.824 88.823 88.841 88.83 88.827 88.862 88.877 88.875 88.894 88.921 88.918 88.921 88.922 88.921 88.916 88.889 88.908 88.916 88.908 88.88 88.863 88.82 88.809 88.785 88.777 88.731 88.7 88.716 88.662 88.585 88.515 88.486 88.485 88.638 89.394 88.401 88.334 88.372 88.395 88.422 88.41 88.4 88.384 88.401 88.409 88.403 88.393 88.41 88.418 88.434 88.396 88.422 88.455 88.447 88.424 88.423 88.419 88.368 88.347 88.315 88.303 88.295 88.3 88.294 88.298 88.32 88.325 88.293 88.283 88.258
88.796 88.792 88.796 88.817 88.811 88.837 88.856 88.855 88.864 88.891 88.927 88.926 88.945 88.923 88.931 88.933 88.906 88.919 88.925 88.915 88.882 88.877 88.846 88.813 88.779 88.774 88.708 88.685 88.7 88.66 88.614 88.515 88.476 88.485 88.408 89.439 88.497 88.351 88.358 88.383 88.418 88.424 88.442 88.399 88.412 88.436 88.394 88.389 88.412 88.416 88.432 88.406 88.432 88.452 88.455 88.455 88.448 88.399 88.383 88.35 88.338 88.306 88.305 88.307 88.308 88.333 88.318 88.322 88.319 88.287 88.244
88.751 88.786 88.775 88.805 88.825 88.821 88.848 88.87 88.858 88.881 88.903 88.913 88.911 88.907 88.919 88.934 88.922 88.912 88.911 88.9 88.875 88.875 88.849 88.781 88.756 88.751 88.716 88.669 88.67 88.655 88.597 88.523 88.49 88.446 88.53 89.249 88.683 88.314 88.378 88.398 88.41 88.44 88.434 88.41 88.408 88.439 88.42 88.408 88.422 88.419 88.434 88.418 88.447 88.455 88.46 88.445 88.449 88.424 88.406 88.363 88.332 88.314 88.315 88.342 88.32 88.352 88.324 88.341 88.326 88.291 88.265
88.729 88.748 88.756 88.764 88.785 88.81 88.821 88.852 88.851 88.863 88.883 88.89 88.894 88.89 88.888 88.897 88.909 88.902 88.894 88.884 88.883 88.856 88.811 88.779 88.759 88.757 88.701 88.656 88.652 88.644 88.576 88.533 88.464 88.469 88.604 89.371 88.87 88.286 88.341 88.416 88.444 88.433 88.426 88.432 88.418 88.437 88.43 88.419 88.418 88.444 88.433 88.45 88.449 88.469 88.489 88.476 88.456 88.414 88.414 88.394 88.372 88.357 88.308 88.334 88.333 88.331 88.335 88.329 88.362 88.313 88.301
88.681 88.716 88.704 88.717 88.743 88.776 88.79 88.813 88.828 88.848 88.857 88.878 88.889 88.874 88.869 88.862 88.891 88.893 88.898 88.866 88.859 88.854 88.8 88.764 88.75 88.733 88.675 88.645 88.632 88.622 88.551 88.513 88.452 88.444 88.379 89.521 89.32 88.3 88.35 88.402 88.437 88.44 88.418 88.421 88.408 88.419 88.436 88.425 88.416 88.44 88.436 88.457 88.474 88.496 88.491 88.488 88.457 88.437 88.425 88.395 88.384 88.387 88.341 88.357 88.36 88.333 88.35 88.346 88.339 88.324 88.304
88.64 88.668 88.711 88.691 88.721 88.761 88.76 88.771 88.798 88.795 88.819 88.844 88.848 88.875 88.871 88.871 88.867 88.88 88.862 88.84 88.823 88.847 88.818 88.753 88.734 88.698 88.67 88.63 88.628 88.609 88.533 88.494 88.449 88.425 88.338 89.009 88.909 88.343 88.335 88.405 88.428 88.431 88.425 88.422 88.425 88.417 88.423 88.439 88.413 88.435 88.433 88.445 88.476 88.486 88.489 88.496 88.48 88.44 88.415 88.402 88.384 88.368 88.347 88.361 88.379 88.345 88.36 88.358 88.322 88.324 88.307
88.59 88.64 88.684 88.654 88.69 88.737 88.757 88.771 88.803 88.806 88.841 88.831 88.857 88.868 88.859 88.839 88.849 88.861 88.85 88.83 88.809 88.84 88.818 88.744 88.715 88.705 88.687 88.625 88.64 88.61 88.516 88.466 88.412 88.385 88.404 88.924 89.158 88.263 88.313 88.372 88.427 88.421 88.407 88.414 88.417 88.41 88.412 88.444 88.419 88.412 88.442 88.429 88.454 88.445 88.472 88.478 88.503 88.473 88.433 88.409 88.384 88.367 88.364 88.334 88.355 88.326 88.335 88.348 88.35 88.31 88.293
88.565 88.619 88.619 88.634 88.677 88.71 88.732 88.738 88.769 88.805 88.823 88.815 88.875 88.874 88.853 88.829 88.86 88.867 88.858 88.856 88.811 88.824 88.816 88.753 88.7 88.695 88.672 88.648 88.594 88.596 88.528 88.462 88.378 88.357 88.333 89.15 89.244 88.356 88.304 88.36 88.412 88.397 88.398 88.39 88.387 88.365 88.377 88.411 88.434 88.391 88.413 88.402 88.416 88.437 88.463 88.489 88.47 88.442 88.436 88.403 88.384 88.376 88.367 88.336 88.365 88.351 88.347 88.358 88.361 88.314 88.28
88.528 88.532 88.564 88.614 88.63 88.668 88.697 88.704 88.754 88.792 88.779 88.819 88.806 88.831 88.833 88.829 88.819 88.835 88.837 88.837 88.793 88.794 88.782 88.743 88.699 88.671 88.635 88.603 88.596 88.555 88.462 88.425 88.358 88.307 88.279 88.91 89.307 88.454 88.28 88.339 88.382 88.364 88.369 88.357 88.357 88.36 88.359 88.358 88.368 88.368 88.408 88.414 88.416 88.424 88.445 88.464 88.463 88.43 88.412 88.398 88.373 88.355 88.342 88.345 88.337 88.338 88.346 88.359 88.347 88.313 88.268
88.454 88.466 88.493 88.546 88.593 88.589 88.621 88.651 88.691 88.726 88.718 88.724 88.744 88.776 88.782 88.781 88.795 88.796 88.78 88.798 88.767 88.773 88.758 88.706 88.671 88.617 88.605 88.56 88.542 88.494 88.439 88.377 88.304 88.265 88.226 88.485 89.349 88.332 88.217 88.301 88.33 88.323 88.312 88.318 88.314 88.323 88.333 88.34 88.368 88.366 88.36 88.397 88.401 88.43 88.41 88.429 88.439 88.43 88.394 88.383 88.342 88.319 88.307 88.33 88.34 88.319 88.328 88.344 88.337 88.297 88.253
88.398 88.415 88.432 88.478 88.519 88.536 88.572 88.599 88.625 88.66 88.646 88.683 88.674 88.733 88.728 88.732 88.713 88.743 88.748 88.716 88.729 88.708 88.698 88.649 88.634 88.57 88.567 88.537 88.489 88.452 88.397 88.365 88.264 88.224 88.195 88.525 89.384 88.226 88.19 88.237 88.254 88.271 88.287 88.294 88.275 88.273 88.262 88.275 88.351 88.339 88.333 88.352 88.363 88.383 88.363 88.373 88.418 88.403 88.36 88.36 88.315 88.297 88.298 88.307 88.319 88.32 88.31 88.308 88.284 88.269 88.246
88.304 88.339 88.357 88.387 88.439 88.478 88.507 88.533 88.548 88.572 88.593 88.61 88.622 88.649 88.686 88.658 88.661 88.674 88.681 88.653 88.638 88.635 88.623 88.59 88.582 88.515 88.48 88.424 88.414 88.392 88.352 88.245 88.213 88.16 88.127 88.501 89.152 88.394 88.098 88.197 88.209 88.207 88.231 88.246 88.243 88.24 88.233 88.252 88.273 88.29 88.269 88.305 88.343 88.339 88.355 88.353 88.412 88.373 88.323 88.315 88.305 88.283 88.283 88.275 88.284 88.275 88.278 88.274 88.256 88.245 88.22
88.216 88.238 88.252 88.301 88.345 88.385 88.42 88.452 88.473 88.486 88.519 88.536 88.545 88.57 88.6 88.578 88.584 88.574 88.6 88.581 88.568 88.553 88.531 88.523 88.487 88.459 88.391 88.376 88.32 88.325 88.286 88.2 88.135 88.095 88.055 88.254 89.306 88.525 88.004 88.122 88.168 88.173 88.176 88.182 88.173 88.184 88.189 88.206 88.23 88.249 88.241 88.254 88.307 88.295 88.321 88.337 88.35 88.338 88.31 88.282 88.276 88.245 88.256 88.248 88.249 88.244 88.275 88.242 88.213 88.184 88.173
