Matlab/Roost_data/braunton/dsm/ss5136_DSM_2M.asc
ncols 500
nrows 500
xllcorner    251000
yllcorner    136000
cellsize     2
NODATA_value -9999
[rows 192 to 223 of 500, columns 71 to 141 of 500]
106.474 106.749 107.002 107.277 107.502 107.719 107.922 108.152 108.337 108.557 108.772 108.944 109.107 109.287 109.462 109.637 109.809 109.959 110.094 110.224 110.357 110.459 110.589 110.692 110.809 110.894 111.002 111.107 111.214 111.282 111.392 111.442 111.487 111.514 111.539 111.579 111.624 111.652 111.652 111.649 111.634 111.582 111.547 111.514 111.472 111.437 111.414 111.397 111.377 111.362 111.354 111.309 111.289 111.249 111.224 111.224 111.182 111.162 111.124 111.084 111.054 111.037 110.992 110.959 110.957 110.939 110.927 110.907 110.884 110.894 110.909
106.424 106.687 106.932 107.182 107.414 107.649 107.869 108.082 108.239 108.452 108.672 108.867 109.007 109.209 109.342 109.517 109.657 109.837 109.959 110.087 110.202 110.317 110.424 110.529 110.642 110.724 110.809 110.924 110.999 111.077 111.144 111.232 111.237 111.282 111.332 111.342 111.367 111.392 111.409 111.377 111.352 111.329 111.289 111.249 111.234 111.189 111.164 111.144 111.137 111.129 111.112 111.092 111.054 111.014 110.999 110.982 110.937 110.907 110.872 110.854 110.817 110.782 110.757 110.749 110.754 110.727 110.682 110.667 110.677 110.682 110.707
106.344 106.607 106.844 107.079 107.307 107.537 107.772 107.967 108.154 108.347 108.557 108.747 108.922 109.074 109.239 109.384 109.542 109.694 109.814 109.952 110.072 110.149 110.252 110.354 110.462 110.552 110.634 110.727 110.794 110.862 110.922 110.974 111.007 111.024 111.069 111.107 111.112 111.109 111.117 111.092 111.084 111.047 111.019 110.979 110.979 110.944 110.937 110.909 110.884 110.887 110.857 110.834 110.802 110.772 110.782 110.747 110.687 110.674 110.657 110.619 110.597 110.567 110.537 110.509 110.522 110.489 110.457 110.467 110.454 110.464 110.499
106.259 106.497 106.757 106.974 107.194 107.422 107.634 107.817 108.037 108.247 108.452 108.597 108.782 108.914 109.092 109.237 109.382 109.519 109.652 109.779 109.884 109.984 110.084 110.172 110.274 110.347 110.417 110.517 110.562 110.624 110.689 110.719 110.762 110.777 110.804 110.832 110.867 110.857 110.837 110.824 110.809 110.802 110.774 110.732 110.732 110.719 110.682 110.679 110.647 110.647 110.624 110.602 110.569 110.554 110.544 110.482 110.502 110.464 110.427 110.362 110.374 110.347 110.309 110.282 110.279 110.279 110.237 110.237 110.224 110.249 110.252
106.174 106.419 106.657 106.874 107.077 107.307 107.507 107.704 107.909 108.107 108.297 108.452 108.632 108.769 108.932 109.082 109.187 109.334 109.477 109.609 109.699 109.812 109.889 109.979 110.067 110.159 110.219 110.272 110.352 110.397 110.437 110.459 110.494 110.514 110.569 110.584 110.589 110.602 110.572 110.564 110.542 110.534 110.522 110.487 110.474 110.457 110.467 110.442 110.422 110.407 110.377 110.337 110.332 110.317 110.304 110.264 110.262 110.254 110.182 110.157 110.124 110.092 110.072 110.064 110.077 110.029 110.014 110.014 110.012 110.032 110.067
106.074 106.327 106.534 106.752 106.989 107.192 107.382 107.557 107.754 107.959 108.129 108.274 108.462 108.624 108.767 108.902 109.054 109.187 109.309 109.437 109.504 109.629 109.702 109.779 109.842 109.942 109.994 110.044 110.104 110.169 110.204 110.247 110.249 110.294 110.329 110.347 110.349 110.329 110.349 110.322 110.319 110.309 110.282 110.274 110.232 110.229 110.204 110.184 110.177 110.177 110.137 110.124 110.099 110.077 110.057 110.029 110.022 109.992 109.962 109.909 109.894 109.887 109.864 109.854 109.842 109.794 109.762 109.792 109.784 109.822 109.844
105.959 106.187 106.422 106.632 106.834 107.037 107.224 107.407 107.629 107.789 107.977 108.139 108.299 108.452 108.612 108.732 108.844 108.987 109.102 109.224 109.347 109.414 109.479 109.584 109.664 109.727 109.814 109.839 109.902 109.937 109.967 110.012 110.042 110.077 110.082 110.107 110.097 110.104 110.079 110.079 110.069 110.067 110.032 110.022 110.009 109.987 109.997 109.972 109.952 109.927 109.904 109.894 109.859 109.837 109.832 109.807 109.817 109.749 109.747 109.697 109.654 109.642 109.607 109.624 109.592 109.577 109.547 109.559 109.582 109.604 109.607
105.802 106.039 106.262 106.454 106.687 106.864 107.089 107.267 107.449 107.622 107.787 107.972 108.109 108.242 108.409 108.544 108.654 108.804 108.919 109.029 109.154 109.217 109.282 109.377 109.459 109.509 109.567 109.619 109.679 109.702 109.772 109.774 109.802 109.829 109.859 109.859 109.849 109.859 109.844 109.862 109.852 109.844 109.807 109.787 109.747 109.772 109.757 109.764 109.722 109.714 109.672 109.669 109.664 109.642 109.604 109.569 109.562 109.524 109.477 109.449 109.402 109.392 109.367 109.379 109.339 109.322 109.292 109.307 109.334 109.362 109.372
105.672 105.887 106.089 106.297 106.509 106.702 106.884 107.059 107.242 107.427 107.569 107.732 107.909 108.044 108.207 108.342 108.459 108.587 108.702 108.817 108.924 109.014 109.072 109.172 109.232 109.289 109.344 109.379 109.449 109.497 109.527 109.529 109.582 109.609 109.619 109.639 109.617 109.649 109.629 109.654 109.624 109.609 109.604 109.579 109.539 109.537 109.514 109.497 109.482 109.464 109.442 109.447 109.422 109.394 109.367 109.354 109.319 109.264 109.207 109.197 109.157 109.124 109.112 109.112 109.109 109.077 109.074 109.082 109.104 109.119 109.139
105.487 105.732 105.904 106.102 106.319 106.504 106.669 106.864 107.029 107.202 107.364 107.527 107.679 107.817 107.979 108.109 108.229 108.352 108.484 108.599 108.687 108.787 108.847 108.944 109.014 109.049 109.129 109.169 109.217 109.277 109.307 109.319 109.332 109.369 109.374 109.402 109.417 109.389 109.404 109.414 109.397 109.372 109.372 109.347 109.322 109.299 109.287 109.267 109.262 109.232 109.222 109.209 109.184 109.159 109.142 109.092 109.074 109.012 108.974 108.914 108.909 108.882 108.852 108.872 108.847 108.839 108.829 108.829 108.854 108.889 108.904
105.324 105.527 105.724 105.904 106.104 106.304 106.447 106.624 106.822 106.959 107.144 107.277 107.437 107.587 107.722 107.839 107.989 108.127 108.239 108.357 108.452 108.547 108.637 108.699 108.769 108.817 108.874 108.949 108.984 109.037 109.072 109.079 109.104 109.129 109.139 109.162 109.172 109.194 109.177 109.157 109.157 109.152 109.127 109.104 109.114 109.072 109.064 109.024 109.022 109.009 108.994 108.964 108.934 108.912 108.884 108.829 108.822 108.782 108.722 108.664 108.664 108.614 108.582 108.587 108.602 108.592 108.557 108.574 108.617 108.642 108.664
105.137 105.317 105.499 105.697 105.864 106.057 106.212 106.392 106.557 106.727 106.877 107.022 107.189 107.349 107.497 107.624 107.762 107.884 108.019 108.099 108.204 108.294 108.382 108.464 108.534 108.602 108.664 108.709 108.739 108.774 108.797 108.829 108.867 108.879 108.909 108.914 108.932 108.939 108.937 108.907 108.909 108.922 108.907 108.872 108.867 108.839 108.827 108.789 108.774 108.754 108.742 108.744 108.677 108.659 108.619 108.599 108.564 108.499 108.452 108.429 108.402 108.359 108.344 108.322 108.322 108.309 108.309 108.327 108.357 108.402 108.402
104.899 105.082 105.299 105.479 105.639 105.837 105.979 106.137 106.314 106.474 106.629 106.794 106.934 107.074 107.234 107.374 107.517 107.634 107.744 107.834 107.932 108.029 108.094 108.194 108.279 108.349 108.377 108.464 108.472 108.502 108.549 108.572 108.609 108.637 108.642 108.657 108.679 108.682 108.682 108.684 108.682 108.664 108.654 108.642 108.642 108.609 108.569 108.549 108.547 108.522 108.492 108.479 108.427 108.414 108.379 108.349 108.289 108.247 108.212 108.147 108.112 108.054 108.039 108.039 108.044 108.039 108.037 108.064 108.087 108.139 108.139
104.652 104.859 105.052 105.209 105.379 105.554 105.712 105.902 106.084 106.212 106.349 106.537 106.692 106.842 106.987 107.099 107.264 107.354 107.479 107.574 107.667 107.764 107.834 107.912 107.997 108.047 108.117 108.204 108.229 108.254 108.299 108.329 108.359 108.362 108.389 108.429 108.427 108.412 108.442 108.447 108.427 108.409 108.392 108.382 108.369 108.339 108.324 108.304 108.294 108.257 108.234 108.204 108.164 108.129 108.104 108.074 108.012 107.974 107.934 107.882 107.824 107.817 107.772 107.769 107.754 107.749 107.734 107.792 107.829 107.869 107.879
104.434 104.632 104.809 104.974 105.134 105.317 105.492 105.662 105.819 105.967 106.117 106.242 106.422 106.569 106.704 106.837 106.969 107.107 107.199 107.279 107.389 107.492 107.549 107.599 107.714 107.794 107.854 107.914 107.939 107.969 107.987 108.037 108.064 108.087 108.124 108.144 108.139 108.152 108.169 108.169 108.177 108.124 108.124 108.107 108.094 108.089 108.074 108.037 108.009 107.992 107.972 107.924 107.892 107.852 107.807 107.749 107.734 107.677 107.624 107.589 107.547 107.514 107.502 107.502 107.487 107.487 107.484 107.517 107.554 107.599 107.619
104.187 104.384 104.559 104.732 104.887 105.074 105.237 105.399 105.547 105.694 105.842 106.019 106.142 106.294 106.427 106.537 106.684 106.799 106.894 106.997 107.094 107.184 107.262 107.342 107.409 107.484 107.544 107.584 107.634 107.692 107.699 107.744 107.767 107.802 107.837 107.834 107.849 107.877 107.894 107.904 107.894 107.864 107.859 107.864 107.837 107.819 107.784 107.762 107.754 107.727 107.684 107.639 107.612 107.577 107.522 107.469 107.442 107.374 107.329 107.287 107.239 107.244 107.224 107.202 107.187 107.199 107.217 107.234 107.282 107.312 107.322
103.917 104.112 104.289 104.477 104.639 104.812 104.967 105.124 105.289 105.422 105.584 105.717 105.889 106.019 106.142 106.279 106.394 106.492 106.599 106.689 106.774 106.862 106.947 107.062 107.127 107.194 107.259 107.284 107.339 107.369 107.384 107.429 107.469 107.524 107.524 107.539 107.557 107.547 107.572 107.574 107.572 107.582 107.567 107.562 107.549 107.519 107.507 107.497 107.464 107.442 107.404 107.337 107.299 107.292 107.212 107.177 107.157 107.072 107.014 106.974 106.959 106.947 106.929 106.922 106.892 106.897 106.909 106.954 107.012 107.032 107.067
103.647 103.839 104.019 104.204 104.397 104.527 104.699 104.862 105.044 105.159 105.299 105.454 105.592 105.699 105.867 105.992 106.107 106.189 106.309 106.384 106.492 106.564 106.642 106.729 106.802 106.849 106.927 106.984 107.009 107.017 107.084 107.092 107.137 107.169 107.192 107.214 107.234 107.252 107.247 107.252 107.269 107.262 107.267 107.259 107.252 107.252 107.234 107.182 107.169 107.137 107.087 107.049 107.009 106.957 106.912 106.902 106.827 106.774 106.724 106.682 106.652 106.634 106.634 106.614 106.587 106.597 106.634 106.674 106.717 106.732 106.762
103.369 103.562 103.754 103.929 104.094 104.257 104.432 104.594 104.729 104.912 105.034 105.189 105.327 105.454 105.582 105.689 105.787 105.902 106.004 106.099 106.167 106.259 106.342 106.412 106.489 106.542 106.589 106.662 106.677 106.704 106.752 106.792 106.819 106.867 106.882 106.912 106.924 106.937 106.929 106.914 106.959 106.964 106.972 106.962 106.937 106.919 106.929 106.877 106.844 106.817 106.779 106.732 106.692 106.644 106.589 106.567 106.509 106.462 106.402 106.364 106.329 106.344 106.329 106.289 106.307 106.307 106.327 106.379 106.427 106.442 106.494
103.119 103.294 103.477 103.637 103.827 104.004 104.152 104.329 104.467 104.587 104.742 104.869 105.027 105.152 105.262 105.384 105.484 105.589 105.692 105.782 105.862 105.957 106.034 106.127 106.162 106.212 106.277 106.304 106.364 106.389 106.422 106.462 106.484 106.504 106.562 106.584 106.584 106.597 106.587 106.607 106.617 106.629 106.649 106.604 106.612 106.617 106.599 106.569 106.552 106.504 106.447 106.419 106.392 106.322 106.282 106.224 106.169 106.132 106.099 106.067 106.042 106.024 106.019 106.017 106.022 106.009 106.049 106.089 106.144 106.142 106.222
102.834 103.054 103.214 103.404 103.572 103.719 103.869 104.019 104.182 104.324 104.462 104.599 104.724 104.854 104.952 105.059 105.179 105.257 105.372 105.454 105.579 105.649 105.727 105.782 105.857 105.887 105.954 105.989 106.047 106.064 106.122 106.147 106.169 106.174 106.227 106.257 106.242 106.262 106.274 106.284 106.309 106.284 106.319 106.284 106.304 106.277 106.267 106.249 106.227 106.189 106.149 106.072 106.057 106.024 105.979 105.922 105.857 105.817 105.767 105.769 105.762 105.754 105.707 105.702 105.714 105.732 105.764 105.809 105.834 105.864 105.922
102.572 102.767 102.949 103.094 103.269 103.412 103.564 103.714 103.844 104.002 104.134 104.297 104.417 104.524 104.657 104.752 104.864 104.964 105.074 105.144 105.249 105.334 105.394 105.449 105.507 105.564 105.622 105.674 105.714 105.737 105.799 105.829 105.849 105.874 105.902 105.944 105.927 105.942 105.957 105.964 105.967 105.984 106.004 106.002 105.999 105.979 105.959 105.919 105.889 105.852 105.804 105.772 105.747 105.692 105.639 105.602 105.524 105.499 105.452 105.429 105.427 105.424 105.417 105.397 105.414 105.419 105.469 105.524 105.512 105.554 105.634
102.249 102.462 102.632 102.779 102.947 103.102 103.259 103.407 103.547 103.687 103.842 103.949 104.069 104.184 104.309 104.429 104.539 104.622 104.737 104.827 104.922 105.019 105.057 105.137 105.197 105.249 105.294 105.324 105.354 105.404 105.442 105.497 105.522 105.529 105.552 105.594 105.612 105.642 105.639 105.657 105.677 105.682 105.704 105.682 105.662 105.662 105.627 105.607 105.564 105.532 105.507 105.479 105.414 105.384 105.327 105.262 105.214 105.184 105.164 105.132 105.119 105.112 105.124 105.104 105.112 105.149 105.194 105.232 105.222 105.252 105.337
102.272 102.354 102.567 102.507 102.644 102.764 102.937 103.077 103.207 103.384 103.479 103.604 103.739 103.842 103.944 104.069 104.177 104.297 104.389 104.474 104.564 104.664 104.732 104.799 104.872 104.899 104.974 105.022 105.062 105.102 105.139 105.174 105.192 105.224 105.229 105.247 105.272 105.309 105.322 105.344 105.374 105.384 105.377 105.367 105.367 105.334 105.337 105.307 105.277 105.247 105.192 105.182 105.119 105.067 105.034 104.989 104.944 104.917 104.857 104.849 104.834 104.799 104.832 104.812 104.839 104.859 104.904 104.932 104.939 104.989 105.012
101.572 101.792 102.232 102.539 102.624 102.689 102.979 103.077 103.062 103.082 103.184 103.289 103.377 103.502 103.614 103.734 103.847 103.914 104.022 104.119 104.209 104.274 104.359 104.417 104.489 104.564 104.624 104.672 104.697 104.764 104.769 104.807 104.857 104.869 104.894 104.924 104.967 104.967 105.022 105.029 105.047 105.054 105.049 105.029 105.019 105.009 105.027 105.007 104.967 104.944 104.899 104.857 104.834 104.789 104.754 104.702 104.674 104.644 104.607 104.577 104.559 104.559 104.577 104.552 104.564 104.609 104.629 104.662 104.682 104.722 104.734
101.164 101.282 101.444 101.589 101.737 101.874 102.012 102.174 102.437 102.667 102.882 103.054 103.217 103.257 103.484 103.527 103.542 103.629 103.689 103.762 103.847 103.954 104.004 104.057 104.139 104.192 104.249 104.309 104.339 104.377 104.419 104.454 104.499 104.537 104.552 104.594 104.619 104.652 104.694 104.689 104.734 104.724 104.724 104.724 104.747 104.722 104.707 104.692 104.654 104.617 104.569 104.534 104.517 104.479 104.439 104.402 104.364 104.354 104.339 104.314 104.329 104.292 104.334 104.332 104.327 104.354 104.387 104.397 104.447 104.477 104.464
100.727 100.869 100.989 101.137 101.264 101.379 101.507 101.669 101.819 101.974 102.102 102.217 102.344 102.524 102.747 103.102 103.294 103.654 103.762 103.707 103.784 103.759 103.744 103.727 103.802 103.839 103.902 103.944 103.994 104.034 104.054 104.094 104.134 104.164 104.167 104.234 104.257 104.312 104.344 104.384 104.384 104.407 104.407 104.414 104.422 104.402 104.407 104.387 104.354 104.327 104.297 104.244 104.189 104.159 104.117 104.084 104.079 104.054 104.034 104.022 104.072 104.049 104.054 104.087 104.069 104.112 104.144 104.177 104.222 104.234 104.207
100.317 100.452 100.572 100.667 100.787 100.897 100.997 101.182 101.314 101.439 101.564 101.739 101.887 102.022 102.152 102.267 102.409 102.524 102.654 102.802 103.057 103.377 103.469 103.559 103.939 103.949 103.917 103.802 103.672 103.692 103.734 103.754 103.764 103.794 103.844 103.887 103.937 103.964 104.004 104.027 104.052 104.099 104.087 104.072 104.097 104.089 104.059 104.049 104.012 103.994 103.947 103.929 103.902 103.879 103.837 103.852 103.797 103.787 103.784 103.774 103.784 103.767 103.772 103.799 103.809 103.849 103.884 103.904 103.974 103.977 103.954
99.832 99.942 100.072 100.184 100.289 100.397 100.542 100.694 100.854 100.992 101.134 101.254 101.427 101.549 101.679 101.799 101.919 102.034 102.167 102.299 102.422 102.514 102.602 102.684 102.734 102.869 102.849 103.047 103.204 103.412 103.527 103.624 103.602 103.554 103.702 103.569 103.677 103.617 103.647 103.694 103.722 103.752 103.774 103.774 103.774 103.757 103.722 103.699 103.679 103.659 103.632 103.582 103.569 103.549 103.534 103.547 103.532 103.522 103.532 103.534 103.537 103.519 103.539 103.554 103.564 103.589 103.624 103.659 103.682 103.737 103.732
99.337 99.462 99.599 99.697 99.827 99.937 100.074 100.212 100.359 100.512 100.692 100.832 100.987 101.102 101.232 101.357 101.474 101.577 101.689 101.814 101.914 102.007 102.124 102.224 102.287 102.352 102.409 102.447 102.494 102.577 102.689 102.769 102.754 102.874 102.994 103.267 103.464 103.407 103.494 103.517 103.512 103.454 103.422 103.454 103.457 103.434 103.409 103.397 103.374 103.322 103.307 103.254 103.224 103.212 103.202 103.207 103.187 103.194 103.212 103.222 103.232 103.242 103.259 103.287 103.304 103.347 103.377 103.404 103.452 103.497 103.524
98.882 99.002 99.134 99.249 99.359 99.474 99.594 99.734 99.869 100.042 100.189 100.354 100.489 100.627 100.754 100.892 100.997 101.104 101.209 101.339 101.472 101.567 101.684 101.782 101.872 101.929 101.994 102.042 102.089 102.162 102.247 102.302 102.319 102.359 102.379 102.452 102.537 102.617 102.682 102.752 102.879 103.062 103.307 103.377 103.377 103.464 103.447 103.154 103.079 103.037 103.002 102.942 102.929 102.907 102.902 102.902 102.899 102.902 102.934 102.919 102.934 102.957 102.982 103.032 103.057 103.094 103.104 103.157 103.167 103.207 103.294
98.454 98.562 98.682 98.789 98.897 99.019 99.159 99.267 99.397 99.542 99.712 99.849 99.984 100.112 100.274 100.399 100.512 100.617 100.759 100.847 100.984 101.102 101.224 101.332 101.439 101.539 101.627 101.694 101.742 101.824 101.889 101.909 101.917 101.944 101.969 102.034 102.092 102.177 102.227 102.284 102.329 102.367 102.434 102.474 102.479 102.529 102.799 102.832 102.817 102.809 102.852 102.834 102.882 102.824 102.627 102.587 102.579 102.599 102.604 102.624 102.657 102.724 102.749 102.754 102.804 102.842 102.892 102.899 102.939 102.989 103.047
