Matlab/Roost_data/braunton/dsm/ss5140_DSM_2M.asc
ncols 500
nrows 500
xllcorner    251000
yllcorner    140000
cellsize     2
NODATA_value -9999
[rows 90 to 119 of 500, columns 335 to 401 of 500]
136.921 136.754 136.469 136.234 136.006 135.834 135.559 135.279 135.021 134.736 134.416 134.116 133.846 133.514 133.224 132.956 132.711 132.436 132.139 131.771 131.406 131.029 130.664 130.379 130.136 131.021 129.746 129.261 129.176 128.904 129.584 128.584 128.536 128.489 128.759 129.146 128.891 128.514 128.171 127.896 127.614 127.534 127.249 127.069 126.889 126.711 126.761 126.454 126.386 126.516 126.411 126.289 126.216 126.186 126.141 126.141 126.221 126.114 126.141 126.116 126.091 126.021 126.119 126.049 126.516 127.186 126.386
136.504 136.271 135.959 135.756 135.486 135.269 135.074 134.749 134.471 134.164 133.891 133.599 133.274 132.936 132.664 132.399 132.191 131.944 131.611 131.229 130.869 130.509 130.156 129.856 129.641 130.034 129.281 128.914 128.596 128.404 128.619 128.534 128.294 127.826 127.691 127.526 127.471 127.411 127.776 128.006 127.759 127.196 127.096 126.921 126.704 126.494 126.416 126.399 126.294 126.309 126.189 126.159 126.101 126.086 126.074 126.066 126.066 126.036 126.029 126.044 126.034 125.996 125.984 126.016 126.056 126.164 126.204
136.036 135.774 135.511 135.281 135.024 134.779 134.511 134.224 133.961 133.621 133.329 132.986 132.629 132.266 132.011 131.754 131.541 131.306 130.999 130.669 130.326 129.996 129.624 129.331 129.134 129.011 129.129 128.506 128.381 129.351 129.484 129.014 127.669 127.266 127.124 127.026 126.914 126.781 126.716 126.624 126.416 126.326 126.346 126.254 126.149 126.159 126.124 126.064 126.014 126.009 125.951 125.981 125.966 125.966 125.929 125.989 125.969 125.959 125.931 125.951 125.944 125.906 125.909 126.019 126.279 126.469 126.239
135.556 135.294 135.041 134.821 134.554 134.299 134.034 133.734 133.456 133.086 132.739 132.351 131.969 131.619 131.261 131.016 130.849 130.604 130.354 130.066 129.761 129.441 129.099 128.869 128.696 130.274 128.671 128.101 128.971 128.689 129.441 127.684 127.231 126.879 126.859 126.681 126.611 126.499 126.356 126.299 126.204 126.124 125.999 125.904 125.769 125.854 125.774 125.716 125.741 125.704 125.726 125.779 125.686 125.569 125.434 125.124 125.009 125.534 125.824 125.991 125.969 125.866 125.866 125.979 125.956 125.939 125.964
134.999 134.794 134.591 134.331 134.044 133.846 133.549 133.299 132.979 132.586 132.171 131.721 131.276 130.931 130.581 130.301 130.074 129.906 129.706 129.461 129.229 128.879 128.604 128.431 128.839 129.354 129.294 129.364 127.746 127.471 127.209 126.886 126.781 126.571 126.676 126.549 126.291 126.176 126.029 126.946 126.016 125.539 125.396 125.289 125.246 125.181 125.241 125.351 125.426 125.411 125.329 125.159 124.871 124.459 123.844 123.551 123.771 124.464 125.461 125.689 125.744 125.841 125.971 126.139 125.859 125.856 126.056
134.546 134.319 134.059 133.786 133.546 133.331 133.039 132.829 132.504 132.106 131.641 131.184 130.701 130.281 129.879 129.589 129.351 129.216 129.059 128.919 128.721 128.399 128.159 127.994 127.829 127.759 127.701 127.589 127.279 126.876 126.656 126.524 126.451 126.266 126.126 126.446 125.819 125.744 125.574 125.494 125.246 125.189 125.141 125.079 125.004 124.939 124.861 124.999 125.071 124.886 124.386 123.854 123.329 122.991 122.869 122.874 123.149 123.949 125.076 128.311 126.484 125.781 126.174 126.289 125.729 125.804 125.466
133.979 133.666 133.466 133.226 132.996 132.786 132.609 132.389 132.091 131.659 131.219 130.734 130.199 129.709 129.279 128.969 128.746 128.586 128.469 128.326 128.144 127.916 127.741 127.574 127.421 127.261 127.274 127.784 126.771 126.521 126.514 126.201 126.089 125.924 125.751 125.639 125.534 125.416 125.264 125.121 125.066 125.031 124.864 124.506 124.631 124.414 124.319 124.419 124.586 124.264 123.464 123.066 122.789 122.566 122.419 122.364 122.451 123.176 124.561 128.544 126.714 125.604 125.784 125.809 125.544 125.401 124.381
133.374 133.081 132.909 132.714 132.511 132.354 132.176 131.959 131.586 131.161 130.756 130.241 129.694 129.169 128.766 128.461 128.241 128.056 127.894 127.756 127.594 127.459 127.304 127.139 126.956 126.829 126.716 126.916 126.406 126.176 126.041 125.919 125.689 125.524 125.374 125.276 125.219 125.236 125.161 125.041 124.949 124.914 124.769 124.481 124.566 123.946 123.766 123.416 123.134 123.301 123.461 122.666 122.406 122.526 122.066 121.861 121.794 122.484 124.291 124.739 125.169 125.309 125.369 125.246 124.804 123.899 122.994
132.744 132.501 132.374 132.159 132.066 131.906 131.651 131.311 131.051 130.709 130.224 129.769 129.186 128.649 128.264 127.989 127.756 127.564 127.381 127.219 127.126 127.001 126.826 126.714 126.581 126.456 126.366 126.889 126.216 125.796 125.674 125.571 125.224 125.079 125.056 124.966 125.029 125.084 125.016 124.934 125.026 125.461 124.569 123.884 123.521 123.261 123.216 122.966 122.781 122.741 122.994 122.334 121.984 121.836 121.596 121.434 121.336 122.126 122.529 123.539 123.989 124.791 124.384 123.719 123.029 122.349 121.759
132.191 131.969 131.816 131.594 131.526 131.301 131.011 130.746 130.524 130.234 129.786 129.229 128.646 128.141 127.776 127.534 127.296 127.096 126.901 126.781 126.674 126.546 126.441 126.321 126.206 126.086 125.996 126.079 126.149 125.449 125.254 125.089 124.949 124.924 124.914 124.796 124.894 124.916 124.851 124.871 125.154 124.484 123.344 123.091 122.999 122.909 122.741 122.541 122.389 122.171 122.136 122.109 121.574 121.376 121.126 120.939 121.171 120.791 121.174 121.706 122.384 123.851 122.906 122.029 121.576 121.056 120.666
131.689 131.486 131.271 130.989 130.884 130.561 130.384 130.211 130.314 129.964 129.259 128.609 128.101 127.656 127.439 127.066 126.869 126.694 126.504 126.339 126.211 126.116 126.039 125.896 125.811 125.709 125.611 125.564 125.716 125.059 124.881 124.829 124.714 124.711 125.036 124.806 124.806 124.909 124.716 123.961 123.584 123.096 122.961 122.811 122.669 122.476 122.321 122.156 121.926 121.671 121.469 122.214 121.419 120.859 120.641 120.504 120.386 120.329 120.139 120.496 120.876 123.009 121.321 120.779 120.489 120.194 119.746
131.236 130.996 130.719 130.446 130.314 130.036 129.784 129.686 129.246 129.356 128.431 127.984 127.491 127.269 126.946 126.706 126.471 126.279 126.114 125.951 125.831 125.709 125.626 125.501 125.424 125.321 125.214 125.076 125.564 125.041 124.576 124.519 124.504 124.769 125.171 125.059 125.059 123.814 123.361 123.141 122.944 122.769 122.599 122.399 122.229 122.039 121.841 121.664 121.439 121.214 121.011 121.491 121.236 120.489 120.249 120.119 119.954 119.884 119.679 119.799 120.116 120.214 119.584 119.446 119.336 119.161 119.089
130.721 130.486 130.214 129.899 129.729 129.466 129.191 128.876 128.521 128.111 127.701 127.526 127.029 128.594 126.611 126.284 126.029 125.864 125.706 125.521 125.431 125.311 125.209 125.139 125.039 124.939 124.791 124.644 124.781 124.694 124.321 124.406 124.614 125.169 124.511 124.041 123.326 123.144 122.976 122.814 122.594 122.426 122.194 121.994 121.789 121.566 121.364 121.184 120.971 120.786 120.576 120.326 120.444 120.169 119.851 119.769 119.584 119.529 119.501 119.389 119.306 118.851 118.961 118.776 118.809 118.681 118.714
130.249 129.986 129.676 129.411 129.171 128.814 128.476 128.114 127.791 127.364 127.089 126.786 126.736 127.501 126.669 125.926 125.594 125.379 125.254 125.186 125.084 125.001 124.879 124.769 124.646 124.539 124.441 124.256 124.206 124.951 124.524 124.789 124.274 123.604 123.339 123.106 122.971 122.796 122.609 122.444 122.259 122.034 121.784 121.601 121.361 121.131 120.944 120.759 120.559 120.331 120.106 119.854 119.689 119.894 119.561 119.429 119.414 119.314 118.819 118.559 118.401 118.396 118.356 118.409 118.371 118.309 118.311
129.769 129.506 129.189 128.911 128.624 128.221 127.854 127.456 127.014 126.669 126.399 126.239 126.019 125.954 125.514 125.271 125.179 124.964 124.999 124.849 124.741 124.631 124.494 124.419 124.311 124.246 124.086 123.861 123.841 124.296 123.801 123.449 123.189 123.049 122.899 122.759 122.579 122.414 122.256 122.049 121.844 121.646 121.409 121.186 120.941 120.731 120.536 120.329 120.106 119.884 119.654 119.391 119.159 119.574 119.544 119.041 118.674 118.521 118.109 118.094 118.031 117.996 117.934 117.974 117.906 118.006 117.914
129.274 129.089 128.746 128.481 128.144 127.741 127.276 126.869 126.466 126.116 125.916 125.601 125.464 125.381 125.091 125.024 124.766 124.629 124.524 124.449 124.386 124.264 124.226 124.126 124.006 124.179 123.941 124.201 123.351 123.221 123.124 122.994 122.854 122.721 122.541 122.371 122.206 122.021 121.836 121.651 121.426 121.196 120.979 120.754 120.501 120.299 120.099 119.896 119.694 119.426 119.201 119.021 118.741 118.564 118.876 118.191 117.954 117.844 117.804 117.719 117.639 117.596 117.541 117.561 117.519 117.484 117.494
128.826 128.626 128.346 128.036 127.609 127.204 126.759 126.444 126.154 125.686 125.369 125.191 124.971 124.854 124.744 124.649 124.556 124.311 124.119 124.014 124.029 124.016 125.414 126.141 124.329 123.616 123.534 123.194 123.039 122.926 122.766 122.639 122.509 122.379 122.196 122.019 121.806 121.634 121.429 121.236 121.014 120.781 120.564 120.344 120.109 119.901 119.709 119.471 119.271 119.014 118.781 118.554 118.324 118.011 118.029 117.906 117.604 117.504 117.386 117.319 117.214 117.201 117.186 117.106 117.079 117.126 117.096
128.344 128.166 127.856 127.571 127.164 126.749 126.424 126.059 125.524 125.234 124.944 124.891 124.484 124.424 124.264 124.074 124.076 123.886 123.736 123.661 123.664 123.656 123.664 123.759 124.059 122.994 124.154 122.736 122.626 122.514 122.384 122.281 122.114 121.976 121.804 121.591 121.391 121.189 121.011 120.811 120.596 120.364 120.149 119.899 119.686 119.496 119.304 119.059 118.841 118.581 118.369 118.136 117.874 117.594 117.531 117.721 117.294 117.111 116.949 116.896 116.794 116.789 116.766 116.669 116.714 116.701 116.676
127.846 127.716 127.424 127.156 126.726 126.394 125.889 125.516 125.164 124.981 124.594 124.314 124.049 123.911 123.811 123.626 124.099 125.756 123.401 123.336 123.456 123.304 123.314 122.831 123.689 122.676 122.516 122.356 122.206 122.071 121.986 121.856 121.719 121.551 121.394 121.196 120.984 120.779 120.566 120.346 120.126 119.911 119.689 119.486 119.266 119.051 118.839 118.616 118.384 118.164 117.931 117.654 117.416 117.169 116.949 117.774 117.356 116.644 116.506 116.451 116.349 116.334 116.346 116.224 116.284 116.276 116.239
127.384 127.244 126.909 126.649 126.339 126.004 125.586 125.179 124.711 124.439 124.264 124.084 123.759 123.504 123.376 123.359 127.131 129.001 124.159 123.276 122.919 122.921 122.539 122.446 122.394 122.246 122.046 121.889 121.769 121.659 121.539 121.431 121.294 121.134 120.971 120.771 120.556 120.341 120.121 119.916 119.674 119.469 119.254 119.031 118.816 118.576 118.366 118.151 117.904 117.694 117.461 117.214 116.939 116.729 116.501 116.366 116.576 116.271 116.091 115.976 115.896 115.911 115.876 115.794 115.821 115.849 115.814
126.819 126.629 126.324 126.071 125.804 125.491 125.114 124.759 126.424 125.396 123.819 123.634 123.434 123.229 123.124 123.169 124.764 126.396 124.824 122.704 122.644 122.374 122.204 122.016 121.894 121.726 121.581 121.466 121.326 121.196 121.121 120.989 120.836 120.686 120.559 120.371 120.119 119.869 119.621 119.434 119.231 119.006 118.789 118.569 118.344 118.104 117.854 117.641 117.394 117.169 116.941 116.699 116.469 116.256 116.046 115.894 115.981 116.051 115.726 115.566 115.484 115.474 115.444 115.349 115.339 115.381 115.346
126.209 125.961 125.731 125.491 125.226 125.059 124.646 124.101 123.864 124.956 123.199 123.264 122.991 122.854 122.746 122.654 123.579 123.859 122.311 122.319 122.011 122.019 121.719 121.556 121.429 121.296 121.101 120.999 120.851 120.724 120.629 120.494 120.339 120.194 120.041 119.864 119.639 119.369 119.139 118.941 118.734 118.504 118.294 118.051 117.814 117.569 117.309 117.091 116.829 116.616 116.406 116.189 115.961 115.751 115.586 115.434 115.336 115.641 115.434 115.256 115.061 114.961 114.929 114.899 114.864 114.899 114.851
125.471 125.284 125.144 124.911 124.716 124.469 124.024 123.616 123.361 123.141 122.846 122.779 122.454 122.419 122.384 122.294 122.394 122.706 121.929 121.769 121.596 121.436 121.239 121.054 120.921 120.786 120.644 120.506 120.386 120.256 120.134 119.984 119.831 119.674 119.494 119.301 119.099 118.906 118.669 118.426 118.214 117.966 117.751 117.491 117.269 117.026 116.789 116.519 116.291 116.071 115.851 115.644 115.481 115.291 115.126 115.021 114.881 115.359 115.944 114.979 114.641 114.569 114.519 114.461 114.429 114.396 114.369
124.806 124.576 124.361 124.224 124.091 123.906 123.666 123.264 122.796 122.641 122.314 122.199 122.161 121.974 121.794 121.629 121.641 121.474 121.246 121.361 121.234 120.941 120.694 120.531 120.399 120.294 120.186 120.024 119.871 119.751 119.829 119.436 119.311 119.156 118.954 118.759 118.579 118.381 118.151 117.896 117.691 117.426 117.224 116.969 116.751 116.509 116.246 115.994 115.754 115.536 115.319 115.119 114.981 114.801 114.666 114.529 114.434 114.424 116.354 114.916 114.356 114.179 114.096 114.049 113.981 113.941 113.876
124.131 123.889 123.679 123.539 123.434 123.136 123.034 123.409 124.761 124.019 122.121 121.884 121.719 121.581 121.294 121.249 121.006 120.929 120.796 120.791 120.746 120.441 120.224 120.084 119.926 119.801 119.706 119.559 119.431 119.294 119.191 118.939 118.799 118.634 118.461 118.274 118.086 117.844 117.656 117.439 117.201 116.974 116.744 116.514 116.299 116.036 115.781 115.514 115.284 115.039 114.839 114.616 114.466 114.324 114.181 114.084 114.006 113.924 113.871 114.874 114.696 113.864 113.671 113.584 113.516 113.446 113.416
123.349 123.141 123.059 122.949 122.739 122.559 122.371 123.826 124.241 123.009 124.276 121.509 121.306 121.166 120.986 120.704 120.569 120.414 120.384 120.206 120.126 120.084 119.764 119.616 119.469 119.341 119.244 119.126 118.979 118.831 118.654 118.481 118.321 118.159 117.961 117.786 117.589 117.396 117.164 116.961 116.729 116.474 116.254 116.021 115.809 115.566 115.301 115.061 114.814 114.551 114.349 114.149 113.936 113.789 113.656 113.576 113.509 113.424 113.341 113.749 115.029 113.656 113.239 113.126 113.046 112.944 112.859
122.719 122.524 122.309 122.209 121.984 121.864 121.821 121.949 121.416 123.001 121.169 120.936 120.741 120.709 120.531 120.594 120.221 120.001 119.901 119.816 119.681 119.631 119.426 119.186 119.049 118.926 118.789 118.661 118.519 118.359 118.156 117.979 117.811 117.636 117.444 117.261 117.079 116.879 116.664 116.439 116.199 115.966 115.741 115.509 115.274 115.061 114.831 114.574 114.321 114.076 113.839 113.641 113.416 113.306 113.179 113.074 113.019 112.969 112.884 112.944 113.326 113.001 112.801 112.684 112.579 112.439 112.336
122.071 121.941 121.804 121.666 121.524 121.556 121.491 121.166 120.954 120.886 120.689 120.381 120.304 120.239 120.119 119.989 120.066 119.801 119.461 119.344 119.199 119.081 119.089 118.791 118.604 118.459 118.326 118.204 118.019 117.869 117.646 117.471 117.269 117.106 116.926 116.746 116.554 116.351 116.136 115.919 115.671 115.446 115.186 114.956 114.734 114.524 114.309 114.089 113.841 113.584 113.354 113.119 112.921 112.771 112.666 112.579 112.496 112.481 112.464 112.431 112.619 112.814 112.364 112.231 112.149 111.954 111.814
121.854 121.611 121.394 121.161 120.989 120.889 120.849 120.786 120.419 120.261 120.044 119.979 119.976 119.706 119.669 119.586 119.424 119.209 119.061 118.894 118.726 118.546 118.524 118.411 118.151 117.991 117.829 117.686 117.536 117.364 117.166 116.926 116.761 116.584 116.404 116.204 116.029 115.821 115.616 115.364 115.151 114.909 114.611 114.409 114.189 113.979 113.749 113.564 113.311 113.091 112.836 112.614 112.416 112.256 112.149 112.104 112.046 112.006 112.011 111.984 112.149 112.691 111.931 111.771 111.609 111.506 111.284
121.211 120.989 120.749 120.531 120.484 120.381 120.404 120.164 119.994 119.894 119.656 119.509 119.726 119.379 119.436 119.179 119.079 118.731 118.574 118.409 118.236 118.091 117.959 117.939 117.751 117.511 117.334 117.189 117.024 116.859 116.686 116.466 116.251 116.076 115.871 115.666 115.454 115.261 115.071 114.834 114.611 114.361 114.089 113.849 113.649 113.406 113.221 113.041 112.794 112.584 112.336 112.101 111.894 111.769 111.649 111.624 111.549 111.536 111.516 111.586 111.529 112.689 111.701 111.404 111.241 110.991 110.814
