Matlab/Roost_data/braunton/dsm/ss5136_DSM_2M.asc
ncols 500
nrows 500
xllcorner    251000
yllcorner    136000
cellsize     2
NODATA_value -9999
[rows 416 to 447 of 500, columns 213 to 283 of 500]
27.724 27.714 27.717 27.817 29.542 27.984 28.274 28.002 30.237 30.414 30.177 31.942 28.589 31.324 28.364 28.387 28.784 28.457 28.499 32.159 28.529 28.439 28.309 28.209 28.234 28.274 28.169 28.152 30.289 31.727 31.782 28.212 28.334 28.204 28.219 28.292 28.264 28.252 28.174 28.362 28.387 28.684 28.977 28.762 28.777 28.547 29.764 28.574 28.609 28.514 28.494 28.647 28.712 30.139 28.647 29.549 28.662 31.089 30.104 29.252 28.989 28.914 28.889 28.934 29.014 29.169 29.197 29.392 32.007 30.517 29.594
27.852 29.407 38.359 33.324 27.869 27.774 27.889 28.287 27.939 28.799 28.604 30.082 29.014 29.574 29.567 28.457 28.637 28.272 28.284 32.922 29.722 28.362 28.264 28.289 28.114 28.182 27.932 28.039 27.964 27.862 27.909 27.894 28.332 27.899 28.034 28.029 28.037 27.934 28.012 28.109 28.217 28.932 28.914 28.832 28.694 28.282 28.992 28.442 28.257 28.497 28.429 28.687 30.002 28.419 28.409 31.789 29.084 28.637 29.579 29.089 29.302 28.889 28.944 28.909 29.082 29.037 29.382 29.512 29.254 29.379 29.494
27.542 28.089 36.027 32.399 29.217 27.809 27.864 28.014 28.017 27.869 27.832 29.292 28.429 28.062 31.034 33.582 28.174 28.222 28.077 28.127 30.919 28.074 28.097 27.812 27.792 27.839 27.697 27.719 27.809 27.657 27.702 27.849 27.867 27.857 27.962 27.767 27.787 27.849 27.924 31.777 28.994 31.579 28.527 28.682 28.319 33.414 28.284 28.407 28.364 28.434 28.304 28.392 28.204 28.327 28.302 28.637 28.774 28.599 28.854 28.817 28.837 28.917 28.962 28.999 29.027 29.212 29.197 29.304 29.294 29.252 29.194
27.439 27.474 34.234 32.509 35.244 29.109 30.359 28.844 27.774 33.424 27.852 30.142 27.909 27.887 28.654 27.944 27.947 27.834 27.799 27.839 27.862 27.827 27.674 27.649 27.589 27.642 28.244 27.692 30.962 28.214 30.544 27.819 27.814 27.862 27.722 27.692 27.617 27.742 27.797 28.077 33.567 29.552 28.389 28.519 28.384 34.939 28.214 28.937 28.557 28.564 28.237 28.064 28.269 28.377 28.594 30.302 29.274 28.642 28.727 29.919 30.924 33.232 30.847 28.742 28.914 29.174 29.084 29.239 29.202 29.342 29.127
27.269 27.402 33.412 31.912 33.754 33.052 30.547 27.662 27.682 28.889 32.582 27.729 30.239 27.744 27.632 27.682 27.824 27.689 27.722 27.799 27.747 27.712 27.752 27.749 27.574 27.574 27.622 27.622 28.312 30.977 27.992 28.419 27.512 27.612 27.564 27.639 27.704 30.027 30.707 27.774 27.907 27.852 28.522 28.032 27.864 28.012 30.424 28.749 28.119 29.707 28.502 28.254 28.262 28.182 28.414 29.772 28.367 28.659 29.664 29.404 28.577 28.582 30.792 28.754 28.839 29.247 29.204 29.044 29.264 29.289 29.264
27.197 27.252 27.264 27.132 27.199 33.872 28.217 28.847 29.474 27.577 29.604 27.517 27.517 27.479 27.627 27.632 27.787 27.839 27.754 27.784 28.534 27.649 27.629 27.587 27.522 27.609 27.589 27.537 33.012 30.752 27.562 30.067 27.092 27.347 27.362 27.489 27.629 29.997 28.497 30.067 27.842 27.949 28.374 27.777 27.582 28.134 27.914 31.477 27.887 28.049 28.639 28.232 28.372 28.167 28.429 28.574 28.499 28.607 28.822 28.789 28.542 28.497 28.587 28.777 28.959 28.924 28.904 29.442 30.774 29.244 29.109
27.022 27.169 27.147 27.007 27.064 27.282 27.474 27.294 27.292 27.279 28.314 27.582 27.409 27.457 27.457 27.672 27.527 27.727 27.634 27.534 27.589 28.759 28.644 27.374 27.529 30.862 30.662 27.902 27.057 26.732 26.914 27.157 26.589 26.829 26.982 27.224 27.562 27.559 27.449 27.679 27.647 27.947 28.189 27.589 27.327 27.614 27.559 27.859 27.842 28.029 29.472 28.239 28.287 29.022 31.827 28.504 28.667 28.554 28.542 28.909 28.512 28.552 28.724 28.767 28.802 28.849 28.952 28.977 29.582 28.927 29.097
26.899 26.977 27.222 27.097 27.079 27.007 27.404 27.319 27.247 27.417 27.532 27.362 27.284 27.312 27.417 27.322 27.389 29.169 27.797 27.382 27.354 34.332 30.667 30.289 28.492 31.282 39.084 36.214 28.189 26.819 27.207 27.097 28.824 26.647 27.327 26.984 28.199 27.372 27.374 27.859 27.482 27.727 27.824 28.039 27.214 27.719 27.609 28.997 27.902 28.019 28.279 28.284 29.412 28.427 28.524 28.732 30.549 28.602 28.634 28.652 28.667 28.587 28.622 28.767 28.857 28.857 28.714 28.822 29.014 28.952 29.027
28.057 26.977 27.684 27.007 28.964 28.214 26.934 30.909 26.974 27.272 27.177 27.142 27.159 27.327 28.469 27.334 27.259 27.332 27.532 27.207 26.564 27.899 28.202 30.174 29.689 34.669 34.332 28.787 27.029 27.152 27.134 28.062 27.297 27.142 26.594 26.767 26.734 26.894 27.512 26.999 27.197 27.782 27.547 28.347 27.334 27.374 27.464 27.859 27.859 27.904 27.962 29.659 29.382 28.414 28.482 28.449 30.552 29.332 30.842 28.594 28.749 28.849 28.802 28.737 28.754 28.727 29.652 28.789 28.912 28.874 30.367
26.967 26.657 27.734 26.804 28.489 26.847 26.817 26.919 29.719 27.044 34.957 27.492 27.072 27.222 27.522 27.344 27.332 27.192 27.042 26.809 26.282 26.257 33.089 26.822 31.349 30.032 27.394 29.882 27.097 27.609 26.962 27.047 27.264 28.799 27.499 27.239 26.897 26.794 26.719 26.649 26.842 27.832 27.244 27.192 33.964 32.077 28.272 27.607 28.594 28.077 27.819 28.049 27.884 28.069 28.329 28.324 29.257 31.222 30.419 28.614 28.679 31.084 32.882 28.849 28.782 28.827 31.979 29.819 30.002 28.909 30.352
26.512 26.484 26.914 26.612 26.757 26.824 26.859 28.907 31.092 30.584 31.202 29.059 26.992 27.117 28.889 28.902 27.542 26.854 26.427 26.272 26.604 26.512 33.137 35.964 27.372 26.659 26.437 26.489 26.844 26.867 27.329 27.057 27.187 27.312 27.177 27.122 27.272 27.022 27.099 26.932 27.032 26.777 26.982 28.549 33.607 36.962 32.052 27.494 27.714 27.884 28.594 28.492 28.069 27.907 28.069 28.159 28.352 29.812 28.544 28.632 28.659 30.314 28.809 28.797 29.487 28.942 28.827 29.454 32.887 28.967 29.192
30.707 29.474 27.492 26.689 26.727 30.479 27.184 26.847 27.024 32.042 28.999 28.554 28.124 27.242 27.189 34.827 28.212 26.409 26.382 26.467 29.344 28.352 28.872 34.582 29.092 27.589 26.337 26.559 26.937 26.799 27.002 27.207 27.374 27.379 27.344 27.147 27.172 27.302 27.732 27.272 26.914 27.769 26.784 29.082 32.252 32.447 28.712 27.447 27.522 27.684 28.014 28.767 28.109 27.892 27.992 28.087 28.152 28.224 28.274 30.337 29.522 28.557 28.682 28.989 28.794 28.862 29.357 28.859 30.362 28.952 29.072
26.514 27.837 27.852 26.632 27.009 26.234 27.657 26.342 26.314 30.329 33.882 34.259 26.977 35.189 26.957 26.672 26.392 26.417 26.137 26.544 30.697 30.357 29.382 27.214 27.454 31.054 27.122 26.967 26.987 27.224 27.554 31.329 27.489 27.462 27.522 27.347 27.222 27.142 27.374 27.279 27.382 28.497 27.367 27.979 27.242 27.304 27.559 27.544 27.709 27.827 27.937 29.404 28.482 27.999 29.027 28.059 28.009 28.119 28.292 29.697 29.874 28.444 29.334 28.697 28.762 28.647 28.794 28.937 28.857 29.774 28.927
26.489 28.052 28.112 27.327 25.949 26.134 28.444 27.002 26.132 27.869 33.444 28.952 27.884 26.937 26.707 26.229 26.259 26.599 26.712 26.962 29.594 30.797 27.564 31.777 28.779 28.219 28.804 27.857 27.014 27.419 29.529 37.637 36.409 31.332 27.864 27.677 27.304 27.429 27.384 27.427 27.634 27.444 28.574 27.357 27.004 27.527 27.514 27.654 27.714 27.727 28.152 33.324 30.052 28.612 28.184 29.292 28.122 28.169 28.252 28.317 28.379 28.539 28.374 28.527 28.519 28.702 28.719 28.907 28.802 29.394 29.067
26.599 26.587 29.022 27.382 25.929 26.322 26.422 29.842 28.389 26.344 30.222 26.594 27.164 26.332 26.279 26.409 26.619 26.649 26.902 29.394 32.642 27.724 27.487 30.332 27.054 26.949 27.029 27.054 26.927 26.997 40.784 33.122 30.009 27.829 28.024 27.862 27.872 27.552 27.654 27.667 27.799 30.062 30.862 30.052 27.589 27.022 27.117 30.569 27.849 27.752 33.474 37.514 28.857 28.112 28.004 28.204 27.984 28.247 28.264 28.199 28.274 28.709 29.489 28.334 28.302 28.472 29.502 28.692 29.359 28.787 28.904
26.387 26.382 26.727 27.102 26.199 26.554 27.902 30.024 30.439 26.194 26.387 26.464 26.119 27.122 30.357 26.754 26.907 27.399 29.257 32.394 27.837 27.157 26.759 26.649 26.744 27.069 27.349 27.254 27.132 27.364 27.974 28.287 27.957 27.789 27.207 27.372 27.262 27.189 27.432 27.317 27.777 27.769 27.589 27.247 27.322 26.894 27.627 29.007 27.699 28.707 36.099 40.549 28.329 28.204 27.907 28.134 28.334 28.237 28.267 28.209 28.177 28.377 28.202 28.307 28.392 28.504 28.452 28.467 29.194 28.564 28.682
26.137 26.667 28.939 26.789 26.312 26.587 26.884 26.792 26.469 27.137 27.482 26.252 26.134 31.647 26.607 26.802 27.107 28.717 30.292 30.874 27.779 26.852 26.787 26.927 26.974 27.217 27.309 27.322 27.382 27.559 27.657 27.884 27.664 28.132 28.124 27.329 27.159 27.202 27.024 26.944 27.592 27.872 27.492 28.664 29.639 26.932 27.129 27.277 28.979 30.414 29.204 33.484 27.919 28.017 27.834 27.959 28.209 28.152 28.227 28.074 28.307 28.144 28.202 28.199 28.192 28.294 28.407 28.724 28.504 28.814 28.622
29.202 26.617 34.479 27.447 27.152 26.917 28.294 27.597 27.224 26.959 27.102 27.099 27.277 27.592 27.474 27.539 27.654 27.884 27.899 27.594 27.562 26.967 26.884 26.987 27.054 27.507 27.339 27.649 27.504 27.824 27.659 27.689 27.947 29.282 28.427 27.589 27.702 27.512 27.327 27.024 27.269 27.932 27.559 27.647 27.542 26.912 27.142 27.369 27.534 27.439 28.787 31.812 27.779 28.129 27.974 27.979 32.677 28.274 28.112 29.942 34.012 30.157 29.174 28.094 28.164 28.302 28.347 29.209 28.317 28.512 29.314
28.239 27.464 26.809 27.087 27.014 26.897 26.547 26.912 27.219 26.579 26.534 26.907 27.234 27.517 27.737 27.614 27.457 27.162 27.262 26.894 26.934 27.207 27.104 29.249 28.089 27.254 27.307 27.574 27.699 27.577 27.617 27.659 27.707 28.139 27.794 27.577 27.782 27.634 27.469 27.304 27.447 27.974 27.657 27.749 27.549 27.649 26.939 27.327 27.584 27.707 27.529 27.499 27.559 27.894 28.024 27.899 27.997 27.997 28.117 27.979 35.912 34.319 29.814 28.182 32.094 29.274 28.267 28.994 28.382 28.419 28.554
26.254 26.239 26.079 26.307 26.349 26.239 26.437 26.484 26.334 26.382 26.452 26.759 26.774 27.002 27.019 27.212 27.107 26.959 26.957 27.027 27.019 26.982 27.569 28.557 27.022 27.314 27.369 27.604 27.524 27.552 27.587 27.702 27.802 27.779 27.679 27.677 27.692 27.694 27.712 27.569 27.304 28.182 27.807 27.492 27.744 27.579 28.649 27.114 27.619 27.689 27.527 27.439 27.667 27.592 27.762 27.844 27.829 28.514 28.014 28.092 29.434 30.729 27.962 28.247 31.984 28.642 28.374 28.239 28.329 28.502 28.647
30.984 26.534 26.539 26.609 26.439 26.472 26.194 26.254 26.494 26.677 26.782 27.014 27.017 27.137 27.049 27.244 27.107 27.074 26.859 26.992 26.954 26.917 26.919 26.979 27.087 27.297 27.382 28.087 27.397 27.579 27.509 27.642 27.647 27.792 27.762 27.812 27.814 27.789 28.142 27.967 27.339 27.817 27.557 27.644 27.779 27.649 27.144 26.854 27.497 29.109 26.977 27.207 28.349 27.732 27.669 27.772 27.822 27.897 27.902 28.052 28.067 28.012 28.057 28.134 28.372 28.222 28.442 28.557 28.274 28.417 28.467
26.894 28.152 27.067 26.897 26.879 26.782 26.742 26.839 26.747 26.912 27.112 27.044 27.212 27.969 31.254 27.214 27.324 27.082 27.002 26.949 26.959 26.907 26.984 27.082 27.177 27.857 28.384 27.497 28.404 27.529 27.544 27.519 27.699 27.702 27.702 27.862 27.787 27.939 28.842 28.372 27.512 28.209 27.839 27.574 27.682 28.524 27.987 26.929 27.097 28.304 27.442 29.922 29.027 27.362 27.522 28.034 28.697 27.784 28.117 28.932 27.882 27.842 28.084 28.107 28.117 28.252 28.164 28.224 28.229 28.447 28.449
27.054 34.057 30.487 30.557 29.712 27.142 26.702 26.697 26.794 35.182 27.547 28.837 30.329 28.682 29.672 28.319 27.349 27.209 27.184 31.002 28.414 27.157 29.302 28.554 27.209 27.907 31.322 27.884 27.424 27.477 27.694 27.627 27.772 27.702 27.752 27.802 27.757 27.797 28.222 28.274 27.557 28.039 27.702 27.702 27.582 29.667 29.092 27.697 30.669 27.524 27.552 29.962 35.227 27.532 27.597 29.112 27.794 27.729 27.862 28.027 28.059 27.987 27.967 28.039 28.742 28.669 28.132 28.309 28.289 28.302 28.434
27.002 27.104 27.917 26.764 28.294 28.964 33.352 26.942 27.462 33.217 29.097 28.377 27.507 28.204 27.527 27.469 27.439 28.292 31.039 27.137 27.367 27.627 32.527 29.832 27.344 30.467 30.034 30.007 27.987 27.934 27.487 33.919 28.484 27.809 28.572 27.704 27.782 27.892 27.862 27.882 27.872 28.144 27.689 27.604 29.054 28.992 30.629 31.424 40.212 28.077 27.657 28.417 30.562 27.612 27.659 27.432 27.799 27.739 27.814 27.954 27.964 28.124 28.059 28.104 30.249 28.544 28.109 28.209 28.307 28.342 29.234
27.177 28.844 27.944 26.839 26.872 26.862 26.902 26.949 27.162 27.794 27.222 27.352 27.512 27.617 28.154 27.979 27.252 28.127 27.292 27.242 27.897 28.259 26.984 27.249 27.317 27.764 28.579 27.982 27.742 30.109 27.232 27.582 30.924 27.917 27.882 27.804 27.969 35.412 27.852 27.892 28.189 28.267 27.792 27.909 33.524 34.087 28.554 28.589 31.662 27.719 27.342 27.007 27.542 31.929 29.864 27.709 27.889 29.354 31.499 29.014 28.292 28.102 28.594 29.434 28.587 28.014 28.244 29.104 28.239 28.374 28.384
26.682 26.752 25.987 26.224 26.677 26.544 26.397 26.197 26.609 26.772 26.232 27.972 30.834 26.994 26.689 26.672 27.332 27.527 27.122 27.697 27.839 26.472 26.634 27.367 26.614 26.619 27.067 28.087 27.477 27.287 26.982 28.019 28.709 27.864 28.034 28.002 37.107 28.049 29.979 30.562 28.444 28.429 27.809 28.217 29.442 27.987 28.234 27.684 27.859 27.589 26.999 27.457 27.772 29.987 29.474 27.777 31.459 36.467 33.457 28.424 29.702 28.099 28.052 28.114 29.607 30.012 30.702 28.277 28.867 28.459 28.354
26.722 30.092 26.004 26.019 26.114 26.694 29.657 26.519 27.419 26.344 26.304 26.849 26.734 26.662 27.134 27.839 27.269 26.792 26.664 26.709 26.517 26.782 27.102 27.669 27.392 26.649 27.304 28.142 26.824 26.722 26.969 27.452 27.529 27.979 27.442 27.824 28.574 28.059 28.034 28.334 28.652 27.722 27.944 27.857 28.372 28.402 28.182 27.739 28.542 28.144 27.077 27.604 27.689 27.814 27.839 28.052 28.217 28.167 36.002 29.339 28.294 29.922 28.222 28.477 30.227 29.432 28.122 28.249 28.349 28.227 28.417
27.032 33.312 26.359 26.264 26.344 27.244 27.614 26.907 26.989 26.757 26.992 27.174 26.999 27.004 27.089 27.339 26.929 26.744 26.757 27.844 26.864 26.982 27.199 27.167 30.554 27.137 26.937 26.857 27.067 27.002 27.042 27.077 27.144 26.864 27.529 28.589 27.794 27.614 27.679 28.109 28.684 28.629 28.157 29.614 28.024 28.077 28.954 27.792 27.777 26.977 27.404 27.429 27.792 27.817 27.939 28.022 29.509 28.082 32.627 32.262 33.152 36.344 28.177 28.359 28.384 29.332 28.139 28.212 28.399 28.397 28.512
27.107 26.962 26.789 26.427 26.349 28.224 27.134 26.752 26.954 26.862 26.972 27.307 26.962 27.157 27.137 27.172 27.057 27.074 26.989 26.894 26.844 27.022 27.274 27.107 33.132 27.852 27.307 27.154 27.117 27.237 27.164 27.314 27.527 27.379 28.294 27.512 27.412 27.809 27.507 27.624 27.747 28.584 29.209 29.794 28.827 27.877 27.857 27.764 28.224 27.057 27.382 27.589 27.689 29.579 28.022 28.194 28.314 28.649 32.524 29.142 33.347 34.022 28.264 34.367 32.977 29.012 28.277 29.889 30.504 32.004 28.419
27.074 27.127 31.967 27.982 26.647 26.672 26.569 26.582 26.702 26.829 26.937 26.984 26.839 27.109 27.059 27.057 27.067 27.127 27.102 26.994 26.924 26.882 26.997 26.989 27.054 27.277 27.364 27.434 27.484 27.429 27.394 27.552 27.644 27.774 27.749 27.707 27.479 27.447 27.629 28.679 27.377 27.197 29.087 29.914 28.442 28.227 27.894 27.859 27.337 27.192 27.612 27.879 27.709 34.104 28.689 28.217 29.369 28.674 32.452 35.252 31.172 36.842 28.484 29.382 28.562 28.407 30.277 29.467 33.309 28.267 29.074
27.127 29.499 31.437 35.032 27.472 26.832 26.869 26.862 26.652 26.799 26.857 26.899 26.827 27.104 26.917 27.364 27.239 27.192 27.147 27.044 26.959 26.807 27.134 27.202 27.267 27.324 27.367 28.207 28.189 27.482 27.612 27.802 27.792 27.847 27.787 27.877 27.934 27.922 28.269 29.667 28.002 27.679 27.484 27.317 27.847 28.979 28.574 27.842 27.269 27.237 27.757 31.382 27.942 34.644 27.964 27.857 33.289 30.382 28.369 28.054 30.469 28.884 30.319 27.984 32.267 28.144 28.099 28.047 28.164 28.244 28.339
27.182 27.177 37.614 35.729 27.349 27.909 28.017 26.964 26.962 26.907 26.902 27.052 26.882 26.874 26.987 27.052 27.019 26.949 26.977 26.982 27.049 27.019 27.322 27.317 27.319 27.639 27.567 28.694 27.817 27.644 27.644 27.877 27.914 27.842 27.747 27.967 27.937 27.839 28.157 28.664 32.139 34.002 28.042 28.052 27.634 27.797 30.092 29.377 27.279 27.104 27.512 29.097 30.179 27.714 30.947 29.362 30.382 27.977 27.929 31.387 27.484 27.327 27.957 27.942 30.379 31.602 30.759 33.809 28.094 28.109 28.734
