Matlab/Roost_data/braunton/dsm/ss5140_DSM_2M.asc
ncols 500
nrows 500
xllcorner    251000
yllcorner    140000
cellsize     2
NODATA_value -9999
[rows 300 to 329 of 500, columns 0 to 66 of 500]
131.554 131.314 131.082 130.842 130.594 130.339 130.079 129.827 129.589 129.349 129.084 128.839 128.559 128.314 128.072 127.784 127.499 127.177 126.887 126.602 126.277 125.972 125.662 125.347 125.012 124.667 124.344 124.032 123.667 123.309 122.962 122.634 122.274 121.932 121.564 121.232 120.894 120.557 120.227 119.882 119.532 119.352 119.334 118.257 117.752 116.664 115.952 115.447 114.974 114.429 113.934 113.437 112.932 112.392 111.862 111.312 110.734 110.202 109.609 109.007 108.397 107.767 107.102 106.462 105.829 105.217 104.647
131.399 131.174 130.947 130.697 130.449 130.214 129.952 129.712 129.467 129.247 129.009 128.752 128.489 128.244 127.992 127.699 127.417 127.117 126.822 126.539 126.239 125.939 125.614 125.282 124.962 124.607 124.259 123.937 123.579 123.204 122.862 122.524 122.169 121.832 121.469 121.152 120.782 120.472 120.119 119.769 119.429 119.127 119.079 118.112 117.564 116.457 115.892 115.364 114.862 114.339 113.849 113.359 112.864 112.312 111.749 111.179 110.609 110.029 109.432 108.834 108.222 107.597 106.979 106.329 105.692 105.069 104.497
131.232 131.019 130.769 130.544 130.292 130.049 129.822 129.599 129.369 129.144 128.907 128.654 128.422 128.169 127.904 127.639 127.344 127.067 126.764 126.479 126.199 125.894 125.587 125.269 124.899 124.572 124.214 123.847 123.492 123.117 122.777 122.432 122.072 121.709 121.374 121.024 120.687 120.354 120.007 119.644 119.309 119.002 119.274 118.019 117.837 116.432 115.857 115.347 114.844 114.234 113.764 113.264 112.764 112.219 111.679 111.094 110.484 109.902 109.259 108.689 108.077 107.442 106.844 106.204 105.572 104.959 104.372
131.034 130.809 130.597 130.384 130.162 129.907 129.684 129.489 129.229 129.024 128.787 128.559 128.327 128.084 127.814 127.559 127.277 127.014 126.729 126.439 126.154 125.832 125.529 125.184 124.854 124.494 124.152 123.769 123.399 123.044 122.682 122.339 121.974 121.607 121.264 120.919 120.579 120.237 119.894 119.542 119.197 119.029 118.854 118.037 118.377 116.972 115.787 115.329 114.764 114.137 113.627 113.144 112.644 112.097 111.522 110.929 110.334 109.709 109.082 108.497 107.887 107.287 106.669 106.069 105.427 104.827 104.229
130.842 130.624 130.404 130.197 129.979 129.739 129.532 129.309 129.112 128.899 128.672 128.422 128.202 127.959 127.717 127.492 127.202 126.929 126.639 126.374 126.089 125.772 125.467 125.127 124.789 124.424 124.079 123.669 123.314 122.937 122.572 122.224 121.862 121.494 121.159 120.812 120.462 120.092 119.744 119.389 119.079 118.802 118.734 117.937 117.364 118.009 115.664 115.077 114.509 113.972 113.502 112.967 112.487 111.944 111.392 110.814 110.177 109.559 108.942 108.334 107.692 107.107 106.517 105.922 105.309 104.669 104.047
130.647 130.422 130.217 130.004 129.774 129.567 129.369 129.157 128.944 128.744 128.539 128.302 128.062 127.852 127.589 127.342 127.094 126.802 126.534 126.277 125.999 125.682 125.369 125.032 124.684 124.332 123.949 123.554 123.212 122.809 122.429 122.092 121.744 121.374 121.032 120.679 120.322 119.957 119.619 119.287 118.929 118.644 118.702 117.532 117.074 116.127 115.379 114.934 114.297 113.799 113.334 112.802 112.329 111.817 111.284 110.689 110.062 109.429 108.789 108.179 107.517 106.924 106.317 105.752 105.102 104.469 103.882
130.474 130.254 130.037 129.819 129.627 129.419 129.214 129.017 128.779 128.577 128.394 128.182 127.949 127.694 127.484 127.237 126.979 126.704 126.427 126.179 125.904 125.602 125.267 124.917 124.567 124.217 123.812 123.439 123.059 122.667 122.307 121.957 121.594 121.247 120.884 120.549 120.179 119.819 119.484 119.127 118.777 118.429 118.452 117.437 117.004 116.039 115.109 114.654 114.107 113.627 113.149 112.642 112.179 111.652 111.124 110.504 109.884 109.279 108.612 107.989 107.352 106.739 106.127 105.504 104.897 104.294 103.719
130.324 130.094 129.899 129.679 129.484 129.277 129.067 128.874 128.677 128.482 128.272 128.054 127.824 127.599 127.362 127.129 126.869 126.602 126.342 126.079 125.777 125.487 125.154 124.812 124.457 124.077 123.682 123.299 122.897 122.519 122.147 121.812 121.467 121.117 120.769 120.412 120.044 119.694 119.344 118.984 118.609 118.294 118.109 117.347 116.889 116.192 115.032 114.657 113.937 113.474 112.974 112.479 111.984 111.479 110.932 110.347 109.744 109.109 108.432 107.809 107.169 106.529 105.924 105.289 104.664 104.057 103.512
130.142 129.944 129.739 129.527 129.334 129.139 128.944 128.732 128.524 128.324 128.129 127.909 127.699 127.469 127.229 126.977 126.737 126.474 126.222 125.957 125.662 125.372 125.044 124.704 124.359 123.962 123.552 123.152 122.757 122.387 122.034 121.672 121.339 120.999 120.644 120.289 119.909 119.562 119.212 118.829 118.469 118.129 117.867 117.034 117.192 115.712 114.777 114.342 113.772 113.309 112.799 112.274 111.799 111.294 110.744 110.164 109.537 108.922 108.247 107.607 106.949 106.347 105.699 105.057 104.434 103.844 103.302
130.004 129.774 129.587 129.377 129.172 128.969 128.784 128.579 128.389 128.199 127.987 127.784 127.572 127.332 127.117 126.854 126.624 126.354 126.097 125.842 125.564 125.249 124.922 124.579 124.207 123.809 123.429 123.002 122.634 122.237 121.882 121.529 121.192 120.872 120.519 120.162 119.814 119.432 119.054 118.707 118.347 117.972 117.807 117.172 116.697 115.642 114.584 114.129 113.629 113.092 112.597 112.057 111.544 111.042 110.509 109.962 109.312 108.704 108.019 107.404 106.742 106.097 105.459 104.807 104.219 103.644 103.069
129.842 129.657 129.449 129.227 129.044 128.854 128.664 128.479 128.274 128.054 127.862 127.649 127.434 127.207 126.959 126.724 126.497 126.224 125.972 125.707 125.407 125.122 124.792 124.449 124.077 123.674 123.269 122.867 122.482 122.104 121.742 121.394 121.082 120.749 120.392 120.044 119.682 119.289 118.949 118.564 118.232 117.864 117.479 116.652 116.249 115.509 114.439 113.924 113.439 112.889 112.364 111.834 111.319 110.812 110.244 109.687 109.064 108.462 107.807 107.179 106.514 105.864 105.247 104.594 103.982 103.402 102.844
129.704 129.519 129.322 129.109 128.922 128.739 128.547 128.352 128.142 127.934 127.757 127.539 127.312 127.072 126.847 126.609 126.362 126.102 125.854 125.582 125.294 124.979 124.639 124.292 123.924 123.509 123.117 122.719 122.342 121.964 121.617 121.284 120.972 120.632 120.282 119.924 119.557 119.189 118.812 118.444 118.109 117.709 117.377 116.527 115.889 115.024 114.374 113.724 113.264 112.699 112.182 111.632 111.077 110.537 109.987 109.427 108.824 108.192 107.559 106.949 106.289 105.687 105.022 104.412 103.782 103.207 102.614
129.577 129.392 129.224 129.007 128.794 128.627 128.442 128.224 128.034 127.807 127.637 127.404 127.187 126.949 126.717 126.489 126.234 125.977 125.712 125.419 125.142 124.854 124.482 124.104 123.742 123.359 122.952 122.574 122.184 121.829 121.502 121.187 120.852 120.514 120.192 119.817 119.449 119.089 118.724 118.349 117.994 117.614 117.259 116.334 115.772 115.134 114.387 113.629 113.089 112.497 111.957 111.389 110.812 110.262 109.694 109.162 108.537 107.934 107.339 106.729 106.084 105.474 104.857 104.202 103.589 102.987 102.444
129.477 129.289 129.072 128.894 128.702 128.514 128.347 128.109 127.919 127.727 127.507 127.284 127.072 126.819 126.607 126.354 126.107 125.844 125.567 125.289 124.984 124.649 124.299 123.932 123.562 123.184 122.822 122.429 122.059 121.714 121.379 121.059 120.749 120.422 120.072 119.704 119.344 118.989 118.634 118.244 117.894 117.512 117.164 116.357 115.664 115.294 114.079 113.542 112.974 112.339 111.749 111.149 110.589 109.999 109.447 108.854 108.269 107.679 107.114 106.512 105.872 105.269 104.654 104.047 103.389 102.799 102.262
129.354 129.144 128.969 128.764 128.579 128.414 128.197 128.009 127.822 127.599 127.382 127.157 126.932 126.692 126.467 126.212 125.957 125.704 125.437 125.144 124.817 124.487 124.149 123.777 123.402 123.014 122.669 122.284 121.957 121.624 121.304 120.984 120.664 120.359 120.002 119.644 119.277 118.912 118.557 118.179 117.797 117.429 117.072 116.144 116.114 115.317 114.004 113.539 112.822 112.172 111.559 110.969 110.387 109.779 109.224 108.632 108.062 107.472 106.912 106.337 105.687 105.077 104.434 103.839 103.217 102.599 102.044
129.212 129.019 128.847 128.652 128.469 128.274 128.074 127.882 127.709 127.497 127.267 127.034 126.794 126.559 126.344 126.054 125.817 125.574 125.282 124.974 124.687 124.332 123.974 123.634 123.252 122.912 122.524 122.202 121.864 121.522 121.209 120.894 120.612 120.289 119.937 119.567 119.199 118.824 118.444 118.097 117.739 117.339 117.099 116.344 115.502 115.294 114.072 113.354 112.657 112.034 111.424 110.809 110.197 109.602 109.039 108.467 107.852 107.284 106.704 106.112 105.519 104.847 104.219 103.657 103.012 102.422 101.852
129.072 128.909 128.704 128.537 128.342 128.144 127.949 127.774 127.562 127.359 127.144 126.909 126.684 126.462 126.189 125.954 125.692 125.419 125.157 124.847 124.537 124.169 123.829 123.459 123.117 122.774 122.409 122.067 121.767 121.449 121.144 120.842 120.549 120.217 119.884 119.514 119.137 118.762 118.409 118.017 117.649 117.262 116.969 116.744 115.389 115.139 114.062 113.069 112.554 111.979 111.299 110.687 110.044 109.432 108.839 108.259 107.692 107.094 106.484 105.902 105.269 104.652 104.004 103.464 102.827 102.284 101.689
128.954 128.762 128.567 128.404 128.204 128.002 127.832 127.637 127.412 127.242 127.004 126.774 126.532 126.294 126.044 125.769 125.539 125.264 124.987 124.682 124.362 124.024 123.674 123.329 122.982 122.629 122.307 121.997 121.697 121.389 121.094 120.802 120.499 120.164 119.839 119.459 119.077 118.682 118.329 117.944 117.574 117.224 116.949 116.564 115.339 115.127 114.212 113.039 112.549 111.959 111.234 110.542 109.922 109.317 108.672 108.069 107.464 106.882 106.282 105.679 105.084 104.432 103.822 103.249 102.674 102.074 101.529
128.809 128.614 128.442 128.254 128.057 127.872 127.667 127.482 127.289 127.089 126.842 126.634 126.394 126.147 125.899 125.624 125.384 125.104 124.837 124.542 124.217 123.892 123.577 123.219 122.882 122.542 122.229 121.937 121.624 121.337 121.032 120.757 120.429 120.102 119.782 119.392 119.017 118.642 118.279 117.864 117.489 117.134 116.852 117.267 115.474 115.244 114.497 113.037 112.507 111.949 111.194 110.429 109.784 109.157 108.512 107.904 107.299 106.687 106.102 105.459 104.879 104.252 103.649 103.104 102.499 101.917 101.352
128.637 128.449 128.279 128.089 127.904 127.734 127.532 127.332 127.127 126.909 126.687 126.474 126.242 125.994 125.759 125.502 125.247 124.967 124.687 124.402 124.109 123.764 123.447 123.147 122.809 122.464 122.147 121.842 121.552 121.244 120.987 120.689 120.394 120.069 119.714 119.337 118.962 118.559 118.197 117.794 117.399 117.044 116.674 116.674 115.539 114.784 114.982 112.969 112.479 111.864 111.084 110.319 109.667 109.002 108.374 107.722 107.132 106.507 105.892 105.277 104.672 104.062 103.464 102.909 102.317 101.729 101.172
128.479 128.309 128.139 127.952 127.757 127.582 127.392 127.187 126.972 126.767 126.557 126.319 126.094 125.842 125.599 125.362 125.077 124.824 124.537 124.254 123.959 123.644 123.337 123.012 122.704 122.377 122.082 121.777 121.472 121.212 120.907 120.632 120.312 120.014 119.652 119.289 118.907 118.492 118.129 117.739 117.362 116.957 116.557 116.724 115.849 114.732 114.197 113.204 112.429 111.794 111.172 110.262 109.569 108.897 108.244 107.549 106.967 106.337 105.714 105.109 104.489 103.914 103.284 102.702 102.124 101.517 100.977
128.307 128.154 127.979 127.787 127.599 127.414 127.224 127.029 126.832 126.617 126.399 126.177 125.954 125.722 125.457 125.217 124.957 124.674 124.387 124.117 123.834 123.532 123.212 122.934 122.602 122.319 122.012 121.722 121.417 121.144 120.844 120.562 120.257 119.927 119.577 119.184 118.817 118.417 118.059 117.664 117.252 116.882 116.514 116.782 116.267 114.814 114.252 113.084 112.337 111.629 111.052 110.314 109.474 108.819 108.134 107.462 106.837 106.187 105.589 104.952 104.359 103.792 103.129 102.504 101.897 101.324 100.714
128.167 127.982 127.804 127.627 127.429 127.219 127.052 126.862 126.667 126.464 126.237 126.029 125.814 125.559 125.307 125.067 124.804 124.554 124.282 124.002 123.709 123.412 123.127 122.824 122.529 122.252 121.949 121.639 121.367 121.062 120.782 120.482 120.159 119.859 119.494 119.127 118.752 118.354 117.984 117.599 117.199 116.799 116.424 116.232 117.267 114.842 115.917 114.012 112.307 111.522 111.034 110.144 109.399 108.742 108.032 107.387 106.699 106.044 105.429 104.844 104.247 103.612 102.929 102.352 101.707 101.072 100.487
128.009 127.809 127.637 127.447 127.267 127.079 126.897 126.704 126.517 126.319 126.099 125.909 125.667 125.444 125.187 124.924 124.677 124.419 124.162 123.879 123.614 123.309 123.044 122.752 122.449 122.172 121.869 121.572 121.287 121.004 120.697 120.379 120.072 119.752 119.422 119.042 118.652 118.282 117.912 117.519 117.139 116.737 116.382 116.102 115.897 114.962 115.039 113.254 112.139 111.532 111.017 110.182 109.344 108.672 107.984 107.324 106.609 105.947 105.339 104.699 104.109 103.452 102.829 102.152 101.469 100.837 100.252
127.857 127.664 127.489 127.294 127.137 126.937 126.724 126.569 126.379 126.177 125.954 125.757 125.532 125.302 125.047 124.784 124.552 124.274 124.027 123.779 123.474 123.217 122.909 122.617 122.359 122.077 121.784 121.489 121.192 120.902 120.602 120.302 119.974 119.664 119.334 118.979 118.574 118.224 117.809 117.427 117.057 116.672 116.272 115.919 115.799 115.049 114.262 113.689 112.217 111.454 110.857 110.177 109.327 108.614 107.969 107.262 106.547 105.859 105.227 104.607 103.959 103.327 102.679 101.929 101.209 100.587 100.009
127.672 127.489 127.339 127.147 126.997 126.779 126.594 126.429 126.234 126.019 125.822 125.597 125.387 125.147 124.904 124.659 124.419 124.149 123.889 123.614 123.367 123.092 122.807 122.519 122.239 121.974 121.674 121.412 121.099 120.824 120.514 120.197 119.887 119.569 119.252 118.902 118.499 118.112 117.737 117.354 116.957 116.587 116.207 115.812 115.594 115.229 114.764 113.809 112.334 111.504 110.712 110.082 109.282 108.644 107.927 107.232 106.534 105.809 105.164 104.549 103.822 103.169 102.449 101.717 101.029 100.389 99.752
127.524 127.337 127.172 126.992 126.812 126.624 126.444 126.267 126.062 125.877 125.672 125.459 125.232 125.007 124.764 124.522 124.277 124.037 123.774 123.497 123.227 122.964 122.694 122.424 122.144 121.869 121.587 121.294 120.999 120.699 120.409 120.102 119.794 119.464 119.144 118.784 118.392 118.024 117.649 117.254 116.869 116.479 116.052 115.712 115.427 115.294 115.337 113.609 112.937 111.517 110.739 110.027 109.269 108.587 107.887 107.207 106.549 105.894 105.177 104.504 103.764 103.047 102.309 101.577 100.892 100.227 99.604
127.362 127.189 127.017 126.839 126.657 126.462 126.292 126.114 125.912 125.712 125.514 125.319 125.107 124.867 124.632 124.404 124.162 123.914 123.639 123.372 123.119 122.852 122.597 122.334 122.039 121.767 121.484 121.204 120.919 120.624 120.314 120.024 119.697 119.379 119.037 118.672 118.327 117.924 117.534 117.137 116.739 116.334 115.939 115.562 115.254 115.187 114.662 113.592 112.644 111.454 110.499 109.952 109.249 108.597 107.954 107.229 106.587 105.879 105.229 104.547 103.729 102.982 102.197 101.434 100.747 100.084 99.459
127.199 127.042 126.869 126.694 126.502 126.307 126.152 125.944 125.762 125.564 125.369 125.169 124.942 124.724 124.504 124.264 124.049 123.782 123.514 123.257 123.022 122.739 122.482 122.219 121.939 121.664 121.377 121.097 120.809 120.524 120.227 119.907 119.607 119.287 118.934 118.597 118.227 117.834 117.437 117.019 116.612 116.179 115.754 115.399 115.082 115.257 114.219 113.274 113.607 111.349 110.404 109.867 109.274 108.634 107.972 107.284 106.642 105.954 105.219 104.572 103.794 102.959 102.152 101.374 100.654 100.007 99.339
127.054 126.864 126.709 126.512 126.342 126.174 125.987 125.814 125.609 125.434 125.234 125.017 124.812 124.592 124.367 124.144 123.907 123.632 123.402 123.147 122.884 122.619 122.382 122.124 121.859 121.554 121.287 120.999 120.697 120.402 120.117 119.817 119.497 119.169 118.814 118.477 118.122 117.709 117.314 116.894 116.479 116.029 115.617 115.204 114.842 114.907 114.064 113.334 112.849 112.197 110.709 109.884 109.292 108.689 108.022 107.319 106.669 105.987 105.224 104.494 103.719 102.952 102.204 101.354 100.592 99.922 99.242
