Matlab/Roost_data/braunton/dsm/ss5139_DSM_2M.asc
ncols 500
nrows 500
xllcorner    251000
yllcorner    139000
cellsize     2
NODATA_value -9999
[rows 116 to 144 of 500, columns 67 to 133 of 500]
94.659 94.639 94.646 94.716 94.774 94.786 95.039 95.551 96.264 96.231 96.509 96.494 95.796 95.766 94.981 94.804 94.351 93.969 95.154 94.999 94.634 95.091 94.989 94.379 94.481 93.896 93.219 92.809 91.621 90.996 90.744 90.889 90.994 91.391 91.006 91.544 90.816 90.984 92.544 91.474 90.969 90.966 91.289 90.981 91.094 90.959 90.951 90.959 91.196 92.439 91.704 91.446 91.214 91.884 92.081 92.491 93.834 93.244 93.081 92.956 93.231 93.449 93.196 93.504 93.739 93.569 93.681
94.374 94.359 94.569 94.839 95.261 94.964 95.306 95.971 96.471 96.194 95.019 94.879 94.384 93.714 94.739 94.159 94.236 93.409 94.341 93.139 93.439 93.756 93.531 92.374 92.504 91.724 90.744 90.864 90.991 90.891 91.504 90.856 90.819 90.759 90.876 90.971 90.794 90.719 90.851 91.396 90.889 90.771 91.434 90.969 92.224 90.756 90.794 90.456 90.549 91.116 91.204 91.696 91.894 91.969 92.171 93.846 92.729 92.771 93.549 94.486 93.201 93.489 93.756 93.471 93.786 94.151 93.944
94.186 94.559 95.054 95.299 95.156 95.249 95.566 95.404 94.899 93.944 94.951 94.491 93.786 93.561 93.591 92.921 92.846 92.369 91.601 91.211 90.771 90.946 90.866 90.289 90.369 90.771 91.464 91.761 90.986 90.494 90.479 90.439 90.484 90.464 90.936 90.731 90.699 90.716 91.099 91.969 90.966 90.666 91.489 90.676 90.486 90.566 90.966 90.906 91.121 92.074 91.774 91.996 92.444 92.829 92.434 93.269 93.336 93.091 93.724 93.491 93.366 93.721 93.759 93.566 94.209 94.089 94.279
93.909 94.669 94.916 94.889 95.029 95.404 94.861 94.741 94.676 94.619 94.031 93.411 92.969 92.164 92.479 90.614 90.346 90.299 89.834 89.721 89.741 90.114 90.454 90.774 91.511 91.124 90.269 90.106 90.506 90.976 90.324 90.156 90.304 90.286 90.536 90.249 91.206 90.541 91.281 90.166 90.109 90.319 90.569 91.069 90.791 91.024 91.311 91.431 91.401 91.446 92.131 92.044 92.389 92.856 93.261 93.256 93.266 93.469 93.556 93.726 93.514 93.599 93.779 93.834 94.141 94.499 94.271
93.264 93.711 93.839 94.131 94.439 94.204 93.864 93.646 93.454 93.494 93.201 91.829 90.789 91.909 90.126 89.354 89.124 89.114 89.311 89.499 89.434 89.874 92.674 92.131 90.614 89.639 89.981 89.924 90.301 90.114 90.036 90.054 90.071 90.209 90.471 90.941 91.294 90.449 92.136 90.566 90.619 90.901 91.029 91.141 91.066 91.321 92.269 91.714 91.564 91.774 91.824 92.186 92.396 92.891 93.059 92.991 93.499 94.311 93.951 94.054 94.201 93.729 93.954 93.999 94.269 94.754 94.649
92.604 92.461 92.906 93.004 93.194 92.774 92.561 91.826 91.474 90.754 90.606 90.789 91.221 89.039 88.724 89.321 89.859 89.276 89.656 89.509 89.424 90.316 89.381 89.631 89.349 89.864 89.959 89.744 90.109 90.149 89.704 89.789 90.766 90.751 91.509 92.621 92.346 91.436 91.606 90.746 90.754 91.014 91.154 91.364 91.244 91.316 91.729 91.756 91.679 91.726 91.901 92.356 92.501 92.924 93.396 93.276 93.799 94.711 94.424 94.299 94.211 93.904 94.194 94.166 94.416 94.601 94.856
91.946 91.744 91.561 92.364 92.711 91.896 91.376 90.829 90.139 89.144 88.744 88.611 88.821 89.471 88.791 89.596 89.991 89.266 92.254 89.334 89.921 90.176 89.636 89.239 90.114 89.759 90.396 89.734 89.679 90.916 90.716 89.959 92.699 94.059 91.099 91.089 91.731 90.991 90.846 90.889 90.746 91.054 91.149 91.921 91.411 91.526 91.746 91.989 91.966 92.054 92.174 92.476 92.851 92.986 93.191 93.506 93.701 93.926 94.119 94.239 94.274 94.409 94.274 94.296 94.541 94.796 94.751
91.384 91.221 91.024 92.526 92.354 91.221 90.096 89.544 88.671 88.261 88.446 88.841 88.451 89.116 88.826 89.086 89.709 88.724 88.799 88.726 88.729 89.044 89.374 91.746 93.989 92.099 89.811 90.476 90.111 92.431 91.356 90.089 93.191 92.534 90.341 90.399 90.544 90.606 90.611 90.939 90.916 91.036 91.411 91.789 91.591 91.831 91.951 91.856 92.194 92.541 92.539 92.781 93.021 93.486 93.801 93.639 94.109 94.071 94.159 94.254 94.574 94.754 94.944 95.389 95.086 95.331 95.236
90.901 91.251 90.739 91.004 89.919 89.729 89.714 88.804 88.069 88.299 88.144 88.806 87.804 88.106 89.016 88.726 89.426 88.844 88.414 88.669 88.844 88.914 89.221 91.974 92.731 90.739 90.514 91.424 91.561 91.151 90.646 89.956 90.664 90.869 90.374 90.409 90.596 90.766 90.824 91.251 91.131 91.269 91.431 91.716 91.701 92.004 92.216 92.299 92.366 92.871 92.851 92.929 93.204 93.531 93.924 93.986 94.011 94.141 94.324 95.114 94.871 94.996 94.811 94.934 95.206 95.374 95.529
90.164 90.916 90.364 89.596 89.294 88.814 88.091 87.866 87.869 87.881 89.081 88.199 88.381 88.056 88.239 88.189 88.556 88.469 88.704 88.741 89.024 89.171 89.254 91.884 91.761 89.454 89.631 90.731 90.796 90.199 90.224 90.071 90.644 90.741 90.556 90.549 90.681 90.941 91.001 91.216 91.196 91.459 92.066 91.876 91.894 92.169 92.561 92.309 92.569 92.909 93.706 93.421 93.616 94.254 94.294 94.596 94.806 94.716 94.959 95.084 94.959 95.244 95.211 95.131 95.429 95.486 95.599
89.294 89.996 89.876 88.594 88.189 88.026 87.694 87.624 87.906 88.361 91.249 87.769 87.856 87.941 88.191 88.269 88.291 88.609 89.184 89.089 89.296 89.756 89.409 89.189 89.181 89.156 89.889 89.981 90.164 90.149 90.559 90.034 90.204 90.439 90.374 90.819 90.654 90.876 91.166 91.321 91.431 91.789 91.809 92.041 92.169 92.451 92.569 92.606 93.216 93.404 94.721 93.901 94.704 94.394 94.631 95.069 95.886 95.186 94.914 95.029 95.174 95.429 95.454 95.494 96.094 96.491 97.094
88.701 88.606 88.204 87.951 88.129 88.216 87.544 87.469 88.609 88.241 88.894 87.821 88.054 88.226 90.041 90.571 88.379 88.694 88.656 88.579 89.144 89.659 88.994 88.921 89.039 89.179 89.639 89.854 89.734 89.784 90.104 90.301 90.251 90.404 90.404 91.174 90.811 90.879 91.379 91.556 91.786 91.994 92.021 92.319 92.451 92.544 92.829 93.206 93.886 94.061 95.034 94.444 94.534 94.486 94.646 95.494 95.159 95.004 95.164 95.159 95.379 95.919 96.734 97.134 96.894 97.006 97.049
88.161 87.994 87.904 87.981 88.404 87.794 87.651 87.441 87.389 87.611 87.629 88.259 87.936 88.361 92.939 89.876 88.316 88.436 88.324 88.346 88.921 89.081 89.536 89.571 90.821 89.224 89.686 89.674 89.916 90.024 90.231 90.314 90.244 90.379 90.436 90.889 90.936 91.531 91.751 91.441 91.824 92.176 92.731 92.594 92.694 93.194 93.881 93.459 93.796 94.031 94.171 94.231 94.479 94.659 94.991 96.196 95.691 96.224 96.526 96.569 96.156 96.271 96.301 96.441 96.556 96.714 96.861
87.749 87.694 87.969 88.166 88.161 87.659 87.391 88.084 87.339 88.371 87.784 87.916 88.616 88.176 88.344 88.431 88.081 88.484 89.279 89.306 89.601 89.219 89.199 89.111 90.306 89.316 89.376 90.049 89.954 89.856 90.186 90.291 90.266 90.459 90.856 90.739 91.146 91.664 91.554 91.601 93.284 92.554 92.846 92.921 92.949 93.764 93.959 94.296 93.771 93.931 94.129 94.406 94.866 95.489 96.059 96.614 96.539 96.399 96.246 96.154 96.241 96.421 96.594 96.776 96.894 97.081 97.219
87.474 87.366 87.514 87.419 87.509 88.179 87.226 87.429 88.236 91.064 90.741 89.674 87.559 87.659 87.891 88.921 88.816 88.919 89.476 89.361 89.586 89.754 89.211 89.401 89.666 89.516 89.676 89.959 90.071 90.396 90.244 90.471 90.396 90.544 91.109 91.354 91.429 91.506 91.731 91.851 92.221 92.816 92.896 92.969 93.139 93.296 93.439 93.669 93.846 94.081 94.539 95.559 96.191 96.189 96.354 96.244 96.011 96.129 96.226 96.471 96.616 96.769 96.976 97.096 97.234 97.346 97.449
87.171 87.094 87.271 87.121 87.521 88.186 87.441 88.609 89.286 92.134 92.994 90.601 88.009 88.509 88.376 88.916 89.114 89.111 89.426 89.506 89.271 89.596 89.669 89.554 89.631 89.984 89.989 90.149 90.611 90.671 91.706 90.831 90.811 91.049 91.529 91.649 91.854 91.861 91.836 92.041 92.544 92.764 92.814 92.981 93.154 93.324 93.514 93.664 93.876 94.721 95.801 96.079 95.854 95.756 95.909 96.054 96.226 96.434 96.619 96.781 96.979 97.061 97.219 97.351 97.494 97.629 97.771
87.199 87.146 87.059 87.596 87.944 88.299 89.216 87.981 87.874 92.791 93.029 88.936 88.104 88.286 88.666 89.054 89.121 89.166 89.216 89.634 89.639 90.981 92.169 90.511 90.024 91.974 90.504 90.409 91.201 90.816 90.589 90.891 91.566 91.424 91.599 92.096 93.389 91.979 92.111 92.416 92.591 92.726 92.884 93.069 93.451 93.934 94.351 94.209 94.319 94.956 95.221 95.441 95.661 95.919 96.146 96.361 96.571 96.721 96.851 96.999 97.169 97.336 97.476 97.649 97.789 97.904 98.039
86.959 88.124 87.759 88.619 88.186 87.459 86.939 87.081 87.149 88.774 90.129 88.101 88.429 88.594 88.676 88.916 89.531 89.869 89.606 91.034 89.739 89.811 89.869 90.001 90.776 91.129 92.014 90.744 90.714 90.631 90.716 90.929 91.194 91.819 91.716 91.831 91.931 92.181 92.351 92.699 93.001 93.569 94.209 94.296 94.229 94.266 94.334 94.556 94.899 95.246 95.529 95.799 96.061 96.271 96.476 96.634 96.804 96.966 97.151 97.309 97.496 97.629 97.781 97.899 98.021 98.154 98.281
87.201 87.659 87.914 87.361 86.969 88.669 87.391 87.441 87.651 87.839 88.536 89.776 88.811 88.979 89.034 89.576 89.376 89.664 89.931 90.226 90.109 90.169 89.851 90.244 91.081 91.044 91.106 90.709 90.714 90.859 90.909 91.156 91.384 91.821 92.351 92.224 92.659 93.169 93.609 93.891 94.034 94.081 94.191 94.059 94.261 94.489 94.756 95.019 95.329 95.634 95.899 96.136 96.346 96.519 96.734 96.919 97.106 97.266 97.419 97.599 97.709 97.829 97.984 98.106 98.199 98.369 98.514
87.276 87.129 87.734 86.956 86.791 87.351 88.161 88.306 88.199 88.441 88.844 89.714 89.086 89.754 89.534 90.039 89.564 90.504 90.181 89.946 90.281 90.224 90.254 90.364 90.509 90.744 90.619 90.704 90.789 91.021 91.214 91.866 92.314 92.731 93.086 93.256 93.494 93.494 93.521 93.769 93.731 93.864 94.081 94.336 94.624 94.906 95.171 95.431 95.731 95.971 96.196 96.424 96.644 96.829 97.029 97.174 97.331 97.471 97.614 97.756 97.876 98.029 98.179 98.309 98.451 98.621 98.731
86.796 86.891 86.729 86.989 87.166 89.046 88.321 89.124 88.934 88.866 88.981 89.631 89.886 89.639 89.654 89.851 89.971 89.994 89.874 89.969 90.434 90.649 90.104 90.241 90.486 90.596 90.849 91.229 91.589 91.984 92.174 92.619 92.971 92.829 92.996 93.121 93.176 93.209 93.406 93.626 93.886 94.194 94.476 94.764 95.051 95.309 95.546 95.799 96.059 96.279 96.519 96.731 96.911 97.091 97.271 97.401 97.551 97.676 97.804 97.931 98.086 98.256 98.409 98.551 98.721 98.889 99.011
86.664 86.929 87.069 87.306 87.556 88.381 88.934 88.644 89.119 89.129 90.506 89.476 89.289 89.694 89.446 89.609 89.979 89.979 89.964 90.004 90.214 90.226 90.499 90.774 91.274 91.744 91.961 92.236 92.234 91.944 92.084 92.304 92.449 92.631 92.786 93.019 93.256 93.499 93.771 94.031 94.296 94.586 94.826 95.106 95.359 95.604 95.866 96.094 96.344 96.564 96.779 96.979 97.169 97.306 97.461 97.599 97.756 97.896 98.016 98.191 98.351 98.534 98.679 98.836 99.014 99.156 99.316
87.264 87.496 87.484 87.576 87.771 88.641 89.384 89.321 89.014 88.969 89.191 89.219 89.256 89.289 89.391 89.511 89.604 89.874 90.096 90.331 90.414 90.961 91.391 91.411 91.571 91.854 91.986 91.836 91.939 92.026 92.261 92.466 92.716 92.921 93.156 93.426 93.691 93.931 94.161 94.409 94.639 94.874 95.136 95.399 95.661 95.909 96.156 96.366 96.614 96.811 97.021 97.211 97.384 97.514 97.676 97.836 97.984 98.154 98.294 98.461 98.616 98.799 98.964 99.159 99.304 99.464 99.629
87.866 87.794 87.836 87.894 88.024 88.284 88.681 89.056 89.124 89.171 89.149 89.254 89.166 89.291 89.334 89.674 90.351 90.836 90.911 90.519 90.451 90.656 90.909 91.031 91.391 91.781 91.751 91.931 92.169 92.421 92.624 92.894 93.114 93.331 93.566 93.744 93.969 94.221 94.461 94.704 94.959 95.196 95.474 95.679 95.944 96.174 96.421 96.641 96.856 97.046 97.269 97.449 97.614 97.791 97.949 98.109 98.286 98.436 98.591 98.754 98.896 99.069 99.254 99.469 99.609 99.771 99.941
88.344 88.061 88.269 88.246 88.341 88.569 88.619 88.874 89.041 89.071 89.179 89.334 89.656 89.674 89.804 90.179 90.524 90.354 90.314 90.454 90.651 90.864 91.069 91.354 91.566 91.841 92.079 92.304 92.509 92.781 93.016 93.234 93.416 93.629 93.839 94.061 94.306 94.524 94.756 94.994 95.219 95.486 95.734 95.946 96.211 96.441 96.651 96.891 97.116 97.329 97.516 97.726 97.889 98.066 98.226 98.416 98.559 98.704 98.879 99.044 99.184 99.359 99.559 99.754 99.911 100.086 100.251
88.364 88.184 88.306 88.374 88.499 88.709 89.119 89.436 89.469 89.229 89.399 89.461 89.569 89.716 89.731 89.921 90.166 90.339 90.531 90.771 90.994 91.221 91.474 91.724 91.984 92.236 92.421 92.659 92.879 93.079 93.314 93.524 93.726 93.934 94.156 94.374 94.596 94.799 95.021 95.269 95.496 95.769 95.991 96.229 96.476 96.699 96.949 97.174 97.366 97.606 97.814 98.006 98.204 98.371 98.516 98.679 98.866 98.999 99.186 99.359 99.511 99.676 99.866 100.051 100.211 100.389 100.549
88.219 88.491 88.976 89.201 89.039 89.156 89.694 89.864 89.469 89.339 89.416 89.521 89.651 89.814 89.976 90.199 90.411 90.649 90.871 91.091 91.339 91.584 91.851 92.076 92.286 92.514 92.719 92.981 93.176 93.409 93.624 93.819 94.036 94.249 94.449 94.631 94.856 95.071 95.299 95.536 95.791 96.034 96.259 96.516 96.746 97.014 97.246 97.479 97.681 97.911 98.104 98.304 98.496 98.646 98.844 98.999 99.166 99.341 99.466 99.659 99.821 99.991 100.171 100.349 100.516 100.661 100.819
89.414 89.664 89.546 89.511 89.259 89.284 89.364 89.454 89.494 89.599 89.686 89.801 89.909 90.096 90.266 90.511 90.709 90.979 91.186 91.456 91.666 91.891 92.129 92.346 92.594 92.799 93.031 93.261 93.466 93.676 93.871 94.084 94.289 94.496 94.721 94.929 95.156 95.379 95.616 95.856 96.106 96.324 96.574 96.816 97.069 97.329 97.584 97.791 98.009 98.231 98.406 98.626 98.816 98.979 99.136 99.319 99.479 99.636 99.804 99.976 100.146 100.299 100.449 100.641 100.791 100.944 101.091
90.236 89.299 89.166 89.346 89.461 89.516 89.639 89.739 89.804 89.891 89.981 90.126 90.244 90.401 90.614 90.851 91.061 91.269 91.511 91.749 91.959 92.196 92.439 92.671 92.879 93.089 93.314 93.504 93.744 93.924 94.131 94.354 94.561 94.791 95.014 95.229 95.491 95.729 95.944 96.184 96.424 96.656 96.904 97.149 97.399 97.649 97.889 98.121 98.344 98.546 98.719 98.931 99.109 99.294 99.449 99.621 99.784 99.954 100.111 100.269 100.446 100.579 100.731 100.914 101.021 101.191 101.349
